Year,Level,Code,Total,M,M_pct,F,F_pct,_0_6,_0_6_pct,_7_14,_7_14_pct,_15_24,_15_24_pct,_25_34,_25_34_pct,_35_44,_35_44_pct,_45_54,_45_54_pct,_55_64,_55_64_pct,_65,_65_pct,M_0_6,M_7_14,M_15_24,M_25_34,M_35_44,M_45_54,M_55_64,M_65,F_0_6,F_7_14,F_15_24,F_25_34,F_35_44,F_45_54,F_55_64,F_65
2000,0,LV,2377062,1094770,46,1282292,54,147266,6,282958,12,338499,14,323156,14,350971,15,294105,12,288077,12,351957,15,75500,144518,172196,161591,169957,135755,123056,112142,71766,138440,166303,161565,181014,158350,165021,239815
2000,1,LV003,319827,149161,47,170666,53,22976,7,40888,13,45771,14,42617,13,45783,14,38042,12,38543,12,45185,14,11829,20787,23389,21457,22384,17694,16751,14855,11147,20101,22382,21160,23399,20348,21792,30330
2000,1,LV005,383992,178784,47,205208,53,23251,6,45579,12,52512,14,52062,14,56977,15,46482,12,45802,12,61326,16,11849,23146,26719,26392,28811,22541,20090,19235,11402,22433,25793,25670,28166,23941,25712,42091
2000,1,LV006,762505,341386,45,421119,55,38205,5,77561,10,107578,14,104389,14,117535,15,103176,14,95018,12,119016,16,19682,39697,54153,50978,54591,45421,38862,37981,18523,37864,53425,53411,62944,57755,56156,81035
2000,1,LV007,361894,167904,46,193990,54,24305,7,45458,13,53545,15,50154,14,52216,14,44650,12,44022,12,47534,13,12448,23170,27144,25129,25117,20492,19127,15268,11857,22288,26401,25025,27099,24158,24895,32266
2000,1,LV008,254213,119188,47,135025,53,18097,7,34759,14,35665,14,33675,13,35899,14,27750,11,30640,12,37721,15,9247,17716,18439,17054,18013,13466,13470,11778,8850,17043,17226,16621,17886,14284,17170,25943
2000,1,LV009,294593,138328,47,156265,53,20431,7,38710,13,43417,15,40253,14,42556,14,34002,12,34047,12,41171,14,10444,20000,22348,20578,21038,16141,14753,13022,9987,18710,21069,19675,21518,17861,19294,28149
2000,1,UNK,38,19,50,19,50,1,3,3,8,11,29,6,16,5,13,3,8,5,13,4,11,1,2,4,3,3,0,3,3,0,1,7,3,2,3,2,1
2000,3,0010000,762505,341386,45,421119,55,38205,5,77561,10,107578,14,104389,14,117535,15,103176,14,95018,12,119016,16,19682,39697,54153,50978,54591,45421,38862,37981,18523,37864,53425,53411,62944,57755,56156,81035
2000,3,0050000,115888,52844,46,63044,54,5973,5,13234,11,16989,15,17148,15,17814,15,15314,13,13450,12,15965,14,3048,6711,8378,8475,8523,6793,5643,5272,2925,6523,8611,8673,9291,8521,7807,10693
2000,3,0090000,66375,30775,46,35600,54,4069,6,7508,11,10438,16,9703,15,9706,15,8196,12,7877,12,8876,13,2025,3887,5254,5016,4663,3693,3327,2910,2044,3621,5184,4687,5043,4503,4550,5966
2000,3,0110000,28051,13040,46,15011,54,1762,6,3327,12,3961,14,4076,15,4371,16,3513,13,3223,11,3818,14,960,1656,2063,2081,2146,1594,1366,1174,802,1671,1898,1995,2225,1919,1857,2644
2000,3,0130000,55814,24863,45,30951,55,3185,6,6155,11,7835,14,7450,13,8167,15,7507,13,6902,12,8611,15,1638,3073,3845,3697,3770,3328,2827,2683,1547,3082,3990,3753,4397,4179,4075,5928
2000,3,0170000,88974,40295,45,48679,55,5536,6,10242,12,12382,14,12328,14,13099,15,11196,13,11573,13,12609,14,2872,5147,6194,6068,6151,4920,4808,4129,2664,5095,6188,6260,6948,6276,6765,8480
2000,3,0210000,38977,17657,45,21320,55,2127,5,4344,11,5934,15,5396,14,6310,16,5109,13,4346,11,5411,14,1110,2212,2873,2599,2979,2360,1804,1720,1017,2132,3061,2797,3331,2749,2542,3691
2000,3,0250000,27711,12536,45,15175,55,1719,6,3418,12,4002,14,3923,14,3994,14,3468,13,3560,13,3627,13,906,1734,1958,1886,1817,1510,1549,1176,813,1684,2044,2037,2177,1958,2011,2451
2000,3,0270000,44233,20308,46,23925,54,2841,6,4880,11,6261,14,6415,15,6588,15,5807,13,5715,13,5724,13,1402,2543,3077,3236,3167,2553,2470,1860,1439,2337,3184,3179,3421,3254,3245,3864
2000,3,0320200,10525,4832,46,5693,54,654,6,1339,13,1639,16,1481,14,1691,16,1373,13,1251,12,1097,10,310,689,858,719,784,595,531,346,344,650,781,762,907,778,720,751
2000,3,0321000,6870,3285,48,3585,52,533,8,939,14,944,14,858,12,944,14,809,12,752,11,1091,16,278,470,513,459,489,406,322,348,255,469,431,399,455,403,430,743
2000,3,0321400,6980,3250,47,3730,53,444,6,896,13,905,13,911,13,943,14,738,11,879,13,1263,18,233,466,479,471,477,355,376,392,211,430,426,440,466,383,503,871
2000,3,0326100,6560,3122,48,3438,52,534,8,1027,16,963,15,845,13,918,14,695,11,723,11,855,13,289,549,479,397,458,350,318,282,245,478,484,448,460,345,405,573
2000,3,0327100,5102,2447,48,2655,52,399,8,704,14,679,13,629,12,722,14,516,10,655,13,798,16,220,377,354,320,362,281,286,247,179,327,325,309,360,235,369,551
2000,3,0328200,4114,1875,46,2239,54,261,6,506,12,565,14,482,12,540,13,452,11,503,12,805,20,124,251,284,257,248,219,222,270,137,255,281,225,292,233,281,535
2000,3,0360200,21238,9969,47,11269,53,1670,8,2927,14,2787,13,2928,14,2894,14,2215,10,2500,12,3317,16,864,1479,1450,1512,1480,1059,1096,1029,806,1448,1337,1416,1414,1156,1404,2288
2000,3,0360800,5010,2415,48,2595,52,398,8,719,14,735,15,627,13,646,13,531,11,549,11,805,16,213,385,421,309,347,263,247,230,185,334,314,318,299,268,302,575
2000,3,0380200,17470,8180,47,9290,53,1210,7,2274,13,2203,13,2402,14,2578,15,2012,12,2016,12,2775,16,610,1163,1139,1249,1292,1016,876,835,600,1111,1064,1153,1286,996,1140,1940
2000,3,0381600,7958,3746,47,4212,53,527,7,928,12,956,12,1007,13,1045,13,885,11,1013,13,1597,20,271,433,511,554,573,480,449,475,256,495,445,453,472,405,564,1122
2000,3,0384400,1664,763,46,901,54,103,6,217,13,170,10,229,14,211,13,150,9,228,14,356,21,42,126,81,127,115,82,105,85,61,91,89,102,96,68,123,271
2000,3,0387500,3152,1525,48,1627,52,254,8,381,12,405,13,385,12,441,14,344,11,372,12,570,18,130,184,215,219,249,200,177,151,124,197,190,166,192,144,195,419
2000,3,0400200,30040,14096,47,15944,53,2120,7,4282,14,4601,15,4046,13,4486,15,3469,12,3286,11,3750,12,1053,2269,2323,2066,2159,1688,1368,1170,1067,2013,2278,1980,2327,1781,1918,2580
2000,3,0406400,9395,4436,47,4959,53,736,8,1233,13,1373,15,1361,14,1283,14,1113,12,1099,12,1197,13,370,652,706,700,646,526,463,373,366,581,667,661,637,587,636,824
2000,3,0407700,4943,2401,49,2542,51,364,7,691,14,762,15,667,13,714,14,519,10,611,12,615,12,196,364,405,349,373,260,264,190,168,327,357,318,341,259,347,425
2000,3,0409500,10477,4990,48,5487,52,769,7,1437,14,1505,14,1371,13,1474,14,1079,10,1268,12,1574,15,386,729,807,708,755,530,565,510,383,708,698,663,719,549,703,1064
2000,3,0420200,20338,9243,45,11095,55,1283,6,2529,12,2831,14,2729,13,2851,14,2432,12,2621,13,3061,15,656,1317,1422,1349,1306,1118,1089,986,627,1212,1409,1380,1545,1314,1532,2075
2000,3,0421200,4510,2111,47,2399,53,290,6,636,14,670,15,523,12,663,15,501,11,521,12,706,16,141,341,376,259,332,235,216,211,149,295,294,264,331,266,305,495
2000,3,0424701,6856,3286,48,3570,52,562,8,1017,15,964,14,859,13,969,14,643,9,846,12,996,15,286,511,502,433,518,321,400,315,276,506,462,426,451,322,446,681
2000,3,0425700,2989,1404,47,1585,53,257,9,428,14,412,14,387,13,369,12,327,11,364,12,445,15,127,208,217,205,184,163,176,124,130,220,195,182,185,164,188,321
2000,3,0427300,10079,4776,47,5303,53,688,7,1409,14,1722,17,1375,14,1473,15,1013,10,1174,12,1224,12,334,700,954,687,747,480,489,384,354,709,768,688,726,533,685,840
2000,3,0427500,4781,2299,48,2482,52,354,7,785,16,667,14,623,13,624,13,433,9,611,13,684,14,188,405,352,316,332,218,262,226,166,380,315,307,292,215,349,458
2000,3,0427700,4562,2154,47,2408,53,332,7,646,14,697,15,569,12,592,13,485,11,529,12,712,16,171,317,352,282,307,240,260,225,161,329,345,287,285,245,269,487
2000,3,0429300,5261,2533,48,2728,52,412,8,834,16,748,14,681,13,756,14,504,10,588,11,738,14,205,429,393,350,393,259,266,238,207,405,355,331,363,245,322,500
2000,3,0440200,31997,15325,48,16672,52,2045,6,3892,12,4290,13,4100,13,4447,14,3680,12,4056,13,5487,17,1041,1979,2313,2135,2409,1879,1877,1692,1004,1913,1977,1965,2038,1801,2179,3795
2000,3,0440801,10486,4904,47,5582,53,680,6,1362,13,1400,13,1296,12,1457,14,1138,11,1244,12,1909,18,352,707,685,667,764,584,530,615,328,655,715,629,693,554,714,1294
2000,3,0460200,25322,11796,47,13526,53,1935,8,3480,14,3668,14,3511,14,3609,14,2976,12,2844,11,3299,13,1015,1819,1891,1736,1711,1377,1252,995,920,1661,1777,1775,1898,1599,1592,2304
2000,3,0460800,9521,4443,47,5078,53,720,8,1321,14,1346,14,1200,13,1255,13,1031,11,1150,12,1498,16,339,668,682,609,618,489,541,497,381,653,664,591,637,542,609,1001
2000,3,0468900,4775,2238,47,2537,53,382,8,822,17,696,15,626,13,630,13,499,10,499,10,621,13,193,411,356,314,314,259,212,179,189,411,340,312,316,240,287,442
2000,3,0500200,27983,13001,46,14982,54,2146,8,3798,14,3842,14,3634,13,3940,14,3071,11,3246,12,4305,15,1064,1910,1907,1861,1996,1502,1443,1317,1082,1888,1935,1773,1944,1569,1803,2988
2000,3,0540200,27788,13179,47,14609,53,2005,7,3933,14,4247,15,3572,13,3977,14,2967,11,3144,11,3941,14,1020,2045,2201,1826,2047,1477,1329,1232,985,1888,2046,1746,1930,1490,1815,2709
2000,3,0546701,9549,4576,48,4973,52,676,7,1250,13,1416,15,1328,14,1401,15,1081,11,1068,11,1328,14,370,638,733,675,715,494,515,435,306,612,683,653,686,587,553,893
2000,3,0560200,6824,3281,48,3543,52,549,8,997,15,808,12,858,13,934,14,680,10,835,12,1163,17,275,522,428,451,499,353,403,350,274,475,380,407,435,327,432,813
2000,3,0560800,3855,1945,50,1910,50,268,7,500,13,473,12,495,13,533,14,466,12,461,12,659,17,142,275,266,264,303,253,217,225,126,225,207,231,230,213,244,434
2000,3,0561800,5419,2566,47,2853,53,373,7,738,14,836,15,708,13,687,13,600,11,600,11,877,16,189,362,450,364,364,300,266,271,184,376,386,344,323,300,334,606
2000,3,0566900,7493,3547,47,3946,53,552,7,1008,13,891,12,900,12,1035,14,739,10,851,11,1517,20,281,498,452,493,562,404,398,459,271,510,439,407,473,335,453,1058
2000,3,0568700,4615,2208,48,2407,52,326,7,772,17,701,15,625,14,703,15,491,11,468,10,529,11,176,403,364,303,345,238,212,167,150,369,337,322,358,253,256,362
2000,3,0600202,22799,10593,46,12206,54,1465,6,2687,12,2814,12,2865,13,3491,15,2728,12,2804,12,3945,17,749,1341,1437,1439,1776,1360,1284,1207,716,1346,1377,1426,1715,1368,1520,2738
2000,3,0601000,11241,5389,48,5852,52,736,7,1389,12,1412,13,1526,14,1561,14,1235,11,1399,12,1983,18,388,711,759,781,863,659,611,617,348,678,653,745,698,576,788,1366
2000,3,0604300,5540,2664,48,2876,52,353,6,606,11,744,13,659,12,773,14,547,10,675,12,1183,21,183,291,422,355,420,307,309,377,170,315,322,304,353,240,366,806
2000,3,0620200,29020,13670,47,15350,53,2310,8,3942,14,4348,15,3735,13,4126,14,3201,11,3267,11,4090,14,1185,2016,2250,1866,2003,1559,1471,1319,1125,1926,2098,1869,2123,1642,1796,2771
2000,3,0621200,6753,3230,48,3523,52,525,8,843,12,994,15,825,12,894,13,815,12,780,12,1077,16,270,431,515,452,451,407,355,349,255,412,479,373,443,408,425,728
2000,3,0624200,2054,952,46,1102,54,157,8,283,14,258,13,231,11,300,15,215,10,212,10,398,19,81,147,134,127,146,107,89,121,76,136,124,104,154,108,123,277
2000,3,0640600,11686,5518,47,6168,53,937,8,1572,13,1647,14,1459,12,1529,13,1338,11,1426,12,1777,15,487,810,860,725,780,637,646,572,450,762,787,734,749,701,780,1205
2000,3,0640801,3974,1901,48,2073,52,336,8,539,14,563,14,492,12,518,13,432,11,487,12,607,15,160,276,292,255,276,212,229,201,176,263,271,237,242,220,258,406
2000,3,0641000,10463,4914,47,5549,53,843,8,1340,13,1466,14,1338,13,1427,14,1323,13,1266,12,1459,14,429,663,752,677,689,641,568,494,414,677,714,661,738,682,698,965
2000,3,0641401,3622,1727,48,1895,52,253,7,557,15,478,13,425,12,515,14,327,9,465,13,599,17,125,274,247,227,272,180,200,199,128,283,231,198,243,147,265,400
2000,3,0641600,7272,3438,47,3834,53,548,8,1006,14,1045,14,937,13,1001,14,809,11,823,11,1100,15,270,519,534,490,522,380,346,375,278,487,511,447,479,429,477,725
2000,3,0647900,3854,1839,48,2015,52,276,7,473,12,490,13,485,13,536,14,421,11,514,13,659,17,141,244,249,255,281,205,247,217,135,229,241,230,255,216,267,442
2000,3,0648500,2386,1153,48,1233,52,156,7,341,14,302,13,298,12,320,13,233,10,315,13,421,18,88,167,171,155,168,119,141,144,68,174,131,143,152,114,174,277
2000,3,0649300,3304,1585,48,1719,52,245,7,430,13,442,13,397,12,412,12,357,11,455,14,565,17,127,231,241,213,214,177,187,195,118,199,201,184,198,180,268,370
2000,3,0660200,20805,9761,47,11044,53,1445,7,2831,14,3067,15,2709,13,3011,14,2273,11,2571,12,2898,14,761,1381,1540,1389,1488,1120,1147,935,684,1450,1527,1320,1523,1153,1424,1963
2000,3,0661000,7101,3376,48,3725,52,521,7,1086,15,1103,16,906,13,875,12,660,9,859,12,1091,15,271,577,560,475,442,339,366,346,250,509,543,431,433,321,493,745
2000,3,0661400,10555,4944,47,5611,53,750,7,1404,13,1554,15,1402,13,1474,14,1120,11,1322,13,1529,14,382,706,816,716,735,548,569,472,368,698,738,686,739,572,753,1057
2000,3,0680200,18200,8496,47,9704,53,1022,6,2128,12,2350,13,2473,14,2684,15,2289,13,2300,13,2954,16,504,1071,1225,1260,1386,1094,1046,910,518,1057,1125,1213,1298,1195,1254,2044
2000,3,0681000,8645,4036,47,4609,53,549,6,919,11,1109,13,1052,12,1183,14,888,10,1157,13,1788,21,284,466,573,546,634,465,517,551,265,453,536,506,549,423,640,1237
2000,3,0681801,4352,1997,46,2355,54,260,6,490,11,615,14,496,11,568,13,604,14,485,11,834,19,132,241,325,260,292,313,205,229,128,249,290,236,276,291,280,605
2000,3,0684901,4081,1982,49,2099,51,269,7,495,12,477,12,503,12,586,14,486,12,498,12,767,19,144,247,266,264,329,255,251,226,125,248,211,239,257,231,247,541
2000,3,0700200,30944,14633,47,16311,53,2328,8,4336,14,4255,14,4170,13,4434,14,3480,11,3644,12,4294,14,1195,2177,2248,2141,2239,1688,1605,1338,1133,2159,2007,2029,2195,1792,2039,2956
2000,3,0700800,3427,1579,46,1848,54,262,8,524,15,435,13,441,13,493,14,372,11,391,11,508,15,141,259,206,209,245,199,168,151,121,265,229,232,248,173,223,357
2000,3,0701400,3156,1509,48,1647,52,232,7,429,14,388,12,425,13,410,13,330,10,362,11,580,18,114,241,203,230,205,164,170,182,118,188,185,195,205,166,192,398
2000,3,0701800,4434,2040,46,2394,54,354,8,570,13,521,12,544,12,575,13,434,10,520,12,916,21,170,280,281,276,303,234,225,271,184,290,240,268,272,200,295,645
2000,3,0705500,4109,1929,47,2180,53,273,7,547,13,571,14,505,12,551,13,430,10,526,13,706,17,130,279,292,265,276,220,249,218,143,268,279,240,275,210,277,488
2000,3,0740202,39213,17993,46,21220,54,2563,7,4719,12,5990,15,5499,14,5356,14,5190,13,4844,12,5052,13,1301,2437,3021,2761,2517,2216,2126,1614,1262,2282,2969,2738,2839,2974,2718,3438
2000,3,0740600,6419,3057,48,3362,52,411,6,846,13,952,15,845,13,952,15,767,12,788,12,858,13,222,451,500,428,443,375,344,294,189,395,452,417,509,392,444,564
2000,3,0741001,6364,3053,48,3311,52,452,7,898,14,923,15,798,13,980,15,713,11,767,12,832,13,248,468,487,404,471,371,340,263,204,430,436,394,509,342,427,569
2000,3,0741401,11018,5156,47,5862,53,855,8,1494,14,1589,14,1652,15,1522,14,1271,12,1270,12,1365,12,462,741,810,817,721,610,564,431,393,753,779,835,801,661,706,934
2000,3,0760202,12956,6005,46,6951,54,848,7,1700,13,1751,14,1682,13,2180,17,1499,12,1474,11,1822,14,431,854,879,843,1050,711,657,580,417,846,872,839,1130,788,817,1242
2000,3,0761201,15722,7270,46,8452,54,1008,6,1892,12,2199,14,2006,13,2431,15,1950,12,1781,11,2455,16,499,935,1118,1060,1186,958,777,737,509,957,1081,946,1245,992,1004,1718
2000,3,0766300,7273,3501,48,3772,52,555,8,875,12,817,11,924,13,964,13,719,10,935,13,1484,20,286,462,425,490,564,395,443,436,269,413,392,434,400,324,492,1048
2000,3,0769101,2792,1322,47,1470,53,228,8,359,13,313,11,339,12,343,12,238,9,393,14,579,21,115,179,168,174,196,122,188,180,113,180,145,165,147,116,205,399
2000,3,0780200,34863,16828,48,18035,52,2527,7,4487,13,4503,13,4536,13,4773,14,3728,11,4218,12,6091,17,1275,2340,2372,2372,2611,2027,1920,1911,1252,2147,2131,2164,2162,1701,2298,4180
2000,3,0781800,7936,3757,47,4179,53,512,6,920,12,1061,13,1038,13,1137,14,939,12,958,12,1371,17,255,493,555,523,600,481,421,429,257,427,506,515,537,458,537,942
2000,3,0800600,5009,2341,47,2668,53,359,7,703,14,835,17,610,12,709,14,561,11,558,11,674,13,174,375,437,306,342,274,233,200,185,328,398,304,367,287,325,474
2000,3,0800800,16429,7635,46,8794,54,1015,6,2033,12,2617,16,2277,14,2497,15,2145,13,1955,12,1889,11,504,1045,1333,1119,1175,953,881,624,511,988,1284,1158,1322,1192,1074,1265
2000,3,0801000,18618,8469,45,10149,55,1151,6,2034,11,2842,15,3060,16,2970,16,2454,13,2388,13,1719,9,577,1061,1386,1534,1355,1032,980,544,574,973,1456,1526,1615,1422,1408,1175
2000,3,0801200,21045,9798,47,11247,53,1286,6,2310,11,3106,15,3426,16,2950,14,3132,15,2701,13,2134,10,677,1180,1572,1693,1420,1355,1188,713,609,1130,1534,1733,1530,1777,1513,1421
2000,3,0801400,5463,2510,46,2953,54,321,6,662,12,676,12,696,13,763,14,654,12,772,14,919,17,154,337,348,359,372,313,337,290,167,325,328,337,391,341,435,629
2000,3,0801601,16730,7740,46,8990,54,1090,7,2178,13,2473,15,2177,13,2464,15,1947,12,2024,12,2376,14,539,1094,1271,1084,1174,907,886,785,551,1084,1202,1093,1290,1040,1138,1591
2000,3,0801800,8011,3715,46,4296,54,574,7,1091,14,1172,15,1112,14,1220,15,931,12,970,12,941,12,292,579,579,552,594,429,415,275,282,512,593,560,626,502,555,666
2000,3,0804400,7281,3428,47,3853,53,455,6,986,14,1170,16,1058,15,1229,17,954,13,733,10,696,10,235,498,607,525,594,424,330,215,220,488,563,533,635,530,403,481
2000,3,0804900,6771,3204,47,3567,53,473,7,815,12,1056,16,958,14,1029,15,858,13,743,11,837,12,238,426,544,482,502,404,323,283,235,389,512,476,527,454,420,554
2000,3,0805200,4789,2257,47,2532,53,282,6,595,12,649,14,677,14,677,14,635,13,673,14,600,13,138,302,342,351,328,284,305,206,144,293,307,326,349,351,368,394
2000,3,0806000,3731,1779,48,1952,52,274,7,451,12,509,14,484,13,570,15,449,12,402,11,592,16,153,219,272,239,280,215,189,212,121,232,237,245,290,234,213,380
2000,3,0806900,5960,2902,49,3058,51,439,7,839,14,943,16,736,12,857,14,648,11,688,12,810,14,231,454,509,367,426,333,314,268,208,385,434,369,431,315,374,542
2000,3,0807400,4305,2014,47,2291,53,334,8,534,12,781,18,609,14,567,13,511,12,492,11,477,11,179,257,392,316,280,227,219,144,155,277,389,293,287,284,273,333
2000,3,0807600,9062,4262,47,4800,53,663,7,1159,13,1218,13,1391,15,1388,15,1023,11,1073,12,1147,13,345,596,605,685,701,467,458,405,318,563,613,706,687,556,615,742
2000,3,0808400,6174,2948,48,3226,52,490,8,839,14,937,15,948,15,940,15,703,11,655,11,662,11,243,444,468,473,464,351,300,205,247,395,469,475,476,352,355,457
2000,3,0809200,2398,1141,48,1257,52,152,6,355,15,364,15,321,13,383,16,235,10,272,11,316,13,69,181,190,168,193,119,121,100,83,174,174,153,190,116,151,216
2000,3,0809600,7298,3390,46,3908,54,453,6,819,11,1080,15,1024,14,1123,15,978,13,929,13,892,12,232,410,545,504,534,468,404,293,221,409,535,520,589,510,525,599
2000,3,0840200,30840,14680,48,16160,52,2526,8,4487,15,4641,15,4118,13,4445,14,3503,11,3149,10,3971,13,1310,2281,2393,2066,2188,1699,1399,1344,1216,2206,2248,2052,2257,1804,1750,2627
2000,3,0840601,7599,3613,48,3986,52,586,8,1006,13,1109,15,949,12,1062,14,841,11,902,12,1144,15,307,532,566,482,563,403,364,396,279,474,543,467,499,438,538,748
2000,3,0880200,37119,17426,47,19693,53,2910,8,5280,14,5464,15,4791,13,5190,14,4193,11,4056,11,5235,14,1536,2621,2855,2406,2530,1980,1818,1680,1374,2659,2609,2385,2660,2213,2238,3555
2000,3,0885100,5355,2606,49,2749,51,416,8,761,14,744,14,698,13,730,14,598,11,619,12,789,15,231,402,391,367,381,299,283,252,185,359,353,331,349,299,336,537
2000,3,0887600,2026,952,47,1074,53,147,7,228,11,291,14,261,13,276,14,251,12,250,12,322,16,73,122,139,142,145,112,104,115,74,106,152,119,131,139,146,207
2000,3,0888301,4727,2224,47,2503,53,334,7,679,14,629,13,632,13,688,15,468,10,626,13,671,14,158,357,325,310,357,212,272,233,176,322,304,322,331,256,354,438
2000,3,0900200,33693,15767,47,17926,53,2663,8,4584,14,4893,15,4602,14,4580,14,3881,12,4054,12,4435,13,1349,2332,2516,2314,2280,1814,1759,1402,1314,2252,2377,2288,2300,2067,2295,3033
2000,3,0901201,10784,5110,47,5674,53,895,8,1523,14,1654,15,1393,13,1435,13,1141,11,1214,11,1528,14,452,754,851,706,736,569,544,497,443,769,803,687,699,572,670,1031
2000,3,0905100,7849,3714,47,4135,53,482,6,1018,13,1050,13,979,12,1057,13,960,12,1059,13,1244,16,251,522,525,489,542,466,495,424,231,496,525,490,515,494,564,820
2000,3,0905700,3205,1577,49,1628,51,272,8,497,16,507,16,355,11,471,15,349,11,344,11,410,13,131,270,273,176,238,181,163,145,141,227,234,179,233,168,181,265
2000,3,0940200,11664,5461,47,6203,53,686,6,1571,13,1530,13,1469,13,1686,14,1344,12,1618,14,1760,15,346,814,823,747,841,654,688,548,340,757,707,722,845,690,930,1212
2000,3,0941600,15439,7318,47,8121,53,1153,7,2158,14,2331,15,2015,13,2199,14,1602,10,1689,11,2292,15,612,1147,1202,1004,1113,789,737,714,541,1011,1129,1011,1086,813,952,1578
2000,3,0941800,5109,2430,48,2679,52,278,5,555,11,659,13,651,13,719,14,609,12,716,14,922,18,135,283,357,341,382,321,320,291,143,272,302,310,337,288,396,631
2000,3,0960200,7208,3385,47,3823,53,508,7,1078,15,1016,14,887,12,1123,16,671,9,875,12,1050,15,270,530,516,427,573,346,386,337,238,548,500,460,550,325,489,713
2000,3,0961000,4583,2125,46,2458,54,332,7,664,14,585,13,565,12,597,13,467,10,582,13,791,17,168,349,289,275,303,255,235,251,164,315,296,290,294,212,347,540
2000,3,0961600,6770,3148,46,3622,54,420,6,889,13,1026,15,828,12,971,14,697,10,859,13,1080,16,227,459,511,419,480,339,384,329,193,430,515,409,491,358,475,751
2000,3,0964700,3766,1771,47,1995,53,267,7,562,15,510,14,487,13,493,13,410,11,443,12,594,16,127,289,266,241,263,206,194,185,140,273,244,246,230,204,249,409
2000,3,0967101,9733,4933,51,4800,49,672,7,1308,13,1433,15,1459,15,1506,15,1073,11,1020,10,1262,13,334,653,795,841,844,579,491,396,338,655,638,618,662,494,529,866
2000,3,0967300,2553,1200,47,1353,53,221,9,422,17,328,13,371,15,371,15,208,8,286,11,346,14,123,220,146,189,187,104,125,106,98,202,182,182,184,104,161,240
2000,3,0980200,14566,7130,49,7436,51,1094,8,1999,14,2217,15,1803,12,2127,15,1714,12,1643,11,1968,14,577,1004,1204,938,1100,892,754,660,517,995,1013,865,1027,822,889,1308
2000,3,UNK,38,19,50,19,50,1,3,3,8,11,29,6,16,5,13,3,8,5,13,4,11,1,2,4,3,3,0,3,3,0,1,7,3,2,3,2,1
2000,4,0010000,762505,341386,45,421119,55,38205,5,77561,10,107578,14,104389,14,117535,15,103176,14,95018,12,119016,16,19682,39697,54153,50978,54591,45421,38862,37981,18523,37864,53425,53411,62944,57755,56156,81035
2000,4,0050000,115888,52844,46,63044,54,5973,5,13234,11,16989,15,17148,15,17814,15,15314,13,13450,12,15965,14,3048,6711,8378,8475,8523,6793,5643,5272,2925,6523,8611,8673,9291,8521,7807,10693
2000,4,0090000,66375,30775,46,35600,54,4069,6,7508,11,10438,16,9703,15,9706,15,8196,12,7877,12,8876,13,2025,3887,5254,5016,4663,3693,3327,2910,2044,3621,5184,4687,5043,4503,4550,5966
2000,4,0110000,28051,13040,46,15011,54,1762,6,3327,12,3961,14,4076,15,4371,16,3513,13,3223,11,3818,14,960,1656,2063,2081,2146,1594,1366,1174,802,1671,1898,1995,2225,1919,1857,2644
2000,4,0130000,55814,24863,45,30951,55,3185,6,6155,11,7835,14,7450,13,8167,15,7507,13,6902,12,8611,15,1638,3073,3845,3697,3770,3328,2827,2683,1547,3082,3990,3753,4397,4179,4075,5928
2000,4,0170000,88974,40295,45,48679,55,5536,6,10242,12,12382,14,12328,14,13099,15,11196,13,11573,13,12609,14,2872,5147,6194,6068,6151,4920,4808,4129,2664,5095,6188,6260,6948,6276,6765,8480
2000,4,0210000,38977,17657,45,21320,55,2127,5,4344,11,5934,15,5396,14,6310,16,5109,13,4346,11,5411,14,1110,2212,2873,2599,2979,2360,1804,1720,1017,2132,3061,2797,3331,2749,2542,3691
2000,4,0250000,27711,12536,45,15175,55,1719,6,3418,12,4002,14,3923,14,3994,14,3468,13,3560,13,3627,13,906,1734,1958,1886,1817,1510,1549,1176,813,1684,2044,2037,2177,1958,2011,2451
2000,4,0270000,44233,20308,46,23925,54,2841,6,4880,11,6261,14,6415,15,6588,15,5807,13,5715,13,5724,13,1402,2543,3077,3236,3167,2553,2470,1860,1439,2337,3184,3179,3421,3254,3245,3864
2000,4,0320201,9268,4244,46,5024,54,563,6,1140,12,1462,16,1275,14,1515,16,1263,14,1129,12,921,10,264,587,760,617,698,542,475,301,299,553,702,658,817,721,654,620
2000,4,0320244,1257,588,47,669,53,91,7,199,16,177,14,206,16,176,14,110,9,122,10,176,14,46,102,98,102,86,53,56,45,45,97,79,104,90,57,66,131
2000,4,0321007,2323,1065,46,1258,54,141,6,296,13,340,15,264,11,316,14,300,13,265,11,401,17,71,133,180,145,153,142,111,130,70,163,160,119,163,158,154,271
2000,4,0321027,95,48,51,47,49,6,6,14,15,9,9,13,14,14,15,7,7,13,14,19,20,4,6,6,8,9,4,4,7,2,8,3,5,5,3,9,12
2000,4,0321050,1205,598,50,607,50,110,9,153,13,156,13,133,11,177,15,138,11,125,10,213,18,56,94,94,69,87,73,52,73,54,59,62,64,90,65,73,140
2000,4,0321078,1250,604,48,646,52,122,10,188,15,185,15,159,13,159,13,137,11,130,10,170,14,59,85,102,89,84,73,57,55,63,103,83,70,75,64,73,115
2000,4,0321080,834,404,48,430,52,43,5,127,15,102,12,123,15,120,14,113,14,88,11,118,14,24,61,59,56,71,63,39,31,19,66,43,67,49,50,49,87
2000,4,0321084,542,261,48,281,52,48,9,83,15,79,15,62,11,81,15,58,11,56,10,75,14,31,46,38,35,40,28,26,17,17,37,41,27,41,30,30,58
2000,4,0321086,621,305,49,316,51,63,10,78,13,73,12,104,17,77,12,56,9,75,12,95,15,33,45,34,57,45,23,33,35,30,33,39,47,32,33,42,60
2000,4,0321413,4127,1893,46,2234,54,245,6,511,12,522,13,546,13,582,14,434,11,502,12,784,19,135,278,274,266,284,194,214,247,110,233,248,280,298,240,288,537
2000,4,0321442,823,383,47,440,53,69,8,115,14,90,11,129,16,84,10,77,9,117,14,142,17,34,57,45,64,43,41,49,50,35,58,45,65,41,36,68,92
2000,4,0321458,920,448,49,472,51,61,7,106,12,136,15,113,12,119,13,101,11,119,13,165,18,32,54,73,76,65,52,51,45,29,52,63,37,54,49,68,120
2000,4,0321492,1110,526,47,584,53,69,6,164,15,157,14,123,11,158,14,126,11,141,13,172,15,32,77,87,65,85,68,62,50,37,87,70,58,73,58,79,122
2000,4,0326146,1439,709,49,730,51,127,9,252,18,256,18,178,12,220,15,154,11,126,9,126,9,64,144,136,91,107,77,55,35,63,108,120,87,113,77,71,91
2000,4,0326154,684,329,48,355,52,82,12,132,19,100,15,79,12,94,14,70,10,48,7,79,12,45,75,46,28,57,31,24,23,37,57,54,51,37,39,24,56
2000,4,0326160,4437,2084,47,2353,53,325,7,643,14,607,14,588,13,604,14,471,11,549,12,650,15,180,330,297,278,294,242,239,224,145,313,310,310,310,229,310,426
2000,4,0327166,1333,643,48,690,52,81,6,176,13,168,13,152,11,197,15,150,11,196,15,213,16,40,92,92,84,102,83,90,60,41,84,76,68,95,67,106,153
2000,4,0327170,2146,1008,47,1138,53,185,9,265,12,299,14,276,13,276,13,202,9,290,14,353,16,103,141,156,137,128,106,128,109,82,124,143,139,148,96,162,244
2000,4,0327174,689,348,51,341,49,56,8,111,16,89,13,82,12,114,17,72,10,69,10,96,14,32,61,47,43,62,44,23,36,24,50,42,39,52,28,46,60
2000,4,0327196,934,448,48,486,52,77,8,152,16,123,13,119,13,135,14,92,10,100,11,136,15,45,83,59,56,70,48,45,42,32,69,64,63,65,44,55,94
2000,4,0328200,4114,1875,46,2239,54,261,6,506,12,565,14,482,12,540,13,452,11,503,12,805,20,124,251,284,257,248,219,222,270,137,255,281,225,292,233,281,535
2000,4,0360201,9510,4395,46,5115,54,688,7,1209,13,1269,13,1343,14,1355,14,1142,12,1055,11,1449,15,369,626,655,679,642,521,458,445,319,583,614,664,713,621,597,1004
2000,4,0360242,1795,871,49,924,51,148,8,240,13,246,14,261,15,244,14,168,9,216,12,272,15,75,122,137,144,130,78,100,85,73,118,109,117,114,90,116,187
2000,4,0360244,597,274,46,323,54,43,7,101,17,89,15,61,10,94,16,54,9,80,13,75,13,20,55,42,35,45,27,31,19,23,46,47,26,49,27,49,56
2000,4,0360252,494,225,46,269,54,58,12,68,14,67,14,76,15,76,15,27,5,58,12,64,13,28,28,35,39,41,12,23,19,30,40,32,37,35,15,35,45
2000,4,0360256,1442,679,47,763,53,112,8,204,14,181,13,177,12,199,14,135,9,185,13,249,17,44,100,98,99,106,67,83,82,68,104,83,78,93,68,102,167
2000,4,0360258,637,289,45,348,55,53,8,109,17,81,13,106,17,90,14,46,7,70,11,82,13,23,52,38,51,47,24,32,22,30,57,43,55,43,22,38,60
2000,4,0360260,516,249,48,267,52,53,10,96,19,59,11,90,17,64,12,37,7,58,11,59,11,26,46,26,49,36,21,23,22,27,50,33,41,28,16,35,37
2000,4,0360264,331,151,46,180,54,31,9,58,18,42,13,42,13,39,12,30,9,30,9,59,18,14,27,20,22,23,14,14,17,17,31,22,20,16,16,16,42
2000,4,0360268,1204,553,46,651,54,113,9,152,13,161,13,152,13,129,11,106,9,171,14,220,18,55,73,80,70,74,53,75,73,58,79,81,82,55,53,96,147
2000,4,0360272,517,253,49,264,51,45,9,74,14,54,10,88,17,58,11,42,8,81,16,75,15,24,37,30,45,34,20,34,29,21,37,24,43,24,22,47,46
2000,4,0360274,816,397,49,419,51,80,10,115,14,93,11,114,14,100,12,71,9,105,13,138,17,53,52,51,59,56,37,45,44,27,63,42,55,44,34,60,94
2000,4,0360276,512,261,51,251,49,30,6,64,13,81,16,62,12,69,13,60,12,51,10,95,19,14,41,46,38,35,34,24,29,16,23,35,24,34,26,27,66
2000,4,0360280,946,449,47,497,53,67,7,121,13,105,11,126,13,113,12,98,10,134,14,182,19,34,59,51,64,71,51,60,59,33,62,54,62,42,47,74,123
2000,4,0360288,514,247,48,267,52,39,8,96,19,62,12,73,14,70,14,45,9,67,13,62,12,20,52,34,37,34,20,31,19,19,44,28,36,36,25,36,43
2000,4,0360294,426,200,47,226,53,31,7,70,16,55,13,56,13,58,14,40,9,35,8,81,19,18,38,31,30,31,21,13,18,13,32,24,26,27,19,22,63
2000,4,0360296,981,476,49,505,51,79,8,150,15,142,14,101,10,136,14,114,12,104,11,155,16,47,71,76,51,75,59,50,47,32,79,66,50,61,55,54,108
2000,4,0360805,1296,607,47,689,53,99,8,174,13,171,13,178,14,164,13,137,11,140,11,233,18,57,83,90,91,84,72,59,71,42,91,81,87,80,65,81,162
2000,4,0360825,722,350,48,372,52,59,8,102,14,120,17,87,12,77,11,74,10,86,12,117,16,30,52,74,40,39,39,47,29,29,50,46,47,38,35,39,88
2000,4,0360848,1137,537,47,600,53,81,7,171,15,195,17,124,11,145,13,129,11,119,10,173,15,42,89,107,63,78,57,49,52,39,82,88,61,67,72,70,121
2000,4,0360884,1014,498,49,516,51,84,8,145,14,134,13,135,13,145,14,103,10,122,12,146,14,44,84,78,66,80,50,58,38,40,61,56,69,65,53,64,108
2000,4,0360890,841,423,50,418,50,75,9,127,15,115,14,103,12,115,14,88,10,82,10,136,16,40,77,72,49,66,45,34,40,35,50,43,54,49,43,48,96
2000,4,0380201,8533,3890,46,4643,54,538,6,1102,13,1196,14,1194,14,1423,17,1140,13,906,11,1034,12,256,558,603,590,658,531,370,324,282,544,593,604,765,609,536,710
2000,4,0380246,871,430,49,441,51,67,8,98,11,97,11,107,12,118,14,95,11,124,14,165,19,46,51,44,60,66,56,64,43,21,47,53,47,52,39,60,122
2000,4,0380248,694,342,49,352,51,52,7,83,12,113,16,83,12,115,17,78,11,65,9,105,15,32,42,65,47,62,40,26,28,20,41,48,36,53,38,39,77
2000,4,0380250,1107,539,49,568,51,86,8,143,13,118,11,159,14,136,12,99,9,153,14,213,19,41,78,70,88,75,59,64,64,45,65,48,71,61,40,89,149
2000,4,0380252,775,384,50,391,50,78,10,100,13,61,8,120,15,90,12,84,11,93,12,149,19,45,54,31,71,49,47,42,45,33,46,30,49,41,37,51,104
2000,4,0380256,514,243,47,271,53,33,6,85,17,65,13,68,13,75,15,49,10,57,11,82,16,16,45,36,33,40,25,28,20,17,40,29,35,35,24,29,62
2000,4,0380258,1792,843,47,949,53,122,7,182,10,190,11,224,13,189,11,201,11,232,13,452,25,65,88,106,118,104,107,115,140,57,94,84,106,85,94,117,312
2000,4,0380266,413,200,48,213,52,25,6,50,12,50,12,67,16,66,16,38,9,39,9,78,19,12,23,27,35,38,21,20,24,13,27,23,32,28,17,19,54
2000,4,0380286,1270,576,45,694,55,107,8,214,17,125,10,170,13,184,14,79,6,160,13,231,18,48,107,55,86,94,45,68,73,59,107,70,84,90,34,92,158
2000,4,0380290,562,288,51,274,49,41,7,104,19,67,12,87,15,73,13,50,9,67,12,73,13,22,59,37,48,44,29,29,20,19,45,30,39,29,21,38,53
2000,4,0380294,939,445,47,494,53,61,6,113,12,121,13,123,13,109,12,99,11,120,13,193,21,27,58,65,73,62,56,50,54,34,55,56,50,47,43,70,139
2000,4,0381615,1887,860,46,1027,54,123,7,204,11,216,11,243,13,261,14,219,12,203,11,418,22,70,98,121,121,138,109,90,113,53,106,95,122,123,110,113,305
2000,4,0381660,720,332,46,388,54,43,6,85,12,95,13,95,13,87,12,130,18,113,16,72,10,22,37,48,60,44,59,43,19,21,48,47,35,43,71,70,53
2000,4,0381670,981,463,47,518,53,58,6,120,12,127,13,118,12,128,13,97,10,132,13,201,20,34,62,55,67,69,58,57,61,24,58,72,51,59,39,75,140
2000,4,0381678,993,482,49,511,51,53,5,97,10,101,10,119,12,111,11,108,11,171,17,233,23,28,45,56,72,62,65,81,73,25,52,45,47,49,43,90,160
2000,4,0381682,1487,700,47,787,53,124,8,182,12,177,12,215,14,178,12,144,10,165,11,302,20,56,84,93,117,102,84,72,92,68,98,84,98,76,60,93,210
2000,4,0381692,877,421,48,456,52,70,8,110,13,102,12,104,12,127,14,78,9,112,13,174,20,30,46,62,57,76,44,55,51,40,64,40,47,51,34,57,123
2000,4,0381698,1013,488,48,525,52,56,6,130,13,138,14,113,11,153,15,109,11,117,12,197,19,31,61,76,60,82,61,51,66,25,69,62,53,71,48,66,131
2000,4,0384400,1664,763,46,901,54,103,6,217,13,170,10,229,14,211,13,150,9,228,14,356,21,42,126,81,127,115,82,105,85,61,91,89,102,96,68,123,271
2000,4,0387564,1226,599,49,627,51,99,8,126,10,169,14,156,13,155,13,132,11,169,14,220,18,52,63,92,92,88,79,76,57,47,63,77,64,67,53,93,163
2000,4,0387574,1926,926,48,1000,52,155,8,255,13,236,12,229,12,286,15,212,11,203,11,350,18,78,121,123,127,161,121,101,94,77,134,113,102,125,91,102,256
2000,4,0400201,10840,4834,45,6006,55,698,6,1417,13,1552,14,1518,14,1593,15,1375,13,1202,11,1485,14,334,736,772,738,722,599,473,460,364,681,780,780,871,776,729,1025
2000,4,0400246,1917,943,49,974,51,149,8,253,13,286,15,247,13,257,13,217,11,209,11,299,16,63,143,167,143,131,118,85,93,86,110,119,104,126,99,124,206
2000,4,0400250,1887,888,47,999,53,134,7,248,13,296,16,249,13,287,15,193,10,233,12,247,13,76,131,155,122,137,95,90,82,58,117,141,127,150,98,143,165
2000,4,0400252,2890,1400,48,1490,52,217,8,406,14,487,17,346,12,399,14,329,11,349,12,357,12,105,211,247,185,206,179,149,118,112,195,240,161,193,150,200,239
2000,4,0400256,1007,487,48,520,52,80,8,156,15,154,15,152,15,126,13,97,10,126,13,116,12,44,78,71,82,67,54,55,36,36,78,83,70,59,43,71,80
2000,4,0400260,2839,1379,49,1460,51,190,7,466,16,513,18,336,12,535,19,295,10,255,9,249,9,105,256,260,175,240,153,110,80,85,210,253,161,295,142,145,169
2000,4,0400268,4283,2059,48,2224,52,342,8,672,16,663,15,574,13,714,17,494,12,420,10,404,9,174,363,329,291,344,254,186,118,168,309,334,283,370,240,234,286
2000,4,0400272,1971,928,47,1043,53,132,7,268,14,299,15,292,15,240,12,231,12,214,11,295,15,59,138,139,157,128,120,94,93,73,130,160,135,112,111,120,202
2000,4,0400292,2406,1178,49,1228,51,178,7,396,16,351,15,332,14,335,14,238,10,278,12,298,12,93,213,183,173,184,116,126,90,85,183,168,159,151,122,152,208
2000,4,0406400,9395,4436,47,4959,53,736,8,1233,13,1373,15,1361,14,1283,14,1113,12,1099,12,1197,13,370,652,706,700,646,526,463,373,366,581,667,661,637,587,636,824
2000,4,0407776,2484,1178,47,1306,53,184,7,354,14,375,15,353,14,357,14,239,10,315,13,307,12,97,184,183,179,182,121,133,99,87,170,192,174,175,118,182,208
2000,4,0407788,1117,550,49,567,51,77,7,145,13,189,17,125,11,161,14,134,12,138,12,148,13,43,76,108,69,82,66,64,42,34,69,81,56,79,68,74,106
2000,4,0407796,1342,673,50,669,50,103,8,192,14,198,15,189,14,196,15,146,11,158,12,160,12,56,104,114,101,109,73,67,49,47,88,84,88,87,73,91,111
2000,4,0409544,980,477,49,503,51,89,9,140,14,123,13,128,13,133,14,95,10,128,13,144,15,47,77,70,64,70,47,57,45,42,63,53,64,63,48,71,99
2000,4,0409562,874,432,49,442,51,54,6,133,15,122,14,107,12,121,14,89,10,111,13,137,16,31,71,64,60,64,46,49,47,23,62,58,47,57,43,62,90
2000,4,0409580,1512,721,48,791,52,107,7,208,14,199,13,198,13,198,13,167,11,176,12,259,17,57,102,103,104,101,85,81,88,50,106,96,94,97,82,95,171
2000,4,0409584,1051,525,50,526,50,75,7,156,15,141,13,141,13,163,16,89,8,136,13,150,14,44,77,77,70,88,50,60,59,31,79,64,71,75,39,76,91
2000,4,0409590,1279,591,46,688,54,86,7,154,12,213,17,150,12,181,14,106,8,169,13,220,17,37,83,115,81,90,51,72,62,49,71,98,69,91,55,97,158
2000,4,0409594,4781,2244,47,2537,53,358,7,646,14,707,15,647,14,678,14,533,11,548,11,664,14,170,319,378,329,342,251,246,209,188,327,329,318,336,282,302,455
2000,4,0420201,18721,8459,45,10262,55,1174,6,2289,12,2591,14,2535,14,2618,14,2277,12,2397,13,2839,15,605,1174,1305,1246,1182,1035,987,925,569,1115,1286,1289,1436,1242,1410,1914
2000,4,0420290,1617,784,48,833,52,109,7,240,15,240,15,194,12,233,14,155,10,224,14,222,14,51,143,117,103,124,83,102,61,58,97,123,91,109,72,122,161
2000,4,0421211,1467,684,47,783,53,82,6,164,11,193,13,165,11,183,12,162,11,187,13,331,23,45,100,98,86,102,78,76,99,37,64,95,79,81,84,111,232
2000,4,0421262,3043,1427,47,1616,53,208,7,472,16,477,16,358,12,480,16,339,11,334,11,375,12,96,241,278,173,230,157,140,112,112,231,199,185,250,182,194,263
2000,4,0424742,872,426,49,446,51,74,8,120,14,141,16,102,12,132,15,80,9,103,12,120,14,32,67,75,53,67,42,51,39,42,53,66,49,65,38,52,81
2000,4,0424746,2663,1255,47,1408,53,207,8,385,14,374,14,320,12,396,15,271,10,316,12,394,15,110,200,184,156,203,137,145,120,97,185,190,164,193,134,171,274
2000,4,0424768,1099,541,49,558,51,89,8,170,15,153,14,137,12,158,14,100,9,141,13,151,14,47,85,79,74,89,51,70,46,42,85,74,63,69,49,71,105
2000,4,0424778,1105,530,48,575,52,111,10,169,15,153,14,142,13,149,13,110,10,116,10,155,14,56,77,85,73,82,50,56,51,55,92,68,69,67,60,60,104
2000,4,0424796,1117,534,48,583,52,81,7,173,15,143,13,158,14,134,12,82,7,170,15,176,16,41,82,79,77,77,41,78,59,40,91,64,81,57,41,92,117
2000,4,0425756,2407,1118,46,1289,54,203,8,342,14,327,14,309,13,297,12,274,11,284,12,371,15,97,168,168,161,146,139,132,107,106,174,159,148,151,135,152,264
2000,4,0425798,582,286,49,296,51,54,9,86,15,85,15,78,13,72,12,53,9,80,14,74,13,30,40,49,44,38,24,44,17,24,46,36,34,34,29,36,57
2000,4,0427360,3401,1573,46,1828,54,240,7,475,14,449,13,505,15,511,15,345,10,464,14,412,12,128,237,212,254,263,162,186,131,112,238,237,251,248,183,278,281
2000,4,0427364,890,418,47,472,53,68,8,163,18,101,11,116,13,126,14,81,9,95,11,139,16,32,80,54,60,74,40,36,41,36,83,47,56,52,41,59,98
2000,4,0427372,5025,2425,48,2600,52,326,6,651,13,1066,21,649,13,718,14,502,10,527,10,586,12,148,328,628,324,347,239,225,186,178,323,438,325,371,263,302,400
2000,4,0427394,763,360,47,403,53,54,7,120,16,106,14,105,14,118,15,85,11,88,12,87,11,26,55,60,49,63,39,42,26,28,65,46,56,55,46,46,61
2000,4,0427574,1782,846,47,936,53,137,8,305,17,229,13,246,14,216,12,148,8,243,14,258,14,66,149,132,125,110,69,108,87,71,156,97,121,106,79,135,171
2000,4,0427580,1371,673,49,698,51,110,8,240,18,194,14,179,13,183,13,121,9,157,11,187,14,68,134,92,92,99,59,66,63,42,106,102,87,84,62,91,124
2000,4,0427582,1628,780,48,848,52,107,7,240,15,244,15,198,12,225,14,164,10,211,13,239,15,54,122,128,99,123,90,88,76,53,118,116,99,102,74,123,163
2000,4,0427748,1221,589,48,632,52,85,7,177,14,159,13,158,13,146,12,115,9,160,13,221,18,44,90,86,78,77,61,81,72,41,87,73,80,69,54,79,149
2000,4,0427776,3341,1565,47,1776,53,247,7,469,14,538,16,411,12,446,13,370,11,369,11,491,15,127,227,266,204,230,179,179,153,120,242,272,207,216,191,190,338
2000,4,0429350,1105,532,48,573,52,79,7,163,15,170,15,128,12,163,15,99,9,130,12,173,16,37,84,99,68,77,51,64,52,42,79,71,60,86,48,66,121
2000,4,0429354,835,411,49,424,51,77,9,154,18,106,13,128,15,103,12,72,9,77,9,118,14,37,76,65,65,60,29,38,41,40,78,41,63,43,43,39,77
2000,4,0429358,477,225,47,252,53,36,8,77,16,56,12,61,13,68,14,40,8,54,11,85,18,19,37,28,32,39,19,25,26,17,40,28,29,29,21,29,59
2000,4,0429386,1063,520,49,543,51,81,8,184,17,150,14,141,13,164,15,110,10,118,11,115,11,45,96,69,74,85,61,49,41,36,88,81,67,79,49,69,74
2000,4,0429392,1781,845,47,936,53,139,8,256,14,266,15,223,13,258,14,183,10,209,12,247,14,67,136,132,111,132,99,90,78,72,120,134,112,126,84,119,169
2000,4,0440242,916,419,46,497,54,54,6,103,11,90,10,105,11,112,12,83,9,152,17,217,24,19,45,45,55,69,40,73,73,35,58,45,50,43,43,79,144
2000,4,0440246,905,439,49,466,51,60,7,103,11,113,12,102,11,113,12,112,12,124,14,178,20,36,49,59,61,66,61,57,50,24,54,54,41,47,51,67,128
2000,4,0440250,2082,1044,50,1038,50,129,6,298,14,277,13,253,12,303,15,207,10,248,12,367,18,70,150,166,124,173,117,123,121,59,148,111,129,130,90,125,246
2000,4,0440252,1050,493,47,557,53,71,7,134,13,156,15,133,13,150,14,115,11,96,9,195,19,37,74,82,64,78,58,40,60,34,60,74,69,72,57,56,135
2000,4,0440260,2713,1308,48,1405,52,236,9,365,13,364,13,300,11,396,15,360,13,300,11,392,14,122,194,193,151,202,174,143,129,114,171,171,149,194,186,157,263
2000,4,0440262,1795,845,47,950,53,121,7,230,13,225,13,240,13,238,13,177,10,225,13,339,19,63,116,121,130,131,91,94,99,58,114,104,110,107,86,131,240
2000,4,0440264,1606,793,49,813,51,102,6,190,12,246,15,210,13,233,15,180,11,185,12,260,16,51,110,138,107,123,96,88,80,51,80,108,103,110,84,97,180
2000,4,0440268,1449,693,48,756,52,78,5,159,11,167,12,167,12,219,15,162,11,181,12,316,22,40,87,91,80,127,88,86,94,38,72,76,87,92,74,95,222
2000,4,0440270,1119,534,48,585,52,71,6,142,13,141,13,119,11,179,16,104,9,157,14,206,18,36,70,70,67,97,55,77,62,35,72,71,52,82,49,80,144
2000,4,0440272,1282,618,48,664,52,81,6,165,13,181,14,149,12,176,14,137,11,165,13,228,18,47,87,99,76,95,75,73,66,34,78,82,73,81,62,92,162
2000,4,0440274,6310,3009,48,3301,52,392,6,802,13,848,13,974,15,897,14,844,13,820,13,733,12,200,398,442,496,449,393,378,253,192,404,406,478,448,451,442,480
2000,4,0440276,1054,486,46,568,54,57,5,144,14,140,13,125,12,171,16,129,12,121,11,167,16,26,63,79,67,89,69,47,46,31,81,61,58,82,60,74,121
2000,4,0440284,976,465,48,511,52,52,5,132,14,98,10,116,12,131,13,118,12,131,13,198,20,28,64,50,63,80,69,60,51,24,68,48,53,51,49,71,147
2000,4,0440286,1701,824,48,877,52,104,6,197,12,212,12,241,14,204,12,195,11,227,13,321,19,54,97,121,135,116,94,113,94,50,100,91,106,88,101,114,227
2000,4,0440288,1438,669,47,769,53,96,7,144,10,176,12,188,13,204,14,123,9,230,16,277,19,53,65,86,101,116,59,100,89,43,79,90,87,88,64,130,188
2000,4,0440292,1110,546,49,564,51,73,7,112,10,149,13,146,13,148,13,139,13,136,12,207,19,40,64,78,86,83,77,62,56,33,48,71,60,65,62,74,151
2000,4,0440294,1037,501,48,536,52,71,7,104,10,122,12,133,13,133,13,96,9,142,14,236,23,37,57,61,73,80,50,68,75,34,47,61,60,53,46,74,161
2000,4,0440296,852,405,48,447,52,54,6,107,13,119,14,94,11,127,15,94,11,104,12,153,18,19,55,57,52,68,55,57,42,35,52,62,42,59,39,47,111
2000,4,0440298,2602,1234,47,1368,53,143,5,261,10,466,18,305,12,313,12,305,12,312,12,497,19,63,134,275,147,167,158,138,152,80,127,191,158,146,147,174,345
2000,4,0440807,2962,1326,45,1636,55,177,6,320,11,392,13,368,12,392,13,382,13,374,13,557,19,88,164,187,182,193,184,148,180,89,156,205,186,199,198,226,377
2000,4,0440815,861,368,43,493,57,57,7,94,11,116,13,96,11,125,15,97,11,88,10,188,22,32,41,51,51,52,49,40,52,25,53,65,45,73,48,48,136
2000,4,0440835,380,188,49,192,51,23,6,53,14,43,11,54,14,55,14,30,8,39,10,83,22,12,29,24,26,37,15,17,28,11,24,19,28,18,15,22,55
2000,4,0440844,1333,628,47,705,53,75,6,177,13,213,16,154,12,182,14,118,9,158,12,256,19,38,91,103,84,96,54,71,91,37,86,110,70,86,64,87,165
2000,4,0440854,783,358,46,425,54,45,6,118,15,86,11,94,12,125,16,70,9,87,11,158,20,29,63,39,40,68,39,37,43,16,55,47,54,57,31,50,115
2000,4,0440856,1230,578,47,652,53,75,6,156,13,155,13,163,13,168,14,123,10,167,14,223,18,38,71,81,84,90,66,75,73,37,85,74,79,78,57,92,150
2000,4,0440880,1307,656,50,651,50,114,9,191,15,140,11,177,14,191,15,114,9,157,12,223,17,58,106,70,102,109,74,63,74,56,85,70,75,82,40,94,149
2000,4,0440890,1630,802,49,828,51,114,7,253,16,255,16,190,12,219,13,204,13,174,11,221,14,57,142,130,98,119,103,79,74,57,111,125,92,100,101,95,147
2000,4,0460201,11410,5124,45,6286,55,866,8,1472,13,1624,14,1630,14,1692,15,1492,13,1247,11,1387,12,454,795,795,759,740,645,540,396,412,677,829,871,952,847,707,991
2000,4,0460242,1240,594,48,646,52,75,6,170,14,186,15,150,12,152,12,127,10,158,13,222,18,40,87,110,79,66,69,70,73,35,83,76,71,86,58,88,149
2000,4,0460246,3132,1505,48,1627,52,262,8,443,14,450,14,481,15,421,13,365,12,349,11,361,12,125,234,235,254,210,173,152,122,137,209,215,227,211,192,197,239
2000,4,0460252,2100,993,47,1107,53,134,6,297,14,303,14,286,14,309,15,222,11,269,13,280,13,69,151,160,146,160,106,114,87,65,146,143,140,149,116,155,193
2000,4,0460254,1173,565,48,608,52,104,9,161,14,178,15,142,12,155,13,132,11,112,10,189,16,62,85,90,73,78,71,57,49,42,76,88,69,77,61,55,140
2000,4,0460260,1036,504,49,532,51,87,8,152,15,155,15,125,12,144,14,90,9,128,12,155,15,48,80,82,71,80,42,51,50,39,72,73,54,64,48,77,105
2000,4,0460268,1152,540,47,612,53,95,8,165,14,177,15,139,12,173,15,118,10,120,10,165,14,46,80,101,71,81,61,53,47,49,85,76,68,92,57,67,118
2000,4,0460272,1332,647,49,685,51,93,7,200,15,175,13,189,14,193,14,122,9,166,12,194,15,48,110,105,93,102,58,76,55,45,90,70,96,91,64,90,139
2000,4,0460280,972,460,47,512,53,80,8,153,16,141,15,148,15,129,13,102,10,109,11,110,11,47,69,64,70,72,49,57,32,33,84,77,78,57,53,52,78
2000,4,0460284,1117,540,48,577,52,88,8,158,14,172,15,136,12,145,13,141,13,116,10,161,14,51,76,97,72,74,67,51,52,37,82,75,64,71,74,65,109
2000,4,0460298,658,324,49,334,51,51,8,109,17,107,16,85,13,96,15,65,10,70,11,75,11,25,52,52,48,48,36,31,32,26,57,55,37,48,29,39,43
2000,4,0460805,3211,1419,44,1792,56,245,8,427,13,446,14,400,12,444,14,346,11,357,11,546,17,112,208,220,183,210,158,157,171,133,219,226,217,234,188,200,375
2000,4,0460825,872,405,46,467,54,59,7,121,14,131,15,111,13,110,13,111,13,102,12,127,15,26,62,71,61,47,54,45,39,33,59,60,50,63,57,57,88
2000,4,0460850,2138,969,45,1169,55,152,7,269,13,282,13,266,12,288,13,226,11,299,14,356,17,71,130,133,137,142,104,139,113,81,139,149,129,146,122,160,243
2000,4,0460864,662,360,54,302,46,45,7,99,15,79,12,70,11,79,12,65,10,93,14,132,20,19,49,46,40,38,36,64,68,26,50,33,30,41,29,29,64
2000,4,0460876,621,299,48,322,52,56,9,108,17,98,16,87,14,77,12,71,11,61,10,63,10,27,56,44,52,38,36,26,20,29,52,54,35,39,35,35,43
2000,4,0460890,689,331,48,358,52,39,6,87,13,113,16,85,12,84,12,94,14,89,13,98,14,16,45,61,48,47,41,40,33,23,42,52,37,37,53,49,65
2000,4,0460894,1328,660,50,668,50,124,9,210,16,197,15,181,14,173,13,118,9,149,11,176,13,68,118,107,88,96,60,70,53,56,92,90,93,77,58,79,123
2000,4,0468944,1314,615,47,699,53,115,9,212,16,195,15,159,12,192,15,150,11,136,10,155,12,54,110,87,77,103,77,60,47,61,102,108,82,89,73,76,108
2000,4,0468956,1006,481,48,525,52,81,8,159,16,151,15,124,12,128,13,107,11,114,11,142,14,42,80,80,73,62,57,48,39,39,79,71,51,66,50,66,103
2000,4,0468988,2455,1142,47,1313,53,186,8,451,18,350,14,343,14,310,13,242,10,249,10,324,13,97,221,189,164,149,125,104,93,89,230,161,179,161,117,145,231
2000,4,0500201,9620,4261,44,5359,56,692,7,1194,12,1240,13,1322,14,1446,15,1180,12,1052,11,1494,16,341,603,568,636,674,534,458,447,351,591,672,686,772,646,594,1047
2000,4,0500244,2036,979,48,1057,52,167,8,273,13,260,13,258,13,255,13,199,10,285,14,339,17,83,134,136,146,133,105,133,109,84,139,124,112,122,94,152,230
2000,4,0500248,1379,649,47,730,53,116,8,197,14,187,14,160,12,205,15,143,10,154,11,217,16,52,97,103,76,110,75,71,65,64,100,84,84,95,68,83,152
2000,4,0500252,652,309,47,343,53,61,9,123,19,76,12,89,14,93,14,50,8,74,11,86,13,33,61,36,46,50,26,32,25,28,62,40,43,43,24,42,61
2000,4,0500256,830,398,48,432,52,82,10,115,14,82,10,108,13,112,13,95,11,120,14,116,14,31,62,46,62,54,57,55,31,51,53,36,46,58,38,65,85
2000,4,0500260,1479,712,48,767,52,105,7,208,14,254,17,188,13,200,14,154,10,167,11,203,14,54,99,128,101,111,73,78,68,51,109,126,87,89,81,89,135
2000,4,0500264,2013,934,46,1079,54,172,9,274,14,280,14,251,12,266,13,159,8,261,13,350,17,82,140,131,137,142,78,115,109,90,134,149,114,124,81,146,241
2000,4,0500268,1290,626,49,664,51,84,7,129,10,183,14,182,14,147,11,148,11,177,14,240,19,43,70,87,107,82,77,78,82,41,59,96,75,65,71,99,158
2000,4,0500272,1711,815,48,896,52,140,8,277,16,235,14,192,11,245,14,174,10,177,10,271,16,75,146,124,93,129,86,78,84,65,131,111,99,116,88,99,187
2000,4,0500276,526,254,48,272,52,40,8,82,16,62,12,67,13,70,13,53,10,69,13,83,16,19,48,30,43,33,26,27,28,21,34,32,24,37,27,42,55
2000,4,0500284,1766,871,49,895,51,116,7,246,14,327,19,215,12,230,13,194,11,179,10,259,15,67,125,188,106,120,102,88,75,49,121,139,109,110,92,91,184
2000,4,0500288,1290,603,47,687,53,111,9,179,14,169,13,173,13,178,14,104,8,155,12,220,17,66,83,81,91,96,55,61,69,45,96,88,82,82,49,94,151
2000,4,0500290,2220,1053,47,1167,53,160,7,329,15,328,15,274,12,344,15,298,13,229,10,258,12,79,158,168,134,179,150,105,80,81,171,160,140,165,148,124,178
2000,4,0500294,1171,537,46,634,54,100,9,172,15,159,14,155,13,149,13,120,10,147,13,169,14,39,84,81,83,83,58,64,45,61,88,78,72,66,62,83,124
2000,4,0540248,2563,1188,46,1375,54,191,7,332,13,383,15,349,14,349,14,297,12,249,10,413,16,96,181,195,178,163,142,110,123,95,151,188,171,186,155,139,290
2000,4,0540252,2798,1338,48,1460,52,181,6,415,15,467,17,355,13,439,16,316,11,296,11,329,12,94,228,239,187,217,151,125,97,87,187,228,168,222,165,171,232
2000,4,0540256,3385,1635,48,1750,52,257,8,496,15,499,15,464,14,488,14,356,11,335,10,489,14,128,262,259,241,254,192,142,156,129,234,240,223,234,164,193,333
2000,4,0540258,2576,1213,47,1363,53,124,5,327,13,346,13,314,12,400,16,288,11,340,13,437,17,66,173,181,153,205,141,137,157,58,154,165,161,195,147,203,280
2000,4,0540260,988,479,48,509,52,64,6,148,15,151,15,113,11,154,16,96,10,126,13,135,14,36,74,88,61,84,43,52,40,28,74,63,52,70,53,74,95
2000,4,0540262,2243,1048,47,1195,53,154,7,322,14,351,16,268,12,329,15,246,11,248,11,325,14,76,161,185,133,174,122,99,98,78,161,166,135,155,124,149,227
2000,4,0540270,1738,810,47,928,53,121,7,229,13,279,16,198,11,274,16,177,10,210,12,250,14,64,110,133,111,143,91,83,75,57,119,146,87,131,86,127,175
2000,4,0540274,2013,955,47,1058,53,171,8,316,16,316,16,261,13,266,13,200,10,235,12,248,12,93,161,156,124,142,102,89,88,78,155,160,137,124,98,146,160
2000,4,0540282,1624,765,47,859,53,152,9,230,14,232,14,210,13,240,15,174,11,190,12,196,12,63,126,119,106,131,84,84,52,89,104,113,104,109,90,106,144
2000,4,0540286,2087,968,46,1119,54,145,7,288,14,285,14,266,13,299,14,254,12,270,13,280,13,80,146,145,130,153,124,114,76,65,142,140,136,146,130,156,204
2000,4,0540290,2092,1025,49,1067,51,160,8,324,15,373,18,298,14,264,13,192,9,207,10,274,13,83,164,202,153,141,96,91,95,77,160,171,145,123,96,116,179
2000,4,0540292,1876,897,48,979,52,151,8,278,15,295,16,249,13,241,13,191,10,207,11,264,14,68,140,155,133,117,98,104,82,83,138,140,116,124,93,103,182
2000,4,0540296,1805,858,48,947,52,134,7,228,13,270,15,227,13,234,13,180,10,231,13,301,17,73,119,144,116,123,91,99,93,61,109,126,111,111,89,132,208
2000,4,0546744,4389,2069,47,2320,53,299,7,587,13,657,15,599,14,683,16,516,12,423,10,624,14,163,293,327,306,345,230,207,197,136,294,330,293,338,286,216,427
2000,4,0546766,3269,1562,48,1707,52,215,7,370,11,489,15,464,14,468,14,379,12,417,13,467,14,124,199,254,226,235,164,203,157,91,171,235,238,233,215,214,310
2000,4,0546778,1891,945,50,946,50,162,9,293,15,270,14,265,14,250,13,186,10,228,12,237,13,83,146,152,143,135,100,105,81,79,147,118,122,115,86,123,156
2000,4,0560248,1006,498,50,508,50,72,7,147,15,120,12,133,13,151,15,119,12,120,12,144,14,31,81,62,67,84,63,62,48,41,66,58,66,67,56,58,96
2000,4,0560252,699,321,46,378,54,63,9,121,17,83,12,84,12,101,14,48,7,68,10,131,19,30,65,34,48,49,26,32,37,33,56,49,36,52,22,36,94
2000,4,0560254,1022,495,48,527,52,77,8,140,14,110,11,122,12,143,14,106,10,115,11,209,20,41,65,61,77,73,52,61,65,36,75,49,45,70,54,54,144
2000,4,0560266,790,397,50,393,50,75,9,123,16,102,13,103,13,101,13,88,11,96,12,102,13,45,65,54,51,63,41,47,31,30,58,48,52,38,47,49,71
2000,4,0560274,699,345,49,354,51,69,10,105,15,88,13,98,14,90,13,73,10,72,10,104,15,34,57,55,50,46,38,36,29,35,48,33,48,44,35,36,75
2000,4,0560282,1462,686,47,776,53,121,8,170,12,160,11,173,12,193,13,150,10,204,14,291,20,58,88,85,93,101,86,92,83,63,82,75,80,92,64,112,208
2000,4,0560298,1146,539,47,607,53,72,6,191,17,145,13,145,13,155,14,96,8,160,14,182,16,36,101,77,65,83,47,73,57,36,90,68,80,72,49,87,125
2000,4,0560805,1379,639,46,740,54,100,7,209,15,183,13,165,12,179,13,158,11,138,10,247,18,48,117,93,76,88,78,51,88,52,92,90,89,91,80,87,159
2000,4,0560825,661,326,49,335,51,56,8,91,14,77,12,89,13,83,13,56,8,87,13,122,18,27,45,48,48,55,29,39,35,29,46,29,41,28,27,48,87
2000,4,0560844,629,326,52,303,48,43,7,86,14,91,14,76,12,92,15,63,10,70,11,108,17,29,47,50,41,54,35,31,39,14,39,41,35,38,28,39,69
2000,4,0560862,1186,654,55,532,45,69,6,114,10,122,10,165,14,179,15,189,16,166,14,182,15,38,66,75,99,106,111,96,63,31,48,47,66,73,78,70,119
2000,4,0561815,2140,993,46,1147,54,137,6,260,12,377,18,267,12,283,13,251,12,199,9,366,17,67,136,211,129,139,114,90,107,70,124,166,138,144,137,109,259
2000,4,0561835,862,431,50,431,50,71,8,108,13,104,12,110,13,100,12,104,12,112,13,153,18,43,54,56,61,57,63,51,46,28,54,48,49,43,41,61,107
2000,4,0561858,760,345,45,415,55,49,6,114,15,104,14,97,13,94,12,88,12,98,13,116,15,22,48,56,46,53,42,42,36,27,66,48,51,41,46,56,80
2000,4,0561880,810,392,48,418,52,66,8,135,17,109,13,138,17,97,12,69,9,75,9,121,15,37,64,55,75,56,35,29,41,29,71,54,63,41,34,46,80
2000,4,0561888,847,405,48,442,52,50,6,121,14,142,17,96,11,113,13,88,10,116,14,121,14,20,60,72,53,59,46,54,41,30,61,70,43,54,42,62,80
2000,4,0566946,918,427,47,491,53,64,7,115,13,103,11,120,13,111,12,100,11,107,12,198,22,32,56,57,62,59,53,53,55,32,59,46,58,52,47,54,143
2000,4,0566968,1021,492,48,529,52,74,7,144,14,117,11,126,12,148,14,101,10,133,13,178,17,40,77,60,68,84,54,56,53,34,67,57,58,64,47,77,125
2000,4,0566970,2166,1004,46,1162,54,128,6,232,11,253,12,221,10,293,14,212,10,255,12,572,26,63,110,119,115,157,128,121,191,65,122,134,106,136,84,134,381
2000,4,0566976,1113,532,48,581,52,93,8,163,15,133,12,152,14,162,15,120,11,125,11,165,15,47,76,68,85,90,65,62,39,46,87,65,67,72,55,63,126
2000,4,0566994,1439,698,49,741,51,106,7,226,16,186,13,160,11,205,14,144,10,135,9,277,19,54,119,98,96,105,74,67,85,52,107,88,64,100,70,68,192
2000,4,0566996,836,394,47,442,53,87,10,128,15,99,12,121,14,116,14,62,7,96,11,127,15,45,60,50,67,67,30,39,36,42,68,49,54,49,32,57,91
2000,4,0568786,3427,1627,47,1800,53,238,7,572,17,524,15,493,14,571,17,369,11,316,9,344,10,122,300,269,240,277,173,142,104,116,272,255,253,294,196,174,240
2000,4,0568790,1188,581,49,607,51,88,7,200,17,177,15,132,11,132,11,122,10,152,13,185,16,54,103,95,63,68,65,70,63,34,97,82,69,64,57,82,122
2000,4,0600201,11320,5111,45,6209,55,697,6,1378,12,1556,14,1442,13,1916,17,1601,14,1183,10,1547,14,351,690,796,671,907,726,510,460,346,688,760,771,1009,875,673,1087
2000,4,0600248,835,405,49,430,51,39,5,106,13,82,10,102,12,107,13,89,11,139,17,171,20,25,51,33,53,61,52,71,59,14,55,49,49,46,37,68,112
2000,4,0600262,1634,758,46,876,54,106,6,178,11,177,11,202,12,223,14,147,9,197,12,404,25,58,90,96,107,113,87,84,123,48,88,81,95,110,60,113,281
2000,4,0600264,979,439,45,540,55,72,7,124,13,109,11,113,12,107,11,100,10,87,9,267,27,37,57,55,54,62,60,40,74,35,67,54,59,45,40,47,193
2000,4,0600268,1042,530,51,512,49,66,6,122,12,115,11,107,10,153,15,102,10,182,17,195,19,37,71,60,66,85,56,91,64,29,51,55,41,68,46,91,131
2000,4,0600270,842,405,48,437,52,53,6,95,11,96,11,108,13,132,16,72,9,104,12,182,22,26,44,48,62,73,45,52,55,27,51,48,46,59,27,52,127
2000,4,0600274,896,422,47,474,53,45,5,91,10,92,10,112,13,119,13,92,10,161,18,184,21,19,38,46,62,66,48,82,61,26,53,46,50,53,44,79,123
2000,4,0600278,608,305,50,303,50,55,9,74,12,66,11,81,13,100,16,66,11,93,15,73,12,26,37,33,46,58,36,46,23,29,37,33,35,42,30,47,50
2000,4,0600284,772,369,48,403,52,50,6,93,12,86,11,100,13,110,14,75,10,98,13,160,21,26,50,47,52,63,38,48,45,24,43,39,48,47,37,50,115
2000,4,0600286,1191,578,49,613,51,95,8,145,12,133,11,143,12,169,14,115,10,166,14,225,19,49,73,66,77,95,66,77,75,46,72,67,66,74,49,89,150
2000,4,0600288,951,459,48,492,52,62,7,113,12,100,11,117,12,161,17,61,6,129,14,208,22,30,63,54,60,90,38,55,69,32,50,46,57,71,23,74,139
2000,4,0600296,1729,812,47,917,53,125,7,168,10,202,12,238,14,194,11,208,12,265,15,329,19,65,77,103,129,103,108,128,99,60,91,99,109,91,100,137,230
2000,4,0601009,2772,1317,48,1455,52,147,5,299,11,374,13,357,13,375,14,335,12,357,13,528,19,86,162,219,164,193,158,154,181,61,137,155,193,182,177,203,347
2000,4,0601042,1680,812,48,868,52,121,7,237,14,178,11,238,14,231,14,164,10,237,14,274,16,67,122,101,109,137,93,97,86,54,115,77,129,94,71,140,188
2000,4,0601044,831,399,48,432,52,65,8,92,11,110,13,122,15,112,13,75,9,110,13,145,17,27,45,60,63,65,44,50,45,38,47,50,59,47,31,60,100
2000,4,0601046,700,329,47,371,53,56,8,96,14,81,12,99,14,99,14,53,8,82,12,134,19,29,46,40,52,53,31,37,41,27,50,41,47,46,22,45,93
2000,4,0601050,700,330,47,370,53,41,6,85,12,86,12,80,11,108,15,86,12,91,13,123,18,23,42,41,42,61,52,37,32,18,43,45,38,47,34,54,91
2000,4,0601054,958,460,48,498,52,82,9,123,13,113,12,134,14,131,14,108,11,120,13,147,15,42,60,62,64,74,61,62,35,40,63,51,70,57,47,58,112
2000,4,0601056,1160,549,47,611,53,59,5,137,12,157,14,146,13,161,14,130,11,167,14,203,18,28,69,71,89,90,68,74,60,31,68,86,57,71,62,93,143
2000,4,0601076,711,349,49,362,51,52,7,91,13,126,18,89,13,106,15,79,11,67,9,101,14,29,44,69,51,56,43,29,28,23,47,57,38,50,36,38,73
2000,4,0601080,405,204,50,201,50,35,9,58,14,43,11,67,17,45,11,50,12,39,10,68,17,20,31,26,33,22,31,18,23,15,27,17,34,23,19,21,45
2000,4,0601090,566,266,47,300,53,29,5,70,12,66,12,73,13,82,14,58,10,63,11,125,22,12,37,30,45,46,26,25,45,17,33,36,28,36,32,38,80
2000,4,0601092,758,374,49,384,51,49,6,101,13,78,10,121,16,111,15,97,13,66,9,135,18,25,53,40,69,66,52,28,41,24,48,38,52,45,45,38,94
2000,4,0604342,2673,1287,48,1386,52,185,7,318,12,427,16,327,12,383,14,223,8,302,11,508,19,94,168,243,171,199,133,123,156,91,150,184,156,184,90,179,352
2000,4,0604358,749,361,48,388,52,36,5,73,10,90,12,82,11,114,15,92,12,84,11,178,24,18,30,52,46,66,51,40,58,18,43,38,36,48,41,44,120
2000,4,0604372,1156,552,48,604,52,67,6,116,10,118,10,137,12,157,14,142,12,165,14,254,22,35,50,62,77,88,76,87,77,32,66,56,60,69,66,78,177
2000,4,0604394,962,464,48,498,52,65,7,99,10,109,11,113,12,119,12,90,9,124,13,243,25,36,43,65,61,67,47,59,86,29,56,44,52,52,43,65,157
2000,4,0620201,13563,6155,45,7408,55,954,7,1621,12,1974,15,1810,13,1895,14,1633,12,1608,12,2068,15,482,812,1014,865,857,764,711,650,472,809,960,945,1038,869,897,1418
2000,4,0620246,1067,531,50,536,50,104,10,144,13,161,15,128,12,168,16,110,10,115,11,137,13,52,73,88,78,86,56,53,45,52,71,73,50,82,54,62,92
2000,4,0620250,896,443,49,453,51,76,8,144,16,127,14,101,11,132,15,88,10,98,11,129,14,50,73,67,52,72,48,46,34,26,71,60,49,60,40,52,95
2000,4,0620254,497,255,51,242,49,46,9,83,17,76,15,57,11,76,15,49,10,50,10,60,12,27,44,43,33,41,24,26,17,19,39,33,24,35,25,24,43
2000,4,0620258,951,455,48,496,52,81,9,121,13,129,14,126,13,119,13,107,11,108,11,160,17,40,62,66,68,68,56,44,51,41,59,63,58,51,51,64,109
2000,4,0620260,2366,1164,49,1202,51,193,8,353,15,407,17,295,12,364,15,266,11,253,11,235,10,105,187,226,148,179,132,118,69,88,166,181,147,185,134,135,166
2000,4,0620264,1451,719,50,732,50,156,11,227,16,230,16,183,13,190,13,134,9,132,9,199,14,89,112,127,98,92,71,61,69,67,115,103,85,98,63,71,130
2000,4,0620272,1129,524,46,605,54,94,8,172,15,160,14,150,13,157,14,105,9,134,12,157,14,38,86,84,68,82,57,54,55,56,86,76,82,75,48,80,102
2000,4,0620274,1003,492,49,511,51,81,8,166,17,159,16,113,11,159,16,101,10,111,11,113,11,40,88,77,58,85,55,48,41,41,78,82,55,74,46,63,72
2000,4,0620280,1255,589,47,666,53,91,7,169,13,172,14,154,12,170,14,134,11,151,12,214,17,42,82,83,80,83,69,75,75,49,87,89,74,87,65,76,139
2000,4,0620284,1670,824,49,846,51,145,9,208,12,246,15,240,14,222,13,175,10,193,12,241,14,73,118,132,121,110,91,84,95,72,90,114,119,112,84,109,146
2000,4,0620290,844,385,46,459,54,67,8,134,16,128,15,100,12,117,14,81,10,91,11,126,15,23,61,67,49,66,34,44,41,44,73,61,51,51,47,47,85
2000,4,0620292,1102,547,50,555,50,102,9,201,18,186,17,115,10,177,16,101,9,106,10,114,10,57,112,96,58,85,50,51,38,45,89,90,57,92,51,55,76
2000,4,0620296,1226,587,48,639,52,120,10,199,16,193,16,163,13,180,15,117,10,117,10,137,11,67,106,80,90,97,52,56,39,53,93,113,73,83,65,61,98
2000,4,0621209,2689,1205,45,1484,55,159,6,318,12,394,15,324,12,360,13,329,12,326,12,479,18,79,150,194,171,173,158,134,146,80,168,200,153,187,171,192,333
2000,4,0621229,1328,669,50,659,50,107,8,176,13,179,13,169,13,175,13,163,12,167,13,192,14,47,95,97,101,96,88,78,67,60,81,82,68,79,75,89,125
2000,4,0621268,847,424,50,423,50,83,10,102,12,125,15,105,12,109,13,102,12,106,13,115,14,49,49,63,57,57,50,61,38,34,53,62,48,52,52,45,77
2000,4,0621278,597,293,49,304,51,58,10,73,12,90,15,69,12,82,14,71,12,63,11,91,15,32,39,46,36,41,39,26,34,26,34,44,33,41,32,37,57
2000,4,0621282,1292,639,49,653,51,118,9,174,13,206,16,158,12,168,13,150,12,118,9,200,15,63,98,115,87,84,72,56,64,55,76,91,71,84,78,62,136
2000,4,0624200,2054,952,46,1102,54,157,8,283,14,258,13,231,11,300,15,215,10,212,10,398,19,81,147,134,127,146,107,89,121,76,136,124,104,154,108,123,277
2000,4,0640605,5680,2600,46,3080,54,412,7,680,12,753,13,754,13,714,13,709,12,758,13,900,16,212,345,383,358,351,335,325,291,200,335,370,396,363,374,433,609
2000,4,0640642,1106,576,52,530,48,94,8,161,15,172,16,141,13,138,12,124,11,126,11,150,14,57,100,98,78,71,61,65,46,37,61,74,63,67,63,61,104
2000,4,0640648,1519,716,47,803,53,151,10,256,17,224,15,190,13,216,14,144,9,144,9,194,13,75,136,115,85,115,67,64,59,76,120,109,105,101,77,80,135
2000,4,0640666,907,439,48,468,52,71,8,145,16,122,13,118,13,132,15,81,9,94,10,144,16,37,69,68,61,68,43,43,50,34,76,54,57,64,38,51,94
2000,4,0640668,1680,808,48,872,52,148,9,210,13,263,16,166,10,228,14,181,11,209,12,274,16,72,101,142,88,120,82,101,101,76,109,121,78,108,99,108,173
2000,4,0640672,794,379,48,415,52,61,8,120,15,113,14,90,11,101,13,99,12,95,12,115,14,34,59,54,55,55,49,48,25,27,61,59,35,46,50,47,90
2000,4,0640807,631,296,47,335,53,47,7,63,10,66,10,84,13,86,14,72,11,76,12,137,22,21,33,35,39,50,34,36,48,26,30,31,45,36,38,40,89
2000,4,0640827,650,326,50,324,50,50,8,91,14,89,14,80,12,77,12,77,12,79,12,107,16,29,42,51,39,47,40,43,35,21,49,38,41,30,37,36,72
2000,4,0640850,963,450,47,513,53,103,11,152,16,130,13,139,14,126,13,90,9,104,11,119,12,48,75,58,77,63,47,49,33,55,77,72,62,63,43,55,86
2000,4,0640888,1094,510,47,584,53,82,7,145,13,176,16,115,11,153,14,126,12,150,14,147,13,42,77,89,62,73,59,66,42,40,68,87,53,80,67,84,105
2000,4,0640894,636,319,50,317,50,54,8,88,14,102,16,74,12,76,12,67,11,78,12,97,15,20,49,59,38,43,32,35,43,34,39,43,36,33,35,43,54
2000,4,0641009,4327,2006,46,2321,54,337,8,499,12,670,15,561,13,609,14,564,13,519,12,568,13,165,241,347,284,280,265,232,192,172,258,323,277,329,299,287,376
2000,4,0641044,800,381,48,419,52,94,12,119,15,98,12,99,12,98,12,90,11,84,11,118,15,48,66,44,46,53,46,38,40,46,53,54,53,45,44,46,78
2000,4,0641056,1011,489,48,522,52,96,9,158,16,143,14,127,13,142,14,109,11,108,11,127,13,47,75,75,71,72,49,53,46,49,83,68,56,70,60,55,81
2000,4,0641060,2841,1306,46,1535,54,185,7,356,13,338,12,356,13,382,13,389,14,396,14,439,15,91,178,174,179,178,192,171,143,94,178,164,177,204,197,225,296
2000,4,0641076,1484,732,49,752,51,131,9,208,14,217,15,195,13,196,13,171,12,159,11,207,14,78,103,112,97,106,89,74,73,53,105,105,98,90,82,85,134
2000,4,0641413,1290,587,46,703,54,103,8,204,16,141,11,161,12,174,13,100,8,174,13,231,18,54,102,62,82,86,47,67,85,49,102,79,79,88,53,107,146
2000,4,0641486,720,364,51,356,49,56,8,92,13,89,12,80,11,97,13,76,11,106,15,124,17,24,48,47,44,64,40,56,41,32,44,42,36,33,36,50,83
2000,4,0641496,1612,776,48,836,52,94,6,261,16,248,15,184,11,244,15,151,9,185,11,244,15,47,124,138,101,122,93,77,73,47,137,110,83,122,58,108,171
2000,4,0641615,2540,1145,45,1395,55,185,7,308,12,306,12,361,14,346,14,321,13,283,11,430,17,82,160,150,181,175,143,103,151,103,148,156,180,171,178,180,279
2000,4,0641646,1149,547,48,602,52,94,8,150,13,198,17,132,11,165,14,133,12,129,11,148,13,51,65,99,71,89,66,53,53,43,85,99,61,76,67,76,95
2000,4,0641658,894,432,48,462,52,73,8,120,13,156,17,115,13,138,15,89,10,92,10,109,12,43,61,69,63,72,41,45,37,30,59,87,52,66,48,47,72
2000,4,0641664,855,426,50,429,50,60,7,155,18,130,15,99,12,122,14,79,9,82,10,128,15,31,84,79,47,64,41,37,43,29,71,51,52,58,38,45,85
2000,4,0641682,796,380,48,416,52,56,7,112,14,117,15,98,12,93,12,101,13,97,12,122,15,28,53,70,55,47,49,44,34,28,59,47,43,46,52,53,88
2000,4,0641698,1038,508,49,530,51,80,8,161,16,138,13,132,13,137,13,86,8,140,13,163,16,35,96,67,73,75,40,64,57,45,65,71,59,62,46,76,106
2000,4,0647978,2802,1348,48,1454,52,201,7,353,13,344,12,370,13,382,14,322,11,379,14,451,16,106,191,174,194,197,158,183,145,95,162,170,176,185,164,196,306
2000,4,0647980,1052,491,47,561,53,75,7,120,11,146,14,115,11,154,15,99,9,135,13,208,20,35,53,75,61,84,47,64,72,40,67,71,54,70,52,71,136
2000,4,0648552,855,398,47,457,53,54,6,140,16,110,13,98,11,125,15,80,9,103,12,145,17,28,73,53,51,66,40,44,43,26,67,57,47,59,40,59,102
2000,4,0648584,1531,755,49,776,51,102,7,201,13,192,13,200,13,195,13,153,10,212,14,276,18,60,94,118,104,102,79,97,101,42,107,74,96,93,74,115,175
2000,4,0649354,591,300,51,291,49,57,10,99,17,68,12,80,14,88,15,51,9,68,12,80,14,30,57,39,38,50,27,28,31,27,42,29,42,38,24,40,49
2000,4,0649392,2713,1285,47,1428,53,188,7,331,12,374,14,317,12,324,12,306,11,387,14,485,18,97,174,202,175,164,150,159,164,91,157,172,142,160,156,228,321
2000,4,0660201,9179,4170,45,5009,55,615,7,1177,13,1428,16,1214,13,1402,15,1141,12,1059,12,1143,12,332,557,691,611,630,535,452,362,283,620,737,603,772,606,607,781
2000,4,0660252,1454,719,49,735,51,97,7,209,14,215,15,174,12,209,14,140,10,198,14,212,15,58,108,108,99,108,71,98,69,39,101,107,75,101,69,100,143
2000,4,0660264,2507,1240,49,1267,51,194,8,348,14,391,16,370,15,345,14,279,11,290,12,290,12,99,181,206,197,185,138,141,93,95,167,185,173,160,141,149,197
2000,4,0660268,965,449,47,516,53,64,7,138,14,148,15,116,12,147,15,80,8,128,13,144,15,25,66,81,56,80,44,56,41,39,72,67,60,67,36,72,103
2000,4,0660276,2040,990,49,1050,51,130,6,281,14,267,13,259,13,269,13,194,10,268,13,372,18,74,138,139,134,145,106,116,138,56,143,128,125,124,88,152,234
2000,4,0660280,1388,649,47,739,53,89,6,200,14,180,13,175,13,178,13,130,9,198,14,238,17,43,94,85,89,108,61,98,71,46,106,95,86,70,69,100,167
2000,4,0660284,1630,770,47,860,53,127,8,246,15,254,16,184,11,231,14,167,10,185,11,236,14,71,121,131,97,113,87,72,78,56,125,123,87,118,80,113,158
2000,4,0660288,1642,774,47,868,53,129,8,232,14,184,11,217,13,230,14,142,9,245,15,263,16,59,116,99,106,119,78,114,83,70,116,85,111,111,64,131,180
2000,4,0661007,1556,716,46,840,54,92,6,203,13,210,13,225,14,201,13,164,11,220,14,241,15,46,105,105,120,93,80,91,76,46,98,105,105,108,84,129,165
2000,4,0661017,1240,580,47,660,53,86,7,165,13,159,13,143,12,157,13,122,10,157,13,251,20,55,98,78,74,76,54,63,82,31,67,81,69,81,68,94,169
2000,4,0661027,1157,541,47,616,53,103,9,161,14,170,15,144,12,165,14,121,10,131,11,162,14,54,80,78,73,87,64,55,50,49,81,92,71,78,57,76,112
2000,4,0661037,882,446,51,436,49,82,9,164,19,124,14,119,13,93,11,86,10,98,11,116,13,31,95,63,65,57,50,40,45,51,69,61,54,36,36,58,71
2000,4,0661044,860,408,47,452,53,68,8,140,16,100,12,106,12,103,12,73,8,113,13,157,18,35,69,52,54,56,43,52,47,33,71,48,52,47,30,61,110
2000,4,0661048,1406,685,49,721,51,90,6,253,18,340,24,169,12,156,11,94,7,140,10,164,12,50,130,184,89,73,48,65,46,40,123,156,80,83,46,75,118
2000,4,0661405,1245,590,47,655,53,72,6,166,13,252,20,158,13,177,14,144,12,137,11,139,11,40,82,144,71,90,70,54,39,32,84,108,87,87,74,83,100
2000,4,0661415,3609,1663,46,1946,54,259,7,438,12,503,14,500,14,508,14,388,11,490,14,523,14,127,223,258,260,241,175,205,174,132,215,245,240,267,213,285,349
2000,4,0661425,633,315,50,318,50,36,6,89,14,85,13,90,14,76,12,66,10,102,16,89,14,18,45,48,48,43,37,49,27,18,44,37,42,33,29,53,62
2000,4,0661435,2554,1233,48,1321,52,209,8,384,15,357,14,343,13,356,14,254,10,289,11,362,14,108,211,188,174,172,134,136,110,101,173,169,169,184,120,153,252
2000,4,0661460,2514,1143,45,1371,55,174,7,327,13,357,14,311,12,357,14,268,11,304,12,416,17,89,145,178,163,189,132,125,122,85,182,179,148,168,136,179,294
2000,4,0680201,10605,4781,45,5824,55,574,5,1219,11,1466,14,1529,14,1641,15,1460,14,1245,12,1471,14,284,599,750,741,791,636,537,443,290,620,716,788,850,824,708,1028
2000,4,0680246,887,432,49,455,51,78,9,91,10,100,11,113,13,107,12,100,11,117,13,181,20,41,48,50,61,65,49,58,60,37,43,50,52,42,51,59,121
2000,4,0680250,806,400,50,406,50,29,4,110,14,93,12,105,13,121,15,90,11,102,13,156,19,22,58,55,56,62,52,51,44,7,52,38,49,59,38,51,112
2000,4,0680258,1257,620,49,637,51,74,6,181,14,160,13,180,14,171,14,141,11,162,13,188,15,37,93,86,102,92,78,77,55,37,88,74,78,79,63,85,133
2000,4,0680260,1070,523,49,547,51,64,6,104,10,144,13,101,9,159,15,117,11,166,16,215,20,27,51,74,52,94,66,83,76,37,53,70,49,65,51,83,139
2000,4,0680278,711,353,50,358,50,36,5,96,14,76,11,89,13,102,14,73,10,99,14,140,20,16,54,41,48,57,41,45,51,20,42,35,41,45,32,54,89
2000,4,0680280,639,315,49,324,51,32,5,73,11,70,11,84,13,95,15,66,10,93,15,126,20,14,40,38,51,52,39,44,37,18,33,32,33,43,27,49,89
2000,4,0680286,847,425,50,422,50,65,8,80,9,93,11,115,14,92,11,91,11,144,17,167,20,30,47,47,69,56,48,74,54,35,33,46,46,36,43,70,113
2000,4,0680288,563,274,49,289,51,33,6,82,15,64,11,72,13,72,13,66,12,71,13,103,18,19,38,33,36,39,38,37,34,14,44,31,36,33,28,34,69
2000,4,0680292,815,373,46,442,54,37,5,92,11,84,10,85,10,124,15,85,10,101,12,207,25,14,43,51,44,78,47,40,56,23,49,33,41,46,38,61,151
2000,4,0681009,2704,1230,45,1474,55,189,7,276,10,317,12,381,14,360,13,291,11,337,12,553,20,100,149,165,195,180,130,138,173,89,127,152,186,180,161,199,380
2000,4,0681054,555,253,46,302,54,35,6,80,14,76,14,69,12,80,14,46,8,65,12,104,19,16,37,46,32,41,25,29,27,19,43,30,37,39,21,36,77
2000,4,0681068,2052,948,46,1104,54,108,5,187,9,317,15,207,10,268,13,230,11,282,14,453,22,52,95,140,104,146,133,128,150,56,92,177,103,122,97,154,303
2000,4,0681070,1232,579,47,653,53,77,6,139,11,139,11,171,14,172,14,106,9,169,14,259,21,40,66,76,89,100,59,78,71,37,73,63,82,72,47,91,188
2000,4,0681072,996,487,49,509,51,58,6,120,12,138,14,98,10,146,15,104,10,137,14,195,20,29,67,81,53,80,53,69,55,29,53,57,45,66,51,68,140
2000,4,0681094,1106,539,49,567,51,82,7,117,11,122,11,126,11,157,14,111,10,167,15,224,20,47,52,65,73,87,65,75,75,35,65,57,53,70,46,92,149
2000,4,0681817,1984,902,45,1082,55,101,5,243,12,290,15,242,12,271,14,275,14,193,10,369,19,51,133,156,122,129,134,75,102,50,110,134,120,142,141,118,267
2000,4,0681864,557,251,45,306,55,28,5,55,10,73,13,60,11,70,13,90,16,70,13,111,20,13,25,36,28,40,49,32,28,15,30,37,32,30,41,38,83
2000,4,0681884,849,390,46,459,54,56,7,96,11,127,15,85,10,109,13,108,13,103,12,165,19,30,45,67,40,54,61,45,48,26,51,60,45,55,47,58,117
2000,4,0681896,962,454,47,508,53,75,8,96,10,125,13,109,11,118,12,131,14,119,12,189,20,38,38,66,70,69,69,53,51,37,58,59,39,49,62,66,138
2000,4,0684944,589,286,49,303,51,48,8,72,12,66,11,75,13,86,15,68,12,65,11,109,19,23,31,39,40,47,39,29,38,25,41,27,35,39,29,36,71
2000,4,0684948,1172,571,49,601,51,75,6,158,13,142,12,142,12,203,17,130,11,134,11,188,16,42,78,80,75,116,68,63,49,33,80,62,67,87,62,71,139
2000,4,0684966,515,255,50,260,50,30,6,39,8,57,11,59,11,63,12,72,14,78,15,117,23,21,22,29,36,34,36,46,31,9,17,28,23,29,36,32,86
2000,4,0684990,767,362,47,405,53,51,7,110,14,97,13,87,11,112,15,87,11,73,10,150,20,26,56,54,42,59,46,38,41,25,54,43,45,53,41,35,109
2000,4,0684998,1038,508,49,530,51,65,6,116,11,115,11,140,13,122,12,129,12,148,14,203,20,32,60,64,71,73,66,75,67,33,56,51,69,49,63,73,136
2000,4,0700201,9525,4265,45,5260,55,643,7,1231,13,1274,13,1286,14,1445,15,1187,12,1092,11,1365,14,324,588,653,609,665,532,454,438,319,643,621,677,780,655,638,927
2000,4,0700242,1611,825,51,786,49,134,8,213,13,236,15,223,14,216,13,175,11,213,13,201,12,70,121,127,125,119,92,103,68,64,92,109,98,97,83,110,133
2000,4,0700244,1683,792,47,891,53,87,5,233,14,267,16,217,13,249,15,210,12,189,11,231,14,35,110,142,126,122,107,76,74,52,123,125,91,127,103,113,157
2000,4,0700246,1813,884,49,929,51,147,8,253,14,253,14,254,14,285,16,167,9,235,13,219,12,84,140,128,128,151,72,113,68,63,113,125,126,134,95,122,151
2000,4,0700250,1504,708,47,796,53,121,8,177,12,221,15,181,12,208,14,153,10,213,14,230,15,63,90,114,98,109,70,88,76,58,87,107,83,99,83,125,154
2000,4,0700262,2268,1085,48,1183,52,183,8,337,15,321,14,258,11,330,15,265,12,242,11,331,15,93,166,179,128,164,144,107,104,90,171,142,130,166,121,135,227
2000,4,0700266,807,374,46,433,54,73,9,107,13,105,13,123,15,107,13,114,14,68,8,110,14,38,61,46,59,60,49,27,34,35,46,59,64,47,65,41,76
2000,4,0700268,1667,806,48,861,52,116,7,272,16,235,14,210,13,251,15,165,10,170,10,248,15,58,138,130,116,137,77,76,74,58,134,105,94,114,88,94,174
2000,4,0700270,1807,890,49,917,51,155,9,265,15,216,12,251,14,215,12,176,10,222,12,307,17,89,133,125,128,120,97,92,106,66,132,91,123,95,79,130,201
2000,4,0700274,1287,637,49,650,51,113,9,176,14,166,13,207,16,161,13,139,11,172,13,153,12,62,89,95,117,87,62,81,44,51,87,71,90,74,77,91,109
2000,4,0700276,969,465,48,504,52,60,6,140,14,139,14,117,12,139,14,106,11,128,13,140,14,31,70,71,60,74,58,57,44,29,70,68,57,65,48,71,96
2000,4,0700282,1533,748,49,785,51,135,9,228,15,218,14,195,13,207,14,170,11,184,12,196,13,61,121,115,107,107,90,91,56,74,107,103,88,100,80,93,140
2000,4,0700286,1949,926,48,1023,52,155,8,291,15,267,14,259,13,282,14,213,11,216,11,266,14,83,132,147,139,139,115,98,73,72,159,120,120,143,98,118,193
2000,4,0700290,1686,823,49,863,51,131,8,276,16,217,13,257,15,244,14,167,10,198,12,196,12,65,143,119,135,129,87,94,51,66,133,98,122,115,80,104,145
2000,4,0700296,835,405,49,430,51,75,9,137,16,120,14,132,16,95,11,73,9,102,12,101,12,39,75,57,66,56,36,48,28,36,62,63,66,39,37,54,73
2000,4,0700807,1833,826,45,1007,55,124,7,283,15,232,13,239,13,282,15,221,12,196,11,256,14,74,134,99,108,130,111,84,86,50,149,133,131,152,110,112,170
2000,4,0700827,1594,753,47,841,53,138,9,241,15,203,13,202,13,211,13,151,9,195,12,252,16,67,125,107,101,115,88,84,65,71,116,96,101,96,63,111,187
2000,4,0701413,1994,953,48,1041,52,132,7,273,14,253,13,265,13,288,14,205,10,217,11,361,18,66,160,133,143,141,102,101,107,66,113,120,122,147,103,116,254
2000,4,0701458,1162,556,48,606,52,100,9,156,13,135,12,160,14,122,10,125,11,145,12,219,19,48,81,70,87,64,62,69,75,52,75,65,73,58,63,76,144
2000,4,0701817,2347,1060,45,1287,55,174,7,294,13,275,12,289,12,313,13,232,10,311,13,459,20,87,139,148,144,159,110,133,140,87,155,127,145,154,122,178,319
2000,4,0701878,1032,505,49,527,51,93,9,141,14,135,13,131,13,125,12,99,10,106,10,202,20,47,71,77,71,71,57,44,67,46,70,58,60,54,42,62,135
2000,4,0701894,1055,475,45,580,55,87,8,135,13,111,11,124,12,137,13,103,10,103,10,255,24,36,70,56,61,73,67,48,64,51,65,55,63,64,36,55,191
2000,4,0705554,2899,1344,46,1555,54,180,6,367,13,406,14,372,13,386,13,301,10,378,13,509,18,86,184,203,195,190,151,170,165,94,183,203,177,196,150,208,344
2000,4,0705560,382,190,50,192,50,25,7,46,12,45,12,40,10,47,12,46,12,53,14,80,21,14,29,26,20,24,26,29,22,11,17,19,20,23,20,24,58
2000,4,0705592,828,395,48,433,52,68,8,134,16,120,14,93,11,118,14,83,10,95,11,117,14,30,66,63,50,62,43,50,31,38,68,57,43,56,40,45,86
2000,4,0740201,26720,11966,45,14754,55,1592,6,2840,11,4178,16,3835,14,3622,14,3924,15,3314,12,3415,13,806,1464,2066,1889,1635,1584,1421,1101,786,1376,2112,1946,1987,2340,1893,2314
2000,4,0740252,870,441,51,429,49,64,7,116,13,132,15,128,15,128,15,83,10,119,14,100,11,41,55,77,77,69,45,52,25,23,61,55,51,59,38,67,75
2000,4,0740256,1310,613,47,697,53,92,7,190,15,196,15,170,13,174,13,155,12,145,11,188,14,41,105,88,86,91,74,67,61,51,85,108,84,83,81,78,127
2000,4,0740260,841,410,49,431,51,68,8,145,17,135,16,100,12,107,13,88,10,96,11,102,12,35,80,70,52,52,41,51,29,33,65,65,48,55,47,45,73
2000,4,0740268,2186,1021,47,1165,53,190,9,321,15,273,12,297,14,287,13,213,10,266,12,339,16,93,164,136,152,142,99,129,106,97,157,137,145,145,114,137,233
2000,4,0740272,767,372,49,395,51,63,8,122,16,93,12,112,15,110,14,77,10,91,12,99,13,25,70,46,60,59,40,41,31,38,52,47,52,51,37,50,68
2000,4,0740276,808,407,50,401,50,65,8,140,17,121,15,102,13,130,16,65,8,99,12,86,11,38,78,65,53,72,29,46,26,27,62,56,49,58,36,53,60
2000,4,0740280,2343,1127,48,1216,52,155,7,351,15,334,14,333,14,317,14,257,11,311,13,285,12,77,173,184,179,152,128,145,89,78,178,150,154,165,129,166,196
2000,4,0740288,2210,1063,48,1147,52,183,8,306,14,364,16,283,13,335,15,215,10,251,11,273,12,100,148,196,143,164,116,106,90,83,158,168,140,171,99,145,183
2000,4,0740292,1158,573,49,585,51,91,8,188,16,164,14,139,12,146,13,113,10,152,13,165,14,45,100,93,70,81,60,68,56,46,88,71,69,65,53,84,109
2000,4,0740605,4616,2143,46,2473,54,293,6,577,13,673,15,611,13,679,15,558,12,581,13,644,14,159,306,338,305,303,260,251,221,134,271,335,306,376,298,330,423
2000,4,0740625,1803,914,51,889,49,118,7,269,15,279,15,234,13,273,15,209,12,207,11,214,12,63,145,162,123,140,115,93,73,55,124,117,111,133,94,114,141
2000,4,0741009,2440,1130,46,1310,54,147,6,319,13,400,16,316,13,404,17,305,13,274,11,275,11,74,152,204,155,186,148,124,87,73,167,196,161,218,157,150,188
2000,4,0741029,652,318,49,334,51,51,8,93,14,86,13,85,13,97,15,61,9,81,12,98,15,26,46,53,47,44,37,34,31,25,47,33,38,53,24,47,67
2000,4,0741044,2023,986,49,1037,51,160,8,280,14,282,14,252,12,289,14,218,11,262,13,280,14,97,154,147,131,145,117,115,80,63,126,135,121,144,101,147,200
2000,4,0741084,1249,619,50,630,50,94,8,206,16,155,12,145,12,190,15,129,10,150,12,179,14,51,116,83,71,96,69,67,65,43,90,72,74,94,60,83,114
2000,4,0741413,6418,2959,46,3459,54,530,8,863,13,887,14,1041,16,901,14,731,11,721,11,744,12,286,431,439,497,404,341,326,235,244,432,448,544,497,390,395,509
2000,4,0741433,942,460,49,482,51,86,9,137,15,127,13,134,14,125,13,93,10,121,13,119,13,50,63,73,76,68,41,54,35,36,74,54,58,57,52,67,84
2000,4,0741448,2120,999,47,1121,53,126,6,282,13,352,17,283,13,299,14,272,13,227,11,279,13,71,134,187,144,148,126,99,90,55,148,165,139,151,146,128,189
2000,4,0741464,1538,738,48,800,52,113,7,212,14,223,14,194,13,197,13,175,11,201,13,223,14,55,113,111,100,101,102,85,71,58,99,112,94,96,73,116,152
2000,4,0760201,8749,3956,45,4793,55,558,6,1198,14,1274,15,1177,13,1614,18,1077,12,885,10,966,11,282,601,628,547,723,481,389,305,276,597,646,630,891,596,496,661
2000,4,0760244,802,394,49,408,51,43,5,100,12,99,12,91,11,132,16,68,8,102,13,167,21,24,45,50,63,74,41,44,53,19,55,49,28,58,27,58,114
2000,4,0760256,944,471,50,473,50,68,7,111,12,101,11,118,13,122,13,102,11,130,14,192,20,38,59,51,74,72,56,60,61,30,52,50,44,50,46,70,131
2000,4,0760258,1159,575,50,584,50,96,8,121,10,151,13,146,13,146,13,132,11,143,12,224,19,51,67,85,79,87,68,68,70,45,54,66,67,59,64,75,154
2000,4,0760274,1302,609,47,693,53,83,6,170,13,126,10,150,12,166,13,120,9,214,16,273,21,36,82,65,80,94,65,96,91,47,88,61,70,72,55,118,182
2000,4,0761211,10196,4634,45,5562,55,614,6,1182,12,1525,15,1301,13,1671,16,1448,14,1081,11,1374,13,307,575,777,663,758,688,461,405,307,607,748,638,913,760,620,969
2000,4,0761252,987,477,48,510,52,51,5,113,11,129,13,105,11,154,16,102,10,140,14,193,20,20,67,68,60,86,58,62,56,31,46,61,45,68,44,78,137
2000,4,0761266,1655,779,47,876,53,134,8,222,13,166,10,207,13,244,15,143,9,211,13,328,20,64,105,85,112,142,70,104,97,70,117,81,95,102,73,107,231
2000,4,0761268,1084,513,47,571,53,83,8,136,13,159,15,155,14,143,13,86,8,128,12,194,18,45,67,84,89,74,50,45,59,38,69,75,66,69,36,83,135
2000,4,0761282,823,384,47,439,53,53,6,114,14,95,12,108,13,101,12,76,9,107,13,169,21,19,53,43,59,59,41,55,55,34,61,52,49,42,35,52,114
2000,4,0761286,977,483,49,494,51,73,7,125,13,125,13,130,13,118,12,95,10,114,12,197,20,44,68,61,77,67,51,50,65,29,57,64,53,51,44,64,132
2000,4,0766348,1169,550,47,619,53,104,9,134,11,124,11,141,12,161,14,97,8,145,12,263,22,53,69,69,79,90,52,70,68,51,65,55,62,71,45,75,195
2000,4,0766362,1725,834,48,891,52,124,7,211,12,185,11,245,14,246,14,169,10,239,14,306,18,63,111,91,129,143,97,108,92,61,100,94,116,103,72,131,214
2000,4,0766370,1868,916,49,952,51,140,7,217,12,234,13,240,13,224,12,196,10,242,13,375,20,74,124,123,122,138,102,117,116,66,93,111,118,86,94,125,259
2000,4,0766376,662,325,49,337,51,40,6,64,10,83,13,63,10,95,14,87,13,96,15,134,20,19,33,45,37,54,48,46,43,21,31,38,26,41,39,50,91
2000,4,0766378,799,390,49,409,51,60,8,98,12,87,11,114,14,91,11,76,10,88,11,185,23,33,53,50,64,53,41,41,55,27,45,37,50,38,35,47,130
2000,4,0766380,1050,486,46,564,54,87,8,151,14,104,10,121,12,147,14,94,9,125,12,221,21,44,72,47,59,86,55,61,62,43,79,57,62,61,39,64,159
2000,4,0769164,940,458,49,482,51,69,7,120,13,93,10,134,14,96,10,78,8,148,16,202,21,35,56,52,71,65,40,72,67,34,64,41,63,31,38,76,135
2000,4,0769190,1083,492,45,591,55,100,9,151,14,119,11,126,12,144,13,81,7,127,12,235,22,53,69,66,61,75,43,57,68,47,82,53,65,69,38,70,167
2000,4,0769194,769,372,48,397,52,59,8,88,11,101,13,79,10,103,13,79,10,118,15,142,18,27,54,50,42,56,39,59,45,32,34,51,37,47,40,59,97
2000,4,0780242,1314,624,47,690,53,74,6,153,12,165,13,154,12,166,13,198,15,162,12,242,18,37,70,82,87,92,112,64,80,37,83,83,67,74,86,98,162
2000,4,0780244,788,374,47,414,53,56,7,90,11,114,14,109,14,113,14,72,9,79,10,155,20,28,50,55,58,64,36,35,48,28,40,59,51,49,36,44,107
2000,4,0780246,1635,811,50,824,50,117,7,209,13,227,14,231,14,225,14,170,10,201,12,255,16,56,114,114,129,126,84,105,83,61,95,113,102,99,86,96,172
2000,4,0780250,1258,645,51,613,49,82,7,141,11,140,11,158,13,163,13,150,12,160,13,264,21,48,74,76,89,99,92,81,86,34,67,64,69,64,58,79,178
2000,4,0780252,1181,583,49,598,51,81,7,134,11,143,12,132,11,151,13,136,12,152,13,252,21,45,81,80,65,87,73,70,82,36,53,63,67,64,63,82,170
2000,4,0780254,1194,602,50,592,50,107,9,173,14,118,10,179,15,168,14,85,7,160,13,204,17,61,92,63,96,103,45,79,63,46,81,55,83,65,40,81,141
2000,4,0780256,1873,895,48,978,52,145,8,217,12,248,13,272,15,287,15,212,11,237,13,255,14,73,118,126,122,156,113,105,82,72,99,122,150,131,99,132,173
2000,4,0780258,980,465,47,515,53,82,8,119,12,107,11,125,13,124,13,96,10,122,12,205,21,41,58,63,60,75,60,54,54,41,61,44,65,49,36,68,151
2000,4,0780260,716,342,48,374,52,74,10,105,15,80,11,91,13,105,15,61,9,83,12,117,16,40,53,45,40,55,34,42,33,34,52,35,51,50,27,41,84
2000,4,0780262,1515,719,47,796,53,103,7,169,11,197,13,201,13,203,13,152,10,201,13,289,19,48,88,100,107,105,79,91,101,55,81,97,94,98,73,110,188
2000,4,0780266,826,397,48,429,52,56,7,109,13,99,12,88,11,129,16,85,10,93,11,167,20,24,66,53,53,74,47,39,41,32,43,46,35,55,38,54,126
2000,4,0780268,1314,624,47,690,53,65,5,179,14,192,15,169,13,163,12,159,12,149,11,238,18,38,94,101,78,90,83,65,75,27,85,91,91,73,76,84,163
2000,4,0780270,3614,1675,46,1939,54,229,6,445,12,500,14,483,13,508,14,436,12,412,11,601,17,116,231,255,237,255,224,169,188,113,214,245,246,253,212,243,413
2000,4,0780272,881,432,49,449,51,47,5,101,11,112,13,110,12,104,12,93,11,136,15,178,20,27,59,63,65,58,53,56,51,20,42,49,45,46,40,80,127
2000,4,0780274,645,317,49,328,51,40,6,81,13,71,11,85,13,86,13,76,12,90,14,116,18,15,45,44,44,46,44,43,36,25,36,27,41,40,32,47,80
2000,4,0780276,1709,808,47,901,53,129,8,201,12,245,14,249,15,220,13,233,14,196,11,236,14,49,100,124,133,112,121,89,80,80,101,121,116,108,112,107,156
2000,4,0780278,1040,492,47,548,53,82,8,135,13,140,13,125,12,148,14,124,12,121,12,165,16,36,63,70,65,84,68,58,48,46,72,70,60,64,56,63,117
2000,4,0780280,659,322,49,337,51,25,4,87,13,86,13,61,9,85,13,73,11,90,14,152,23,10,46,50,34,48,40,46,48,15,41,36,27,37,33,44,104
2000,4,0780282,1014,502,50,512,50,90,9,128,13,120,12,124,12,136,13,96,9,118,12,202,20,50,78,62,70,79,50,58,55,40,50,58,54,57,46,60,147
2000,4,0780284,1623,772,48,851,52,119,7,193,12,166,10,215,13,235,14,131,8,207,13,357,22,56,90,82,120,142,75,99,108,63,103,84,95,93,56,108,249
2000,4,0780286,1691,841,50,850,50,144,9,232,14,219,13,228,13,234,14,184,11,172,10,278,16,74,119,120,118,130,107,72,101,70,113,99,110,104,77,100,177
2000,4,0780288,3703,1800,49,1903,51,325,9,561,15,539,15,491,13,473,13,347,9,415,11,552,15,168,278,282,267,253,186,197,169,157,283,257,224,220,161,218,383
2000,4,0780292,790,390,49,400,51,71,9,108,14,106,13,108,14,97,12,84,11,81,10,135,17,43,57,58,61,50,49,33,39,28,51,48,47,47,35,48,96
2000,4,0780294,1050,488,46,562,54,76,7,109,10,119,11,121,12,159,15,109,10,161,15,196,19,34,53,69,63,77,57,65,70,42,56,50,58,82,52,96,126
2000,4,0780296,1850,908,49,942,51,108,6,308,17,250,14,227,12,291,16,166,9,220,12,280,15,58,163,135,111,151,95,105,90,50,145,115,116,140,71,115,190
2000,4,0781817,3840,1768,46,2072,54,244,6,396,10,547,14,516,13,543,14,492,13,437,11,665,17,110,222,291,246,255,245,189,210,134,174,256,270,288,247,248,455
2000,4,0781848,1009,473,47,536,53,57,6,139,14,119,12,113,11,146,14,99,10,119,12,217,22,38,64,61,54,87,48,57,64,19,75,58,59,59,51,62,153
2000,4,0781890,936,463,49,473,51,68,7,128,14,119,13,128,14,129,14,104,11,102,11,158,17,32,72,58,68,79,58,46,50,36,56,61,60,50,46,56,108
2000,4,0781898,2151,1053,49,1098,51,143,7,257,12,276,13,281,13,319,15,244,11,300,14,331,15,75,135,145,155,179,130,129,105,68,122,131,126,140,114,171,226
2000,4,0800605,3549,1628,46,1921,54,260,7,509,14,606,17,425,12,515,15,404,11,366,10,464,13,120,276,307,211,241,192,149,132,140,233,299,214,274,212,217,332
2000,4,0800625,1460,713,49,747,51,99,7,194,13,229,16,185,13,194,13,157,11,192,13,210,14,54,99,130,95,101,82,84,68,45,95,99,90,93,75,108,142
2000,4,0800807,3982,1843,46,2139,54,210,5,509,13,685,17,494,12,742,19,541,14,368,9,433,11,101,268,350,238,349,246,169,122,109,241,335,256,393,295,199,311
2000,4,0800856,967,465,48,502,52,64,7,133,14,153,16,125,13,146,15,101,10,121,13,124,13,33,69,79,66,70,55,54,39,31,64,74,59,76,46,67,85
2000,4,0800870,11480,5327,46,6153,54,741,6,1391,12,1779,15,1658,14,1609,14,1503,13,1466,13,1332,12,370,708,904,815,756,652,658,463,371,683,875,843,853,851,808,869
2000,4,0801009,13586,6116,45,7470,55,840,6,1458,11,2036,15,2330,17,2157,16,1807,13,1824,13,1134,8,419,777,982,1158,959,716,738,367,421,681,1054,1172,1198,1091,1086,767
2000,4,0801080,5032,2353,47,2679,53,311,6,576,11,806,16,730,15,813,16,647,13,564,11,585,12,158,284,404,376,396,316,242,177,153,292,402,354,417,331,322,408
2000,4,0801211,17710,8220,46,9490,54,1082,6,1931,11,2645,15,2930,17,2445,14,2652,15,2282,13,1743,10,564,985,1334,1449,1170,1137,988,593,518,946,1311,1481,1275,1515,1294,1150
2000,4,0801231,3335,1578,47,1757,53,204,6,379,11,461,14,496,15,505,15,480,14,419,13,391,12,113,195,238,244,250,218,200,120,91,184,223,252,255,262,219,271
2000,4,0801413,3252,1474,45,1778,55,168,5,397,12,385,12,396,12,482,15,386,12,430,13,608,19,71,198,195,205,233,181,193,198,97,199,190,191,249,205,237,410
2000,4,0801433,2211,1036,47,1175,53,153,7,265,12,291,13,300,14,281,13,268,12,342,15,311,14,83,139,153,154,139,132,144,92,70,126,138,146,142,136,198,219
2000,4,0801615,10673,4878,46,5795,54,672,6,1372,13,1536,14,1438,13,1592,15,1257,12,1274,12,1532,14,350,693,781,697,736,568,547,506,322,679,755,741,856,689,727,1026
2000,4,0801642,1945,960,49,985,51,135,7,239,12,287,15,236,12,289,15,222,11,275,14,261,13,64,122,160,139,147,119,135,74,71,117,127,97,142,103,140,187
2000,4,0801666,681,320,47,361,53,57,8,115,17,89,13,71,10,109,16,56,8,79,12,105,15,23,57,45,35,59,30,35,36,34,58,44,36,50,26,44,69
2000,4,0801694,3431,1582,46,1849,54,226,7,452,13,561,16,432,13,474,14,412,12,396,12,478,14,102,222,285,213,232,190,169,169,124,230,276,219,242,222,227,309
2000,4,0801817,4172,1939,46,2233,54,272,7,582,14,644,15,622,15,668,16,493,12,505,12,386,9,139,323,316,300,329,208,211,113,133,259,328,322,339,285,294,273
2000,4,0801864,3839,1776,46,2063,54,302,8,509,13,528,14,490,13,552,14,438,11,465,12,555,14,153,256,263,252,265,221,204,162,149,253,265,238,287,217,261,393
2000,4,0804400,7281,3428,47,3853,53,455,6,986,14,1170,16,1058,15,1229,17,954,13,733,10,696,10,235,498,607,525,594,424,330,215,220,488,563,533,635,530,403,481
2000,4,0804948,5521,2610,47,2911,53,376,7,659,12,840,15,789,14,818,15,726,13,596,11,715,13,192,354,440,398,392,339,249,244,184,305,400,391,426,387,347,471
2000,4,0804988,1250,594,48,656,52,97,8,156,12,216,17,169,14,211,17,132,11,147,12,122,10,46,72,104,84,110,65,74,39,51,84,112,85,101,67,73,83
2000,4,0805200,4789,2257,47,2532,53,282,6,595,12,649,14,677,14,677,14,635,13,673,14,600,13,138,302,342,351,328,284,305,206,144,293,307,326,349,351,368,394
2000,4,0806000,3731,1779,48,1952,52,274,7,451,12,509,14,484,13,570,15,449,12,402,11,592,16,153,219,272,239,280,215,189,212,121,232,237,245,290,234,213,380
2000,4,0806956,1663,824,50,839,50,129,8,266,16,239,14,207,12,251,15,148,9,175,11,248,15,73,150,128,104,129,82,82,76,56,116,111,103,122,66,93,172
2000,4,0806968,4297,2078,48,2219,52,310,7,573,13,704,16,529,12,606,14,500,12,513,12,562,13,158,304,381,263,297,251,232,192,152,269,323,266,309,249,281,370
2000,4,0807400,4305,2014,47,2291,53,334,8,534,12,781,18,609,14,567,13,511,12,492,11,477,11,179,257,392,316,280,227,219,144,155,277,389,293,287,284,273,333
2000,4,0807600,9062,4262,47,4800,53,663,7,1159,13,1218,13,1391,15,1388,15,1023,11,1073,12,1147,13,345,596,605,685,701,467,458,405,318,563,613,706,687,556,615,742
2000,4,0808400,6174,2948,48,3226,52,490,8,839,14,937,15,948,15,940,15,703,11,655,11,662,11,243,444,468,473,464,351,300,205,247,395,469,475,476,352,355,457
2000,4,0809200,2398,1141,48,1257,52,152,6,355,15,364,15,321,13,383,16,235,10,272,11,316,13,69,181,190,168,193,119,121,100,83,174,174,153,190,116,151,216
2000,4,0809600,7298,3390,46,3908,54,453,6,819,11,1080,15,1024,14,1123,15,978,13,929,13,892,12,232,410,545,504,534,468,404,293,221,409,535,520,589,510,525,599
2000,4,0840201,12627,5813,46,6814,54,920,7,1576,12,1789,14,1820,14,1792,14,1498,12,1463,12,1769,14,481,797,893,900,843,677,623,599,439,779,896,920,949,821,840,1170
2000,4,0840248,1456,685,47,771,53,114,8,219,15,235,16,180,12,209,14,160,11,138,9,201,14,55,113,113,92,99,76,66,71,59,106,122,88,110,84,72,130
2000,4,0840256,577,287,50,290,50,37,6,86,15,78,14,78,14,62,11,75,13,71,12,90,16,18,39,53,38,35,43,29,32,19,47,25,40,27,32,42,58
2000,4,0840258,1078,520,48,558,52,101,9,176,16,174,16,125,12,158,15,119,11,103,10,122,11,44,90,91,62,86,65,44,38,57,86,83,63,72,54,59,84
2000,4,0840262,1030,520,50,510,50,96,9,161,16,175,17,125,12,148,14,114,11,88,9,123,12,59,81,92,67,84,60,35,42,37,80,83,58,64,54,53,81
2000,4,0840266,1468,698,48,770,52,142,10,243,17,225,15,167,11,212,14,162,11,119,8,198,13,73,109,121,85,106,83,60,61,69,134,104,82,106,79,59,137
2000,4,0840270,2003,966,48,1037,52,180,9,343,17,353,18,254,13,314,16,242,12,144,7,173,9,90,190,186,124,145,115,65,51,90,153,167,130,169,127,79,122
2000,4,0840272,2027,952,47,1075,53,146,7,298,15,311,15,263,13,289,14,240,12,218,11,262,13,67,146,158,133,146,114,98,90,79,152,153,130,143,126,120,172
2000,4,0840276,958,474,49,484,51,91,9,174,18,125,13,124,13,154,16,90,9,86,9,114,12,50,91,67,60,77,47,40,42,41,83,58,64,77,43,46,72
2000,4,0840282,1157,570,49,587,51,98,8,191,17,170,15,136,12,153,13,95,8,126,11,188,16,52,105,96,69,73,47,59,69,46,86,74,67,80,48,67,119
2000,4,0840286,1761,848,48,913,52,130,7,294,17,282,16,240,14,299,17,212,12,145,8,159,9,68,151,134,124,148,107,56,60,62,143,148,116,151,105,89,99
2000,4,0840288,848,436,51,412,49,97,11,121,14,130,15,103,12,118,14,87,10,78,9,114,13,49,73,64,57,67,43,44,39,48,48,66,46,51,44,34,75
2000,4,0840292,714,364,51,350,49,77,11,115,16,105,15,99,14,99,14,70,10,66,9,83,12,51,61,49,47,55,34,40,27,26,54,56,52,44,36,26,56
2000,4,0840294,889,440,49,449,51,96,11,156,18,132,15,114,13,122,14,95,11,70,8,104,12,43,75,80,60,64,56,30,32,53,81,52,54,58,39,40,72
2000,4,0840296,1841,908,49,933,51,150,8,286,16,293,16,234,13,264,14,205,11,188,10,221,12,85,142,160,117,134,112,84,74,65,144,133,117,130,93,104,147
2000,4,0840298,406,199,49,207,51,51,13,48,12,64,16,56,14,52,13,39,10,46,11,50,12,25,18,36,31,26,20,26,17,26,30,28,25,26,19,20,33
2000,4,0840605,3581,1666,47,1915,53,230,6,455,13,503,14,449,13,523,15,405,11,420,12,596,17,124,249,251,217,276,184,158,207,106,206,252,232,247,221,262,389
2000,4,0840625,1191,584,49,607,51,106,9,143,12,178,15,160,13,139,12,137,12,158,13,170,14,54,76,85,86,71,68,76,68,52,67,93,74,68,69,82,102
2000,4,0840644,1017,490,48,527,52,97,10,160,16,154,15,122,12,149,15,111,11,113,11,111,11,54,75,83,59,78,63,43,35,43,85,71,63,71,48,70,76
2000,4,0840652,907,432,48,475,52,69,8,131,14,137,15,107,12,138,15,100,11,96,11,129,14,36,68,69,59,76,45,41,38,33,63,68,48,62,55,55,91
2000,4,0840680,903,441,49,462,51,84,9,117,13,137,15,111,12,113,13,88,10,115,13,138,15,39,64,78,61,62,43,46,48,45,53,59,50,51,45,69,90
2000,4,0880201,12314,5618,46,6696,54,893,7,1629,13,1810,15,1691,14,1814,15,1561,13,1346,11,1570,13,479,800,954,805,811,699,576,494,414,829,856,886,1003,862,770,1076
2000,4,0880213,2002,907,45,1095,55,134,7,258,13,280,14,235,12,260,13,244,12,242,12,349,17,70,122,144,118,125,111,113,104,64,136,136,117,135,133,129,245
2000,4,0880215,1946,909,47,1037,53,138,7,223,11,299,15,234,12,235,12,254,13,232,12,331,17,69,106,153,128,112,123,102,116,69,117,146,106,123,131,130,215
2000,4,0880217,1605,757,47,848,53,116,7,233,15,211,13,219,14,219,14,170,11,195,12,242,15,64,117,114,107,105,86,85,79,52,116,97,112,114,84,110,163
2000,4,0880237,1167,562,48,605,52,85,7,161,14,183,16,146,13,145,12,122,10,135,12,190,16,49,79,90,78,77,59,64,66,36,82,93,68,68,63,71,124
2000,4,0880242,1456,730,50,726,50,127,9,261,18,253,17,181,12,177,12,137,9,131,9,189,13,69,137,136,97,98,70,62,61,58,124,117,84,79,67,69,128
2000,4,0880246,1082,546,50,536,50,118,11,162,15,155,14,125,12,168,16,110,10,103,10,141,13,68,96,87,63,82,60,43,47,50,66,68,62,86,50,60,94
2000,4,0880254,2642,1273,48,1369,52,215,8,348,13,401,15,322,12,391,15,285,11,303,11,377,14,113,180,210,166,198,144,130,132,102,168,191,156,193,141,173,245
2000,4,0880258,641,298,46,343,54,73,11,103,16,90,14,90,14,77,12,54,8,68,11,86,13,39,47,46,53,36,24,33,20,34,56,44,37,41,30,35,66
2000,4,0880264,555,277,50,278,50,52,9,89,16,83,15,84,15,72,13,49,9,56,10,70,13,30,50,45,44,37,25,22,24,22,39,38,40,35,24,34,46
2000,4,0880268,1792,853,48,939,52,147,8,301,17,264,15,277,15,251,14,182,10,165,9,205,11,65,151,145,143,126,83,78,62,82,150,119,134,125,99,87,143
2000,4,0880270,2026,932,46,1094,54,167,8,285,14,260,13,229,11,262,13,214,11,246,12,363,18,83,134,132,109,131,108,121,114,84,151,128,120,131,106,125,249
2000,4,0880272,2148,1005,47,1143,53,159,7,313,15,313,15,264,12,311,14,243,11,239,11,306,14,75,142,163,134,164,119,105,103,84,171,150,130,147,124,134,203
2000,4,0880274,637,303,48,334,52,41,6,134,21,83,13,79,12,101,16,60,9,71,11,68,11,18,70,35,42,52,29,34,23,23,64,48,37,49,31,37,45
2000,4,0880286,514,257,50,257,50,36,7,97,19,71,14,64,12,77,15,40,8,52,10,77,15,24,45,42,37,43,19,20,27,12,52,29,27,34,21,32,50
2000,4,0880292,1531,743,49,788,51,150,10,244,16,252,16,181,12,205,13,149,10,157,10,193,13,89,119,121,97,113,71,76,57,61,125,131,84,92,78,81,136
2000,4,0880294,1988,920,46,1068,54,162,8,297,15,285,14,225,11,284,14,205,10,222,11,308,15,71,150,146,108,147,99,107,92,91,147,139,117,137,106,115,216
2000,4,0880296,1073,536,50,537,50,97,9,142,13,171,16,145,14,141,13,114,11,93,9,170,16,61,76,92,77,73,51,47,59,36,66,79,68,68,63,46,111
2000,4,0885150,4086,2005,49,2081,51,323,8,580,14,569,14,524,13,552,14,459,11,473,12,606,15,179,310,303,275,287,232,223,196,144,270,266,249,265,227,250,410
2000,4,0885162,1269,601,47,668,53,93,7,181,14,175,14,174,14,178,14,139,11,146,12,183,14,52,92,88,92,94,67,60,56,41,89,87,82,84,72,86,127
2000,4,0887600,2026,952,47,1074,53,147,7,228,11,291,14,261,13,276,14,251,12,250,12,322,16,73,122,139,142,145,112,104,115,74,106,152,119,131,139,146,207
2000,4,0888301,4727,2224,47,2503,53,334,7,679,14,629,13,632,13,688,15,468,10,626,13,671,14,158,357,325,310,357,212,272,233,176,322,304,322,331,256,354,438
2000,4,0900201,19552,8883,45,10669,55,1475,8,2499,13,2809,14,2802,14,2635,13,2382,12,2385,12,2564,13,742,1249,1401,1361,1254,1060,1017,798,733,1250,1408,1441,1381,1322,1368,1766
2000,4,0900246,779,385,49,394,51,60,8,120,15,114,15,108,14,115,15,62,8,92,12,108,14,29,70,62,53,63,30,39,39,31,50,52,55,52,32,53,69
2000,4,0900248,1758,850,48,908,52,152,9,249,14,240,14,242,14,237,13,179,10,225,13,234,13,76,127,120,133,129,94,94,77,76,122,120,109,108,85,131,157
2000,4,0900254,1668,811,49,857,51,145,9,289,17,241,14,217,13,222,13,174,10,189,11,191,11,75,139,135,122,123,81,82,54,70,150,106,95,99,93,107,137
2000,4,0900258,1214,624,51,590,49,115,9,161,13,136,11,165,14,171,14,130,11,180,15,156,13,60,92,84,92,94,69,90,43,55,69,52,73,77,61,90,113
2000,4,0900268,791,400,51,391,49,71,9,134,17,124,16,93,12,104,13,96,12,80,10,89,11,38,77,73,50,51,53,37,21,33,57,51,43,53,43,43,68
2000,4,0900274,1740,823,47,917,53,130,7,255,15,277,16,226,13,230,13,169,10,185,11,268,15,69,134,139,110,123,79,83,86,61,121,138,116,107,90,102,182
2000,4,0900278,1375,687,50,688,50,122,9,206,15,211,15,175,13,175,13,150,11,147,11,189,14,59,116,109,94,91,78,66,74,63,90,102,81,84,72,81,115
2000,4,0900280,2271,1080,48,1191,52,176,8,312,14,381,17,276,12,310,14,250,11,277,12,289,13,90,151,204,141,160,117,118,99,86,161,177,135,150,133,159,190
2000,4,0900284,1855,883,48,972,52,154,8,252,14,273,15,220,12,293,16,204,11,221,12,238,13,78,130,145,114,147,102,98,69,76,122,128,106,146,102,123,169
2000,4,0900296,690,341,49,349,51,63,9,107,16,87,13,78,11,88,13,85,12,73,11,109,16,33,47,44,44,45,51,35,42,30,60,43,34,43,34,38,67
2000,4,0901211,4392,1978,45,2414,55,316,7,574,13,685,16,587,13,616,14,485,11,491,11,638,15,153,285,343,271,292,232,195,207,163,289,342,316,324,253,296,431
2000,4,0901244,649,309,48,340,52,75,12,96,15,94,14,81,12,80,12,46,7,81,12,96,15,42,38,46,42,45,22,41,33,33,58,48,39,35,24,40,63
2000,4,0901262,1817,906,50,911,50,185,10,253,14,279,15,237,13,205,11,206,11,198,11,253,14,95,128,154,130,115,105,98,80,90,125,125,107,90,101,100,173
2000,4,0901270,861,413,48,448,52,58,7,124,14,118,14,108,13,112,13,93,11,97,11,151,18,30,63,56,61,53,51,50,49,28,61,62,47,59,42,47,102
2000,4,0901288,1314,646,49,668,51,105,8,218,17,198,15,161,12,191,15,127,10,148,11,166,13,54,109,112,82,105,59,64,61,51,109,86,79,86,68,84,105
2000,4,0901292,700,351,50,349,50,66,9,104,15,111,16,89,13,88,13,76,11,74,11,92,13,41,57,56,47,47,44,31,28,25,47,55,42,41,32,43,64
2000,4,0901294,1045,503,48,542,52,90,9,153,15,168,16,130,12,142,14,108,10,124,12,130,12,37,73,84,73,78,56,65,37,53,80,84,57,64,52,59,93
2000,4,0905150,2829,1321,47,1508,53,187,7,381,13,369,13,349,12,398,14,336,12,364,13,445,16,93,187,185,166,205,165,166,154,94,194,184,183,193,171,198,291
2000,4,0905166,2341,1133,48,1208,52,134,6,310,13,309,13,309,13,340,15,284,12,337,14,318,14,84,161,152,165,171,133,150,117,50,149,157,144,169,151,187,201
2000,4,0905182,2679,1260,47,1419,53,161,6,327,12,372,14,321,12,319,12,340,13,358,13,481,18,74,174,188,158,166,168,179,153,87,153,184,163,153,172,179,328
2000,4,0905756,2693,1310,49,1383,51,224,8,405,15,425,16,301,11,383,14,290,11,302,11,363,13,102,221,226,151,190,150,138,132,122,184,199,150,193,140,164,231
2000,4,0905790,512,267,52,245,48,48,9,92,18,82,16,54,11,88,17,59,12,42,8,47,9,29,49,47,25,48,31,25,13,19,43,35,29,40,28,17,34
2000,4,0940201,6677,3033,45,3644,55,322,5,826,12,854,13,867,13,968,14,862,13,976,15,1002,15,164,426,450,432,457,399,406,299,158,400,404,435,511,463,570,703
2000,4,0940252,1150,561,49,589,51,82,7,178,15,155,13,142,12,153,13,117,10,157,14,166,14,44,98,85,71,80,70,65,48,38,80,70,71,73,47,92,118
2000,4,0940266,912,462,51,450,49,67,7,139,15,112,12,112,12,119,13,87,10,149,16,127,14,35,65,70,64,65,44,72,47,32,74,42,48,54,43,77,80
2000,4,0940288,1504,729,48,775,52,110,7,199,13,222,15,174,12,237,16,161,11,170,11,231,15,51,105,115,92,129,84,80,73,59,94,107,82,108,77,90,158
2000,4,0940292,842,400,48,442,52,66,8,142,17,104,12,112,13,133,16,63,7,87,10,135,16,31,75,60,55,69,32,28,50,35,67,44,57,64,31,59,85
2000,4,0940296,579,276,48,303,52,39,7,87,15,83,14,62,11,76,13,54,9,79,14,99,17,21,45,43,33,41,25,37,31,18,42,40,29,35,29,42,68
2000,4,0941615,6349,2908,46,3441,54,474,7,763,12,930,15,837,13,866,14,780,12,685,11,1014,16,252,409,486,397,402,360,286,316,222,354,444,440,464,420,399,698
2000,4,0941644,1583,777,49,806,51,132,8,265,17,227,14,199,13,233,15,127,8,173,11,227,14,69,138,122,102,126,73,75,72,63,127,105,97,107,54,98,155
2000,4,0941646,1090,525,48,565,52,77,7,156,14,170,16,146,13,141,13,109,10,128,12,163,15,43,85,87,78,69,61,59,43,34,71,83,68,72,48,69,120
2000,4,0941648,714,346,48,368,52,71,10,95,13,98,14,106,15,95,13,85,12,64,9,100,14,40,50,49,55,48,42,30,32,31,45,49,51,47,43,34,68
2000,4,0941658,1051,526,50,525,50,72,7,159,15,120,11,154,15,146,14,74,7,142,14,184,18,41,89,67,84,85,37,71,52,31,70,53,70,61,37,71,132
2000,4,0941670,1311,651,50,660,50,81,6,196,15,179,14,164,13,223,17,130,10,132,10,206,16,42,106,96,89,117,58,58,85,39,90,83,75,106,72,74,121
2000,4,0941674,1079,507,47,572,53,74,7,191,18,156,14,121,11,181,17,97,9,117,11,142,13,37,98,84,48,96,52,49,43,37,93,72,73,85,45,68,99
2000,4,0941680,1294,607,47,687,53,98,8,191,15,310,24,157,12,160,12,112,9,128,10,138,11,50,104,130,82,84,57,57,43,48,87,180,75,76,55,71,95
2000,4,0941690,968,471,49,497,51,74,8,142,15,141,15,131,14,154,16,88,9,120,12,118,12,38,68,81,69,86,49,52,28,36,74,60,62,68,39,68,90
2000,4,0941813,1810,813,45,997,55,85,5,171,9,262,14,217,12,259,14,229,13,249,14,338,19,42,87,139,112,120,110,93,110,43,84,123,105,139,119,156,228
2000,4,0941817,1780,872,49,908,51,80,4,164,9,217,12,224,13,250,14,223,13,270,15,352,20,42,80,124,125,139,127,130,105,38,84,93,99,111,96,140,247
2000,4,0941860,680,327,48,353,52,54,8,104,15,77,11,97,14,85,13,55,8,92,14,116,17,24,51,45,44,50,28,44,41,30,53,32,53,35,27,48,75
2000,4,0941876,839,418,50,421,50,59,7,116,14,103,12,113,13,125,15,102,12,105,13,116,14,27,65,49,60,73,56,53,35,32,51,54,53,52,46,52,81
2000,4,0960244,716,351,49,365,51,58,8,114,16,107,15,88,12,117,16,59,8,74,10,99,14,38,55,65,41,56,36,34,26,20,59,42,47,61,23,40,73
2000,4,0960252,1371,640,47,731,53,85,6,226,16,175,13,165,12,201,15,114,8,179,13,226,16,36,121,90,71,102,61,79,80,49,105,85,94,99,53,100,146
2000,4,0960264,3087,1443,47,1644,53,210,7,438,14,448,15,400,13,461,15,304,10,385,12,441,14,111,209,218,202,229,149,183,142,99,229,230,198,232,155,202,299
2000,4,0960288,1179,554,47,625,53,78,7,205,17,172,15,129,11,208,18,104,9,125,11,158,13,41,100,92,57,106,58,53,47,37,105,80,72,102,46,72,111
2000,4,0960296,855,397,46,458,54,77,9,95,11,114,13,105,12,136,16,90,11,112,13,126,15,44,45,51,56,80,42,37,42,33,50,63,49,56,48,75,84
2000,4,0961011,1726,738,43,988,57,105,6,188,11,175,10,193,11,207,12,169,10,279,16,410,24,48,96,79,89,104,92,109,121,57,92,96,104,103,77,170,289
2000,4,0961031,805,401,50,404,50,64,8,134,17,130,16,112,14,105,13,93,12,73,9,94,12,35,77,67,57,52,48,31,34,29,57,63,55,53,45,42,60
2000,4,0961076,564,262,46,302,54,47,8,84,15,70,12,70,12,74,13,61,11,70,12,88,16,22,43,31,33,37,32,33,31,25,41,39,37,37,29,37,57
2000,4,0961082,547,267,49,280,51,48,9,94,17,90,16,60,11,75,14,63,12,52,10,65,12,29,43,48,30,39,38,22,18,19,51,42,30,36,25,30,47
2000,4,0961084,941,457,49,484,51,68,7,164,17,120,13,130,14,136,14,81,9,108,11,134,14,34,90,64,66,71,45,40,47,34,74,56,64,65,36,68,87
2000,4,0961615,3721,1693,45,2028,55,198,5,455,12,539,14,453,12,525,14,409,11,495,13,647,17,109,237,266,217,241,201,218,204,89,218,273,236,284,208,277,443
2000,4,0961656,382,187,49,195,51,34,9,63,16,62,16,40,10,44,12,41,11,40,10,58,15,21,26,38,19,25,22,18,18,13,37,24,21,19,19,22,40
2000,4,0961658,1476,674,46,802,54,86,6,190,13,230,16,192,13,214,14,139,9,192,13,233,16,41,95,106,101,114,61,92,64,45,95,124,91,100,78,100,169
2000,4,0961668,428,213,50,215,50,20,5,59,14,69,16,39,9,67,16,47,11,62,14,65,15,17,34,34,19,37,25,27,20,3,25,35,20,30,22,35,45
2000,4,0961694,763,381,50,382,50,82,11,122,16,126,17,104,14,121,16,61,8,70,9,77,10,39,67,67,63,63,30,29,23,43,55,59,41,58,31,41,54
2000,4,0964746,1012,471,47,541,53,59,6,139,14,127,13,118,12,147,15,120,12,134,13,168,17,25,70,71,52,85,65,55,48,34,69,56,66,62,55,79,120
2000,4,0964762,1528,729,48,799,52,115,8,247,16,231,15,198,13,207,14,160,10,163,11,207,14,66,128,112,101,108,76,75,63,49,119,119,97,99,84,88,144
2000,4,0964784,1226,571,47,655,53,93,8,176,14,152,12,171,14,139,11,130,11,146,12,219,18,36,91,83,88,70,65,64,74,57,85,69,83,69,65,82,145
2000,4,0967148,1668,784,47,884,53,131,8,219,13,234,14,232,14,200,12,179,11,197,12,276,17,69,104,117,119,103,94,89,89,62,115,117,113,97,85,108,187
2000,4,0967154,709,325,46,384,54,67,9,103,15,90,13,94,13,94,13,73,10,83,12,105,15,30,47,50,44,46,39,36,33,37,56,40,50,48,34,47,72
2000,4,0967170,1095,519,47,576,53,103,9,135,12,151,14,156,14,155,14,90,8,145,13,160,15,53,73,75,83,84,44,56,51,50,62,76,73,71,46,89,109
2000,4,0967178,1823,868,48,955,52,127,7,266,15,252,14,230,13,287,16,201,11,187,10,273,15,60,135,130,107,149,109,90,88,67,131,122,123,138,92,97,185
2000,4,0967190,3818,2142,56,1676,44,188,5,476,12,619,16,682,18,679,18,464,12,338,9,372,10,91,233,387,457,418,260,181,115,97,243,232,225,261,204,157,257
2000,4,0967192,620,295,48,325,52,56,9,109,18,87,14,65,10,91,15,66,11,70,11,76,12,31,61,36,31,44,33,39,20,25,48,51,34,47,33,31,56
2000,4,0967366,858,394,46,464,54,79,9,123,14,106,12,121,14,120,14,73,9,95,11,141,16,38,57,56,62,62,40,34,45,41,66,50,59,58,33,61,96
2000,4,0967372,1695,806,48,889,52,142,8,299,18,222,13,250,15,251,15,135,8,191,11,205,12,85,163,90,127,125,64,91,61,57,136,132,123,126,71,100,144
2000,4,0980213,1157,540,47,617,53,71,6,180,16,194,17,141,12,170,15,164,14,120,10,117,10,37,85,105,66,84,84,47,32,34,95,89,75,86,80,73,85
2000,4,0980233,688,340,49,348,51,40,6,75,11,98,14,72,10,96,14,84,12,100,15,123,18,21,40,60,35,54,42,47,41,19,35,38,37,42,42,53,82
2000,4,0980244,772,375,49,397,51,55,7,101,13,109,14,90,12,120,16,75,10,82,11,140,18,31,49,51,47,65,43,38,51,24,52,58,43,55,32,44,89
2000,4,0980250,415,197,47,218,53,46,11,53,13,61,15,55,13,54,13,42,10,48,12,56,13,24,31,27,24,33,21,19,18,22,22,34,31,21,21,29,38
2000,4,0980256,1192,575,48,617,52,98,8,176,15,186,16,133,11,172,14,138,12,133,11,156,13,45,92,99,67,84,72,60,56,53,84,87,66,88,66,73,100
2000,4,0980260,1098,551,50,547,50,65,6,158,14,190,17,114,10,180,16,134,12,122,11,135,12,41,86,111,61,94,66,55,37,24,72,79,53,86,68,67,98
2000,4,0980266,1932,956,49,976,51,145,8,280,14,278,14,256,13,302,16,208,11,224,12,239,12,74,140,155,134,160,111,99,83,71,140,123,122,142,97,125,156
2000,4,0980270,2729,1322,48,1407,52,217,8,319,12,415,15,351,13,364,13,334,12,298,11,431,16,106,161,221,190,175,174,144,151,111,158,194,161,189,160,154,280
2000,4,0980274,645,319,49,326,51,55,9,92,14,89,14,80,12,89,14,69,11,78,12,93,14,33,45,45,41,42,37,39,37,22,47,44,39,47,32,39,56
2000,4,0980278,635,315,50,320,50,47,7,81,13,76,12,83,13,86,14,78,12,90,14,94,15,22,45,39,44,54,37,42,32,25,36,37,39,32,41,48,62
2000,4,0980284,2066,1013,49,1053,51,144,7,307,15,324,16,290,14,306,15,248,12,216,10,230,11,75,140,182,150,153,129,107,76,69,167,142,140,153,119,109,154
2000,4,0980290,633,325,51,308,49,40,6,87,14,100,16,59,9,102,16,85,13,71,11,89,14,24,44,60,32,55,51,29,30,16,43,40,27,47,34,42,59
2000,4,0980294,604,302,50,302,50,71,12,90,15,97,16,79,13,86,14,55,9,61,10,65,11,44,46,49,47,47,25,28,16,27,44,48,32,39,30,33,49
2000,4,UNK,44,23,52,21,48,1,2,4,9,12,27,6,14,6,14,3,7,6,14,6,14,1,3,4,3,4,0,3,5,0,1,8,3,2,3,3,1
2000,5,0010001,159,78,49,81,51,5,3,27,17,16,10,19,12,29,18,11,7,23,14,29,18,2,17,9,9,16,4,10,11,3,10,7,10,13,7,13,18
2000,5,0010002,27766,11861,43,15905,57,1308,5,2648,10,3362,12,3581,13,4205,15,2861,10,3868,14,5932,21,664,1370,1508,1639,1990,1195,1457,2037,644,1278,1854,1942,2215,1666,2411,3895
2000,5,0010003,4974,2280,46,2694,54,296,6,541,11,745,15,672,14,712,14,714,14,606,12,687,14,161,269,377,354,327,335,252,204,135,272,368,318,385,379,354,483
2000,5,0010004,863,393,46,470,54,55,6,87,10,119,14,92,11,139,16,106,12,80,9,185,21,27,52,53,43,71,56,27,64,28,35,66,49,68,50,53,121
2000,5,0010005,37097,16791,45,20306,55,2018,5,4817,13,5448,15,4942,13,7249,20,4720,13,3381,9,4522,12,1005,2523,2743,2304,3307,2109,1334,1466,1013,2294,2705,2638,3942,2611,2047,3056
2000,5,0010006,10112,4662,46,5450,54,561,6,1182,12,1520,15,1486,15,1792,18,1314,13,1044,10,1212,12,297,585,807,732,838,542,465,396,264,597,713,754,954,772,579,816
2000,5,0010007,2576,1573,61,1003,39,100,4,224,9,446,17,495,19,485,19,295,11,197,8,334,13,54,112,325,378,317,184,101,102,46,112,121,117,168,111,96,232
2000,5,0010008,103,56,54,47,46,2,2,12,12,9,9,15,15,19,18,25,24,9,9,12,12,1,5,5,9,10,18,6,2,1,7,4,6,9,7,3,10
2000,5,0010009,2375,1066,45,1309,55,133,6,305,13,317,13,294,12,377,16,283,12,279,12,387,16,63,153,169,130,182,147,111,111,70,152,148,164,195,136,168,276
2000,5,0010010,52184,23180,44,29004,56,2649,5,4666,9,6539,13,8218,16,6426,12,7418,14,8013,15,8253,16,1351,2409,3303,4057,3013,3020,3264,2761,1298,2257,3236,4161,3413,4398,4749,5492
2000,5,0010011,1341,613,46,728,54,76,6,151,11,225,17,167,12,177,13,202,15,190,14,153,11,34,82,109,82,73,93,87,53,42,69,116,85,104,109,103,100
2000,5,0010012,14761,6782,46,7979,54,836,6,1664,11,2244,15,2126,14,2357,16,2141,15,1704,12,1685,11,423,883,1139,1029,1078,947,747,532,413,781,1105,1097,1279,1194,957,1153
2000,5,0010013,16094,7048,44,9046,56,808,5,1355,8,2633,16,2169,13,1925,12,2566,16,2162,13,2474,15,429,706,1231,1038,875,1101,915,752,379,649,1402,1131,1050,1465,1247,1722
2000,5,0010014,20212,9021,45,11191,55,894,4,2022,10,2424,12,2670,13,3279,16,2644,13,2747,14,3532,17,438,1027,1162,1295,1581,1187,1163,1168,456,995,1262,1375,1698,1457,1584,2364
2000,5,0010015,32856,14688,45,18168,55,1618,5,3379,10,4584,14,4463,14,4922,15,4693,14,4094,12,5103,16,805,1690,2345,2189,2336,2064,1738,1521,813,1689,2239,2274,2586,2629,2356,3582
2000,5,0010016,205,99,48,106,52,11,5,23,11,26,13,20,10,31,15,28,14,24,12,42,20,7,15,16,9,15,15,11,11,4,8,10,11,16,13,13,31
2000,5,0010017,988,449,45,539,55,47,5,96,10,116,12,137,14,156,16,123,12,135,14,178,18,20,56,62,60,79,58,56,58,27,40,54,77,77,65,79,120
2000,5,0010018,26372,12253,46,14119,54,1259,5,2695,10,4017,15,3474,13,4257,16,3891,15,3242,12,3535,13,668,1376,2033,1742,2045,1779,1367,1241,591,1319,1984,1732,2212,2112,1875,2294
2000,5,0010019,334,158,47,176,53,23,7,31,9,38,11,41,12,59,18,39,12,34,10,69,21,14,13,17,19,34,21,19,21,9,18,21,22,25,18,15,48
2000,5,0010020,438,212,48,226,52,21,5,42,10,66,15,52,12,61,14,59,13,61,14,76,17,9,22,38,33,32,30,24,24,12,20,28,19,29,29,37,52
2000,5,0010021,2702,1231,46,1471,54,170,6,324,12,317,12,325,12,343,13,293,11,373,14,557,21,97,161,158,161,168,146,157,183,73,163,159,164,175,147,216,374
2000,5,0010022,8308,3787,46,4521,54,434,5,927,11,1156,14,1107,13,1390,17,1186,14,939,11,1169,14,244,492,615,531,619,543,393,350,190,435,541,576,771,643,546,819
2000,5,0010023,58403,25295,43,33108,57,2762,5,5509,9,6316,11,8373,14,8511,15,6357,11,9273,16,11301,19,1428,2782,3066,4030,4049,2670,3569,3701,1334,2727,3250,4343,4462,3687,5704,7600
2000,5,0010024,641,284,44,357,56,39,6,81,13,82,13,93,15,84,13,68,11,87,14,107,17,19,47,33,41,41,33,30,40,20,34,49,52,43,35,57,67
2000,5,0010025,63425,27920,44,35505,56,3221,5,5998,9,8947,14,9054,14,8933,14,9219,15,8662,14,9391,15,1684,3105,4475,4233,4001,3870,3468,3084,1537,2893,4472,4821,4932,5349,5194,6307
2000,5,0010026,34746,15309,44,19437,56,1731,5,3169,9,4909,14,4532,13,4841,14,4089,12,4706,14,6769,19,872,1565,2463,2213,2301,1808,1857,2230,859,1604,2446,2319,2540,2281,2849,4539
2000,5,0010027,34215,15272,45,18943,55,1925,6,3462,10,4831,14,4972,15,5186,15,4313,13,3792,11,5734,17,984,1759,2399,2534,2405,1953,1503,1735,941,1703,2432,2438,2781,2360,2289,3999
2000,5,0010028,23413,11653,50,11760,50,1137,5,2382,10,3706,16,3565,15,4050,17,3226,14,2531,11,2816,12,599,1232,2170,2078,2056,1479,1069,970,538,1150,1536,1487,1994,1747,1462,1846
2000,5,0010029,219,89,41,130,59,18,8,33,15,33,15,26,12,32,15,22,10,25,11,30,14,9,11,14,8,15,11,11,10,9,22,19,18,17,11,14,20
2000,5,0010030,143,68,48,75,52,4,3,19,13,14,10,18,13,19,13,14,10,26,18,29,20,3,7,5,9,12,6,16,10,1,12,9,9,7,8,10,19
2000,5,0010031,7371,3363,46,4008,54,476,6,885,12,947,13,975,13,1123,15,847,11,871,12,1247,17,222,437,504,456,549,399,369,427,254,448,443,519,574,448,502,820
2000,5,0010032,131,55,42,76,58,9,7,11,8,24,18,18,14,15,11,18,14,14,11,22,17,3,5,12,9,7,7,7,5,6,6,12,9,8,11,7,17
2000,5,0010033,476,221,46,255,54,44,9,51,11,63,13,101,21,74,16,47,10,47,10,49,10,16,29,33,50,35,24,20,14,28,22,30,51,39,23,27,35
2000,5,0010034,50829,22563,44,28266,56,2414,5,5098,10,7258,14,6804,13,7470,15,7494,15,5816,11,8472,17,1236,2642,3592,3327,3454,3349,2459,2501,1178,2456,3666,3477,4016,4145,3357,5971
2000,5,0010035,89,40,45,49,55,5,6,16,18,7,8,16,18,13,15,8,9,16,18,8,9,4,8,1,6,7,2,9,3,1,8,6,10,6,6,7,5
2000,5,0010036,4945,2282,46,2663,54,310,6,584,12,676,14,634,13,818,17,626,13,523,11,773,16,158,306,330,306,389,302,239,251,152,278,346,328,429,324,284,522
2000,5,0010037,4610,2055,45,2555,55,212,5,530,11,555,12,541,12,766,17,569,12,514,11,923,20,112,250,268,275,361,276,195,318,100,280,287,266,405,293,319,605
2000,5,0010038,8277,3824,46,4453,54,471,6,956,12,1259,15,1142,14,1382,17,1029,12,912,11,1125,14,254,532,694,544,652,468,397,282,217,424,565,598,730,561,515,843
2000,5,0010039,1268,579,46,689,54,71,6,145,11,178,14,143,11,234,18,126,10,156,12,215,17,36,80,76,68,120,64,56,79,35,65,102,75,114,62,100,136
2000,5,0010040,50152,22625,45,27527,55,2282,5,5799,12,9022,18,5818,12,9713,19,8330,17,4488,9,4697,9,1183,2965,4527,2763,4214,3680,1863,1428,1099,2834,4495,3055,5499,4650,2625,3269
2000,5,0010041,20946,9604,46,11342,54,966,5,2545,12,3786,18,2185,10,4167,20,3317,16,1939,9,2041,10,498,1308,1910,1020,1789,1494,857,728,468,1237,1876,1165,2378,1823,1082,1313
2000,5,0010042,6535,2962,45,3573,55,306,5,667,10,842,13,879,13,1052,16,951,15,684,10,1154,18,167,351,414,431,512,450,283,354,139,316,428,448,540,501,401,800
2000,5,0010043,13732,5975,44,7757,56,692,5,1282,9,1652,12,1928,14,1918,14,1617,12,1961,14,2682,20,352,667,774,942,893,713,776,858,340,615,878,986,1025,904,1185,1824
2000,5,0010044,28037,12468,44,15569,56,1351,5,2662,9,3619,13,4024,14,4197,15,3390,12,3883,14,4911,18,700,1329,1840,1943,1994,1432,1547,1683,651,1333,1779,2081,2203,1958,2336,3228
2000,5,0010045,1028,477,46,551,54,54,5,99,10,127,12,118,11,164,16,121,12,139,14,206,20,30,46,68,66,79,50,64,74,24,53,59,52,85,71,75,132
2000,5,0010046,2417,1105,46,1312,54,158,7,269,11,352,15,348,14,390,16,330,14,271,11,299,12,85,120,182,161,191,142,121,103,73,149,170,187,199,188,150,196
2000,5,0010047,633,290,46,343,54,40,6,47,7,85,13,82,13,91,14,102,16,74,12,112,18,23,23,43,35,43,49,36,38,17,24,42,47,48,53,38,74
2000,5,0010048,1834,815,44,1019,56,83,5,184,10,259,14,236,13,300,16,263,14,213,12,296,16,37,109,132,121,138,122,74,82,46,75,127,115,162,141,139,214
2000,5,0010049,1967,1062,54,905,46,54,3,97,5,1117,57,229,12,139,7,130,7,79,4,122,6,29,49,634,148,70,62,34,36,25,48,483,81,69,68,45,86
2000,5,0010050,27931,12381,44,15550,56,1407,5,2865,10,3867,14,3847,14,4062,15,4051,15,3457,12,4374,16,725,1495,1924,1891,1837,1841,1503,1165,682,1370,1943,1956,2225,2210,1954,3209
2000,5,0010051,15496,6654,43,8842,57,751,5,1435,9,2108,14,2059,13,2118,14,2168,14,1949,13,2908,19,395,703,1044,981,910,975,777,869,356,732,1064,1078,1208,1193,1172,2039
2000,5,0010052,169,87,51,82,49,7,4,11,7,31,18,29,17,21,12,27,16,19,11,24,14,5,6,17,20,11,15,7,6,2,5,14,9,10,12,12,18
2000,5,0010053,17199,7478,43,9721,57,910,5,1642,10,2224,13,2346,14,2516,15,2388,14,2249,13,2924,17,485,789,1110,1119,1138,1058,971,808,425,853,1114,1227,1378,1330,1278,2116
2000,5,0010054,5897,2614,44,3283,56,295,5,612,10,796,13,796,13,971,16,705,12,693,12,1026,17,157,304,416,381,445,322,262,324,138,308,380,415,526,383,431,702
2000,5,0010055,236,118,50,118,50,10,4,22,9,36,15,28,12,32,14,23,10,37,16,48,20,6,13,17,15,19,11,18,19,4,9,19,13,13,12,19,29
2000,5,0010056,7962,3489,44,4473,56,411,5,764,10,891,11,1203,15,1087,14,941,12,1214,15,1451,18,222,405,448,577,507,375,474,481,189,359,443,626,580,566,740,970
2000,5,0010057,3187,1491,47,1696,53,180,6,309,10,417,13,495,16,511,16,486,15,342,11,446,14,95,152,202,250,265,230,147,150,85,157,215,245,246,256,195,296
2000,5,0010058,1064,494,46,570,54,65,6,103,10,172,16,158,15,132,12,137,13,143,13,154,14,31,48,90,78,66,72,64,45,34,55,82,80,66,65,79,109
2000,5,UNK,62,44,71,18,29,10,16,0,0,3,5,9,15,13,21,15,24,8,13,4,6,5,0,2,6,10,13,6,2,5,0,1,3,3,2,2,2
2000,6,100100005,196,92,47,104,53,14,7,30,15,20,10,35,18,19,10,22,11,25,13,31,16,3,18,11,17,7,11,11,14,11,12,9,18,12,11,14,17
2000,6,100100087,44,21,48,23,52,3,7,9,20,4,9,4,9,11,25,0,0,6,14,7,16,2,4,1,2,7,0,3,2,1,5,3,2,4,0,3,5
2000,6,100100101,83,43,52,40,48,8,10,13,16,12,14,16,19,4,5,4,5,15,18,11,13,5,11,5,9,2,2,5,4,3,2,7,7,2,2,10,7
2000,6,100100150,23,8,35,15,65,1,4,5,22,1,4,3,13,2,9,2,9,8,35,1,4,0,0,1,2,1,1,3,0,1,5,0,1,1,1,5,1
2000,6,100100247,468,210,45,258,55,32,7,84,18,77,16,77,16,81,17,37,8,39,8,41,9,16,40,44,30,37,16,17,10,16,44,33,47,44,21,22,31
2000,6,100100327,659,313,47,346,53,51,8,133,20,124,19,91,14,123,19,60,9,38,6,39,6,27,77,57,45,57,25,14,11,24,56,67,46,66,35,24,28
2000,6,100100384,709,346,49,363,51,65,9,98,14,90,13,81,11,121,17,70,10,69,10,115,16,30,63,55,37,56,34,31,40,35,35,35,44,65,36,38,75
2000,6,100100392,70,37,53,33,47,4,6,11,16,3,4,9,13,10,14,10,14,3,4,20,29,1,8,2,5,5,6,2,8,3,3,1,4,5,4,1,12
2000,6,100100431,426,208,49,218,51,59,14,97,23,59,14,54,13,60,14,43,10,19,4,35,8,31,57,28,20,36,18,11,7,28,40,31,34,24,25,8,28
2000,6,100100497,108,50,46,58,54,7,6,17,16,15,14,21,19,11,10,9,8,14,13,14,13,2,6,8,13,6,6,5,4,5,11,7,8,5,3,9,10
2000,6,100100593,234,118,50,116,50,24,10,32,14,43,18,32,14,33,14,29,12,13,6,28,12,12,18,23,20,15,16,4,10,12,14,20,12,18,13,9,18
2000,6,100100712,2958,1382,47,1576,53,187,6,409,14,402,14,394,13,410,14,337,11,384,13,435,15,109,206,191,189,198,168,169,152,78,203,211,205,212,169,215,283
2000,6,100100761,222,99,45,123,55,15,7,39,18,39,18,34,15,29,13,18,8,30,14,18,8,7,17,17,20,14,10,10,4,8,22,22,14,15,8,20,14
2000,6,100100874,369,185,50,184,50,20,5,69,19,57,15,56,15,52,14,34,9,32,9,49,13,11,38,30,33,22,16,17,18,9,31,27,23,30,18,15,31
2000,6,100101015,434,208,48,226,52,29,7,74,17,51,12,57,13,67,15,44,10,56,13,56,13,16,40,29,32,31,23,24,13,13,34,22,25,36,21,32,43
2000,6,100101056,1435,650,45,785,55,116,8,178,12,207,14,192,13,210,15,135,9,172,12,225,16,62,89,104,92,95,70,72,66,54,89,103,100,115,65,100,159
2000,6,100101103,288,145,50,143,50,16,6,47,16,44,15,34,12,58,20,33,11,31,11,25,9,7,26,29,19,26,20,10,8,9,21,15,15,32,13,21,17
2000,6,100101144,35,15,43,20,57,3,9,8,23,1,3,5,14,5,14,1,3,3,9,9,26,2,1,1,3,3,1,2,2,1,7,0,2,2,0,1,7
2000,6,100101177,425,188,44,237,56,50,12,75,18,79,19,72,17,60,14,35,8,29,7,25,6,21,30,39,38,27,16,11,6,29,45,40,34,33,19,18,19
2000,6,100101185,36,18,50,18,50,2,6,9,25,2,6,7,19,4,11,3,8,8,22,1,3,1,6,1,3,3,2,2,0,1,3,1,4,1,1,6,1
2000,6,100101208,26,15,58,11,42,0,0,2,8,7,27,5,19,2,8,2,8,4,15,4,15,0,1,4,4,1,1,2,2,0,1,3,1,1,1,2,2
2000,6,100101232,11,4,36,7,64,2,18,2,18,0,0,3,27,1,9,0,0,2,18,1,9,0,1,0,2,0,0,1,0,2,1,0,1,1,0,1,1
2000,6,100101304,15,8,53,7,47,2,13,1,7,2,13,3,20,0,0,1,7,3,20,3,20,0,1,2,2,0,0,1,2,2,0,0,1,0,1,2,1
2000,6,100101353,295,136,46,159,54,14,5,48,16,41,14,40,14,50,17,51,17,26,9,25,8,6,25,23,13,27,25,13,4,8,23,18,27,23,26,13,21
2000,6,100101378,70,26,37,44,63,0,0,0,0,2,3,3,4,2,3,1,1,14,20,48,69,0,0,1,3,0,1,8,13,0,0,1,0,2,0,6,35
2000,6,100101394,442,185,42,257,58,22,5,64,14,61,14,52,12,77,17,33,7,49,11,84,19,9,33,31,20,34,12,14,32,13,31,30,32,43,21,35,52
2000,6,100101417,2690,1238,46,1452,54,157,6,326,12,387,14,314,12,350,13,305,11,327,12,524,19,73,157,194,172,164,148,146,184,84,169,193,142,186,157,181,340
2000,6,100101433,47,25,53,22,47,5,11,5,11,7,15,3,6,9,19,11,23,3,6,4,9,3,2,7,2,3,6,1,1,2,3,0,1,6,5,2,3
2000,6,100101441,44,22,50,22,50,4,9,7,16,6,14,3,7,6,14,7,16,6,14,5,11,3,4,3,1,2,4,4,1,1,3,3,2,4,3,2,4
2000,6,100101490,156,76,49,80,51,15,10,29,19,31,20,24,15,24,15,13,8,12,8,8,5,11,16,13,13,11,6,4,2,4,13,18,11,13,7,8,6
2000,6,100101546,202,97,48,105,52,27,13,31,15,17,8,50,25,20,10,18,9,15,7,24,12,13,17,10,21,14,7,5,10,14,14,7,29,6,11,10,14
2000,6,100101626,391,172,44,219,56,32,8,50,13,72,18,52,13,64,16,27,7,45,12,49,13,13,29,38,23,32,10,16,11,19,21,34,29,32,17,29,38
2000,6,100101634,209,100,48,109,52,6,3,21,10,35,17,18,9,28,13,24,11,24,11,53,25,2,11,22,10,14,15,11,15,4,10,13,8,14,9,13,38
2000,6,100101722,275,116,42,159,58,26,9,52,19,40,15,29,11,55,20,25,9,29,11,19,7,11,21,18,12,23,15,11,5,15,31,22,17,32,10,18,14
2000,6,100101755,108,49,45,59,55,12,11,11,10,15,14,17,16,8,7,10,9,19,18,16,15,7,6,8,7,4,5,7,5,5,5,7,10,4,5,12,11
2000,6,100101843,237,113,48,124,52,23,10,47,20,31,13,28,12,46,19,13,5,19,8,30,13,11,27,14,12,24,6,10,9,12,20,17,16,22,7,9,21
2000,6,100101884,205,91,44,114,56,16,8,42,20,23,11,28,14,30,15,24,12,13,6,29,14,10,19,10,11,15,12,5,9,6,23,13,17,15,12,8,20
2000,6,100102113,85,43,51,42,49,4,5,8,9,21,25,4,5,17,20,15,18,9,11,7,8,1,7,10,3,7,8,5,2,3,1,11,1,10,7,4,5
2000,6,100102154,5,,,,,,,,,,,,,,,,,,,,,,,,,,,,,,,,,,,,
2000,6,100102187,220,109,50,111,50,23,10,35,16,28,13,38,17,37,17,25,11,20,9,14,6,13,21,14,18,19,14,7,3,10,14,14,20,18,11,13,11
2000,6,100102201,371,169,46,202,54,41,11,60,16,49,13,70,19,45,12,32,9,36,10,38,10,19,35,23,35,24,10,15,8,22,25,26,35,21,22,21,30
2000,6,100102322,209,99,47,110,53,13,6,44,21,32,15,24,11,43,21,14,7,17,8,22,11,5,26,16,13,21,7,5,6,8,18,16,11,22,7,12,16
2000,6,100102347,645,296,46,349,54,43,7,111,17,118,18,72,11,98,15,61,9,47,7,95,15,25,58,63,34,49,26,15,26,18,53,55,38,49,35,32,69
2000,6,100102484,177,78,44,99,56,26,15,22,12,24,14,31,18,27,15,11,6,20,11,16,9,12,7,11,15,15,5,9,4,14,15,13,16,12,6,11,12
2000,6,100102548,351,166,47,185,53,20,6,60,17,45,13,40,11,63,18,30,9,49,14,44,13,8,31,25,19,31,15,21,16,12,29,20,21,32,15,28,28
2000,6,100102757,215,102,47,113,53,24,11,42,20,23,11,43,20,33,15,9,4,21,10,20,9,12,18,9,24,18,7,8,6,12,24,14,19,15,2,13,14
2000,6,100102781,114,57,50,57,50,9,8,26,23,19,17,18,16,17,15,13,11,7,6,5,4,5,14,9,9,11,5,3,1,4,12,10,9,6,8,4,4
2000,6,100103260,557,254,46,303,54,47,8,88,16,79,14,84,15,60,11,64,11,70,13,65,12,22,50,40,36,30,30,28,18,25,38,39,48,30,34,42,47
2000,6,100103308,154,64,42,90,58,12,8,25,16,22,14,27,18,23,15,11,7,20,13,14,9,5,10,11,11,12,5,6,4,7,15,11,16,11,6,14,10
2000,6,100103478,117,57,49,60,51,11,9,9,8,20,17,12,10,15,13,14,12,15,13,21,18,8,3,10,7,8,8,8,5,3,6,10,5,7,6,7,16
2000,6,100103494,241,113,47,128,53,30,12,47,20,24,10,49,20,31,13,10,4,23,10,27,11,19,21,13,21,17,3,9,10,11,26,11,28,14,7,14,17
2000,6,100103582,127,59,46,68,54,8,6,19,15,21,17,15,12,20,16,16,13,6,5,22,17,0,13,11,8,10,6,2,9,8,6,10,7,10,10,4,13
2000,6,100103902,115,59,51,56,49,5,4,16,14,23,20,9,8,16,14,22,19,8,7,16,14,3,10,15,5,9,10,4,3,2,6,8,4,7,12,4,13
2000,6,100104053,488,238,49,250,51,39,8,74,15,74,15,70,14,79,16,49,10,48,10,55,11,22,48,39,36,41,22,17,13,17,26,35,34,38,27,31,42
2000,6,100104086,164,81,49,83,51,9,5,45,27,21,13,32,20,25,15,15,9,12,7,5,3,6,24,12,15,11,7,6,0,3,21,9,17,14,8,6,5
2000,6,100104166,160,76,48,84,53,14,9,24,15,17,11,27,17,17,11,16,10,19,12,26,16,8,13,12,12,8,10,6,7,6,11,5,15,9,6,13,19
2000,6,100104254,253,129,51,124,49,19,8,37,15,54,21,26,10,35,14,37,15,16,6,29,11,12,23,32,12,20,16,6,8,7,14,22,14,15,21,10,21
2000,6,100104334,91,45,49,46,51,11,12,13,14,8,9,10,11,17,19,9,10,7,8,16,18,4,8,4,5,9,5,4,6,7,5,4,5,8,4,3,10
2000,6,100104375,229,117,51,112,49,17,7,58,25,37,16,26,11,46,20,17,7,15,7,13,6,11,29,23,10,27,10,4,3,6,29,14,16,19,7,11,10
2000,6,100104631,664,282,42,382,58,39,6,109,16,95,14,84,13,94,14,69,10,63,9,111,17,10,59,44,42,40,33,30,24,29,50,51,42,54,36,33,87
2000,6,100105184,177,81,46,96,54,9,5,32,18,24,14,21,12,35,20,15,8,20,11,21,12,6,15,9,10,17,9,10,5,3,17,15,11,18,6,10,16
2000,6,100105416,13,8,62,5,38,2,15,1,8,0,0,2,15,2,15,0,0,4,31,2,15,2,1,0,1,1,0,2,1,0,0,0,1,1,0,2,1
2000,6,100105498,249,121,49,128,51,24,10,38,15,43,17,40,16,45,18,26,10,14,6,19,8,12,19,23,21,21,16,6,3,12,19,20,19,24,10,8,16
2000,6,100105666,62,27,44,35,56,4,6,6,10,11,18,5,8,11,18,11,18,7,11,7,11,4,3,4,3,5,4,3,1,0,3,7,2,6,7,4,6
2000,6,100105842,240,112,47,128,53,19,8,43,18,27,11,38,16,38,16,23,10,21,9,31,13,6,23,15,19,19,13,6,11,13,20,12,19,19,10,15,20
2000,6,100106401,122,52,43,70,57,11,9,22,18,15,12,20,16,18,15,19,16,9,7,8,7,4,6,9,11,9,6,5,2,7,16,6,9,9,13,4,6
2000,6,100106506,148,62,42,86,58,10,7,29,20,25,17,22,15,27,18,8,5,8,5,19,13,4,14,13,9,11,5,3,3,6,15,12,13,16,3,5,16
2000,6,100106916,709,325,46,384,54,43,6,84,12,95,13,91,13,87,12,130,18,108,15,71,10,22,36,48,57,44,59,40,19,21,48,47,34,43,71,68,52
2000,6,100106932,148,69,47,79,53,6,4,28,19,31,21,9,6,41,28,16,11,9,6,8,5,2,13,17,4,20,10,3,0,4,15,14,5,21,6,6,8
2000,6,100107243,183,92,50,91,50,23,13,29,16,30,16,24,13,29,16,24,13,11,6,13,7,12,18,19,10,16,11,4,2,11,11,11,14,13,13,7,11
2000,6,100107661,137,63,46,74,54,9,7,20,15,17,12,29,21,24,18,14,10,9,7,15,11,7,6,8,15,12,7,5,3,2,14,9,14,12,7,4,12
2000,6,100107733,271,128,47,143,53,21,8,48,18,35,13,50,18,47,17,21,8,26,10,23,8,13,22,19,23,25,9,11,6,8,26,16,27,22,12,15,17
2000,6,100108261,631,296,47,335,53,56,9,83,13,96,15,69,11,108,17,76,12,51,8,92,15,26,37,51,36,56,41,22,27,30,46,45,33,52,35,29,65
2000,6,100109230,163,74,45,89,55,13,8,16,10,14,9,25,15,17,10,22,13,13,8,43,26,6,9,9,12,11,10,5,12,7,7,5,13,6,12,8,31
2000,6,100109335,216,110,51,106,49,13,6,32,15,36,17,31,14,30,14,24,11,25,12,25,12,5,16,22,14,17,11,13,12,8,16,14,17,13,13,12,13
2000,6,100109351,140,66,47,74,53,12,9,21,15,27,19,20,14,18,13,11,8,12,9,19,14,5,8,14,13,10,6,5,5,7,13,13,7,8,5,7,14
2000,6,100109866,672,293,44,379,56,56,8,130,19,68,10,93,14,103,15,43,6,67,10,112,17,27,61,31,40,47,22,28,37,29,69,37,53,56,21,39,75
2000,6,100110040,115,57,50,58,50,1,1,35,30,18,16,15,13,21,18,9,8,7,6,9,8,0,19,12,7,10,4,2,3,1,16,6,8,11,5,5,6
2000,6,100110282,40,20,50,20,50,0,0,6,15,3,8,4,10,3,8,6,15,5,13,13,33,0,3,2,1,2,6,2,4,0,3,1,3,1,0,3,9
2000,6,100110305,181,85,47,96,53,11,6,28,15,24,13,24,13,41,23,18,10,11,6,24,13,3,16,14,9,24,10,3,6,8,12,10,15,17,8,8,18
2000,6,100110602,260,118,45,142,55,20,8,46,18,30,12,40,15,43,17,24,9,28,11,29,11,8,23,16,21,24,9,13,4,12,23,14,19,19,15,15,25
2000,6,100110836,906,429,47,477,53,55,6,120,13,128,14,104,11,140,15,98,11,98,11,163,18,31,56,71,53,73,54,38,53,24,64,57,51,67,44,60,110
2000,6,100110940,462,222,48,240,52,41,9,75,16,63,14,55,12,76,16,44,10,51,11,57,12,24,43,34,23,41,21,22,14,17,32,29,32,35,23,29,43
2000,6,100111075,30,18,60,12,40,3,10,4,13,3,10,3,10,7,23,1,3,3,10,6,20,2,4,2,1,5,0,2,2,1,0,1,2,2,1,1,4
2000,6,100111155,584,264,45,320,55,44,8,65,11,92,16,71,12,84,14,60,10,91,16,77,13,27,40,46,35,34,25,33,24,17,25,46,36,50,35,58,53
2000,6,100111196,376,191,51,185,49,16,4,59,16,66,18,52,14,68,18,39,10,47,13,29,8,13,34,38,25,32,19,21,9,3,25,28,27,36,20,26,20
2000,6,100111227,143,65,45,78,55,10,7,26,18,19,13,19,13,24,17,16,11,15,10,14,10,5,11,9,8,10,7,6,9,5,15,10,11,14,9,9,5
2000,6,100111251,651,317,49,334,51,44,7,106,16,129,20,69,11,88,14,75,12,70,11,70,11,25,56,66,35,47,41,29,18,19,50,63,34,41,34,41,52
2000,6,100111268,32,18,56,14,44,1,3,3,9,8,25,1,3,4,13,5,16,0,0,10,31,0,3,5,1,2,3,0,4,1,0,3,0,2,2,0,6
2000,6,100111331,576,280,49,296,51,48,8,95,16,92,16,90,16,84,15,49,9,60,10,58,10,26,49,46,48,46,25,22,18,22,46,46,42,38,24,38,40
2000,6,100111372,76,34,45,42,55,11,14,16,21,10,13,18,24,7,9,7,9,4,5,3,4,5,7,4,8,4,4,0,2,6,9,6,10,3,3,4,1
2000,6,100111380,327,158,48,169,52,27,8,40,12,60,18,45,14,68,21,38,12,17,5,32,10,14,19,29,25,34,21,7,9,13,21,31,20,34,17,10,23
2000,6,100111403,1237,595,48,642,52,62,5,212,17,251,20,142,11,258,21,141,11,92,7,79,6,35,116,130,73,100,77,42,22,27,96,121,69,158,64,50,57
2000,6,100111428,26,14,54,12,46,1,4,4,15,4,15,2,8,4,15,3,12,3,12,5,19,1,4,2,0,2,2,0,3,0,0,2,2,2,1,3,2
2000,6,100111436,148,72,49,76,51,22,15,16,11,23,16,8,5,31,21,10,7,21,14,17,11,14,8,11,4,16,5,9,5,8,8,12,4,15,5,12,12
2000,6,100111444,121,58,48,63,52,9,7,20,17,19,16,16,13,16,13,15,12,13,11,13,11,5,11,7,9,9,7,6,4,4,9,12,7,7,8,7,9
2000,6,100111452,232,108,47,124,53,16,7,35,15,44,19,30,13,32,14,29,13,31,13,15,6,5,21,23,13,17,12,14,3,11,14,21,17,15,17,17,12
2000,6,100111460,68,37,54,31,46,3,4,12,18,14,21,8,12,12,18,1,1,8,12,10,15,1,7,11,4,6,1,3,4,2,5,3,4,6,0,5,6
2000,6,100111477,34,13,38,21,62,2,6,10,29,9,26,0,0,8,24,1,3,2,6,2,6,1,4,2,0,5,0,1,0,1,6,7,0,3,1,1,2
2000,6,100111485,86,48,56,38,44,9,10,18,21,16,19,10,12,19,22,6,7,5,6,3,3,6,11,11,4,11,2,3,0,3,7,5,6,8,4,2,3
2000,6,100111493,44,17,39,27,61,7,16,8,18,8,18,6,14,5,11,0,0,4,9,6,14,2,4,3,3,2,0,1,2,5,4,5,3,3,0,3,4
2000,6,100111540,220,111,50,109,50,21,10,22,10,41,19,24,11,30,14,26,12,29,13,27,12,9,16,16,16,18,12,14,10,12,6,25,8,12,14,15,17
2000,6,100111565,349,165,47,184,53,19,5,53,15,50,14,50,14,60,17,25,7,39,11,53,15,12,29,31,23,30,12,14,14,7,24,19,27,30,13,25,39
2000,6,100111645,5928,2739,46,3189,54,437,7,762,13,880,15,871,15,846,14,760,13,683,12,689,12,217,403,438,439,404,338,288,212,220,359,442,432,442,422,395,477
2000,6,100111653,55,26,47,29,53,12,22,7,13,7,13,11,20,4,7,4,7,5,9,5,9,5,5,4,5,2,2,1,2,7,2,3,6,2,2,4,3
2000,6,100111661,54,28,52,26,48,3,6,11,20,4,7,9,17,7,13,4,7,6,11,10,19,2,6,1,6,4,1,2,6,1,5,3,3,3,3,4,4
2000,6,100111717,201,93,46,108,54,21,10,25,12,32,16,19,9,28,14,19,9,27,13,30,15,12,13,15,10,15,9,10,9,9,12,17,9,13,10,17,21
2000,6,100111741,880,424,48,456,52,74,8,175,20,127,14,97,11,150,17,131,15,70,8,56,6,35,91,58,50,66,75,39,10,39,84,69,47,84,56,31,46
2000,6,100111758,399,187,47,212,53,27,7,74,19,66,17,50,13,65,16,32,8,45,11,40,10,14,42,28,26,36,13,17,11,13,32,38,24,29,19,28,29
2000,6,100111774,176,80,45,96,55,14,8,22,13,30,17,32,18,16,9,20,11,30,17,12,7,6,13,12,18,5,10,13,3,8,9,18,14,11,10,17,9
2000,6,100111782,1590,765,48,825,52,111,7,256,16,265,17,232,15,327,21,186,12,128,8,85,5,62,139,130,110,154,97,49,24,49,117,135,122,173,89,79,61
2000,6,100111813,180,85,47,95,53,11,6,25,14,25,14,26,14,21,12,21,12,25,14,26,14,6,15,11,12,12,12,10,7,5,10,14,14,9,9,15,19
2000,6,100111821,189,91,48,98,52,14,7,33,17,29,15,33,17,24,13,20,11,19,10,17,9,8,13,16,20,13,7,9,5,6,20,13,13,11,13,10,12
2000,6,100111838,218,95,44,123,56,18,8,40,18,40,18,33,15,25,11,28,13,14,6,20,9,5,21,14,19,10,15,6,5,13,19,26,14,15,13,8,15
2000,6,100111846,153,69,45,84,55,7,5,19,12,21,14,19,12,26,17,18,12,18,12,25,16,2,9,8,10,16,8,7,9,5,10,13,9,10,10,11,16
2000,6,100111862,468,219,47,249,53,37,8,54,12,54,12,75,16,54,12,56,12,53,11,85,18,20,26,30,35,34,27,21,26,17,28,24,40,20,29,32,59
2000,6,100111887,23,9,39,14,61,2,9,4,17,4,17,4,17,3,13,2,9,2,9,2,9,1,2,2,1,1,1,1,0,1,2,2,3,2,1,1,2
2000,6,100111895,131,55,42,76,58,14,11,18,14,14,11,22,17,15,11,6,5,23,18,19,15,3,9,7,10,7,3,11,5,11,9,7,12,8,3,12,14
2000,6,100111901,19,9,47,10,53,0,0,1,5,1,5,3,16,2,11,1,5,4,21,7,37,0,1,0,3,2,0,2,1,0,0,1,0,0,1,2,6
2000,6,100111918,516,249,48,267,52,54,10,82,16,77,15,87,17,73,14,46,9,53,10,44,9,33,47,36,38,32,21,25,17,21,35,41,49,41,25,28,27
2000,6,100111934,52,25,48,27,52,3,6,8,15,11,21,7,13,7,13,6,12,3,6,7,13,1,4,7,5,2,4,0,2,2,4,4,2,5,2,3,5
2000,6,100111942,868,408,47,460,53,58,7,119,14,133,15,128,15,129,15,96,11,109,13,96,11,33,63,60,65,64,48,43,32,25,56,73,63,65,48,66,64
2000,6,100111950,32,16,50,16,50,0,0,5,16,3,9,3,9,3,9,3,9,2,6,13,41,0,3,2,3,2,1,1,4,0,2,1,0,1,2,1,9
2000,6,100111975,63,29,46,34,54,5,8,9,14,7,11,10,16,8,13,6,10,3,5,15,24,3,4,2,5,6,4,1,4,2,5,5,5,2,2,2,11
2000,6,100111983,81,35,43,46,57,6,7,13,16,11,14,8,10,9,11,8,10,15,19,11,14,0,7,6,5,4,4,4,5,6,6,5,3,5,4,11,6
2000,6,100111991,59,28,47,31,53,3,5,5,8,7,12,6,10,7,12,4,7,11,19,16,27,2,1,4,3,6,2,6,4,1,4,3,3,1,2,5,12
2000,6,100112003,844,381,45,463,55,56,7,120,14,106,13,110,13,112,13,97,11,90,11,153,18,31,50,46,61,56,46,42,49,25,70,60,49,56,51,48,104
2000,6,100112036,147,70,48,77,52,12,8,29,20,13,9,27,18,16,11,11,7,23,16,16,11,4,17,6,14,8,4,11,6,8,12,7,13,8,7,12,10
2000,6,100112085,333,160,48,173,52,25,8,48,14,55,17,46,14,60,18,37,11,35,11,27,8,14,18,33,21,31,22,14,7,11,30,22,25,29,15,21,20
2000,6,100112132,630,315,50,315,50,51,8,95,15,119,19,79,13,100,16,78,12,55,9,53,8,31,55,65,43,49,36,22,14,20,40,54,36,51,42,33,39
2000,6,100112165,413,208,50,205,50,23,6,71,17,73,18,54,13,77,19,46,11,37,9,32,8,10,43,37,34,36,22,16,10,13,28,36,20,41,24,21,22
2000,6,100112204,5,,,,,,,,,,,,,,,,,,,,,,,,,,,,,,,,,,,,
2000,6,100112212,127,59,46,68,54,9,7,19,15,22,17,15,12,19,15,13,10,20,16,10,8,4,9,9,7,10,4,10,6,5,10,13,8,9,9,10,4
2000,6,100112237,246,111,45,135,55,22,9,32,13,35,14,42,17,35,14,27,11,27,11,26,11,12,16,14,22,17,14,7,9,10,16,21,20,18,13,20,17
2000,6,100112261,2276,1035,45,1241,55,163,7,285,13,343,15,307,13,328,14,257,11,252,11,341,15,76,130,187,146,163,113,110,110,87,155,156,161,165,144,142,231
2000,6,100112286,759,354,47,405,53,74,10,120,16,100,13,139,18,98,13,89,12,65,9,74,10,32,65,50,68,44,43,27,25,42,55,50,71,54,46,38,49
2000,6,100112300,264,127,48,137,52,22,8,34,13,33,13,47,18,28,11,33,13,35,13,32,12,14,17,17,25,14,15,15,10,8,17,16,22,14,18,20,22
2000,6,100112325,195,100,51,95,49,17,9,30,15,27,14,31,16,29,15,15,8,17,9,29,15,8,19,16,16,17,5,9,10,9,11,11,15,12,10,8,19
2000,6,100112333,57,27,47,30,53,8,14,6,11,7,12,13,23,1,2,8,14,9,16,5,9,4,4,3,7,0,3,5,1,4,2,4,6,1,5,4,4
2000,6,100112341,363,174,48,189,52,19,5,47,13,68,19,38,10,61,17,48,13,45,12,37,10,11,22,36,19,36,23,14,13,8,25,32,19,25,25,31,24
2000,6,100112358,220,114,52,106,48,19,9,30,14,35,16,37,17,29,13,27,12,21,10,22,10,8,17,21,21,16,13,11,7,11,13,14,16,13,14,10,15
2000,6,100112462,272,126,46,146,54,26,10,41,15,58,21,37,14,43,16,25,9,25,9,17,6,9,23,32,17,17,13,14,1,17,18,26,20,26,12,11,16
2000,6,100112534,72,29,40,43,60,7,10,12,17,3,4,9,13,11,15,5,7,6,8,19,26,2,6,0,6,5,3,1,6,5,6,3,3,6,2,5,13
2000,6,100112591,490,229,47,261,53,36,7,73,15,78,16,73,15,74,15,53,11,63,13,40,8,19,39,29,35,39,26,31,11,17,34,49,38,35,27,32,29
2000,6,100112671,161,81,50,80,50,16,10,16,10,20,12,19,12,26,16,19,12,16,10,29,18,6,8,13,9,16,14,7,8,10,8,7,10,10,5,9,21
2000,6,100112688,170,76,45,94,55,11,6,19,11,30,18,23,14,25,15,31,18,16,9,15,9,6,10,14,13,12,12,6,3,5,9,16,10,13,19,10,12
2000,6,100112702,129,56,43,73,57,15,12,20,16,13,10,23,18,18,14,8,6,15,12,17,13,6,7,6,13,8,3,8,5,9,13,7,10,10,5,7,12
2000,6,100112743,525,238,45,287,55,40,8,70,13,75,14,55,10,86,16,53,10,46,9,100,19,18,44,34,26,39,28,23,26,22,26,41,29,47,25,23,74
2000,6,100112751,137,62,45,75,55,13,9,27,20,19,14,18,13,16,12,12,9,11,8,21,15,5,16,10,8,6,4,5,8,8,11,9,10,10,8,6,13
2000,6,100112768,154,80,52,74,48,6,4,16,10,31,20,13,8,30,19,17,11,23,15,18,12,5,8,18,7,16,10,11,5,1,8,13,6,14,7,12,13
2000,6,100112952,327,155,47,172,53,23,7,56,17,50,15,50,15,44,13,27,8,37,11,40,12,11,31,24,25,22,13,15,14,12,25,26,25,22,14,22,26
2000,6,100113101,659,305,46,354,54,50,8,99,15,113,17,82,12,104,16,62,9,47,7,102,15,24,50,62,45,44,28,23,29,26,49,51,37,60,34,24,73
2000,6,100113376,247,114,46,133,54,28,11,44,18,29,12,53,21,31,13,22,9,15,6,25,10,11,21,16,31,15,6,8,6,17,23,13,22,16,16,7,19
2000,6,100113497,57,29,51,28,49,0,0,9,16,9,16,6,11,5,9,7,12,8,14,13,23,0,4,6,3,4,3,3,6,0,5,3,3,1,4,5,7
2000,6,100113585,1178,533,45,645,55,102,9,169,14,161,14,154,13,153,13,126,11,126,11,187,16,45,86,80,72,71,64,56,59,57,83,81,82,82,62,70,128
2000,6,100113987,114,47,41,67,59,12,11,18,16,16,14,19,17,17,15,13,11,7,6,12,11,5,5,8,12,9,4,2,2,7,13,8,7,8,9,5,10
2000,6,100114232,134,77,57,57,43,10,7,29,22,18,13,19,14,21,16,14,10,16,12,7,5,5,16,12,10,12,12,8,2,5,13,6,9,9,2,8,5
2000,6,100114240,2684,1223,46,1461,54,187,7,378,14,363,14,421,16,416,15,284,11,342,13,293,11,102,186,169,209,212,127,129,89,85,192,194,212,204,157,213,204
2000,6,100114361,201,89,44,112,56,9,4,25,12,43,21,27,13,36,18,33,16,17,8,11,5,6,14,25,12,12,12,5,3,3,11,18,15,24,21,12,8
2000,6,100114394,105,46,44,59,56,9,9,18,17,12,11,19,18,17,16,5,5,13,12,12,11,2,7,6,11,9,3,5,3,7,11,6,8,8,2,8,9
2000,6,100114433,71,31,44,40,56,3,4,11,15,10,14,9,13,7,10,12,17,12,17,7,10,0,5,4,5,3,6,6,2,3,6,6,4,4,6,6,5
2000,6,100114466,1849,835,45,1014,55,129,7,309,17,283,15,228,12,301,16,190,10,191,10,218,12,59,156,151,106,136,90,72,65,70,153,132,122,165,100,119,153
2000,6,100114554,205,100,49,105,51,12,6,43,21,19,9,30,15,33,16,24,12,19,9,25,12,6,21,10,17,19,11,6,10,6,22,9,13,14,13,13,15
2000,6,100114675,171,71,42,100,58,17,10,36,21,25,15,22,13,30,18,15,9,13,8,13,8,5,21,5,12,14,5,5,4,12,15,20,10,16,10,8,9
2000,6,100114763,530,256,48,274,52,45,8,105,20,78,15,70,13,85,16,51,10,49,9,47,9,25,50,45,37,42,24,20,13,20,55,33,33,43,27,29,34
2000,6,100114884,2824,1365,48,1459,52,180,6,370,13,651,23,372,13,397,14,283,10,281,10,290,10,80,185,385,184,194,126,115,96,100,185,266,188,203,157,166,194
2000,6,100114948,774,364,47,410,53,59,8,103,13,210,27,96,12,118,15,64,8,57,7,67,9,31,44,119,41,50,35,20,24,28,59,91,55,68,29,37,43
2000,6,100115017,208,104,50,104,50,10,5,24,12,29,14,33,16,28,13,29,14,30,14,25,12,3,15,21,18,13,11,13,10,7,9,8,15,15,18,17,15
2000,6,100115121,82,36,44,46,56,10,12,22,27,7,9,15,18,11,13,3,4,8,10,6,7,3,11,5,9,4,0,3,1,7,11,2,6,7,3,5,5
2000,6,100115162,5,,,,,,,,,,,,,,,,,,,,,,,,,,,,,,,,,,,,
2000,6,100115170,260,125,48,135,52,19,7,49,19,35,13,32,12,23,9,20,8,41,16,41,16,8,33,23,15,9,10,13,14,11,16,12,17,14,10,28,27
2000,6,100115218,57,24,42,33,58,7,12,12,21,13,23,8,14,5,9,6,11,5,9,1,2,2,4,8,3,3,1,3,0,5,8,5,5,2,5,2,1
2000,6,100115242,329,149,45,180,55,23,7,69,21,53,16,32,10,59,18,23,7,38,12,32,10,11,32,25,15,28,11,15,12,12,37,28,17,31,12,23,20
2000,6,100115275,1540,695,45,845,55,114,7,199,13,262,17,199,13,209,14,182,12,168,11,207,13,50,88,132,96,107,78,75,69,64,111,130,103,102,104,93,138
2000,6,100115314,241,123,51,118,49,18,7,35,15,51,21,30,12,43,18,26,11,15,6,23,10,11,21,23,15,22,14,9,8,7,14,28,15,21,12,6,15
2000,6,100115548,337,158,47,179,53,35,10,58,17,55,16,39,12,60,18,37,11,25,7,28,8,11,29,32,19,31,15,13,8,24,29,23,20,29,22,12,20
2000,6,100115556,102,50,49,52,51,7,7,26,25,16,16,11,11,23,23,5,5,9,9,5,5,3,11,8,7,11,3,5,2,4,15,8,4,12,2,4,3
2000,6,100115636,49,24,49,25,51,3,6,8,16,6,12,10,20,5,10,5,10,5,10,7,14,3,5,2,4,3,2,3,2,0,3,4,6,2,3,2,5
2000,6,100115660,116,56,48,60,52,6,5,19,16,13,11,12,10,21,18,15,13,18,16,12,10,2,12,5,5,12,10,6,4,4,7,8,7,9,5,12,8
2000,6,100115677,432,216,50,216,50,41,9,85,20,64,15,59,14,66,15,35,8,37,9,45,10,28,51,33,25,36,14,14,15,13,34,31,34,30,21,23,30
2000,6,100115716,198,95,48,103,52,5,3,38,19,24,12,29,15,23,12,20,10,26,13,33,17,2,20,14,15,11,12,8,13,3,18,10,14,12,8,18,20
2000,6,100115724,537,250,47,287,53,36,7,77,14,95,18,70,13,88,16,60,11,53,10,58,11,18,36,52,33,45,29,18,19,18,41,43,37,43,31,35,39
2000,6,100115740,56,29,52,27,48,5,9,9,16,8,14,7,13,9,16,3,5,3,5,12,21,3,5,7,2,4,2,2,4,2,4,1,5,5,1,1,8
2000,6,100115894,528,260,49,268,51,36,7,101,19,86,16,66,13,93,18,61,12,43,8,42,8,24,54,37,35,40,36,15,19,12,47,49,31,53,25,28,23
2000,6,100115982,147,77,52,70,48,10,7,26,18,15,10,29,20,22,15,13,9,15,10,17,12,6,16,9,15,12,10,4,5,4,10,6,14,10,3,11,12
2000,6,100116084,21,8,38,13,62,2,10,4,19,4,19,5,24,2,10,2,10,2,10,0,0,0,3,1,2,1,0,1,0,2,1,3,3,1,2,1,0
2000,6,100116092,415,202,49,213,51,35,8,86,21,70,17,48,12,79,19,34,8,37,9,26,6,16,48,35,23,41,19,12,8,19,38,35,25,38,15,25,18
2000,6,100116131,5,,,,,,,,,,,,,,,,,,,,,,,,,,,,,,,,,,,,
2000,6,100116203,683,321,47,362,53,45,7,96,14,107,16,86,13,107,16,78,11,81,12,83,12,23,48,52,46,51,37,35,29,22,48,55,40,56,41,46,54
2000,6,100116590,220,105,48,115,52,15,7,37,17,37,17,31,14,44,20,26,12,18,8,12,5,7,16,23,15,20,11,8,5,8,21,14,16,24,15,10,7
2000,6,100116613,30,14,47,16,53,4,13,5,17,4,13,5,17,5,17,2,7,3,10,2,7,3,3,1,2,3,0,1,1,1,2,3,3,2,2,2,1
2000,6,100116695,439,195,44,244,56,42,10,75,17,50,11,72,16,51,12,39,9,59,13,51,12,20,35,24,32,25,21,21,17,22,40,26,40,26,18,38,34
2000,6,100116718,25,11,44,14,56,0,0,1,4,4,16,1,4,3,12,0,0,5,20,11,44,0,0,2,1,2,0,3,3,0,1,2,0,1,0,2,8
2000,6,100116896,221,104,47,117,53,20,9,40,18,38,17,32,14,28,13,16,7,26,12,21,10,11,18,21,14,15,7,13,5,9,22,17,18,13,9,13,16
2000,6,100116984,42,23,55,19,45,2,5,6,14,7,17,6,14,9,21,2,5,2,5,8,19,1,5,3,2,6,2,0,4,1,1,4,4,3,0,2,4
2000,6,100117527,320,146,46,174,54,16,5,45,14,47,15,37,12,53,17,34,11,43,13,45,14,6,22,23,19,29,15,20,12,10,23,24,18,24,19,23,33
2000,6,100117584,596,271,45,325,55,25,4,82,14,141,24,60,10,87,15,65,11,54,9,82,14,12,43,64,30,44,27,24,27,13,39,77,30,43,38,30,55
2000,6,100117631,111,51,46,60,54,9,8,17,15,12,11,18,16,15,14,9,8,17,15,14,13,6,10,4,10,8,2,8,3,3,7,8,8,7,7,9,11
2000,6,100117953,281,140,50,141,50,23,8,37,13,50,18,36,13,50,18,40,14,24,9,21,7,14,17,24,23,26,23,6,7,9,20,26,13,24,17,18,14
2000,6,100118071,61,32,52,29,48,0,0,7,11,5,8,8,13,11,18,5,8,6,10,19,31,0,4,5,4,6,4,2,7,0,3,0,4,5,1,4,12
2000,6,100118135,82,39,48,43,52,11,13,7,9,13,16,18,22,7,9,5,6,8,10,13,16,8,2,5,9,4,2,4,5,3,5,8,9,3,3,4,8
2000,6,100118223,343,181,53,162,47,27,8,73,21,49,14,53,15,75,22,29,8,18,5,19,6,13,45,30,25,40,13,10,5,14,28,19,28,35,16,8,14
2000,6,100118633,471,231,49,240,51,31,7,73,15,88,19,62,13,88,19,57,12,36,8,36,8,16,41,48,26,46,29,13,12,15,32,40,36,42,28,23,24
2000,6,100118674,341,159,47,182,53,21,6,50,15,35,10,44,13,60,18,37,11,45,13,49,14,11,29,18,18,32,19,20,12,10,21,17,26,28,18,25,37
2000,6,100118834,42,17,40,25,60,3,7,8,19,7,17,1,2,11,26,1,2,3,7,8,19,2,2,2,0,7,1,1,2,1,6,5,1,4,0,2,6
2000,6,100118883,555,257,46,298,54,27,5,70,13,64,12,78,14,84,15,62,11,69,12,101,18,11,35,36,40,48,31,28,28,16,35,28,38,36,31,41,73
2000,6,100118914,103,50,49,53,51,8,8,16,16,15,15,11,11,14,14,15,15,14,14,10,10,5,7,5,5,7,8,7,6,3,9,10,6,7,7,7,4
2000,6,100118955,142,71,50,71,50,9,6,24,17,16,11,21,15,19,13,16,11,23,16,14,10,5,16,9,11,9,6,11,4,4,8,7,10,10,10,12,10
2000,6,100118963,5,,,,,,,,,,,,,,,,,,,,,,,,,,,,,,,,,,,,
2000,6,100119008,1205,584,48,621,52,160,13,177,15,173,14,136,11,172,14,162,13,118,10,107,9,87,92,92,63,86,72,51,41,73,85,81,73,86,90,67,66
2000,6,100119032,591,287,49,304,51,30,5,80,14,89,15,67,11,111,19,87,15,64,11,63,11,14,39,46,31,56,44,31,26,16,41,43,36,55,43,33,37
2000,6,100119506,748,347,46,401,54,47,6,94,13,107,14,94,13,104,14,93,12,89,12,120,16,24,53,58,47,55,40,31,39,23,41,49,47,49,53,58,81
2000,6,100119643,99,49,49,50,51,6,6,8,8,16,16,12,12,15,15,15,15,15,15,12,12,2,5,7,9,5,9,6,6,4,3,9,3,10,6,9,6
2000,6,100119651,205,107,52,98,48,14,7,34,17,40,20,30,15,25,12,24,12,23,11,15,7,8,19,24,15,10,13,12,6,6,15,16,15,15,11,11,9
2000,6,100119668,13,6,46,7,54,2,15,1,8,2,15,2,15,1,8,4,31,1,8,0,0,1,0,2,1,0,2,0,0,1,1,0,1,1,2,1,0
2000,6,100119684,541,268,50,273,50,42,8,77,14,99,18,78,14,95,18,59,11,40,7,51,9,20,49,58,36,48,31,15,11,22,28,41,42,47,28,25,40
2000,6,100119707,99,47,47,52,53,4,4,8,8,15,15,7,7,18,18,8,8,12,12,27,27,3,7,7,2,11,3,5,9,1,1,8,5,7,5,7,18
2000,6,100119756,91,43,47,48,53,4,4,9,10,7,8,11,12,12,13,12,13,15,16,21,23,2,3,4,7,9,6,6,6,2,6,3,4,3,6,9,15
2000,6,100119940,376,190,51,186,49,33,9,68,18,55,15,59,16,63,17,46,12,34,9,18,5,18,30,38,29,31,26,15,3,15,38,17,30,32,20,19,15
2000,6,100120308,81,39,48,42,52,4,5,7,9,8,10,21,26,6,7,10,12,15,19,10,12,3,5,3,8,4,3,9,4,1,2,5,13,2,7,6,6
2000,6,100120324,5,,,,,,,,,,,,,,,,,,,,,,,,,,,,,,,,,,,,
2000,6,100120412,298,151,51,147,49,12,4,43,14,50,17,39,13,59,20,25,8,23,8,47,16,4,26,31,20,31,14,11,14,8,17,19,19,28,11,12,33
2000,6,100120461,5,,,,,,,,,,,,,,,,,,,,,,,,,,,,,,,,,,,,
2000,6,100120517,5,,,,,,,,,,,,,,,,,,,,,,,,,,,,,,,,,,,,
2000,6,100120558,466,227,49,239,51,37,8,67,14,69,15,62,13,74,16,41,9,63,14,53,11,20,38,34,33,36,21,30,15,17,29,35,29,38,20,33,38
2000,6,100120695,695,324,47,371,53,34,5,113,16,104,15,84,12,116,17,67,10,83,12,94,14,22,57,55,35,58,37,32,28,12,56,49,49,58,30,51,66
2000,6,100120863,19,8,42,11,58,0,0,1,5,3,16,0,0,3,16,2,11,5,26,5,26,0,1,1,0,2,1,1,2,0,0,2,0,1,1,4,3
2000,6,100120871,11,5,45,6,55,0,0,2,18,1,9,2,18,0,0,0,0,1,9,5,45,0,2,1,1,0,0,0,1,0,0,0,1,0,0,1,4
2000,6,100120888,55,22,40,33,60,3,5,8,15,4,7,7,13,6,11,6,11,6,11,15,27,1,4,1,4,3,3,2,4,2,4,3,3,3,3,4,11
2000,6,100120896,17,6,35,11,65,0,0,2,12,0,0,2,12,2,12,2,12,5,29,4,24,0,2,0,1,0,0,2,1,0,0,0,1,2,2,3,3
2000,6,100120902,19,11,58,8,42,1,5,1,5,1,5,1,5,5,26,1,5,0,0,9,47,0,0,1,0,4,1,0,5,1,1,0,1,1,0,0,4
2000,6,100120910,27,10,37,17,63,2,7,3,11,1,4,4,15,2,7,3,11,2,7,10,37,1,2,1,1,1,2,0,2,1,1,0,3,1,1,2,8
2000,6,100120927,5,,,,,,,,,,,,,,,,,,,,,,,,,,,,,,,,,,,,
2000,6,100120935,26,11,42,15,58,3,12,5,19,4,15,7,27,3,12,1,4,2,8,1,4,1,1,3,3,1,0,1,1,2,4,1,4,2,1,1,0
2000,6,100120943,5,,,,,,,,,,,,,,,,,,,,,,,,,,,,,,,,,,,,
2000,6,100120951,131,64,49,67,51,8,6,16,12,12,9,32,24,21,16,15,11,11,8,16,12,5,6,6,16,12,8,6,5,3,10,6,16,9,7,5,11
2000,6,100120968,441,203,46,238,54,25,6,65,15,75,17,49,11,80,18,58,13,40,9,49,11,11,30,44,24,42,19,21,12,14,35,31,25,38,39,19,37
2000,6,100120992,50,25,50,25,50,4,8,6,12,9,18,11,22,5,10,8,16,4,8,3,6,2,3,5,7,2,3,2,1,2,3,4,4,3,5,2,2
2000,6,100121004,18,11,61,7,39,0,0,1,6,4,22,1,6,2,11,4,22,4,22,2,11,0,1,2,1,2,2,3,0,0,0,2,0,0,2,1,2
2000,6,100121012,13,8,62,5,38,0,0,1,8,1,8,1,8,2,15,1,8,2,15,5,38,0,1,0,1,2,1,1,2,0,0,1,0,0,0,1,3
2000,6,100121020,5,,,,,,,,,,,,,,,,,,,,,,,,,,,,,,,,,,,,
2000,6,100121037,31,14,45,17,55,0,0,4,13,2,6,3,10,1,3,6,19,6,19,9,29,0,1,0,2,0,5,2,4,0,3,2,1,1,1,4,5
2000,6,100121045,21,8,38,13,62,3,14,5,24,3,14,2,10,2,10,2,10,1,5,3,14,1,1,2,1,1,1,0,1,2,4,1,1,1,1,1,2
2000,6,100121053,17,9,53,8,47,1,6,2,12,0,0,2,12,1,6,2,12,2,12,7,41,1,2,0,1,1,1,0,3,0,0,0,1,0,1,2,4
2000,6,100121061,17,9,53,8,47,0,0,3,18,1,6,1,6,3,18,0,0,3,18,6,35,0,2,1,0,2,0,2,2,0,1,0,1,1,0,1,4
2000,6,100121078,5,,,,,,,,,,,,,,,,,,,,,,,,,,,,,,,,,,,,
2000,6,100121086,13,7,54,6,46,1,8,2,15,1,8,4,31,1,8,1,8,1,8,2,15,0,2,0,2,0,1,1,1,1,0,1,2,1,0,0,1
2000,6,100121100,67,34,51,33,49,6,9,4,6,8,12,8,12,5,7,8,12,15,22,13,19,4,4,4,4,3,3,8,4,2,0,4,4,2,5,7,9
2000,6,100121117,30,15,50,15,50,0,0,3,10,4,13,1,3,2,7,5,17,6,20,9,30,0,2,4,0,0,5,3,1,0,1,0,1,2,0,3,8
2000,6,100121125,16,6,38,10,63,0,0,0,0,1,6,0,0,2,13,1,6,4,25,8,50,0,0,1,0,1,0,2,2,0,0,0,0,1,1,2,6
2000,6,100121133,60,30,50,30,50,2,3,4,7,11,18,6,10,7,12,11,18,11,18,8,13,1,1,6,5,4,8,2,3,1,3,5,1,3,3,9,5
2000,6,100121141,2030,949,47,1081,53,107,5,237,12,304,15,285,14,304,15,334,16,282,14,177,9,55,107,150,150,138,151,129,69,52,130,154,135,166,183,153,108
2000,6,100121158,64,29,45,35,55,2,3,6,9,5,8,10,16,6,9,4,6,9,14,22,34,0,2,4,5,5,1,4,8,2,4,1,5,1,3,5,14
2000,6,100121166,5,,,,,,,,,,,,,,,,,,,,,,,,,,,,,,,,,,,,
2000,6,100121174,56,25,45,31,55,5,9,4,7,6,11,8,14,4,7,8,14,6,11,15,27,1,4,3,3,4,4,3,3,4,0,3,5,0,4,3,12
2000,6,100121190,5,,,,,,,,,,,,,,,,,,,,,,,,,,,,,,,,,,,,
2000,6,100121205,5,,,,,,,,,,,,,,,,,,,,,,,,,,,,,,,,,,,,
2000,6,100121213,136,74,54,62,46,7,5,20,15,13,10,17,13,26,19,9,7,25,18,19,14,5,12,7,10,14,4,13,9,2,8,6,7,12,5,12,10
2000,6,100121221,5,,,,,,,,,,,,,,,,,,,,,,,,,,,,,,,,,,,,
2000,6,100121238,28,14,50,14,50,1,4,3,11,6,21,2,7,5,18,2,7,4,14,5,18,1,1,4,1,4,1,1,1,0,2,2,1,1,1,3,4
2000,6,100121246,18,9,50,9,50,1,6,2,11,2,11,2,11,0,0,3,17,5,28,3,17,0,2,2,1,0,1,3,0,1,0,0,1,0,2,2,3
2000,6,100121254,17,8,47,9,53,1,6,3,18,0,0,2,12,2,12,1,6,4,24,4,24,1,2,0,0,1,1,2,1,0,1,0,2,1,0,2,3
2000,6,100121262,27,12,44,15,56,1,4,3,11,1,4,5,19,1,4,4,15,2,7,10,37,0,1,0,2,1,3,0,5,1,2,1,3,0,1,2,5
2000,6,100121270,32,16,50,16,50,1,3,2,6,1,3,6,19,2,6,8,25,6,19,6,19,0,1,1,3,1,5,3,2,1,1,0,3,1,3,3,4
2000,6,100121295,18,11,61,7,39,1,6,0,0,1,6,0,0,3,17,2,11,3,17,8,44,1,0,1,0,2,1,2,4,0,0,0,0,1,1,1,4
2000,6,100121301,1112,540,49,572,51,69,6,169,15,150,13,151,14,170,15,134,12,144,13,125,11,35,85,82,73,92,67,64,42,34,84,68,78,78,67,80,83
2000,6,100121326,20,10,50,10,50,0,0,0,0,2,10,2,10,1,5,3,15,3,15,9,45,0,0,1,2,1,1,1,4,0,0,1,0,0,2,2,5
2000,6,100121334,5,,,,,,,,,,,,,,,,,,,,,,,,,,,,,,,,,,,,
2000,6,100121342,21,10,48,11,52,0,0,0,0,2,10,2,10,1,5,1,5,4,19,11,52,0,0,1,2,1,0,2,4,0,0,1,0,0,1,2,7
2000,6,100121350,43,23,53,20,47,3,7,8,19,4,9,6,14,3,7,9,21,4,9,6,14,1,6,3,4,2,4,2,1,2,2,1,2,1,5,2,5
2000,6,100121367,5,,,,,,,,,,,,,,,,,,,,,,,,,,,,,,,,,,,,
2000,6,100121375,16,10,63,6,38,1,6,0,0,3,19,2,13,1,6,3,19,3,19,3,19,1,0,3,1,1,1,2,1,0,0,0,1,0,2,1,2
2000,6,100121383,31,17,55,14,45,0,0,2,6,3,10,2,6,6,19,3,10,4,13,11,35,0,2,1,1,4,2,2,5,0,0,2,1,2,1,2,6
2000,6,100121391,5,,,,,,,,,,,,,,,,,,,,,,,,,,,,,,,,,,,,
2000,6,100121414,1355,648,48,707,52,124,9,184,14,182,13,312,23,182,13,152,11,151,11,68,5,68,95,84,157,81,64,72,27,56,89,98,155,101,88,79,41
2000,6,100121422,5,,,,,,,,,,,,,,,,,,,,,,,,,,,,,,,,,,,,
2000,6,100121447,16,7,44,9,56,0,0,4,25,1,6,2,13,4,25,3,19,2,13,0,0,0,1,1,1,1,2,1,0,0,3,0,1,3,1,1,0
2000,6,100121455,5,,,,,,,,,,,,,,,,,,,,,,,,,,,,,,,,,,,,
2000,6,100121471,572,257,45,315,55,35,6,88,15,88,15,73,13,104,18,76,13,53,9,55,10,15,40,47,39,50,38,14,14,20,48,41,34,54,38,39,41
2000,6,100121728,165,78,47,87,53,9,5,34,21,14,8,26,16,28,17,8,5,23,14,23,14,3,19,6,16,15,4,9,6,6,15,8,10,13,4,14,17
2000,6,100121840,173,83,48,90,52,26,15,26,15,17,10,40,23,30,17,9,5,14,8,11,6,13,14,5,21,15,5,5,5,13,12,12,19,15,4,9,6
2000,6,100121961,312,138,44,174,56,21,7,45,14,39,13,48,15,47,15,35,11,31,10,46,15,9,17,16,26,24,22,12,12,12,28,23,22,23,13,19,34
2000,6,100122063,40,18,45,22,55,1,3,3,8,5,13,6,15,3,8,4,10,8,20,10,25,1,1,3,4,2,2,4,1,0,2,2,2,1,2,4,9
2000,6,100122096,196,92,47,104,53,8,4,18,9,24,12,28,14,19,10,30,15,31,16,38,19,4,10,13,15,10,13,16,11,4,8,11,13,9,17,15,27
2000,6,100122184,854,410,48,444,52,54,6,110,13,128,15,124,15,112,13,91,11,105,12,130,15,28,57,73,68,62,40,46,36,26,53,55,56,50,51,59,94
2000,6,100122248,60,30,50,30,50,7,12,6,10,5,8,9,15,7,12,5,8,12,20,9,15,3,4,2,5,3,3,7,3,4,2,3,4,4,2,5,6
2000,6,100122352,713,318,45,395,55,44,6,81,11,93,13,111,16,111,16,67,9,102,14,104,15,26,35,47,54,59,25,39,33,18,46,46,57,52,42,63,71
2000,6,100122432,5,,,,,,,,,,,,,,,,,,,,,,,,,,,,,,,,,,,,
2000,6,100122504,5,,,,,,,,,,,,,,,,,,,,,,,,,,,,,,,,,,,,
2000,6,100122713,149,96,64,53,36,6,4,58,39,36,24,13,9,7,5,8,5,12,8,9,6,4,41,25,7,6,5,4,4,2,17,11,6,1,3,8,5
2000,6,100122721,349,174,50,175,50,35,10,49,14,64,18,41,12,62,18,45,13,27,8,26,7,14,28,34,19,35,23,12,9,21,21,30,22,27,22,15,17
2000,6,100122795,539,250,46,289,54,38,7,73,14,84,16,73,14,75,14,93,17,53,10,50,9,20,36,37,37,38,44,26,12,18,37,47,36,37,49,27,38
2000,6,100122875,327,158,48,169,52,17,5,37,11,53,16,45,14,45,14,48,15,36,11,46,14,7,21,25,26,25,22,17,15,10,16,28,19,20,26,19,31
2000,6,100122883,114,57,50,57,50,13,11,17,15,20,18,13,11,17,15,11,10,11,10,12,11,9,11,10,5,7,6,5,4,4,6,10,8,10,5,6,8
2000,6,100122891,5,,,,,,,,,,,,,,,,,,,,,,,,,,,,,,,,,,,,
2000,6,100123057,93,49,53,44,47,6,6,10,11,15,16,17,18,8,9,14,15,10,11,13,14,3,3,9,12,4,8,6,4,3,7,6,5,4,6,4,9
2000,6,100123217,267,123,46,144,54,21,8,36,13,33,12,38,14,37,14,26,10,28,10,48,18,10,20,16,18,18,12,13,16,11,16,17,20,19,14,15,32
2000,6,100123973,260,124,48,136,52,23,9,31,12,57,22,37,14,37,14,40,15,15,6,20,8,11,16,34,17,18,20,5,3,12,15,23,20,19,20,10,17
2000,6,100123981,773,383,50,390,50,31,4,86,11,225,29,78,10,93,12,81,10,72,9,107,14,19,44,143,32,41,40,29,35,12,42,82,46,52,41,43,72
2000,6,100123998,266,120,45,146,55,12,5,16,6,32,12,36,14,34,13,23,9,53,20,60,23,5,9,15,19,22,13,23,14,7,7,17,17,12,10,30,46
2000,6,100124042,320,141,44,179,56,14,4,42,13,37,12,41,13,46,14,41,13,42,13,57,18,3,22,20,20,25,15,18,18,11,20,17,21,21,26,24,39
2000,6,100124516,633,294,46,339,54,40,6,86,14,89,14,82,13,78,12,83,13,77,12,98,15,20,45,49,41,33,42,33,31,20,41,40,41,45,41,44,67
2000,6,100124532,99,53,54,46,46,7,7,10,10,13,13,14,14,13,13,8,8,16,16,18,18,5,7,7,9,5,5,9,6,2,3,6,5,8,3,7,12
2000,6,100124565,594,267,45,327,55,31,5,87,15,100,17,70,12,79,13,53,9,69,12,105,18,17,44,60,34,29,27,26,30,14,43,40,36,50,26,43,75
2000,6,100124598,657,283,43,374,57,72,11,119,18,111,17,80,12,86,13,82,12,59,9,48,7,33,58,42,33,42,38,24,13,39,61,69,47,44,44,35,35
2000,6,100124612,126,60,48,66,52,8,6,20,16,15,12,13,10,21,17,10,8,19,15,20,16,5,10,8,6,12,5,8,6,3,10,7,7,9,5,11,14
2000,6,100124661,183,95,52,88,48,13,7,27,15,35,19,21,11,25,14,30,16,13,7,19,10,7,14,24,11,9,14,8,8,6,13,11,10,16,16,5,11
2000,6,100124678,142,62,44,80,56,5,4,18,13,12,8,14,10,11,8,15,11,37,26,30,21,1,11,7,8,6,5,14,10,4,7,5,6,5,10,23,20
2000,6,100124686,344,168,49,176,51,11,3,41,12,56,16,41,12,59,17,39,11,34,10,63,18,3,26,32,25,33,16,15,18,8,15,24,16,26,23,19,45
2000,6,100124700,1243,584,47,659,53,147,12,194,16,165,13,243,20,175,14,125,10,121,10,73,6,66,98,79,118,90,57,53,23,81,96,86,125,85,68,68,50
2000,6,100124717,298,128,43,170,57,15,5,48,16,50,17,39,13,43,14,35,12,31,10,37,12,7,21,20,21,17,14,10,18,8,27,30,18,26,21,21,19
2000,6,100124733,1737,788,45,949,55,126,7,214,12,229,13,224,13,229,13,184,11,246,14,285,16,63,102,107,116,110,86,110,94,63,112,122,108,119,98,136,191
2000,6,100124766,91,37,41,54,59,5,5,13,14,14,15,12,13,13,14,13,14,6,7,15,16,1,7,5,6,6,4,5,3,4,6,9,6,7,9,1,12
2000,6,100124782,419,194,46,225,54,26,6,63,15,63,15,69,16,57,14,36,9,55,13,50,12,13,34,37,30,28,16,21,15,13,29,26,39,29,20,34,35
2000,6,100124790,575,269,47,306,53,33,6,79,14,94,16,65,11,97,17,74,13,73,13,60,10,18,41,44,36,48,31,32,19,15,38,50,29,49,43,41,41
2000,6,100124854,290,145,50,145,50,26,9,37,13,50,17,51,18,34,12,25,9,29,10,38,13,12,25,30,26,16,12,14,10,14,12,20,25,18,13,15,28
2000,6,100124887,323,151,47,172,53,27,8,50,15,49,15,47,15,45,14,26,8,33,10,46,14,15,28,25,23,21,12,13,14,12,22,24,24,24,14,20,32
2000,6,100124975,266,142,53,124,47,34,13,38,14,48,18,34,13,36,14,23,9,22,8,31,12,24,26,28,18,17,10,8,11,10,12,20,16,19,13,14,20
2000,6,100124983,532,246,46,286,54,34,6,86,16,77,14,63,12,71,13,43,8,67,13,91,17,18,38,36,38,38,23,25,30,16,48,41,25,33,20,42,61
2000,6,100124991,288,141,49,147,51,25,9,61,21,41,14,38,13,41,14,28,10,27,9,27,9,10,32,24,19,20,13,16,7,15,29,17,19,21,15,11,20
2000,6,100125028,735,330,45,405,55,59,8,101,14,125,17,83,11,118,16,70,10,72,10,107,15,29,48,69,42,50,38,28,26,30,53,56,41,68,32,44,81
2000,6,100125036,489,238,49,251,51,41,8,74,15,66,13,79,16,70,14,29,6,65,13,65,13,18,42,41,36,39,12,30,20,23,32,25,43,31,17,35,45
2000,6,100125077,170,77,45,93,55,10,6,31,18,23,14,26,15,24,14,18,11,15,9,23,14,7,14,11,13,14,9,4,5,3,17,12,13,10,9,11,18
2000,6,100125116,101,47,47,54,53,13,13,15,15,25,25,18,18,6,6,13,13,6,6,5,5,6,9,9,13,2,6,1,1,7,6,16,5,4,7,5,4
2000,6,100125124,80,44,55,36,45,7,9,12,15,6,8,14,18,7,9,6,8,12,15,16,20,2,6,5,9,5,3,8,6,5,6,1,5,2,3,4,10
2000,6,100125132,324,151,47,173,53,32,10,65,20,44,14,46,14,44,14,36,11,28,9,29,9,18,29,20,24,20,20,12,8,14,36,24,22,24,16,16,21
2000,6,100125140,185,88,48,97,52,14,8,30,16,36,19,24,13,28,15,14,8,16,9,23,12,7,13,19,11,15,8,8,7,7,17,17,13,13,6,8,16
2000,6,100125173,404,181,45,223,55,36,9,63,16,64,16,71,18,49,12,51,13,38,9,32,8,23,29,25,30,22,26,17,9,13,34,39,41,27,25,21,23
2000,6,100125245,387,191,49,196,51,36,9,55,14,61,16,50,13,59,15,45,12,41,11,40,10,23,26,34,23,30,22,17,16,13,29,27,27,29,23,24,24
2000,6,100125317,441,198,45,243,55,59,13,72,16,44,10,86,20,43,10,33,7,51,12,53,12,34,30,23,38,22,16,18,17,25,42,21,48,21,17,33,36
2000,6,100125325,348,161,46,187,54,23,7,65,19,66,19,39,11,63,18,33,9,33,9,26,7,11,38,33,18,31,16,11,3,12,27,33,21,32,17,22,23
2000,6,100125333,645,287,44,358,56,44,7,127,20,85,13,111,17,93,14,61,9,61,9,63,10,23,55,47,48,41,30,23,20,21,72,38,63,52,31,38,43
2000,6,100125358,145,71,49,74,51,12,8,20,14,22,15,24,17,20,14,13,9,19,13,15,10,4,11,14,15,12,4,7,4,8,9,8,9,8,9,12,11
2000,6,100125366,295,143,48,152,52,15,5,45,15,43,15,43,15,40,14,38,13,34,12,37,13,7,23,23,21,24,19,16,10,8,22,20,22,16,19,18,27
2000,6,100125405,311,142,46,169,54,25,8,58,19,43,14,46,15,40,13,30,10,25,8,44,14,13,27,21,21,18,18,12,12,12,31,22,25,22,12,13,32
2000,6,100125421,322,164,51,158,49,25,8,51,16,48,15,42,13,45,14,35,11,33,10,43,13,15,32,27,19,26,19,14,12,10,19,21,23,19,16,19,31
2000,6,100125454,343,160,47,183,53,27,8,58,17,57,17,45,13,59,17,38,11,33,10,26,8,15,19,29,23,28,21,14,11,12,39,28,22,31,17,19,15
2000,6,100125470,182,82,45,100,55,7,4,20,11,20,11,19,10,23,13,19,10,38,21,36,20,3,9,11,12,10,10,16,11,4,11,9,7,13,9,22,25
2000,6,100125501,225,105,47,120,53,27,12,36,16,32,14,31,14,30,13,21,9,28,12,20,9,13,19,14,16,17,10,12,4,14,17,18,15,13,11,16,16
2000,6,100125518,299,141,47,158,53,26,9,63,21,43,14,47,16,41,14,25,8,25,8,29,10,18,28,19,27,16,14,12,7,8,35,24,20,25,11,13,22
2000,6,100125614,182,82,45,100,55,13,7,19,10,27,15,24,13,26,14,15,8,27,15,31,17,6,8,15,11,14,7,12,9,7,11,12,13,12,8,15,22
2000,6,100125671,94,49,52,45,48,7,7,21,22,9,10,14,15,18,19,10,11,7,7,8,9,3,14,4,7,11,4,3,3,4,7,5,7,7,6,4,5
2000,6,100125702,334,140,42,194,58,25,7,56,17,41,12,40,12,57,17,32,10,33,10,50,15,10,27,20,16,25,14,15,13,15,29,21,24,32,18,18,37
2000,6,100125743,89,45,51,44,49,12,13,10,11,13,15,15,17,11,12,10,11,7,8,11,12,10,5,7,8,6,4,2,3,2,5,6,7,5,6,5,8
2000,6,100125936,268,123,46,145,54,22,8,59,22,29,11,39,15,41,15,24,9,35,13,19,7,13,25,12,18,24,11,14,6,9,34,17,21,17,13,21,13
2000,6,100126005,118,58,49,60,51,7,6,17,14,11,9,12,10,22,19,12,10,20,17,17,14,4,8,7,7,9,9,12,2,3,9,4,5,13,3,8,15
2000,6,100126038,222,106,48,116,52,19,9,29,13,30,14,32,14,35,16,26,12,33,15,18,8,6,15,18,20,17,13,12,5,13,14,12,12,18,13,21,13
2000,6,100126070,621,295,48,326,52,50,8,91,15,105,17,87,14,80,13,63,10,71,11,74,12,32,42,51,43,40,30,34,23,18,49,54,44,40,33,37,51
2000,6,100126087,114,49,43,65,57,14,12,13,11,16,14,18,16,12,11,11,10,14,12,16,14,5,6,7,9,7,4,7,4,9,7,9,9,5,7,7,12
2000,6,100126327,603,279,46,324,54,49,8,95,16,75,12,86,14,86,14,48,8,77,13,87,14,22,55,37,46,45,18,32,24,27,40,38,40,41,30,45,63
2000,6,100126456,259,122,47,137,53,20,8,43,17,44,17,29,11,46,18,26,10,22,8,29,11,11,16,20,15,22,16,13,9,9,27,24,14,24,10,9,20
2000,6,100126503,791,387,49,404,51,37,5,65,8,119,15,123,16,92,12,97,12,112,14,146,18,21,38,56,76,50,49,48,49,16,27,63,47,42,48,64,97
2000,6,100126593,171,86,50,85,50,13,8,29,17,24,14,21,12,25,15,23,13,11,6,25,15,6,17,15,10,13,13,2,10,7,12,9,11,12,10,9,15
2000,6,100126624,752,354,47,398,53,58,8,133,18,108,14,91,12,117,16,68,9,82,11,95,13,34,70,55,41,61,28,37,28,24,63,53,50,56,40,45,67
2000,6,100126737,236,114,48,122,52,15,6,41,17,36,15,30,13,39,17,26,11,21,9,28,12,5,23,19,20,19,11,7,10,10,18,17,10,20,15,14,18
2000,6,100126786,191,91,48,100,52,16,8,20,10,23,12,31,16,18,9,15,8,23,12,45,24,9,12,13,15,12,6,10,14,7,8,10,16,6,9,13,31
2000,6,100126858,119,66,55,53,45,4,3,18,15,25,21,17,14,18,15,16,13,13,11,8,7,2,12,17,8,11,7,8,1,2,6,8,9,7,9,5,7
2000,6,100126954,715,360,50,355,50,56,8,104,15,187,26,92,13,100,14,69,10,46,6,61,9,31,54,111,43,45,38,19,19,25,50,76,49,55,31,27,42
2000,6,100127056,357,158,44,199,56,28,8,47,13,61,17,48,13,55,15,35,10,41,11,42,12,17,16,29,22,30,20,13,11,11,31,32,26,25,15,28,31
2000,6,100127080,189,84,44,105,56,13,7,30,16,25,13,18,10,34,18,12,6,19,10,38,20,10,15,11,8,17,4,7,12,3,15,14,10,17,8,12,26
2000,6,100127136,257,117,46,140,54,33,13,41,16,31,12,39,15,34,13,15,6,32,12,32,12,16,21,16,17,19,7,14,7,17,20,15,22,15,8,18,25
2000,6,100127185,122,62,51,60,49,9,7,11,9,19,16,16,13,9,7,30,25,21,17,7,6,5,4,11,10,2,18,9,3,4,7,8,6,7,12,12,4
2000,6,100127208,42,19,45,23,55,3,7,5,12,2,5,4,10,6,14,3,7,8,19,11,26,2,3,0,3,1,1,5,4,1,2,2,1,5,2,3,7
2000,6,100127232,532,258,48,274,52,27,5,84,16,71,13,66,12,91,17,68,13,62,12,63,12,15,49,31,31,48,30,32,22,12,35,40,35,43,38,30,41
2000,6,100127240,255,118,46,137,54,30,12,52,20,34,13,44,17,38,15,24,9,24,9,9,4,12,26,18,18,21,11,7,5,18,26,16,26,17,13,17,4
2000,6,100127257,510,244,48,266,52,43,8,83,16,95,19,62,12,98,19,70,14,28,5,31,6,22,38,52,30,48,33,14,7,21,45,43,32,50,37,14,24
2000,6,100127546,63,25,40,38,60,7,11,6,10,7,11,12,19,8,13,1,2,12,19,10,16,2,4,3,5,4,0,5,2,5,2,4,7,4,1,7,8
2000,6,100127570,330,156,47,174,53,26,8,53,16,47,14,40,12,45,14,32,10,39,12,48,15,9,30,23,21,25,14,18,16,17,23,24,19,20,18,21,32
2000,6,100127601,88,40,45,48,55,2,2,13,15,6,7,9,10,12,14,8,9,15,17,23,26,1,5,3,3,8,3,8,9,1,8,3,6,4,5,7,14
2000,6,100127675,72,26,36,46,64,9,13,11,15,12,17,10,14,8,11,8,11,7,10,7,10,4,2,4,4,5,3,3,1,5,9,8,6,3,5,4,6
2000,6,100127683,199,93,47,106,53,15,8,20,10,32,16,24,12,18,9,34,17,16,8,40,20,9,6,17,11,10,18,9,13,6,14,15,13,8,16,7,27
2000,6,100127691,91,38,42,53,58,6,7,11,12,18,20,11,12,10,11,13,14,10,11,12,13,3,5,9,5,5,2,6,3,3,6,9,6,5,11,4,9
2000,6,100127706,1576,729,46,847,54,108,7,206,13,222,14,244,15,283,18,173,11,133,8,207,13,57,106,106,123,137,75,57,68,51,100,116,121,146,98,76,139
2000,6,100127714,1075,508,47,567,53,72,7,162,15,164,15,163,15,170,16,131,12,89,8,124,12,41,79,82,85,83,61,39,38,31,83,82,78,87,70,50,86
2000,6,100127722,348,168,48,180,52,21,6,46,13,52,15,41,12,55,16,43,12,37,11,53,15,14,26,28,20,27,20,19,14,7,20,24,21,28,23,18,39
2000,6,100127771,1986,905,46,1081,54,136,7,267,13,300,15,283,14,278,14,231,12,189,10,302,15,71,146,146,141,124,103,84,90,65,121,154,142,154,128,105,212
2000,6,100127835,240,110,46,130,54,16,7,39,16,34,14,36,15,33,14,26,11,25,10,31,13,7,21,17,17,20,9,12,7,9,18,17,19,13,17,13,24
2000,6,100127876,986,466,47,520,53,52,5,135,14,174,18,113,11,175,18,144,15,100,10,93,9,25,69,98,56,78,74,36,30,27,66,76,57,97,70,64,63
2000,6,100127915,290,135,47,155,53,22,8,44,15,52,18,35,12,46,16,25,9,31,11,35,12,10,24,26,17,20,12,13,13,12,20,26,18,26,13,18,22
2000,6,100127923,352,161,46,191,54,24,7,59,17,48,14,51,14,55,16,31,9,34,10,50,14,12,29,25,21,28,16,15,15,12,30,23,30,27,15,19,35
2000,6,100127948,134,64,48,70,52,6,4,23,17,21,16,19,14,21,16,14,10,18,13,12,9,3,8,14,8,11,8,10,2,3,15,7,11,10,6,8,10
2000,6,100127964,502,237,47,265,53,44,9,74,15,94,19,86,17,62,12,51,10,44,9,47,9,19,43,40,44,33,28,15,15,25,31,54,42,29,23,29,32
2000,6,100127997,285,128,45,157,55,26,9,46,16,36,13,36,13,39,14,34,12,18,6,50,18,15,21,16,19,18,16,8,15,11,25,20,17,21,18,10,35
2000,6,100128074,825,403,49,422,51,49,6,113,14,123,15,112,14,125,15,101,12,85,10,117,14,22,58,72,51,61,48,37,54,27,55,51,61,64,53,48,63
2000,6,100128082,398,184,46,214,54,15,4,52,13,44,11,56,14,67,17,44,11,56,14,64,16,9,20,31,31,36,20,20,17,6,32,13,25,31,24,36,47
2000,6,100128105,143,64,45,79,55,13,9,17,12,20,14,14,10,20,14,18,13,23,16,18,13,7,11,8,6,8,9,10,5,6,6,12,8,12,9,13,13
2000,6,100128138,111,47,42,64,58,10,9,12,11,19,17,9,8,13,12,14,13,14,13,20,18,3,5,11,5,7,5,6,5,7,7,8,4,6,9,8,15
2000,6,100128146,123,59,48,64,52,6,5,17,14,16,13,16,13,14,11,11,9,19,15,24,20,4,9,8,11,7,5,7,8,2,8,8,5,7,6,12,16
2000,6,100128187,1139,509,45,630,55,80,7,162,14,185,16,158,14,171,15,125,11,116,10,142,12,41,77,92,73,85,62,39,40,39,85,93,85,86,63,77,102
2000,6,100128275,3241,1550,48,1691,52,214,7,367,11,489,15,458,14,465,14,374,12,411,13,463,14,123,198,254,223,232,164,201,155,91,169,235,235,233,210,210,308
2000,6,100128322,431,194,45,237,55,30,7,47,11,86,20,45,10,76,18,47,11,48,11,52,12,11,25,39,21,39,21,18,20,19,22,47,24,37,26,30,32
2000,6,100128330,345,156,45,189,55,31,9,65,19,58,17,49,14,53,15,32,9,33,10,24,7,16,26,32,24,28,13,11,6,15,39,26,25,25,19,22,18
2000,6,100128347,173,81,47,92,53,12,7,12,7,26,15,20,12,29,17,10,6,24,14,40,23,9,5,11,14,15,8,8,11,3,7,15,6,14,2,16,29
2000,6,100128363,419,201,48,218,52,30,7,76,18,67,16,57,14,61,15,44,11,37,9,47,11,14,34,40,28,31,24,14,16,16,42,27,29,30,20,23,31
2000,6,100128443,589,288,49,301,51,45,8,101,17,104,18,77,13,86,15,60,10,63,11,53,9,23,62,55,32,49,31,20,16,22,39,49,45,37,29,43,37
2000,6,100128476,361,183,51,178,49,30,8,67,19,67,19,48,13,60,17,31,9,32,9,26,7,16,35,44,25,27,17,13,6,14,32,23,23,33,14,19,20
2000,6,100128484,25,11,44,14,56,0,0,3,12,2,8,1,4,5,20,3,12,5,20,6,24,0,1,2,0,2,2,2,2,0,2,0,1,3,1,3,4
2000,6,100128523,333,157,47,176,53,26,8,54,16,32,10,58,17,49,15,28,8,47,14,39,12,13,27,15,30,29,11,22,10,13,27,17,28,20,17,25,29
2000,6,100128556,99,46,46,53,54,10,10,10,10,15,15,12,12,12,12,11,11,10,10,19,19,5,6,8,5,8,3,6,5,5,4,7,7,4,8,4,14
2000,6,100128580,677,312,46,365,54,63,9,116,17,93,14,88,13,108,16,61,9,83,12,65,10,27,58,48,41,58,29,33,18,36,58,45,47,50,32,50,47
2000,6,100128611,253,122,48,131,52,27,11,32,13,35,14,39,15,33,13,26,10,32,13,29,11,10,21,15,22,19,12,12,11,17,11,20,17,14,14,20,18
2000,6,100128660,573,283,49,290,51,41,7,89,16,85,15,78,14,82,14,71,12,73,13,54,9,26,47,50,36,43,33,35,13,15,42,35,42,39,38,38,41
2000,6,100128677,399,189,47,210,53,29,7,79,20,56,14,51,13,69,17,36,9,43,11,36,9,15,41,26,26,39,16,17,9,14,38,30,25,30,20,26,27
2000,6,100128685,242,118,49,124,51,11,5,28,12,38,16,23,10,35,14,38,16,35,14,34,14,6,15,21,11,20,24,13,8,5,13,17,12,15,14,22,26
2000,6,100128757,350,169,48,181,52,21,6,55,16,67,19,40,11,54,15,44,13,29,8,40,11,12,27,33,20,30,22,11,14,9,28,34,20,24,22,18,26
2000,6,100128765,245,116,47,129,53,32,13,40,16,38,16,39,16,34,14,16,7,21,9,25,10,15,22,17,19,18,8,9,8,17,18,21,20,16,8,12,17
2000,6,100128853,246,120,49,126,51,12,5,21,9,41,17,25,10,31,13,29,12,37,15,50,20,4,11,25,14,17,13,16,20,8,10,16,11,14,16,21,30
2000,6,100128861,268,130,49,138,51,27,10,46,17,47,18,47,18,32,12,28,10,20,7,21,8,13,21,27,25,13,16,8,7,14,25,20,22,19,12,12,14
2000,6,100128878,358,158,44,200,56,28,8,48,13,69,19,48,13,46,13,37,10,28,8,54,15,11,24,36,26,21,16,13,11,17,24,33,22,25,21,15,43
2000,6,100128900,693,305,44,388,56,51,7,82,12,116,17,86,12,101,15,83,12,70,10,104,15,22,37,65,45,46,38,26,26,29,45,51,41,55,45,44,78
2000,6,100129236,135,78,58,57,42,5,4,24,18,17,13,16,12,24,18,17,13,12,9,20,15,4,16,13,9,14,9,6,7,1,8,4,7,10,8,6,13
2000,6,100129252,181,91,50,90,50,17,9,25,14,37,20,25,14,30,17,11,6,23,13,13,7,10,15,18,13,17,6,11,1,7,10,19,12,13,5,12,12
2000,6,100129533,415,180,43,235,57,38,9,70,17,50,12,64,15,61,15,39,9,38,9,55,13,14,34,26,27,29,21,19,10,24,36,24,37,32,18,19,45
2000,6,100129574,85,41,48,44,52,9,11,13,15,12,14,9,11,15,18,9,11,8,9,10,12,4,5,7,4,8,7,3,3,5,8,5,5,7,2,5,7
2000,6,100129605,54,23,43,31,57,1,2,6,11,8,15,7,13,9,17,9,17,6,11,8,15,0,2,4,4,3,3,4,3,1,4,4,3,6,6,2,5
2000,6,100129621,381,183,48,198,52,26,7,62,16,58,15,47,12,65,17,47,12,34,9,42,11,15,31,31,29,38,18,13,8,11,31,27,18,27,29,21,34
2000,6,100129701,297,132,44,165,56,34,11,61,21,41,14,38,13,47,16,20,7,23,8,33,11,13,33,15,19,23,10,11,8,21,28,26,19,24,10,12,25
2000,6,100129775,152,76,50,76,50,12,8,21,14,19,13,17,11,33,22,8,5,16,11,26,17,4,10,13,11,17,2,11,8,8,11,6,6,16,6,5,18
2000,6,100129871,200,91,46,109,55,16,8,27,14,25,13,31,16,24,12,17,9,26,13,34,17,8,14,9,17,13,7,12,11,8,13,16,14,11,10,14,23
2000,6,100129888,65,29,45,36,55,2,3,9,14,4,6,8,12,8,12,12,18,10,15,12,18,0,5,1,3,6,6,4,4,2,4,3,5,2,6,6,8
2000,6,100129896,252,115,46,137,54,24,10,47,19,29,12,47,19,34,13,28,11,24,10,19,8,10,22,17,18,20,13,10,5,14,25,12,29,14,15,14,14
2000,6,100129968,567,334,59,233,41,10,2,24,4,44,8,90,16,90,16,127,22,103,18,79,14,2,13,29,57,61,81,63,28,8,11,15,33,29,46,40,51
2000,6,100129984,303,147,49,156,51,33,11,54,18,41,14,44,15,49,16,29,10,24,8,29,10,19,28,25,20,22,11,12,10,14,26,16,24,27,18,12,19
2000,6,100130046,138,61,44,77,56,10,7,22,16,20,14,24,17,14,10,18,13,15,11,15,11,5,10,9,12,7,8,4,6,5,12,11,12,7,10,11,9
2000,6,100130101,116,50,43,66,57,12,10,21,18,17,15,9,8,18,16,17,15,10,9,12,10,6,10,8,3,10,8,2,3,6,11,9,6,8,9,8,9
2000,6,100130302,120,64,53,56,47,8,7,12,10,32,27,14,12,10,8,19,16,14,12,11,9,5,4,20,9,5,8,8,5,3,8,12,5,5,11,6,6
2000,6,100130310,302,147,49,155,51,15,5,51,17,47,16,46,15,55,18,17,6,42,14,29,10,7,26,25,28,27,7,17,10,8,25,22,18,28,10,25,19
2000,6,100130415,206,93,45,113,55,12,6,44,21,24,12,30,15,31,15,16,8,23,11,26,13,6,25,11,13,16,7,10,5,6,19,13,17,15,9,13,21
2000,6,100130665,75,37,49,38,51,5,7,16,21,6,8,4,5,12,16,3,4,15,20,14,19,3,8,3,4,6,2,6,5,2,8,3,0,6,1,9,9
2000,6,100130946,321,155,48,166,52,25,8,42,13,52,16,33,10,48,15,41,13,31,10,49,15,12,25,30,13,22,24,13,16,13,17,22,20,26,17,18,33
2000,6,100131466,279,124,44,155,56,20,7,23,8,44,16,25,9,33,12,31,11,26,9,77,28,12,7,19,11,16,18,10,31,8,16,25,14,17,13,16,46
2000,6,100131554,146,73,50,73,50,14,10,18,12,26,18,21,14,18,12,22,15,15,10,12,8,5,12,14,13,8,13,6,2,9,6,12,8,10,9,9,10
2000,6,100131562,132,64,48,68,52,16,12,20,15,13,10,21,16,20,15,16,12,12,9,14,11,9,6,8,9,14,7,7,4,7,14,5,12,6,9,5,10
2000,6,100131810,483,227,47,256,53,47,10,97,20,63,13,82,17,86,18,45,9,31,6,32,7,21,44,34,42,46,21,13,6,26,53,29,40,40,24,18,26
2000,6,100132113,269,116,43,153,57,29,11,39,14,33,12,32,12,47,17,30,11,20,7,39,14,13,15,17,18,20,14,8,11,16,24,16,14,27,16,12,28
2000,6,100132170,107,49,46,58,54,12,11,16,15,9,8,15,14,10,9,11,10,21,20,13,12,8,5,6,7,4,6,9,4,4,11,3,8,6,5,12,9
2000,6,100132242,118,57,48,61,52,8,7,19,16,23,19,9,8,20,17,14,12,9,8,16,14,3,17,8,4,10,9,4,2,5,2,15,5,10,5,5,14
2000,6,100132322,1645,764,46,881,54,104,6,280,17,262,16,250,15,335,20,176,11,120,7,118,7,55,134,134,122,152,82,49,36,49,146,128,128,183,94,71,82
2000,6,100132363,242,120,50,122,50,19,8,44,18,30,12,37,15,39,16,27,11,23,10,23,10,9,25,16,15,25,14,11,5,10,19,14,22,14,13,12,18
2000,6,100132443,693,331,48,362,52,50,7,140,20,120,17,90,13,97,14,78,11,65,9,53,8,26,78,67,44,41,35,25,15,24,62,53,46,56,43,40,38
2000,6,100132597,226,101,45,125,55,16,7,38,17,35,15,26,12,43,19,29,13,16,7,23,10,8,13,17,11,23,12,7,10,8,25,18,15,20,17,9,13
2000,6,100133180,142,68,48,74,52,13,9,24,17,33,23,19,13,16,11,15,11,9,6,13,9,5,15,19,12,6,7,3,1,8,9,14,7,10,8,6,12
2000,6,100133285,58,28,48,30,52,4,7,5,9,10,17,9,16,8,14,4,7,8,14,10,17,2,2,4,6,4,1,5,4,2,3,6,3,4,3,3,6
2000,6,100133293,268,118,44,150,56,22,8,50,19,49,18,25,9,46,17,28,10,16,6,32,12,9,23,26,12,24,11,6,7,13,27,23,13,22,17,10,25
2000,6,100133638,247,114,46,133,54,35,14,50,20,25,10,47,19,44,18,13,5,17,7,16,6,20,20,13,24,22,7,5,3,15,30,12,23,22,6,12,13
2000,6,100133742,103,53,51,50,49,5,5,11,11,19,18,13,13,12,12,16,16,16,16,11,11,4,9,12,4,6,6,8,4,1,2,7,9,6,10,8,7
2000,6,100133750,411,179,44,232,56,33,8,79,19,48,12,62,15,64,16,29,7,45,11,51,12,12,42,26,27,30,13,17,12,21,37,22,35,34,16,28,39
2000,6,100134061,142,74,52,68,48,13,9,24,17,18,13,29,20,19,13,12,8,16,11,11,8,8,14,13,12,11,5,8,3,5,10,5,17,8,7,8,8
2000,6,100134270,398,193,48,205,52,25,6,60,15,65,16,43,11,74,19,37,9,45,11,49,12,14,34,31,20,39,19,19,17,11,26,34,23,35,18,26,32
2000,6,100134672,385,187,49,198,51,26,7,55,14,50,13,61,16,63,16,32,8,52,14,46,12,11,28,29,30,36,18,21,14,15,27,21,31,27,14,31,32
2000,6,100135014,107,51,48,56,52,13,12,20,19,9,8,21,20,11,10,8,7,12,11,13,12,7,9,5,9,7,4,6,4,6,11,4,12,4,4,6,9
2000,6,100135127,374,174,47,200,53,28,7,54,14,49,13,52,14,59,16,27,7,34,9,71,19,14,29,21,27,29,16,15,23,14,25,28,25,30,11,19,48
2000,6,100135561,227,104,46,123,54,10,4,46,20,27,12,36,16,41,18,27,12,18,8,22,10,8,23,12,16,22,13,6,4,2,23,15,20,19,14,12,18
2000,6,100135738,322,147,46,175,54,20,6,47,15,41,13,49,15,56,17,38,12,29,9,42,13,10,24,19,25,32,20,6,11,10,23,22,24,24,18,23,31
2000,6,100135746,102,49,48,53,52,6,6,10,10,15,15,10,10,17,17,14,14,16,16,14,14,3,6,7,5,10,7,7,4,3,4,8,5,7,7,9,10
2000,6,100136186,251,123,49,128,51,27,11,34,14,36,14,41,16,42,17,28,11,26,10,17,7,12,16,22,20,23,12,13,5,15,18,14,21,19,16,13,12
2000,6,100136233,152,77,51,75,49,12,8,22,14,21,14,23,15,21,14,18,12,12,8,23,15,7,11,13,11,11,9,7,8,5,11,8,12,10,9,5,15
2000,6,100136602,451,217,48,234,52,17,4,65,14,72,16,53,12,80,18,50,11,52,12,62,14,8,35,34,33,43,28,21,15,9,30,38,20,37,22,31,47
2000,6,100137155,288,138,48,150,52,14,5,31,11,44,15,38,13,53,18,49,17,20,7,39,14,5,13,24,19,27,27,12,11,9,18,20,19,26,22,8,28
2000,6,100137372,61,33,54,28,46,8,13,6,10,6,10,12,20,6,10,5,8,10,16,8,13,3,4,4,7,3,2,7,3,5,2,2,5,3,3,3,5
2000,6,100137653,869,388,45,481,55,41,5,90,10,102,12,109,13,128,15,93,11,101,12,205,24,21,46,56,51,60,54,39,61,20,44,46,58,68,39,62,144
2000,6,100138028,361,165,46,196,54,32,9,61,17,48,13,53,15,46,13,36,10,25,7,60,17,16,34,23,23,22,22,10,15,16,27,25,30,24,14,15,45
2000,6,100138663,284,142,50,142,50,14,5,55,19,44,15,29,10,60,21,25,9,23,8,34,12,10,31,23,15,28,13,13,9,4,24,21,14,32,12,10,25
2000,6,100138872,74,32,43,42,57,10,14,8,11,10,14,11,15,9,12,4,5,7,9,15,20,4,5,4,4,6,2,2,5,6,3,6,7,3,2,5,10
2000,6,100139005,230,112,49,118,51,18,8,36,16,31,13,35,15,41,18,22,10,25,11,22,10,10,16,13,18,23,13,13,6,8,20,18,17,18,9,12,16
2000,6,100139062,366,168,46,198,54,28,8,52,14,52,14,60,16,52,14,47,13,39,11,36,10,12,23,23,27,30,24,14,15,16,29,29,33,22,23,25,21
2000,6,100140040,333,152,46,181,54,26,8,47,14,40,12,49,15,51,15,25,8,49,15,46,14,14,18,20,25,25,14,21,15,12,29,20,24,26,11,28,31
2000,6,100140313,208,101,49,107,51,17,8,31,15,46,22,24,12,40,19,24,12,15,7,11,5,9,15,26,10,17,13,7,4,8,16,20,14,23,11,8,7
2000,6,100140651,80,38,48,42,53,4,5,17,21,10,13,14,18,13,16,14,18,3,4,5,6,3,7,5,6,5,10,1,1,1,10,5,8,8,4,2,4
2000,6,100140723,124,65,52,59,48,15,12,19,15,15,12,21,17,14,11,13,10,14,11,13,10,7,10,11,10,7,7,8,5,8,9,4,11,7,6,6,8
2000,6,100140860,132,67,51,65,49,6,5,13,10,17,13,10,8,24,18,17,13,15,11,30,23,6,9,8,7,12,8,8,9,0,4,9,3,12,9,7,21
2000,6,100140940,152,68,45,84,55,8,5,31,20,18,12,24,16,29,19,13,9,12,8,17,11,1,18,10,10,16,5,6,2,7,13,8,14,13,8,6,15
2000,6,100141188,348,170,49,178,51,28,8,51,15,46,13,54,16,67,19,32,9,24,7,46,13,16,24,23,28,38,18,7,16,12,27,23,26,29,14,17,30
2000,6,100141202,182,82,45,100,55,13,7,23,13,24,13,12,7,28,15,15,8,35,19,32,18,6,11,12,3,16,9,16,9,7,12,12,9,12,6,19,23
2000,6,100141645,260,126,48,134,52,20,8,40,15,48,18,31,12,66,25,15,6,20,8,20,8,8,20,26,17,33,9,6,7,12,20,22,14,33,6,14,13
2000,6,100142325,316,148,47,168,53,20,6,47,15,40,13,45,14,53,17,40,13,28,9,43,14,9,25,18,24,31,16,12,13,11,22,22,21,22,24,16,30
2000,6,100142671,437,217,50,220,50,30,7,67,15,47,11,81,19,69,16,56,13,31,7,56,13,16,34,24,47,39,28,13,16,14,33,23,34,30,28,18,40
2000,6,100143038,248,127,51,121,49,13,5,35,14,39,16,35,14,44,18,27,11,20,8,35,14,9,19,24,15,24,13,10,13,4,16,15,20,20,14,10,22
2000,6,100143560,484,222,46,262,54,51,11,61,13,66,14,78,16,57,12,56,12,67,14,48,10,29,22,35,36,25,29,31,15,22,39,31,42,32,27,36,33
2000,6,100143616,145,64,44,81,56,12,8,15,10,19,13,28,19,13,9,17,12,25,17,16,11,6,6,6,19,6,5,12,4,6,9,13,9,7,12,13,12
2000,6,100143681,115,54,47,61,53,7,6,16,14,12,10,12,10,18,16,11,10,18,16,21,18,2,7,8,6,10,7,7,7,5,9,4,6,8,4,11,14
2000,6,100143720,128,63,49,65,51,10,8,15,12,18,14,20,16,21,16,15,12,19,15,10,8,3,9,12,9,12,7,7,4,7,6,6,11,9,8,12,6
2000,6,100143817,296,154,52,142,48,28,9,56,19,45,15,41,14,51,17,25,8,23,8,27,9,14,35,26,23,29,9,10,8,14,21,19,18,22,16,13,19
2000,6,100143841,49,25,51,24,49,1,2,7,14,4,8,4,8,13,27,7,14,4,8,9,18,0,3,4,3,7,3,1,4,1,4,0,1,6,4,3,5
2000,6,100143874,190,88,46,102,54,22,12,32,17,22,12,37,19,23,12,25,13,17,9,12,6,9,15,11,17,14,12,8,2,13,17,11,20,9,13,9,10
2000,6,100143890,97,48,49,49,51,8,8,11,11,7,7,16,16,10,10,7,7,19,20,19,20,4,8,3,9,5,1,8,10,4,3,4,7,5,6,11,9
2000,6,100143962,92,40,43,52,57,6,7,10,11,6,7,14,15,4,4,13,14,13,14,26,28,2,1,4,10,3,7,5,8,4,9,2,4,1,6,8,18
2000,6,100143987,981,434,44,547,56,70,7,135,14,134,14,118,12,153,16,98,10,89,9,184,19,41,72,64,62,67,46,31,51,29,63,70,56,86,52,58,133
2000,6,100144015,484,230,48,254,52,48,10,74,15,85,18,64,13,89,18,35,7,47,10,42,9,22,36,43,38,38,19,20,14,26,38,42,26,51,16,27,28
2000,6,100144056,130,66,51,64,49,10,8,25,19,16,12,21,16,20,15,17,13,14,11,7,5,9,12,7,10,13,8,7,0,1,13,9,11,7,9,7,7
2000,6,100144064,59,31,53,28,47,4,7,12,20,9,15,9,15,6,10,8,14,8,14,3,5,3,10,5,5,1,3,3,1,1,2,4,4,5,5,5,2
2000,6,100144103,111,60,54,51,46,9,8,21,19,18,16,9,8,16,14,11,10,12,11,15,14,6,15,9,5,9,5,7,4,3,6,9,4,7,6,5,11
2000,6,100144185,421,192,46,229,54,37,9,55,13,52,12,68,16,55,13,46,11,44,10,64,15,14,27,27,32,32,23,16,21,23,28,25,36,23,23,28,43
2000,6,100144232,295,136,46,159,54,22,7,55,19,48,16,43,15,38,13,28,9,34,12,27,9,11,28,28,17,15,15,15,7,11,27,20,26,23,13,19,20
2000,6,100144257,1085,549,51,536,49,87,8,178,16,201,19,136,13,194,18,138,13,76,7,75,7,47,103,116,69,92,69,29,24,40,75,85,67,102,69,47,51
2000,6,100144304,312,153,49,159,51,48,15,54,17,48,15,52,17,38,12,28,9,17,5,27,9,28,25,25,30,18,14,8,5,20,29,23,22,20,14,9,22
2000,6,100144320,262,121,46,141,54,18,7,58,22,39,15,39,15,47,18,20,8,23,9,18,7,9,24,24,19,20,11,9,5,9,34,15,20,27,9,14,13
2000,6,100144337,55,26,47,29,53,6,11,7,13,7,13,6,11,10,18,5,9,2,4,12,22,2,5,3,2,6,3,0,5,4,2,4,4,4,2,2,7
2000,6,100144345,68,33,49,35,51,10,15,11,16,13,19,8,12,5,7,6,9,7,10,8,12,6,5,8,2,4,3,3,2,4,6,5,6,1,3,4,6
2000,6,100144353,57,26,46,31,54,1,2,3,5,8,14,5,9,8,14,5,9,12,21,15,26,0,1,6,2,4,2,3,8,1,2,2,3,4,3,9,7
2000,6,100144378,434,217,50,217,50,47,11,61,14,77,18,55,13,67,15,46,11,42,10,39,9,31,32,35,29,35,21,25,9,16,29,42,26,32,25,17,30
2000,6,100144417,55,25,45,30,55,1,2,13,24,6,11,9,16,7,13,3,5,13,24,3,5,1,7,1,3,4,2,5,2,0,6,5,6,3,1,8,1
2000,6,100144425,35,15,43,20,57,3,9,7,20,6,17,5,14,0,0,7,20,2,6,5,14,1,3,3,2,0,2,1,3,2,4,3,3,0,5,1,2
2000,6,100144433,76,35,46,41,54,6,8,12,16,8,11,12,16,13,17,3,4,9,12,13,17,4,6,4,6,6,1,3,5,2,6,4,6,7,2,6,8
2000,6,100144458,243,114,47,129,53,24,10,30,12,43,18,30,12,40,16,27,11,19,8,30,12,11,18,23,10,21,17,5,9,13,12,20,20,19,10,14,21
2000,6,100144513,509,239,47,270,53,49,10,94,18,91,18,58,11,98,19,43,8,32,6,44,9,24,51,43,27,51,19,12,12,25,43,48,31,47,24,20,32
2000,6,100144521,26,16,62,10,38,0,0,2,8,2,8,1,4,5,19,3,12,7,27,6,23,0,2,1,1,3,1,4,4,0,0,1,0,2,2,3,2
2000,6,100144546,35,16,46,19,54,2,6,4,11,8,23,0,0,2,6,5,14,8,23,6,17,1,2,4,0,1,2,3,3,1,2,4,0,1,3,5,3
2000,6,100144562,222,105,47,117,53,23,10,41,18,28,13,32,14,37,17,23,10,17,8,21,9,9,21,17,14,18,14,6,6,14,20,11,18,19,9,11,15
2000,6,100144595,83,33,40,50,60,6,7,7,8,12,14,9,11,8,10,12,14,19,23,10,12,2,1,6,4,3,6,8,3,4,6,6,5,5,6,11,7
2000,6,100144642,472,221,47,251,53,34,7,74,16,67,14,73,15,64,14,45,10,50,11,65,14,19,35,31,36,30,26,22,22,15,39,36,37,34,19,28,43
2000,6,100144683,559,268,48,291,52,61,11,74,13,101,18,71,13,89,16,60,11,50,9,53,9,31,42,53,41,40,27,21,13,30,32,48,30,49,33,29,40
2000,6,100144810,393,193,49,200,51,29,7,62,16,52,13,71,18,45,11,53,13,42,11,39,10,15,34,30,36,19,24,18,17,14,28,22,35,26,29,24,22
2000,6,100144843,402,194,48,208,52,38,9,54,13,66,16,60,15,70,17,32,8,38,9,44,11,20,34,30,29,31,13,18,19,18,20,36,31,39,19,20,25
2000,6,100144907,355,146,41,209,59,27,8,60,17,56,16,40,11,61,17,33,9,28,8,50,14,8,26,27,17,30,14,10,14,19,34,29,23,31,19,18,36
2000,6,100144972,169,78,46,91,54,11,7,31,18,27,16,18,11,29,17,18,11,17,10,18,11,6,14,15,7,13,11,8,4,5,17,12,11,16,7,9,14
2000,6,100145025,338,167,49,171,51,35,10,64,19,63,19,38,11,58,17,32,9,24,7,24,7,19,41,29,17,26,18,11,6,16,23,34,21,32,14,13,18
2000,6,100145066,592,270,46,322,54,62,10,109,18,95,16,91,15,95,16,43,7,45,8,52,9,33,54,41,46,47,15,18,16,29,55,54,45,48,28,27,36
2000,6,100145154,161,80,50,81,50,17,11,14,9,26,16,20,12,21,13,17,11,21,13,25,16,10,10,12,10,11,8,11,8,7,4,14,10,10,9,10,17
2000,6,100145250,295,142,48,153,52,31,11,49,17,42,14,37,13,50,17,26,9,32,11,28,9,17,28,20,16,28,10,16,7,14,21,22,21,22,16,16,21
2000,6,100145267,124,58,47,66,53,13,10,17,14,20,16,15,12,22,18,17,14,12,10,8,6,7,4,12,7,13,8,5,2,6,13,8,8,9,9,7,6
2000,6,100145275,228,104,46,124,54,25,11,32,14,32,14,35,15,26,11,20,9,29,13,29,13,11,14,15,19,12,12,11,10,14,18,17,16,14,8,18,19
2000,6,100145283,220,102,46,118,54,24,11,28,13,44,20,21,10,35,16,25,11,25,11,18,8,13,13,21,11,17,12,11,4,11,15,23,10,18,13,14,14
2000,6,100145291,92,49,53,43,47,6,7,25,27,18,20,8,9,14,15,11,12,6,7,4,4,4,19,8,2,6,6,4,0,2,6,10,6,8,5,2,4
2000,6,100145330,647,288,45,359,55,59,9,113,17,101,16,77,12,113,17,66,10,51,8,67,10,32,52,52,34,55,27,19,17,27,61,49,43,58,39,32,50
2000,6,100145347,314,144,46,170,54,38,12,61,19,41,13,54,17,45,14,26,8,23,7,26,8,18,28,18,28,20,15,8,9,20,33,23,26,25,11,15,17
2000,6,100145363,45,19,42,26,58,9,20,3,7,6,13,9,20,7,16,1,2,8,18,2,4,4,0,4,3,4,1,3,0,5,3,2,6,3,0,5,2
2000,6,100145402,238,104,44,134,56,22,9,43,18,31,13,40,17,34,14,19,8,24,10,25,11,11,21,14,18,16,9,11,4,11,22,17,22,18,10,13,21
2000,6,100145451,5,,,,,,,,,,,,,,,,,,,,,,,,,,,,,,,,,,,,
2000,6,100145468,42,20,48,22,52,3,7,9,21,6,14,4,10,6,14,6,14,2,5,6,14,2,7,2,3,2,4,0,0,1,2,4,1,4,2,2,6
2000,6,100145484,372,177,48,195,52,38,10,69,19,47,13,53,14,56,15,29,8,41,11,39,10,19,35,28,25,28,12,15,15,19,34,19,28,28,17,26,24
2000,6,100145531,287,134,47,153,53,27,9,55,19,43,15,38,13,45,16,29,10,26,9,24,8,15,29,23,14,24,12,11,6,12,26,20,24,21,17,15,18
2000,6,100145597,356,164,46,192,54,42,12,62,17,69,19,53,15,63,18,25,7,21,6,21,6,26,27,27,26,32,9,9,8,16,35,42,27,31,16,12,13
2000,6,100145603,34,15,44,19,56,2,6,7,21,7,21,3,9,4,12,3,9,4,12,4,12,0,4,4,1,3,1,1,1,2,3,3,2,1,2,3,3
2000,6,100145636,106,55,52,51,48,1,1,1,1,7,7,21,20,22,21,15,14,21,20,16,15,0,1,2,11,14,7,13,6,1,0,5,10,8,8,8,10
2000,6,100145740,418,189,45,229,55,39,9,46,11,52,12,70,17,56,13,51,12,70,17,34,8,16,24,29,37,22,24,31,6,23,22,23,33,34,27,39,28
2000,6,100145757,526,232,44,294,56,40,8,69,13,84,16,73,14,56,11,93,18,54,10,57,11,20,32,43,34,30,41,19,13,20,37,41,39,26,52,35,44
2000,6,100145781,77,38,49,39,51,4,5,12,16,15,19,9,12,10,13,14,18,5,6,8,10,3,5,7,6,4,8,3,2,1,7,8,3,6,6,2,6
2000,6,100145798,331,162,49,169,51,30,9,61,18,57,17,44,13,57,17,28,8,22,7,32,10,15,32,35,15,29,15,8,13,15,29,22,29,28,13,14,19
2000,6,100145820,99,57,58,42,42,5,5,13,13,16,16,10,10,16,16,16,16,10,10,13,13,3,9,12,7,8,9,5,4,2,4,4,3,8,7,5,9
2000,6,100145837,307,152,50,155,50,27,9,49,16,44,14,42,14,45,15,37,12,31,10,32,10,14,28,29,21,20,18,13,9,13,21,15,21,25,19,18,23
2000,6,100145878,52,25,48,27,52,2,4,7,13,3,6,7,13,10,19,7,13,6,12,10,19,1,4,2,2,6,5,3,2,1,3,1,5,4,2,3,8
2000,6,100145900,49,28,57,21,43,4,8,5,10,3,6,5,10,6,12,4,8,10,20,12,24,3,3,1,4,3,3,6,5,1,2,2,1,3,1,4,7
2000,6,100145933,683,311,46,372,54,60,9,80,12,129,19,67,10,111,16,77,11,76,11,83,12,25,38,66,32,56,33,33,28,35,42,63,35,55,44,43,55
2000,6,100145958,104,45,43,59,57,0,0,0,0,1,1,1,1,3,3,9,9,23,22,67,64,0,0,1,1,3,5,13,22,0,0,0,0,0,4,10,45
2000,6,100145966,74,34,46,40,54,9,12,11,15,8,11,7,9,10,14,10,14,11,15,8,11,5,7,2,3,5,4,4,4,4,4,6,4,5,6,7,4
2000,6,100146002,40,18,45,22,55,4,10,2,5,6,15,5,13,2,5,5,13,6,15,10,25,3,2,2,3,1,2,4,1,1,0,4,2,1,3,2,9
2000,6,100146010,57,27,47,30,53,2,4,6,11,11,19,3,5,8,14,11,19,9,16,7,12,2,4,6,2,4,4,4,1,0,2,5,1,4,7,5,6
2000,6,100146027,140,68,49,72,51,15,11,23,16,24,17,17,12,22,16,12,9,11,8,16,11,7,13,11,9,12,5,7,4,8,10,13,8,10,7,4,12
2000,6,100146084,510,241,47,269,53,42,8,96,19,92,18,81,16,80,16,50,10,27,5,42,8,27,46,48,36,39,23,9,13,15,50,44,45,41,27,18,29
2000,6,100146115,49,30,61,19,39,6,12,6,12,6,12,5,10,10,20,5,10,4,8,7,14,5,4,3,2,8,3,2,3,1,2,3,3,2,2,2,4
2000,6,100146156,57,28,49,29,51,3,5,9,16,4,7,6,11,8,14,9,16,9,16,9,16,1,5,3,4,4,5,6,0,2,4,1,2,4,4,3,9
2000,6,100146172,1222,567,46,655,54,95,8,161,13,173,14,186,15,193,16,128,10,152,12,134,11,44,91,80,96,95,53,68,40,51,70,93,90,98,75,84,94
2000,6,100146197,80,38,48,42,53,6,8,10,13,14,18,9,11,6,8,12,15,9,11,14,18,5,4,7,6,3,6,3,4,1,6,7,3,3,6,6,10
2000,6,100146211,294,158,54,136,46,23,8,34,12,26,9,46,16,37,13,44,15,30,10,54,18,14,16,14,26,21,28,16,23,9,18,12,20,16,16,14,31
2000,6,100146285,213,106,50,107,50,13,6,29,14,31,15,28,13,24,11,33,15,27,13,28,13,7,20,16,15,9,14,16,9,6,9,15,13,15,19,11,19
2000,6,100146308,136,61,45,75,55,9,7,11,8,20,15,5,4,13,10,19,14,20,15,39,29,5,6,14,2,7,8,10,9,4,5,6,3,6,11,10,30
2000,6,100146340,101,43,43,58,57,10,10,14,14,15,15,8,8,11,11,12,12,14,14,17,17,5,5,8,5,4,5,6,5,5,9,7,3,7,7,8,12
2000,6,100146381,283,126,45,157,55,21,7,36,13,49,17,31,11,44,16,36,13,37,13,29,10,6,16,24,15,23,14,16,12,15,20,25,16,21,22,21,17
2000,6,100146478,92,41,45,51,55,8,9,11,12,12,13,5,5,10,11,13,14,13,14,20,22,4,6,7,3,4,7,6,4,4,5,5,2,6,6,7,16
2000,6,100146500,110,51,46,59,54,4,4,8,7,18,16,13,12,16,15,21,19,16,15,14,13,2,2,8,9,10,9,7,4,2,6,10,4,6,12,9,10
2000,6,100146517,75,38,51,37,49,9,12,12,16,14,19,16,21,5,7,6,8,7,9,6,8,3,8,7,10,3,4,2,1,6,4,7,6,2,2,5,5
2000,6,100146525,46,18,39,28,61,3,7,2,4,3,7,4,9,6,13,1,2,7,15,20,43,2,0,3,2,4,1,3,3,1,2,0,2,2,0,4,17
2000,6,100146590,676,331,49,345,51,41,6,91,13,81,12,99,15,85,13,69,10,92,14,118,17,26,46,52,50,40,34,41,42,15,45,29,49,45,35,51,76
2000,6,100146718,15,6,40,9,60,4,27,0,0,2,13,2,13,0,0,2,13,4,27,1,7,2,0,0,1,0,1,2,0,2,0,2,1,0,1,2,1
2000,6,100146734,122,64,52,58,48,11,9,14,11,31,25,17,14,16,13,13,11,15,12,5,4,3,7,21,10,8,7,6,2,8,7,10,7,8,6,9,3
2000,6,100146767,36,15,42,21,58,4,11,3,8,6,17,6,17,1,3,4,11,3,8,9,25,1,2,1,4,0,3,1,3,3,1,5,2,1,1,2,6
2000,6,100146783,70,31,44,39,56,9,13,12,17,6,9,15,21,7,10,4,6,8,11,9,13,3,7,2,8,4,3,3,1,6,5,4,7,3,1,5,8
2000,6,100146791,5,,,,,,,,,,,,,,,,,,,,,,,,,,,,,,,,,,,,
2000,6,100146814,38,22,58,16,42,3,8,4,11,3,8,3,8,3,8,10,26,3,8,9,24,1,3,2,2,3,5,1,5,2,1,1,1,0,5,2,4
2000,6,100146902,499,226,45,273,55,40,8,84,17,86,17,61,12,76,15,56,11,54,11,42,8,21,46,39,33,35,23,21,8,19,38,47,28,41,33,33,34
2000,6,100146943,1914,886,46,1028,54,137,7,216,11,279,15,239,12,225,12,217,11,267,14,334,17,66,116,144,134,107,107,103,109,71,100,135,105,118,110,164,225
2000,6,100147061,136,62,46,74,54,6,4,15,11,25,18,17,13,10,7,14,10,20,15,29,21,4,5,14,12,4,6,10,7,2,10,11,5,6,8,10,22
2000,6,100147086,345,175,51,170,49,26,8,56,16,53,15,38,11,55,16,35,10,32,9,50,14,12,25,34,23,29,23,12,17,14,31,19,15,26,12,20,33
2000,6,100147094,394,187,47,207,53,26,7,74,19,73,19,54,14,70,18,37,9,22,6,38,10,12,30,40,25,34,21,9,16,14,44,33,29,36,16,13,22
2000,6,100147100,218,101,46,117,54,12,6,33,15,35,16,22,10,29,13,20,9,34,16,33,15,5,18,14,10,16,12,16,10,7,15,21,12,13,8,18,23
2000,6,100147125,115,60,52,55,48,13,11,22,19,11,10,23,20,20,17,3,3,11,10,12,10,2,15,7,12,12,2,2,8,11,7,4,11,8,1,9,4
2000,6,100147141,168,83,49,85,51,9,5,34,20,23,14,22,13,19,11,19,11,26,15,16,10,8,18,10,13,10,8,13,3,1,16,13,9,9,11,13,13
2000,6,100147158,107,47,44,60,56,3,3,22,21,11,10,8,7,17,16,5,5,21,20,20,19,1,16,6,2,9,1,8,4,2,6,5,6,8,4,13,16
2000,6,100147166,79,33,42,46,58,1,1,6,8,10,13,15,19,10,13,8,10,18,23,11,14,0,4,5,7,6,2,5,4,1,2,5,8,4,6,13,7
2000,6,100147205,358,163,46,195,54,27,8,45,13,63,18,49,14,51,14,45,13,39,11,39,11,13,23,31,27,24,22,15,8,14,22,32,22,27,23,24,31
2000,6,100147262,183,75,41,108,59,15,8,41,22,23,13,24,13,26,14,13,7,22,12,19,10,5,14,13,9,12,8,9,5,10,27,10,15,14,5,13,14
2000,6,100147287,64,39,61,25,39,5,8,4,6,5,8,9,14,11,17,9,14,9,14,12,19,4,3,4,6,7,6,4,5,1,1,1,3,4,3,5,7
2000,6,100147326,67,35,52,32,48,2,3,9,13,8,12,8,12,14,21,6,9,10,15,10,15,0,5,6,6,7,4,5,2,2,4,2,2,7,2,5,8
2000,6,100147334,383,189,49,194,51,34,9,67,17,72,19,62,16,39,10,37,10,42,11,30,8,20,36,38,33,14,21,19,8,14,31,34,29,25,16,23,22
2000,6,100147367,440,227,52,213,48,17,4,86,20,203,46,35,8,34,8,20,5,18,4,27,6,10,50,114,11,19,8,9,6,7,36,89,24,15,12,9,21
2000,6,100147391,303,146,48,157,52,14,5,45,15,43,14,30,10,53,17,32,11,49,16,37,12,8,20,24,16,27,17,23,11,6,25,19,14,26,15,26,26
2000,6,100147406,81,49,60,32,40,4,5,13,16,12,15,13,16,14,17,9,11,13,16,3,4,2,8,9,9,8,7,5,1,2,5,3,4,6,2,8,2
2000,6,100147471,152,81,53,71,47,10,7,16,11,22,14,23,15,18,12,12,8,16,11,35,23,9,10,10,16,9,6,10,11,1,6,12,7,9,6,6,24
2000,6,100147488,707,326,46,381,54,57,8,130,18,105,15,93,13,106,15,74,10,62,9,80,11,29,68,48,43,48,40,27,23,28,62,57,50,58,34,35,57
2000,6,100147568,162,69,43,93,57,12,7,14,9,30,19,20,12,19,12,20,12,14,9,33,20,2,6,17,12,8,9,6,9,10,8,13,8,11,11,8,24
2000,6,100147584,59,24,41,35,59,11,19,5,8,5,8,10,17,5,8,4,7,8,14,11,19,4,2,2,6,3,2,3,2,7,3,3,4,2,2,5,9
2000,6,100147592,478,205,43,273,57,34,7,66,14,79,17,58,12,84,18,47,10,50,10,60,13,15,31,33,30,40,25,12,19,19,35,46,28,44,22,38,41
2000,6,100147648,420,203,48,217,52,23,5,52,12,59,14,45,11,56,13,54,13,65,15,66,16,16,21,39,26,27,26,28,20,7,31,20,19,29,28,37,46
2000,6,100147672,748,370,49,378,51,50,7,105,14,128,17,115,15,111,15,97,13,86,11,56,7,30,44,69,61,58,48,39,21,20,61,59,54,53,49,47,35
2000,6,100147697,359,178,50,181,50,31,9,65,18,62,17,67,19,57,16,28,8,30,8,19,5,9,43,32,34,28,12,15,5,22,22,30,33,29,16,15,14
2000,6,100147703,47,22,47,25,53,3,6,11,23,9,19,4,9,5,11,7,15,2,4,6,13,2,5,5,1,2,4,1,2,1,6,4,3,3,3,1,4
2000,6,100147777,259,114,44,145,56,18,7,56,22,34,13,34,13,61,24,11,4,25,10,20,8,6,27,14,13,31,7,10,6,12,29,20,21,30,4,15,14
2000,6,100147785,71,37,52,34,48,2,3,17,24,11,15,9,13,10,14,9,13,7,10,6,8,0,11,6,4,8,3,4,1,2,6,5,5,2,6,3,5
2000,6,100147808,483,218,45,265,55,44,9,80,17,87,18,57,12,97,20,29,6,33,7,56,12,22,43,43,27,42,16,13,12,22,37,44,30,55,13,20,44
2000,6,100147824,28,16,57,12,43,4,14,2,7,5,18,4,14,1,4,7,25,2,7,3,11,2,2,3,2,0,5,0,2,2,0,2,2,1,2,2,1
2000,6,100147898,269,119,44,150,56,13,5,50,19,48,18,40,15,32,12,38,14,27,10,21,8,7,22,23,18,13,18,11,7,6,28,25,22,19,20,16,14
2000,6,100147920,248,120,48,128,52,19,8,44,18,31,13,39,16,34,14,28,11,25,10,28,11,11,25,19,21,12,13,13,6,8,19,12,18,22,15,12,22
2000,6,100147961,75,34,45,41,55,2,3,9,12,4,5,8,11,12,16,0,0,10,13,30,40,0,4,2,4,7,0,4,13,2,5,2,4,5,0,6,17
2000,6,100147994,82,40,49,42,51,6,7,19,23,7,9,9,11,17,21,6,7,8,10,10,12,3,9,2,5,8,5,3,5,3,10,5,4,9,1,5,5
2000,6,100148006,33,17,52,16,48,1,3,5,15,0,0,5,15,4,12,4,12,7,21,7,21,1,3,0,2,3,3,4,1,0,2,0,3,1,1,3,6
2000,6,100148014,334,169,51,165,49,20,6,53,16,61,18,42,13,56,17,26,8,37,11,39,12,13,27,34,23,30,10,18,14,7,26,27,19,26,16,19,25
2000,6,100148088,303,140,46,163,54,16,5,31,10,29,10,38,13,39,13,31,10,51,17,68,22,8,10,15,18,23,15,23,28,8,21,14,20,16,16,28,40
2000,6,100148110,599,282,47,317,53,41,7,100,17,84,14,81,14,72,12,53,9,70,12,98,16,26,52,39,38,42,21,35,29,15,48,45,43,30,32,35,69
2000,6,100148207,41,18,44,23,56,1,2,6,15,7,17,3,7,9,22,3,7,4,10,8,20,0,3,3,1,5,2,1,3,1,3,4,2,4,1,3,5
2000,6,100148215,197,82,42,115,58,9,5,23,12,33,17,14,7,31,16,33,17,21,11,33,17,3,11,17,6,15,14,11,5,6,12,16,8,16,19,10,28
2000,6,100148223,358,170,47,188,53,31,9,62,17,47,13,53,15,63,18,30,8,32,9,40,11,18,35,26,29,26,13,12,11,13,27,21,24,37,17,20,29
2000,6,100148248,42,23,55,19,45,2,5,11,26,3,7,5,12,7,17,2,5,7,17,5,12,1,5,2,1,5,1,4,4,1,6,1,4,2,1,3,1
2000,6,100148256,114,58,51,56,49,14,12,16,14,13,11,18,16,18,16,10,9,16,14,9,8,8,7,8,11,8,5,7,4,6,9,5,7,10,5,9,5
2000,6,100148264,600,287,48,313,52,41,7,93,16,88,15,74,12,101,17,57,10,83,14,63,11,21,47,51,36,49,30,36,17,20,46,37,38,52,27,47,46
2000,6,100148303,23,8,35,15,65,6,26,0,0,1,4,6,26,1,4,2,9,4,17,3,13,1,0,1,3,0,1,2,0,5,0,0,3,1,1,2,3
2000,6,100148481,222,104,47,118,53,22,10,42,19,21,9,37,17,36,16,23,10,17,8,24,11,9,18,13,17,24,9,7,7,13,24,8,20,12,14,10,17
2000,6,100148795,291,143,49,148,51,40,14,42,14,41,14,51,18,33,11,34,12,27,9,23,8,22,25,20,27,16,14,11,8,18,17,21,24,17,20,16,15
2000,6,100149073,402,198,49,204,51,28,7,67,17,49,12,62,15,81,20,34,8,36,9,45,11,12,33,29,33,45,19,15,12,16,34,20,29,36,15,21,33
2000,6,100149098,271,128,47,143,53,22,8,30,11,38,14,36,13,37,14,28,10,36,13,44,16,15,14,21,18,22,12,15,11,7,16,17,18,15,16,21,33
2000,6,100149596,313,155,50,158,50,14,4,51,16,50,16,45,14,62,20,36,12,25,8,30,10,10,24,32,25,27,17,8,12,4,27,18,20,35,19,17,18
2000,6,100149780,279,126,45,153,55,22,8,47,17,33,12,43,15,42,15,17,6,35,13,40,14,10,27,15,20,21,9,14,10,12,20,18,23,21,8,21,30
2000,6,100150308,360,179,50,181,50,18,5,49,14,58,16,61,17,62,17,50,14,29,8,33,9,8,27,31,34,30,27,12,10,10,22,27,27,32,23,17,23
2000,6,100150558,464,217,47,247,53,32,7,53,11,65,14,64,14,65,14,50,11,52,11,83,18,14,28,31,28,39,23,23,31,18,25,34,36,26,27,29,52
2000,6,100151174,297,125,42,172,58,15,5,41,14,44,15,40,13,41,14,52,18,27,9,37,12,8,16,19,16,21,22,10,13,7,25,25,24,20,30,17,24
2000,6,100151455,130,61,47,69,53,9,7,9,7,13,10,16,12,21,16,20,15,17,13,25,19,7,3,6,10,12,10,8,5,2,6,7,6,9,10,9,20
2000,6,100151744,561,242,43,319,57,22,4,64,11,171,30,50,9,104,19,54,10,46,8,50,9,14,35,69,22,44,28,16,14,8,29,102,28,60,26,30,36
2000,6,100151953,152,62,41,90,59,12,8,19,13,10,7,21,14,13,9,10,7,25,16,42,28,6,10,6,8,8,5,11,8,6,9,4,13,5,5,14,34
2000,6,100152721,224,97,43,127,57,16,7,29,13,34,15,31,14,42,19,23,10,19,8,30,13,9,11,15,15,19,11,8,9,7,18,19,16,23,12,11,21
2000,6,100152770,87,34,39,53,61,3,3,19,22,5,6,18,21,11,13,4,5,14,16,13,15,1,8,3,6,7,2,6,1,2,11,2,12,4,2,8,12
2000,6,100152883,85,38,45,47,55,2,2,5,6,14,16,3,4,15,18,11,13,13,15,22,26,2,2,10,1,6,6,5,6,0,3,4,2,9,5,8,16
2000,6,100153153,400,204,51,196,49,25,6,59,15,63,16,52,13,76,19,42,11,37,9,46,12,14,38,32,28,39,21,18,14,11,21,31,24,37,21,19,32
2000,6,100153338,107,51,48,56,52,6,6,20,19,11,10,21,20,20,19,9,8,13,12,7,7,3,6,4,10,13,7,7,1,3,14,7,11,7,2,6,6
2000,6,100153506,346,155,45,191,55,28,8,59,17,41,12,59,17,62,18,22,6,27,8,48,14,13,29,19,29,33,10,10,12,15,30,22,30,29,12,17,36
2000,6,100153530,166,83,50,83,50,14,8,23,14,19,11,29,17,23,14,16,10,21,13,21,13,7,13,11,15,11,9,11,6,7,10,8,14,12,7,10,15
2000,6,100154171,219,102,47,117,53,15,7,39,18,31,14,38,17,45,21,17,8,12,5,22,10,6,21,15,18,23,7,6,6,9,18,16,20,22,10,6,16
2000,6,100154532,259,125,48,134,52,12,5,41,16,38,15,39,15,46,18,24,9,32,12,27,10,5,19,21,25,24,10,13,8,7,22,17,14,22,14,19,19
2000,6,100154805,357,165,46,192,54,29,8,49,14,62,17,40,11,57,16,39,11,33,9,48,13,19,24,30,19,25,19,11,18,10,25,32,21,32,20,22,30
2000,6,100154862,79,41,52,38,48,9,11,9,11,14,18,14,18,8,10,14,18,7,9,4,5,5,4,7,9,5,7,3,1,4,5,7,5,3,7,4,3
2000,6,100155702,337,168,50,169,50,27,8,46,14,48,14,53,16,42,12,42,12,46,14,33,10,12,28,24,29,24,22,19,10,15,18,24,24,18,20,27,23
2000,6,100156046,99,47,47,52,53,2,2,31,31,7,7,15,15,20,20,5,5,9,9,10,10,0,14,4,7,10,3,5,4,2,17,3,8,10,2,4,6
2000,6,100156167,275,132,48,143,52,28,10,48,17,35,13,42,15,39,14,29,11,22,8,32,12,19,28,18,21,19,14,8,5,9,20,17,21,20,15,14,27
2000,6,100156577,258,121,47,137,53,19,7,38,15,33,13,38,15,55,21,20,8,24,9,31,12,9,17,19,18,35,8,9,6,10,21,14,20,20,12,15,25
2000,6,100156970,266,125,47,141,53,29,11,33,12,28,11,47,18,43,16,20,8,39,15,27,10,15,12,14,24,26,10,14,10,14,21,14,23,17,10,25,17
2000,6,100157634,138,65,47,73,53,12,9,9,7,22,16,18,13,17,12,18,13,16,12,26,19,7,3,13,9,9,9,8,7,5,6,9,9,8,9,8,19
2000,6,100158082,37,20,54,17,46,0,0,6,16,7,19,2,5,6,16,5,14,5,14,6,16,0,4,5,1,3,2,4,1,0,2,2,1,3,3,1,5
2000,6,100158396,206,102,50,104,50,20,10,27,13,21,10,47,23,15,7,28,14,31,15,17,8,11,16,12,23,6,12,15,7,9,11,9,24,9,16,16,10
2000,6,100158611,65,34,52,31,48,5,8,33,51,5,8,3,5,7,11,3,5,3,5,6,9,0,19,5,1,5,0,2,2,5,14,0,2,2,3,1,4
2000,6,100158693,34,20,59,14,41,5,15,2,6,4,12,4,12,7,21,4,12,5,15,3,9,4,1,3,2,4,3,2,1,1,1,1,2,3,1,3,2
2000,6,100158724,156,70,45,86,55,19,12,25,16,19,12,27,17,15,10,11,7,21,13,19,12,6,16,8,12,7,6,9,6,13,9,11,15,8,5,12,13
2000,6,100158740,28,12,43,16,57,2,7,2,7,4,14,3,11,5,18,3,11,4,14,5,18,2,0,3,2,2,1,2,0,0,2,1,1,3,2,2,5
2000,6,100158861,615,312,51,303,49,56,9,91,15,94,15,87,14,95,15,69,11,70,11,53,9,28,53,50,46,50,34,31,20,28,38,44,41,45,35,39,33
2000,6,100158941,157,78,50,79,50,13,8,26,17,21,13,20,13,28,18,14,9,14,9,21,13,9,13,11,11,14,7,6,7,4,13,10,9,14,7,8,14
2000,6,100159027,107,59,55,48,45,5,5,16,15,21,20,15,14,17,16,15,14,12,11,6,6,4,9,13,9,10,5,6,3,1,7,8,6,7,10,6,3
2000,6,100159092,908,422,46,486,54,46,5,149,16,155,17,109,12,162,18,118,13,57,6,112,12,18,71,79,64,73,61,19,37,28,78,76,45,89,57,38,75
2000,6,100159203,656,311,47,345,53,53,8,96,15,92,14,96,15,109,17,59,9,82,13,69,11,31,50,47,46,50,27,35,25,22,46,45,50,59,32,47,44
2000,6,100159211,389,189,49,200,51,30,8,60,15,56,14,59,15,69,18,39,10,43,11,33,8,16,37,27,27,36,14,20,12,14,23,29,32,33,25,23,21
2000,6,100159357,270,131,49,139,51,17,6,27,10,40,15,27,10,37,14,31,11,41,15,50,19,12,15,24,14,18,16,15,17,5,12,16,13,19,15,26,33
2000,6,100159445,385,169,44,216,56,39,10,50,13,57,15,51,13,64,17,31,8,55,14,38,10,17,21,26,23,33,14,21,14,22,29,31,28,31,17,34,24
2000,6,100159494,2393,1088,45,1305,55,155,6,319,13,342,14,303,13,332,14,242,10,297,12,403,17,76,153,166,155,158,116,133,131,79,166,176,148,174,126,164,272
2000,6,100159566,57,28,49,29,51,1,2,6,11,9,16,5,9,4,7,10,18,10,18,12,21,1,2,6,4,2,4,7,2,0,4,3,1,2,6,3,10
2000,6,100159621,128,61,48,67,52,12,9,29,23,16,13,19,15,13,10,12,9,14,11,13,10,6,14,8,8,7,5,7,6,6,15,8,11,6,7,7,7
2000,6,100159742,115,58,50,57,50,10,9,18,16,12,10,14,12,20,17,13,11,12,10,16,14,5,13,7,7,11,7,6,2,5,5,5,7,9,6,6,14
2000,6,100159902,79,38,48,41,52,7,9,16,20,12,15,9,11,13,16,8,10,6,8,8,10,3,6,6,7,6,6,3,1,4,10,6,2,7,2,3,7
2000,6,100159910,854,397,46,457,54,77,9,138,16,121,14,125,15,126,15,98,11,74,9,95,11,34,66,72,57,56,50,33,29,43,72,49,68,70,48,41,66
2000,6,100159976,352,170,48,182,52,18,5,47,13,50,14,37,11,51,14,47,13,47,13,55,16,12,28,24,22,26,19,21,18,6,19,26,15,25,28,26,37
2000,6,100160013,693,316,46,377,54,64,9,93,13,91,13,107,15,87,13,101,15,59,9,91,13,33,51,39,50,47,44,25,27,31,42,52,57,40,57,34,64
2000,6,100160070,347,163,47,184,53,28,8,58,17,51,15,57,16,52,15,38,11,33,10,30,9,15,30,28,28,25,16,12,9,13,28,23,29,27,22,21,21
2000,6,100160407,302,134,44,168,56,25,8,54,18,45,15,47,16,49,16,36,12,19,6,27,9,11,21,24,27,22,19,6,4,14,33,21,20,27,17,13,23
2000,6,100160593,813,386,47,427,53,56,7,129,16,101,12,118,15,107,13,84,10,90,11,128,16,32,64,56,66,48,42,36,42,24,65,45,52,59,42,54,86
2000,6,100160745,811,392,48,419,52,80,10,106,13,110,14,142,18,96,12,97,12,108,13,72,9,44,50,62,82,48,40,48,18,36,56,48,60,48,57,60,54
2000,6,100160905,497,228,46,269,54,35,7,77,15,82,16,62,12,81,16,48,10,60,12,52,10,18,37,44,29,42,25,22,11,17,40,38,33,39,23,38,41
2000,6,100161216,353,168,48,185,52,30,8,56,16,55,16,44,12,49,14,33,9,37,10,49,14,12,26,30,22,26,17,16,19,18,30,25,22,23,16,21,30
2000,6,100161265,203,95,47,108,53,18,9,38,19,37,18,21,10,31,15,21,10,25,12,12,6,8,21,17,11,16,11,11,0,10,17,20,10,15,10,14,12
2000,6,100161378,339,157,46,182,54,28,8,54,16,64,19,41,12,49,14,38,11,33,10,32,9,10,28,37,20,24,16,14,8,18,26,27,21,25,22,19,24
2000,6,100161505,576,274,48,302,52,51,9,112,19,80,14,84,15,109,19,55,10,45,8,40,7,30,54,44,43,52,26,15,10,21,58,36,41,57,29,30,30
2000,6,100161521,212,104,49,108,51,20,9,29,14,31,15,32,15,29,14,21,10,23,11,27,13,11,14,18,17,13,14,9,8,9,15,13,15,16,7,14,19
2000,6,100161691,86,40,47,46,53,8,9,8,9,11,13,7,8,18,21,6,7,7,8,21,24,5,4,5,5,10,3,4,4,3,4,6,2,8,3,3,17
2000,6,100161755,64,32,50,32,50,4,6,7,11,10,16,14,22,5,8,7,11,11,17,6,9,2,3,5,10,3,2,6,1,2,4,5,4,2,5,5,5
2000,6,100161810,528,253,48,275,52,48,9,119,23,52,10,104,20,96,18,41,8,26,5,42,8,26,61,29,47,49,21,10,10,22,58,23,57,47,20,16,32
2000,6,100161892,174,78,45,96,55,24,14,59,34,15,9,26,15,25,14,5,3,12,7,8,5,13,23,6,11,14,4,6,1,11,36,9,15,11,1,6,7
2000,6,100161907,129,64,50,65,50,15,12,22,17,25,19,10,8,21,16,19,15,6,5,11,9,9,11,15,4,11,8,3,3,6,11,10,6,10,11,3,8
2000,6,100161956,53,25,47,28,53,1,2,5,9,14,26,6,11,10,19,6,11,4,8,7,13,1,2,6,3,5,5,2,1,0,3,8,3,5,1,2,6
2000,6,100162041,159,79,50,80,50,11,7,26,16,24,15,24,15,20,13,19,12,12,8,23,14,7,12,14,12,9,13,3,9,4,14,10,12,11,6,9,14
2000,6,100162283,108,44,41,64,59,6,6,8,7,10,9,9,8,14,13,7,6,11,10,43,40,3,5,5,4,8,5,6,8,3,3,5,5,6,2,5,35
2000,6,100162468,413,196,47,217,53,44,11,66,16,64,15,70,17,40,10,30,7,57,14,42,10,25,36,33,32,21,12,25,12,19,30,31,38,19,18,32,30
2000,6,100162564,47,20,43,27,57,7,15,6,13,9,19,5,11,4,9,5,11,4,9,7,15,3,2,4,3,1,3,2,2,4,4,5,2,3,2,2,5
2000,6,100162572,352,177,50,175,50,28,8,52,15,55,16,46,13,53,15,34,10,47,13,37,11,12,30,31,21,28,19,23,13,16,22,24,25,25,15,24,24
2000,6,100162611,52,26,50,26,50,4,8,7,13,12,23,6,12,6,12,7,13,5,10,5,10,1,3,7,4,3,2,3,3,3,4,5,2,3,5,2,2
2000,6,100162644,34,21,62,13,38,3,9,3,9,8,24,5,15,4,12,5,15,4,12,2,6,3,1,6,2,2,2,3,2,0,2,2,3,2,3,1,0
2000,6,100162660,106,44,42,62,58,7,7,17,16,12,11,21,20,13,12,5,5,14,13,17,16,3,9,8,8,7,1,5,3,4,8,4,13,6,4,9,14
2000,6,100162685,133,63,47,70,53,6,5,25,19,24,18,6,5,29,22,20,15,8,6,15,11,2,12,13,5,10,10,4,7,4,13,11,1,19,10,4,8
2000,6,100162716,138,68,49,70,51,6,4,18,13,18,13,16,12,28,20,15,11,16,12,21,15,3,10,12,8,16,8,7,4,3,8,6,8,12,7,9,17
2000,6,100162724,54,26,48,28,52,3,6,6,11,10,19,7,13,7,13,2,4,7,13,12,22,1,2,8,4,3,0,3,5,2,4,2,3,4,2,4,7
2000,6,100162740,16,8,50,8,50,2,13,4,25,2,13,0,0,4,25,0,0,1,6,3,19,0,2,1,0,2,0,0,3,2,2,1,0,2,0,1,0
2000,6,100162757,45,22,49,23,51,2,4,5,11,4,9,8,18,7,16,5,11,7,16,7,16,2,1,1,6,4,3,3,2,0,4,3,2,3,2,4,5
2000,6,100162765,53,26,49,27,51,7,13,6,11,4,8,12,23,5,9,8,15,7,13,4,8,2,4,1,6,3,5,4,1,5,2,3,6,2,3,3,3
2000,6,100162798,262,120,46,142,54,24,9,37,14,32,12,39,15,31,12,34,13,30,11,35,13,13,15,15,22,19,16,11,9,11,22,17,17,12,18,19,26
2000,6,100162886,888,427,48,461,52,83,9,133,15,150,17,126,14,148,17,88,10,86,10,74,8,50,77,76,60,73,38,35,18,33,56,74,66,75,50,51,56
2000,6,100162917,1269,576,45,693,55,68,5,169,13,217,17,177,14,182,14,167,13,132,10,157,12,34,77,114,88,83,73,55,52,34,92,103,89,99,94,77,105
2000,6,100162982,656,303,46,353,54,42,6,108,16,106,16,88,13,86,13,81,12,54,8,91,14,15,66,44,42,42,36,27,31,27,42,62,46,44,45,27,60
2000,6,100163002,494,232,47,262,53,46,9,101,20,79,16,61,12,59,12,55,11,49,10,44,9,25,53,40,26,27,27,24,10,21,48,39,35,32,28,25,34
2000,6,100163068,715,344,48,371,52,54,8,101,14,122,17,103,14,102,14,91,13,73,10,69,10,27,60,64,46,46,49,29,23,27,41,58,57,56,42,44,46
2000,6,100163164,1069,489,46,580,54,84,8,169,16,122,11,159,15,141,13,88,8,125,12,181,17,44,86,58,72,66,42,61,60,40,83,64,87,75,46,64,121
2000,6,100163180,441,211,48,230,52,34,8,88,20,60,14,77,17,60,14,45,10,48,11,29,7,14,48,30,38,31,21,22,7,20,40,30,39,29,24,26,22
2000,6,100163228,398,208,52,190,48,30,8,75,19,73,18,49,12,77,19,30,8,34,9,30,8,19,45,42,27,39,14,14,8,11,30,31,22,38,16,20,22
2000,6,100163308,716,345,48,371,52,57,8,107,15,105,15,90,13,101,14,82,11,93,13,81,11,28,47,62,47,51,35,45,30,29,60,43,43,50,47,48,51
2000,6,100163324,1061,499,47,562,53,61,6,154,15,156,15,157,15,145,14,114,11,148,14,126,12,29,86,78,80,61,56,69,40,32,68,78,77,84,58,79,86
2000,6,100163357,614,304,50,310,50,44,7,106,17,84,14,74,12,100,16,67,11,65,11,73,12,24,56,44,35,52,33,28,31,20,50,40,39,48,34,37,42
2000,6,100163365,51,25,49,26,51,1,2,1,2,7,14,5,10,4,8,11,22,6,12,16,31,1,1,3,3,2,5,5,5,0,0,4,2,2,6,1,11
2000,6,100163373,83,32,39,51,61,5,6,13,16,12,14,6,7,14,17,5,6,15,18,13,16,1,5,7,4,6,2,3,4,4,8,5,2,8,3,12,9
2000,6,100163412,101,50,50,51,50,5,5,16,16,24,24,5,5,16,16,12,12,10,10,13,13,3,9,17,2,5,8,1,5,2,7,7,3,11,4,9,8
2000,6,100163420,5,,,,,,,,,,,,,,,,,,,,,,,,,,,,,,,,,,,,
2000,6,100163437,89,41,46,48,54,7,8,11,12,11,12,15,17,14,16,16,18,9,10,6,7,4,5,3,9,6,10,3,1,3,6,8,6,8,6,6,5
2000,6,100163453,979,440,45,539,55,69,7,143,15,162,17,143,15,158,16,92,9,101,10,111,11,39,66,88,68,68,41,40,30,30,77,74,75,90,51,61,81
2000,6,100163486,374,176,47,198,53,28,7,81,22,50,13,56,15,55,15,27,7,45,12,32,9,17,36,31,23,27,13,18,11,11,45,19,33,28,14,27,21
2000,6,100164117,1151,513,45,638,55,83,7,164,14,135,12,148,13,203,18,105,9,110,10,203,18,44,86,63,69,100,55,35,61,39,78,72,79,103,50,75,142
2000,6,100164133,426,247,58,179,42,20,5,52,12,182,43,46,11,56,13,23,5,25,6,22,5,11,27,130,25,27,11,10,6,9,25,52,21,29,12,15,16
2000,6,100164623,202,86,43,116,57,11,5,36,18,24,12,24,12,44,22,16,8,24,12,23,11,4,15,8,12,23,10,10,4,7,21,16,12,21,6,14,19
2000,6,100165096,389,175,45,214,55,42,11,64,16,48,12,49,13,71,18,27,7,34,9,54,14,25,32,24,25,33,12,13,11,17,32,24,24,38,15,21,43
2000,6,100165248,179,92,51,87,49,8,4,24,13,34,19,19,11,35,20,18,10,18,10,23,13,3,17,20,10,18,9,7,8,5,7,14,9,17,9,11,15
2000,6,100165272,98,39,40,59,60,4,4,9,9,10,10,10,10,11,11,13,13,17,17,24,24,1,4,3,5,6,8,7,5,3,5,7,5,5,5,10,19
2000,6,100165641,83,45,54,38,46,5,6,14,17,5,6,12,14,12,14,12,14,9,11,14,17,3,11,2,8,7,7,1,6,2,3,3,4,5,5,8,8
2000,6,100165658,239,113,47,126,53,18,8,37,15,31,13,30,13,46,19,21,9,25,10,31,13,8,21,15,17,22,11,11,8,10,16,16,13,24,10,14,23
2000,6,100166434,354,157,44,197,56,45,13,49,14,58,16,53,15,50,14,43,12,20,6,36,10,23,23,25,26,23,20,5,12,22,26,33,27,27,23,15,24
2000,6,100167042,120,57,48,63,53,8,7,11,9,14,12,11,9,15,13,14,12,15,13,32,27,5,6,7,4,11,7,7,10,3,5,7,7,4,7,8,22
2000,6,100167091,997,490,49,507,51,86,9,129,13,125,13,168,17,155,16,99,10,112,11,123,12,43,66,63,86,84,53,51,44,43,63,62,82,71,46,61,79
2000,6,100167315,107,52,49,55,51,15,14,9,8,16,15,22,21,6,6,7,7,18,17,14,13,10,3,9,10,4,2,7,7,5,6,7,12,2,5,11,7
2000,6,100168108,345,164,48,181,52,31,9,63,18,48,14,59,17,55,16,29,8,31,9,29,8,16,32,23,30,28,12,12,11,15,31,25,29,27,17,19,18
2000,6,100168583,387,172,44,215,56,33,9,73,19,46,12,65,17,62,16,28,7,35,9,45,12,16,34,21,34,30,14,12,11,17,39,25,31,32,14,23,34
2000,6,100168630,137,69,50,68,50,14,10,22,16,16,12,20,15,23,17,5,4,13,9,24,18,6,14,8,8,17,2,6,8,8,8,8,12,6,3,7,16
2000,6,100168911,130,58,45,72,55,7,5,11,8,18,14,13,10,13,10,20,15,21,16,27,21,2,6,10,7,5,10,10,8,5,5,8,6,8,10,11,19
2000,6,100169005,170,90,53,80,47,16,9,16,9,31,18,26,15,15,9,24,14,22,13,20,12,11,10,20,10,10,13,12,4,5,6,11,16,5,11,10,16
2000,6,100169021,271,132,49,139,51,23,8,48,18,39,14,41,15,49,18,28,10,27,10,16,6,12,24,16,22,27,12,13,6,11,24,23,19,22,16,14,10
2000,6,100170032,260,123,47,137,53,21,8,48,18,28,11,32,12,44,17,21,8,35,13,31,12,8,27,15,16,22,11,13,11,13,21,13,16,22,10,22,20
2000,6,100170104,122,55,45,67,55,7,6,24,20,15,12,13,11,23,19,9,7,16,13,15,12,4,11,7,5,11,5,7,5,3,13,8,8,12,4,9,10
2000,6,100170112,92,41,45,51,55,4,4,16,17,7,8,10,11,12,13,7,8,15,16,21,23,1,7,5,5,6,4,7,6,3,9,2,5,6,3,8,15
2000,6,100170186,163,70,43,93,57,11,7,21,13,25,15,21,13,33,20,18,11,14,9,20,12,4,9,13,9,14,10,4,7,7,12,12,12,19,8,10,13
2000,6,100170530,116,55,47,61,53,12,10,19,16,17,15,20,17,13,11,13,11,11,9,11,9,5,6,12,8,9,6,6,3,7,13,5,12,4,7,5,8
2000,6,100170723,323,146,45,177,55,22,7,66,20,37,11,36,11,74,23,31,10,25,8,32,10,12,28,19,14,40,16,12,5,10,38,18,22,34,15,13,27
2000,6,100171227,214,93,43,121,57,16,7,53,25,23,11,31,14,45,21,13,6,14,7,19,9,4,24,8,15,25,5,7,5,12,29,15,16,20,8,7,14
2000,6,100171524,140,68,49,72,51,13,9,29,21,22,16,20,14,24,17,14,10,9,6,9,6,6,15,14,9,11,5,5,3,7,14,8,11,13,9,4,6
2000,6,100171612,117,58,50,59,50,5,4,17,15,16,14,14,12,12,10,26,22,6,5,21,18,2,8,4,8,8,16,3,9,3,9,12,6,4,10,3,12
2000,6,100171975,166,77,46,89,54,23,14,29,17,17,10,23,14,18,11,15,9,12,7,29,17,10,16,11,9,11,7,6,7,13,13,6,14,7,8,6,22
2000,6,100172052,248,117,47,131,53,21,8,41,17,41,17,26,10,47,19,17,7,21,8,34,14,15,19,22,14,21,9,6,11,6,22,19,12,26,8,15,23
2000,6,100172550,217,97,45,120,55,15,7,37,17,39,18,22,10,40,18,21,10,23,11,20,9,3,19,18,9,22,10,11,5,12,18,21,13,18,11,12,15
2000,6,100172655,50,26,52,24,48,3,6,2,4,6,12,4,8,4,8,11,22,9,18,11,22,2,2,4,2,2,5,4,5,1,0,2,2,2,6,5,6
2000,6,100172702,5,,,,,,,,,,,,,,,,,,,,,,,,,,,,,,,,,,,,
2000,6,100172710,67,30,45,37,55,3,4,12,18,8,12,7,10,10,15,9,13,7,10,11,16,2,4,5,5,5,5,4,0,1,8,3,2,5,4,3,11
2000,6,100172743,11,6,55,5,45,0,0,1,9,0,0,0,0,2,18,1,9,0,0,7,64,0,1,0,0,1,1,0,3,0,0,0,0,1,0,0,4
2000,6,100172751,5,,,,,,,,,,,,,,,,,,,,,,,,,,,,,,,,,,,,
2000,6,100172768,19,13,68,6,32,1,5,2,11,2,11,0,0,5,26,1,5,3,16,5,26,1,2,1,0,4,1,1,3,0,0,1,0,1,0,2,2
2000,6,100172776,22,12,55,10,45,0,0,1,5,3,14,0,0,2,9,8,36,1,5,7,32,0,0,1,0,1,6,0,4,0,1,2,0,1,2,1,3
2000,6,100172784,5,,,,,,,,,,,,,,,,,,,,,,,,,,,,,,,,,,,,
2000,6,100172792,11,5,45,6,55,0,0,0,0,0,0,3,27,1,9,0,0,3,27,4,36,0,0,0,2,1,0,1,1,0,0,0,1,0,0,2,3
2000,6,100172807,20,13,65,7,35,1,5,3,15,2,10,3,15,3,15,2,10,3,15,3,15,1,2,1,2,1,2,2,2,0,1,1,1,2,0,1,1
2000,6,100172815,15,8,53,7,47,0,0,0,0,1,7,3,20,1,7,3,20,3,20,4,27,0,0,1,1,1,2,1,2,0,0,0,2,0,1,2,2
2000,6,100172823,5,,,,,,,,,,,,,,,,,,,,,,,,,,,,,,,,,,,,
2000,6,100172831,5,,,,,,,,,,,,,,,,,,,,,,,,,,,,,,,,,,,,
2000,6,100172848,14,6,43,8,57,4,29,2,14,0,0,5,36,0,0,0,0,2,14,1,7,2,1,0,2,0,0,1,0,2,1,0,3,0,0,1,1
2000,6,100172856,29,14,48,15,52,0,0,3,10,2,7,3,10,1,3,5,17,7,24,8,28,0,1,2,2,1,3,3,2,0,2,0,1,0,2,4,6
2000,6,100172864,26,12,46,14,54,1,4,3,12,1,4,7,27,0,0,5,19,8,31,1,4,0,1,0,4,0,3,4,0,1,2,1,3,0,2,4,1
2000,6,100172872,23,12,52,11,48,0,0,3,13,4,17,0,0,2,9,3,13,5,22,6,26,0,2,4,0,1,2,1,2,0,1,0,0,1,1,4,4
2000,6,100172880,33,13,39,20,61,2,6,4,12,4,12,5,15,2,6,4,12,6,18,6,18,2,3,1,2,1,1,3,0,0,1,3,3,1,3,3,6
2000,6,100172897,19,10,53,9,47,2,11,3,16,4,21,3,16,3,16,0,0,1,5,3,16,1,1,3,1,3,0,0,1,1,2,1,2,0,0,1,2
2000,6,100172903,5,,,,,,,,,,,,,,,,,,,,,,,,,,,,,,,,,,,,
2000,6,100172911,39,20,51,19,49,0,0,5,13,3,8,3,8,5,13,7,18,4,10,12,31,0,4,1,1,2,5,2,5,0,1,2,2,3,2,2,7
2000,6,100172936,13,4,31,9,69,0,0,1,8,4,31,1,8,1,8,2,15,3,23,1,8,0,0,1,1,1,0,1,0,0,1,3,0,0,2,2,1
2000,6,100172944,15,5,33,10,67,0,0,2,13,2,13,2,13,2,13,3,20,1,7,3,20,0,0,1,1,1,1,0,1,0,2,1,1,1,2,1,2
2000,6,100172952,11,5,45,6,55,0,0,0,0,2,18,0,0,0,0,3,27,0,0,6,55,0,0,1,0,0,2,0,2,0,0,1,0,0,1,0,4
2000,6,100172960,14,5,36,9,64,1,7,2,14,1,7,2,14,2,14,0,0,1,7,5,36,0,1,0,1,0,0,1,2,1,1,1,1,2,0,0,3
2000,6,100172977,18,9,50,9,50,1,6,1,6,1,6,1,6,5,28,2,11,1,6,6,33,0,0,0,1,4,1,0,3,1,1,1,0,1,1,1,3
2000,6,100172993,21,11,52,10,48,2,10,2,10,1,5,2,10,4,19,2,10,4,19,4,19,2,1,1,1,3,0,2,1,0,1,0,1,1,2,2,3
2000,6,100173005,25,9,36,16,64,1,4,2,8,2,8,3,12,3,12,5,20,4,16,5,20,0,1,0,2,1,3,1,1,1,1,2,1,2,2,3,4
2000,6,100173013,5,,,,,,,,,,,,,,,,,,,,,,,,,,,,,,,,,,,,
2000,6,100173021,543,244,45,299,55,41,8,72,13,93,17,67,12,77,14,77,14,52,10,64,12,17,33,44,36,39,36,18,21,24,39,49,31,38,41,34,43
2000,6,100173038,18,11,61,7,39,0,0,0,0,0,0,3,17,0,0,3,17,5,28,7,39,0,0,0,3,0,2,3,3,0,0,0,0,0,1,2,4
2000,6,100173046,5,,,,,,,,,,,,,,,,,,,,,,,,,,,,,,,,,,,,
2000,6,100173054,21,9,43,12,57,2,10,2,10,1,5,2,10,2,10,2,10,3,14,7,33,1,0,0,2,1,2,0,3,1,2,1,0,1,0,3,4
2000,6,100173062,88,43,49,45,51,7,8,11,13,12,14,9,10,10,11,22,25,9,10,8,9,4,4,8,5,6,11,4,1,3,7,4,4,4,11,5,7
2000,6,100173070,5,,,,,,,,,,,,,,,,,,,,,,,,,,,,,,,,,,,,
2000,6,100173087,5,,,,,,,,,,,,,,,,,,,,,,,,,,,,,,,,,,,,
2000,6,100173095,5,,,,,,,,,,,,,,,,,,,,,,,,,,,,,,,,,,,,
2000,6,100173118,52,31,60,21,40,1,2,4,8,4,8,6,12,6,12,10,19,10,19,11,21,0,3,3,3,4,9,4,5,1,1,1,3,2,1,6,6
2000,6,100173126,5,,,,,,,,,,,,,,,,,,,,,,,,,,,,,,,,,,,,
2000,6,100173134,54,24,44,30,56,2,4,4,7,7,13,4,7,8,15,8,15,5,9,16,30,2,3,2,2,4,5,2,4,0,1,5,2,4,3,3,12
2000,6,100173456,351,172,49,179,51,32,9,45,13,68,19,57,16,58,17,25,7,28,8,38,11,18,27,31,31,29,14,9,13,14,18,37,26,29,11,19,25
2000,6,100173681,356,171,48,185,52,31,9,68,19,62,17,64,18,56,16,33,9,21,6,21,6,15,37,31,33,27,17,5,6,16,31,31,31,29,16,16,15
2000,6,100173921,371,175,47,196,53,31,8,54,15,62,17,67,18,64,17,30,8,27,7,36,10,15,30,26,37,32,10,13,12,16,24,36,30,32,20,14,24
2000,6,100174320,298,147,49,151,51,17,6,52,17,45,15,38,13,43,14,30,10,25,8,48,16,13,25,26,16,27,12,12,16,4,27,19,22,16,18,13,32
2000,6,100174466,398,186,47,212,53,29,7,65,16,52,13,65,16,67,17,43,11,31,8,46,12,15,37,25,29,35,19,13,13,14,28,27,36,32,24,18,33
2000,6,100175515,448,221,49,227,51,38,8,65,15,61,14,68,15,67,15,50,11,40,9,59,13,24,40,30,34,34,25,13,21,14,25,31,34,33,25,27,38
2000,6,100175933,297,149,50,148,50,30,10,63,21,37,12,55,19,45,15,21,7,21,7,25,8,19,33,19,27,22,12,9,8,11,30,18,28,23,9,12,17
2000,6,100176228,361,172,48,189,52,34,9,46,13,66,18,68,19,58,16,42,12,22,6,25,7,20,22,38,28,31,21,9,3,14,24,28,40,27,21,13,22
2000,6,100176558,205,95,46,110,54,15,7,28,14,30,15,18,9,31,15,30,15,18,9,35,17,6,17,14,5,14,16,9,14,9,11,16,13,17,14,9,21
2000,6,100177053,244,114,47,130,53,21,9,36,15,45,18,35,14,44,18,21,9,18,7,24,10,10,18,24,15,22,10,7,8,11,18,21,20,22,11,11,16
2000,6,100177205,285,133,47,152,53,37,13,47,16,43,15,41,14,60,21,24,8,24,8,9,3,18,22,23,18,28,12,10,2,19,25,20,23,32,12,14,7
2000,6,100177898,248,118,48,130,52,26,10,44,18,32,13,46,19,29,12,16,6,27,11,28,11,11,24,15,24,17,8,8,11,15,20,17,22,12,8,19,17
2000,6,100178143,622,289,46,333,54,40,6,75,12,83,13,83,13,100,16,57,9,81,13,103,17,20,42,37,42,46,31,38,33,20,33,46,41,54,26,43,70
2000,6,100178578,220,101,46,119,54,22,10,42,19,33,15,18,8,41,19,21,10,24,11,19,9,11,23,16,10,18,12,9,2,11,19,17,8,23,9,15,17
2000,6,100178641,98,52,53,46,47,5,5,13,13,9,9,13,13,16,16,12,12,14,14,16,16,3,9,8,4,10,6,5,7,2,4,1,9,6,6,9,9
2000,6,100178738,131,57,44,74,56,4,3,16,12,9,7,13,10,26,20,15,11,12,9,36,27,2,8,4,6,12,7,6,12,2,8,5,7,14,8,6,24
2000,6,100178770,93,38,41,55,59,5,5,10,11,8,9,13,14,12,13,12,13,8,9,25,27,2,4,2,7,8,7,1,7,3,6,6,6,4,5,7,18
2000,6,100178867,504,239,47,265,53,28,6,81,16,128,25,76,15,59,12,57,11,33,7,42,8,17,40,64,34,29,28,14,13,11,41,64,42,30,29,19,29
2000,6,100178996,2941,1351,46,1590,54,185,6,354,12,429,15,396,13,433,15,372,13,305,10,467,16,94,191,218,185,215,185,117,146,91,163,211,211,218,187,188,321
2000,6,100179370,338,164,49,174,51,23,7,61,18,46,14,50,15,53,16,37,11,30,9,38,11,9,37,25,27,26,17,13,10,14,24,21,23,27,20,17,28
2000,6,100179627,30,14,47,16,53,2,7,0,0,6,20,4,13,3,10,5,17,5,17,5,17,2,0,3,3,2,3,1,0,0,0,3,1,1,2,4,5
2000,6,100179715,5,,,,,,,,,,,,,,,,,,,,,,,,,,,,,,,,,,,,
2000,6,100179828,380,186,49,194,51,28,7,60,16,53,14,54,14,57,15,51,13,39,10,38,10,11,34,33,25,25,28,19,11,17,26,20,29,32,23,20,27
2000,6,100179998,373,161,43,212,57,30,8,64,17,69,18,61,16,55,15,47,13,30,8,17,5,11,28,31,28,23,18,15,7,19,36,38,33,32,29,15,10
2000,6,100180236,288,136,47,152,53,24,8,54,19,40,14,45,16,48,17,31,11,30,10,16,6,10,26,20,23,24,17,13,3,14,28,20,22,24,14,17,13
2000,6,100180412,274,132,48,142,52,10,4,50,18,42,15,28,10,46,17,37,14,19,7,42,15,4,24,26,15,23,18,9,13,6,26,16,13,23,19,10,29
2000,6,100180646,408,205,50,203,50,33,8,72,18,55,13,56,14,70,17,37,9,36,9,49,12,17,45,29,29,35,19,16,15,16,27,26,27,35,18,20,34
2000,6,100181037,260,127,49,133,51,24,9,29,11,42,16,36,14,36,14,28,11,30,12,35,13,10,17,22,19,21,15,11,12,14,12,20,17,15,13,19,23
2000,6,100181125,319,153,48,166,52,28,9,69,22,43,13,54,17,57,18,25,8,19,6,24,8,10,30,26,26,31,13,9,8,18,39,17,28,26,12,10,16
2000,6,100181287,225,106,47,119,53,16,7,28,12,27,12,27,12,33,15,26,12,28,12,40,18,10,15,13,12,16,16,11,13,6,13,14,15,17,10,17,27
2000,6,100181535,128,66,52,62,48,15,12,17,13,15,12,25,20,10,8,11,9,19,15,16,13,7,10,10,14,5,6,11,3,8,7,5,11,5,5,8,13
2000,6,100181711,529,261,49,268,51,52,10,134,25,104,20,69,13,58,11,34,6,46,9,32,6,28,73,58,30,28,18,16,10,24,61,46,39,30,16,30,22
2000,6,100181752,160,71,44,89,56,14,9,17,11,22,14,16,10,24,15,12,8,21,13,34,21,9,8,7,10,9,9,10,9,5,9,15,6,15,3,11,25
2000,6,100181785,346,170,49,176,51,40,12,56,16,49,14,49,14,49,14,28,8,31,9,44,13,18,30,25,25,24,14,19,15,22,26,24,24,25,14,12,29
2000,6,100181840,329,161,49,168,51,28,9,65,20,60,18,38,12,58,18,41,12,20,6,19,6,15,29,35,19,28,18,11,6,13,36,25,19,30,23,9,13
2000,6,100182215,439,208,47,231,53,35,8,76,17,79,18,61,14,79,18,34,8,33,8,42,10,14,39,39,32,42,18,17,7,21,37,40,29,37,16,16,35
2000,6,100182473,91,46,51,45,49,7,8,14,15,14,15,9,10,16,18,10,11,7,8,14,15,3,7,7,6,9,5,3,6,4,7,7,3,7,5,4,8
2000,6,100182512,314,155,49,159,51,30,10,55,18,46,15,46,15,49,16,35,11,19,6,34,11,19,29,26,24,24,20,6,7,11,26,20,22,25,15,13,27
2000,6,100182754,972,451,46,521,54,73,8,98,10,111,11,117,12,145,15,102,10,149,15,177,18,33,50,63,60,69,52,59,65,40,48,48,57,76,50,90,112
2000,6,100182826,547,268,49,279,51,33,6,97,18,92,17,80,15,110,20,53,10,54,10,28,5,19,52,54,35,51,25,24,8,14,45,38,45,59,28,30,20
2000,6,100183057,153,86,56,67,44,3,2,65,42,28,18,7,5,15,10,7,5,3,2,25,16,0,46,18,3,7,4,1,7,3,19,10,4,8,3,2,18
2000,6,100183153,34,12,35,22,65,1,3,6,18,2,6,6,18,4,12,5,15,4,12,6,18,1,0,1,2,2,2,3,1,0,6,1,4,2,3,1,5
2000,6,100183797,1516,707,47,809,53,96,6,149,10,219,14,239,16,178,12,251,17,217,14,167,11,47,77,112,114,84,106,111,56,49,72,107,125,94,145,106,111
2000,6,100183803,87,42,48,45,52,4,5,16,18,10,11,12,14,18,21,8,9,12,14,7,8,0,12,3,7,8,3,6,3,4,4,7,5,10,5,6,4
2000,6,100183924,678,334,49,344,51,34,5,95,14,105,15,107,16,163,24,88,13,56,8,30,4,21,44,58,60,80,37,23,11,13,51,47,47,83,51,33,19
2000,6,100183998,45,24,53,21,47,6,13,9,20,3,7,5,11,7,16,5,11,8,18,2,4,4,7,0,3,3,2,4,1,2,2,3,2,4,3,4,1
2000,6,100184001,5,,,,,,,,,,,,,,,,,,,,,,,,,,,,,,,,,,,,
2000,6,100184018,21,13,62,8,38,0,0,6,29,3,14,4,19,1,5,2,10,3,14,2,10,0,4,3,2,0,1,2,1,0,2,0,2,1,1,1,1
2000,6,100184026,11,2,18,9,82,4,36,2,18,0,0,4,36,0,0,0,0,1,9,0,0,1,0,0,1,0,0,0,0,3,2,0,3,0,0,1,0
2000,6,100184034,1965,918,47,1047,53,134,7,240,12,260,13,270,14,243,12,247,13,308,16,263,13,72,125,137,138,121,120,127,78,62,115,123,132,122,127,181,185
2000,6,100184075,716,352,49,364,51,60,8,112,16,142,20,89,12,118,16,73,10,61,9,61,9,27,59,82,51,47,39,31,16,33,53,60,38,71,34,30,45
2000,6,100184083,94,39,41,55,59,6,6,9,10,19,20,11,12,11,12,10,11,13,14,15,16,3,3,8,7,5,4,5,4,3,6,11,4,6,6,8,11
2000,6,100184091,5,,,,,,,,,,,,,,,,,,,,,,,,,,,,,,,,,,,,
2000,6,100184114,280,152,54,128,46,2,1,6,2,8,3,30,11,47,17,49,18,72,26,65,23,1,4,6,18,34,29,38,22,1,2,2,12,13,20,34,43
2000,6,100184130,48,27,56,21,44,3,6,6,13,10,21,3,6,8,17,1,2,11,23,6,13,2,2,7,2,5,0,7,2,1,4,3,1,3,1,4,4
2000,6,100184196,378,175,46,203,54,19,5,55,15,63,17,45,12,59,16,53,14,42,11,42,11,7,29,30,24,32,24,20,9,12,26,33,21,27,29,22,33
2000,6,100184202,607,297,49,310,51,34,6,68,11,80,13,89,15,90,15,77,13,82,14,87,14,17,42,47,44,43,33,41,30,17,26,33,45,47,44,41,57
2000,6,100184210,13,4,31,9,69,2,15,2,15,1,8,2,15,2,15,2,15,1,8,1,8,2,0,0,0,1,1,0,0,0,2,1,2,1,1,1,1
2000,6,100184227,4288,2021,47,2267,53,225,5,545,13,736,17,567,13,748,17,611,14,449,10,407,9,119,274,377,290,359,278,199,125,106,271,359,277,389,333,250,282
2000,6,100184235,43,23,53,20,47,3,7,8,19,7,16,4,9,7,16,5,12,5,12,4,9,2,4,5,1,4,3,2,2,1,4,2,3,3,2,3,2
2000,6,100184243,153,78,51,75,49,8,5,17,11,14,9,16,10,23,15,20,13,19,12,36,24,4,9,8,9,13,11,9,15,4,8,6,7,10,9,10,21
2000,6,100184251,1479,666,45,813,55,135,9,241,16,229,15,301,20,243,16,160,11,97,7,73,5,65,116,119,141,108,61,40,16,70,125,110,160,135,99,57,57
2000,6,100184268,34,15,44,19,56,1,3,2,6,2,6,10,29,3,9,5,15,2,6,9,26,1,2,0,5,1,3,0,3,0,0,2,5,2,2,2,6
2000,6,100184284,2689,1270,47,1419,53,179,7,346,13,484,18,398,15,446,17,376,14,239,9,221,8,88,189,254,199,197,167,106,70,91,157,230,199,249,209,133,151
2000,6,100184292,218,106,49,112,51,12,6,25,11,24,11,37,17,26,12,19,9,29,13,46,21,6,11,14,20,12,7,16,20,6,14,10,17,14,12,13,26
2000,6,100184307,100,47,47,53,53,8,8,13,13,12,12,15,15,18,18,8,8,14,14,12,12,3,6,4,7,10,5,7,5,5,7,8,8,8,3,7,7
2000,6,100184315,100,47,47,53,53,5,5,15,15,16,16,10,10,16,16,14,14,6,6,18,18,2,8,9,6,7,8,4,3,3,7,7,4,9,6,2,15
2000,6,100184323,58,28,48,30,52,3,5,10,17,4,7,7,12,12,21,8,14,3,5,11,19,2,7,2,3,4,6,1,3,1,3,2,4,8,2,2,8
2000,6,100184331,162,79,49,83,51,13,8,28,17,20,12,26,16,20,12,19,12,19,12,15,9,8,15,9,7,15,10,9,4,5,13,11,19,5,9,10,11
2000,6,100184348,137,56,41,81,59,12,9,18,13,20,15,7,5,21,15,15,11,18,13,26,19,6,6,8,5,8,7,6,10,6,12,12,2,13,8,12,16
2000,6,100184364,87,39,45,48,55,7,8,14,16,13,15,10,11,10,11,10,11,10,11,13,15,2,9,7,3,6,7,3,2,5,5,6,7,4,3,7,11
2000,6,100184372,59,34,58,25,42,4,7,1,2,6,10,10,17,8,14,8,14,9,15,13,22,4,1,3,7,6,5,3,5,0,0,3,3,2,3,6,8
2000,6,100184397,47,26,55,21,45,4,9,11,23,5,11,4,9,9,19,4,9,2,4,8,17,3,7,3,2,5,2,1,3,1,4,2,2,4,2,1,5
2000,6,100184403,38,22,58,16,42,1,3,4,11,8,21,5,13,9,24,4,11,3,8,4,11,0,3,6,3,4,4,0,2,1,1,2,2,5,0,3,2
2000,6,100184428,1090,518,48,572,52,71,7,100,9,142,13,145,13,133,12,154,14,156,14,189,17,39,61,77,75,65,73,59,69,32,39,65,70,68,81,97,120
2000,6,100184460,401,188,47,213,53,29,7,59,15,47,12,55,14,69,17,45,11,46,11,51,13,17,32,26,23,36,19,21,14,12,27,21,32,33,26,25,37
2000,6,100184477,92,46,50,46,50,5,5,14,15,19,21,10,11,11,12,11,12,6,7,16,17,4,8,12,5,5,8,1,3,1,6,7,5,6,3,5,13
2000,6,100184485,147,71,48,76,52,16,11,18,12,17,12,38,26,23,16,12,8,15,10,8,5,9,12,7,23,9,5,4,2,7,6,10,15,14,7,11,6
2000,6,100184493,583,272,47,311,53,40,7,66,11,80,14,89,15,79,14,66,11,84,14,79,14,15,37,33,47,42,25,43,30,25,29,47,42,37,41,41,49
2000,6,100184508,136,66,49,70,51,9,7,14,10,11,8,25,18,15,11,17,13,26,19,19,14,2,5,6,14,11,8,14,6,7,9,5,11,4,9,12,13
2000,6,100184532,3336,1567,47,1769,53,178,5,407,12,467,14,444,13,464,14,475,14,486,15,414,12,90,196,253,232,217,214,217,147,88,211,214,212,247,261,269,267
2000,6,100184540,5,,,,,,,,,,,,,,,,,,,,,,,,,,,,,,,,,,,,
2000,6,100184557,687,330,48,357,52,45,7,92,13,118,17,81,12,120,17,75,11,76,11,80,12,23,48,63,41,56,39,34,26,22,44,55,40,64,36,42,54
2000,6,100184573,511,244,48,267,52,32,6,81,16,63,12,78,15,91,18,40,8,47,9,79,15,19,44,31,39,43,20,18,30,13,37,32,39,48,20,29,49
2000,6,100184581,5,,,,,,,,,,,,,,,,,,,,,,,,,,,,,,,,,,,,
2000,6,100184598,1181,525,44,656,56,78,7,130,11,174,15,142,12,161,14,162,14,126,11,208,18,37,57,86,72,80,74,56,63,41,73,88,70,81,88,70,145
2000,6,100184620,36,18,50,18,50,7,19,4,11,6,17,2,6,8,22,3,8,2,6,4,11,4,4,2,0,4,1,2,1,3,0,4,2,4,2,0,3
2000,6,100184637,117,60,51,57,49,18,15,15,13,12,10,15,13,26,22,12,10,9,8,10,9,11,8,7,5,14,7,5,3,7,7,5,10,12,5,4,7
2000,6,100184653,41,16,39,25,61,4,10,6,15,5,12,4,10,8,20,4,10,3,7,7,17,3,1,2,1,3,1,1,4,1,5,3,3,5,3,2,3
2000,6,100184661,408,194,48,214,52,26,6,42,10,66,16,45,11,57,14,59,14,44,11,69,17,10,18,37,24,27,29,18,31,16,24,29,21,30,30,26,38
2000,6,100184686,365,175,48,190,52,21,6,37,10,44,12,45,12,55,15,38,10,55,15,70,19,16,17,26,26,26,13,25,26,5,20,18,19,29,25,30,44
2000,6,100184700,587,298,51,289,49,49,8,81,14,82,14,69,12,95,16,72,12,58,10,81,14,30,38,52,31,44,39,32,32,19,43,30,38,51,33,26,49
2000,6,100184717,143,73,51,70,49,9,6,17,12,22,15,16,11,22,15,24,17,15,10,18,13,5,7,12,8,12,12,9,8,4,10,10,8,10,12,6,10
2000,6,100184774,138,63,46,75,54,11,8,13,9,18,13,19,14,14,10,19,14,21,15,23,17,6,6,9,10,5,10,11,6,5,7,9,9,9,9,10,17
2000,6,100184782,1630,753,46,877,54,102,6,212,13,242,15,201,12,250,15,181,11,194,12,248,15,52,118,113,104,115,91,85,75,50,94,129,97,135,90,109,173
2000,6,100184805,112,49,44,63,56,5,4,14,13,13,12,14,13,11,10,16,14,17,15,22,20,1,6,9,6,6,7,8,6,4,8,4,8,5,9,9,16
2000,6,100184813,5,,,,,,,,,,,,,,,,,,,,,,,,,,,,,,,,,,,,
2000,6,100184854,191,94,49,97,51,10,5,16,8,22,12,30,16,33,17,16,8,30,16,34,18,5,7,12,18,17,10,15,10,5,9,10,12,16,6,15,24
2000,6,100184887,851,382,45,469,55,50,6,112,13,114,13,126,15,121,14,113,13,92,11,123,14,22,56,59,63,61,48,39,34,28,56,55,63,60,65,53,89
2000,6,100184934,286,129,45,157,55,24,8,39,14,34,12,37,13,44,15,25,9,33,12,50,17,8,22,16,20,22,10,13,18,16,17,18,17,22,15,20,32
2000,6,100184942,64,35,55,29,45,5,8,5,8,13,20,3,5,9,14,7,11,5,8,17,27,3,3,9,0,5,4,2,9,2,2,4,3,4,3,3,8
2000,6,100184967,1356,655,48,701,52,91,7,194,14,273,20,145,11,229,17,168,12,125,9,131,10,46,101,153,64,112,79,56,44,45,93,120,81,117,89,69,87
2000,6,100184983,722,357,49,365,51,48,7,108,15,147,20,80,11,115,16,89,12,79,11,56,8,24,57,84,35,59,41,41,16,24,51,63,45,56,48,38,40
2000,6,100185028,90,42,47,48,53,7,8,14,16,12,13,9,10,15,17,11,12,13,14,9,10,3,8,3,2,10,7,6,3,4,6,9,7,5,4,7,6
2000,6,100185036,229,114,50,115,50,15,7,26,11,36,16,33,14,36,16,27,12,27,12,29,13,7,11,20,20,20,16,13,7,8,15,16,13,16,11,14,22
2000,6,100185044,274,121,44,153,56,15,5,34,12,39,14,26,9,45,16,38,14,37,14,40,15,10,14,18,15,20,18,15,11,5,20,21,11,25,20,22,29
2000,6,100185077,12,5,42,7,58,0,0,0,0,2,17,0,0,0,0,6,50,0,0,4,33,0,0,1,0,0,3,0,1,0,0,1,0,0,3,0,3
2000,6,100185085,33,16,48,17,52,4,12,6,18,1,3,5,15,4,12,1,3,4,12,8,24,2,2,1,1,3,1,3,3,2,4,0,4,1,0,1,5
2000,6,100185116,2371,1100,46,1271,54,119,5,235,10,385,16,302,13,352,15,343,14,336,14,298,13,55,104,207,156,143,154,152,128,64,131,178,146,209,189,184,170
2000,6,100185132,546,261,48,285,52,33,6,67,12,83,15,80,15,87,16,64,12,55,10,77,14,14,34,48,33,47,36,25,24,19,33,35,47,40,28,30,53
2000,6,100185140,5077,2291,45,2786,55,372,7,607,12,817,16,823,16,689,14,654,13,624,12,491,10,183,322,401,399,317,251,257,161,189,285,416,424,372,403,367,330
2000,6,100185157,317,148,47,169,53,17,5,42,13,44,14,51,16,47,15,40,13,40,13,36,11,8,18,21,25,26,13,22,15,9,24,23,26,21,27,18,21
2000,6,100185173,751,359,48,392,52,46,6,126,17,110,15,98,13,104,14,92,12,77,10,98,13,18,67,60,46,51,45,39,33,28,59,50,52,53,47,38,65
2000,6,100185181,64,32,50,32,50,4,6,9,14,7,11,12,19,8,13,9,14,8,13,7,11,2,6,4,6,6,5,2,1,2,3,3,6,2,4,6,6
2000,6,100185198,193,87,45,106,55,6,3,27,14,28,15,26,13,22,11,29,15,26,13,29,15,3,12,12,12,10,12,18,8,3,15,16,14,12,17,8,21
2000,6,100185220,2197,1009,46,1188,54,167,8,262,12,408,19,338,15,310,14,285,13,227,10,200,9,91,132,195,169,142,126,96,58,76,130,213,169,168,159,131,142
2000,6,100185237,456,204,45,252,55,46,10,69,15,72,16,64,14,57,13,53,12,47,10,48,11,29,28,35,33,25,24,19,11,17,41,37,31,32,29,28,37
2000,6,100185245,160,78,49,82,51,9,6,16,10,26,16,24,15,18,11,16,10,27,17,24,15,2,10,17,14,12,6,11,6,7,6,9,10,6,10,16,18
2000,6,100185261,2221,1059,48,1162,52,183,8,364,16,357,16,303,14,376,17,279,13,193,9,166,7,95,201,176,131,174,135,84,63,88,163,181,172,202,144,109,103
2000,6,100185278,3210,1491,46,1719,54,213,7,399,12,414,13,460,14,492,15,331,10,410,13,491,15,113,196,218,230,249,150,170,165,100,203,196,230,243,181,240,326
2000,6,100185325,1529,705,46,824,54,126,8,167,11,173,11,321,21,204,13,186,12,205,13,147,10,58,81,80,156,109,67,98,56,68,86,93,165,95,119,107,91
2000,6,100185333,1352,639,47,713,53,82,6,140,10,188,14,208,15,197,15,147,11,174,13,216,16,49,70,92,115,100,65,69,79,33,70,96,93,97,82,105,137
2000,6,100185341,96,44,46,52,54,9,9,13,14,11,11,14,15,15,16,7,7,12,13,15,16,5,6,3,7,9,5,6,3,4,7,8,7,6,2,6,12
2000,6,100185405,11,3,27,8,73,2,18,0,0,0,0,2,18,2,18,0,0,3,27,2,18,0,0,0,1,2,0,0,0,2,0,0,1,0,0,3,2
2000,6,100185413,5,,,,,,,,,,,,,,,,,,,,,,,,,,,,,,,,,,,,
2000,6,100185446,84,43,51,41,49,2,2,5,6,16,19,6,7,14,17,12,14,9,11,20,24,0,2,11,5,7,7,3,8,2,3,5,1,7,5,6,12
2000,6,100185462,299,142,47,157,53,27,9,39,13,33,11,44,15,39,13,30,10,38,13,49,16,12,22,14,23,19,18,15,19,15,17,19,21,20,12,23,30
2000,6,100185470,2905,1336,46,1569,54,188,6,346,12,509,18,426,15,505,17,377,13,286,10,268,9,103,173,247,200,234,179,122,78,85,173,262,226,271,198,164,190
2000,6,100185495,57,29,51,28,49,1,2,8,14,4,7,11,19,12,21,6,11,9,16,6,11,0,3,3,6,10,1,4,2,1,5,1,5,2,5,5,4
2000,6,100185526,12,8,67,4,33,1,8,0,0,0,0,1,8,3,25,1,8,3,25,3,25,1,0,0,1,3,0,1,2,0,0,0,0,0,1,2,1
2000,6,100185614,442,221,50,221,50,31,7,64,14,92,21,64,14,63,14,54,12,48,11,26,6,18,34,52,33,30,23,25,6,13,30,40,31,33,31,23,20
2000,6,100185630,30,13,43,17,57,3,10,1,3,4,13,3,10,5,17,4,13,8,27,2,7,1,0,1,2,3,3,2,1,2,1,3,1,2,1,6,1
2000,6,100185647,18,11,61,7,39,0,0,1,6,1,6,2,11,7,39,0,0,2,11,5,28,0,1,1,2,4,0,1,2,0,0,0,0,3,0,1,3
2000,6,100185663,20,10,50,10,50,2,10,2,10,1,5,3,15,5,25,1,5,2,10,4,20,0,0,0,2,4,0,1,3,2,2,1,1,1,1,1,1
2000,6,100185671,33,19,58,14,42,4,12,9,27,2,6,4,12,5,15,2,6,7,21,0,0,3,6,1,0,4,0,5,0,1,3,1,4,1,2,2,0
2000,6,100185688,251,122,49,129,51,16,6,42,17,31,12,31,12,45,18,24,10,25,10,37,15,7,27,12,18,24,11,10,13,9,15,19,13,21,13,15,24
2000,6,100185702,144,72,50,72,50,15,10,14,10,24,17,15,10,24,17,17,12,12,8,23,16,8,8,12,8,14,11,3,8,7,6,12,7,10,6,9,15
2000,6,100185710,748,346,46,402,54,66,9,107,14,100,13,181,24,107,14,83,11,65,9,39,5,30,61,48,87,49,36,27,8,36,46,52,94,58,47,38,31
2000,6,100185727,1013,469,46,544,54,73,7,125,12,176,17,128,13,166,16,123,12,121,12,101,10,27,58,88,68,79,64,49,36,46,67,88,60,87,59,72,65
2000,6,100185735,23,10,43,13,57,1,4,2,9,2,9,3,13,4,17,2,9,4,17,5,22,1,0,0,2,2,0,2,3,0,2,2,1,2,2,2,2
2000,6,100185743,1494,689,46,805,54,97,6,177,12,221,15,196,13,212,14,182,12,175,12,234,16,46,90,114,91,107,91,85,65,51,87,107,105,105,91,90,169
2000,6,100185768,831,389,47,442,53,95,11,133,16,126,15,176,21,147,18,80,10,39,5,35,4,53,71,61,82,64,36,15,7,42,62,65,94,83,44,24,28
2000,6,100185776,54,27,50,27,50,2,4,7,13,7,13,10,19,4,7,5,9,13,24,6,11,1,6,5,3,2,1,7,2,1,1,2,7,2,4,6,4
2000,6,100185792,72,35,49,37,51,6,8,4,6,12,17,13,18,9,13,9,13,10,14,9,13,3,2,4,8,4,6,6,2,3,2,8,5,5,3,4,7
2000,6,100185807,14,7,50,7,50,2,14,1,7,1,7,5,36,1,7,2,14,2,14,0,0,0,1,1,3,1,1,0,0,2,0,0,2,0,1,2,0
2000,6,100185815,73,31,42,42,58,4,5,9,12,16,22,4,5,16,22,7,10,8,11,9,12,0,4,5,1,9,5,4,3,4,5,11,3,7,2,4,6
2000,6,100185823,129,59,46,70,54,6,5,25,19,23,18,15,12,22,17,12,9,16,12,10,8,3,11,14,7,11,5,7,1,3,14,9,8,11,7,9,9
2000,6,100185831,84,43,51,41,49,6,7,9,11,14,17,14,17,12,14,7,8,15,18,7,8,4,2,9,6,6,5,9,2,2,7,5,8,6,2,6,5
2000,6,100185864,85,36,42,49,58,13,15,11,13,11,13,15,18,7,8,9,11,11,13,8,9,8,4,3,7,2,5,5,2,5,7,8,8,5,4,6,6
2000,6,100185880,44,20,45,24,55,3,7,6,14,9,20,8,18,5,11,6,14,3,7,4,9,1,3,3,5,5,3,0,0,2,3,6,3,0,3,3,4
2000,6,100185897,554,260,47,294,53,39,7,73,13,89,16,80,14,104,19,60,11,65,12,44,8,15,34,43,42,53,25,33,15,24,39,46,38,51,35,32,29
2000,6,100185903,42,23,55,19,45,3,7,1,2,9,21,4,10,2,5,8,19,6,14,9,21,2,1,4,3,1,4,5,3,1,0,5,1,1,4,1,6
2000,6,100185911,33,13,39,20,61,1,3,2,6,4,12,3,9,6,18,3,9,6,18,8,24,0,2,2,0,3,1,3,2,1,0,2,3,3,2,3,6
2000,6,100185928,116,59,51,57,49,6,5,19,16,19,16,25,22,12,10,8,7,13,11,14,12,5,10,8,19,6,3,5,3,1,9,11,6,6,5,8,11
2000,6,100185952,73,31,42,42,58,7,10,13,18,12,16,7,10,10,14,5,7,7,10,12,16,3,5,5,3,6,3,2,4,4,8,7,4,4,2,5,8
2000,6,100185977,341,160,47,181,53,22,6,63,18,58,17,44,13,64,19,32,9,28,8,30,9,11,32,32,21,32,14,13,5,11,31,26,23,32,18,15,25
2000,6,100185985,298,146,49,152,51,16,5,25,8,55,18,37,12,47,16,31,10,43,14,44,15,6,15,32,21,20,16,21,15,10,10,23,16,27,15,22,29
2000,6,100185993,437,196,45,241,55,27,6,66,15,75,17,62,14,72,16,47,11,46,11,42,10,13,29,42,27,36,23,14,12,14,37,33,35,36,24,32,30
2000,6,100186046,5,,,,,,,,,,,,,,,,,,,,,,,,,,,,,,,,,,,,
2000,6,100186054,236,116,49,120,51,20,8,28,12,35,15,27,11,21,9,30,13,37,16,38,16,12,16,19,10,14,14,17,14,8,12,16,17,7,16,20,24
2000,6,100186062,2852,1324,46,1528,54,184,6,373,13,409,14,403,14,508,18,336,12,328,12,311,11,98,180,201,192,240,168,144,101,86,193,208,211,268,168,184,210
2000,6,100186070,155,71,46,84,54,11,7,19,12,24,15,25,16,29,19,17,11,19,12,11,7,6,11,8,12,18,6,8,2,5,8,16,13,11,11,11,9
2000,6,100186087,338,156,46,182,54,18,5,45,13,46,14,40,12,57,17,41,12,52,15,39,12,9,21,24,20,24,22,23,13,9,24,22,20,33,19,29,26
2000,6,100186118,522,241,46,281,54,31,6,56,11,79,15,72,14,75,14,64,12,73,14,72,14,15,28,35,40,41,25,32,25,16,28,44,32,34,39,41,47
2000,6,100186126,1458,689,47,769,53,85,6,141,10,228,16,200,14,211,14,239,16,171,12,183,13,42,72,121,95,101,114,76,68,43,69,107,105,110,125,95,115
2000,6,100186134,1123,483,43,640,57,75,7,95,8,160,14,169,15,127,11,168,15,159,14,170,15,36,52,92,83,52,72,56,40,39,43,68,86,75,96,103,130
2000,6,100186167,274,134,49,140,51,13,5,30,11,29,11,41,15,29,11,32,12,49,18,51,19,5,14,11,22,18,17,27,20,8,16,18,19,11,15,22,31
2000,6,100186206,361,171,47,190,53,32,9,40,11,62,17,50,14,38,11,49,14,40,11,50,14,17,17,29,30,16,26,16,20,15,23,33,20,22,23,24,30
2000,6,100186230,433,218,50,215,50,37,9,56,13,68,16,58,13,54,12,55,13,56,13,49,11,17,35,35,25,31,24,31,20,20,21,33,33,23,31,25,29
2000,6,100186247,107,53,50,54,50,10,9,20,19,22,21,13,12,13,12,14,13,6,6,9,8,5,7,14,7,6,8,3,3,5,13,8,6,7,6,3,6
2000,6,100186255,439,208,47,231,53,38,9,82,19,62,14,56,13,78,18,42,10,43,10,38,9,25,38,35,21,41,23,15,10,13,44,27,35,37,19,28,28
2000,6,100186263,45,23,51,22,49,5,11,3,7,6,13,6,13,7,16,3,7,8,18,7,16,4,1,2,5,5,1,2,3,1,2,4,1,2,2,6,4
2000,6,100186271,731,346,47,385,53,55,8,116,16,119,16,102,14,108,15,86,12,67,9,78,11,31,61,58,50,49,37,32,28,24,55,61,52,59,49,35,50
2000,6,100186351,68,33,49,35,51,1,1,11,16,11,16,9,13,16,24,8,12,4,6,8,12,0,7,4,6,11,1,2,2,1,4,7,3,5,7,2,6
2000,6,100186368,5,,,,,,,,,,,,,,,,,,,,,,,,,,,,,,,,,,,,
2000,6,100186376,338,162,48,176,52,28,8,63,19,55,16,44,13,51,15,36,11,34,10,27,8,16,34,28,24,26,14,14,6,12,29,27,20,25,22,20,21
2000,6,100186384,35,19,54,16,46,2,6,1,3,8,23,5,14,4,11,6,17,5,14,4,11,1,1,4,3,2,3,3,2,1,0,4,2,2,3,2,2
2000,6,100186415,269,127,47,142,53,22,8,49,18,32,12,38,14,33,12,38,14,29,11,28,10,8,24,17,15,18,24,10,11,14,25,15,23,15,14,19,17
2000,6,100186448,416,194,47,222,53,43,10,84,20,58,14,66,16,67,16,37,9,32,8,29,7,19,40,28,31,36,19,13,8,24,44,30,35,31,18,19,21
2000,6,100186456,85,39,46,46,54,8,9,7,8,12,14,11,13,11,13,8,9,13,15,15,18,3,2,7,7,5,5,6,4,5,5,5,4,6,3,7,11
2000,6,100186480,463,219,47,244,53,31,7,93,20,78,17,62,13,75,16,50,11,35,8,39,8,18,43,36,31,38,30,11,12,13,50,42,31,37,20,24,27
2000,6,100186511,598,288,48,310,52,71,12,97,16,83,14,85,14,87,15,46,8,43,7,86,14,38,44,47,41,48,22,23,25,33,53,36,44,39,24,20,61
2000,6,100186528,400,192,48,208,52,35,9,64,16,76,19,41,10,52,13,62,16,34,9,36,9,18,30,39,21,25,30,17,12,17,34,37,20,27,32,17,24
2000,6,100186560,750,349,47,401,53,60,8,136,18,138,18,104,14,131,17,82,11,48,6,51,7,27,67,75,50,62,33,21,14,33,69,63,54,69,49,27,37
2000,6,100186585,572,285,50,287,50,49,9,103,18,105,18,76,13,91,16,68,12,36,6,44,8,28,62,48,41,44,32,18,12,21,41,57,35,47,36,18,32
2000,6,100186632,170,79,46,91,54,17,10,18,11,27,16,18,11,27,16,24,14,21,12,18,11,6,9,14,11,13,12,11,3,11,9,13,7,14,12,10,15
2000,6,100186640,68,32,47,36,53,6,9,9,13,9,13,11,16,9,13,7,10,8,12,9,13,2,6,6,4,4,4,2,4,4,3,3,7,5,3,6,5
2000,6,100186657,359,165,46,194,54,22,6,51,14,46,13,62,17,43,12,36,10,43,12,56,16,11,26,21,33,18,16,20,20,11,25,25,29,25,20,23,36
2000,6,100186681,161,81,50,80,50,15,9,31,19,36,22,13,8,37,23,14,9,3,2,12,7,10,13,23,6,20,5,2,2,5,18,13,7,17,9,1,10
2000,6,100186704,567,258,46,309,54,54,10,107,19,76,13,80,14,98,17,50,9,49,9,53,9,30,51,36,36,45,25,23,12,24,56,40,44,53,25,26,41
2000,6,100186778,429,198,46,231,54,38,9,58,14,58,14,45,10,55,13,36,8,51,12,88,21,17,30,36,22,27,17,17,32,21,28,22,23,28,19,34,56
2000,6,100186825,405,190,47,215,53,32,8,60,15,62,15,52,13,67,17,26,6,39,10,67,17,18,35,35,23,30,13,17,19,14,25,27,29,37,13,22,48
2000,6,100186841,1261,611,48,650,52,92,7,229,18,210,17,176,14,231,18,161,13,84,7,78,6,48,118,101,87,115,80,33,29,44,111,109,89,116,81,51,49
2000,6,100186913,374,178,48,196,52,53,14,53,14,64,17,53,14,60,16,21,6,26,7,44,12,25,29,29,29,31,8,14,13,28,24,35,24,29,13,12,31
2000,6,100186946,276,143,52,133,48,27,10,49,18,47,17,43,16,39,14,27,10,23,8,21,8,17,32,22,18,18,14,14,8,10,17,25,25,21,13,9,13
2000,6,100186987,203,96,47,107,53,25,12,42,21,35,17,29,14,33,16,18,9,8,4,13,6,11,18,23,13,17,8,3,3,14,24,12,16,16,10,5,10
2000,6,100187031,97,45,46,52,54,8,8,19,20,16,16,13,13,16,16,12,12,7,7,6,6,3,7,9,7,8,5,4,2,5,12,7,6,8,7,3,4
2000,6,100187080,294,137,47,157,53,26,9,51,17,39,13,53,18,44,15,27,9,26,9,28,10,16,28,18,24,18,12,8,13,10,23,21,29,26,15,18,15
2000,6,100187097,301,141,47,160,53,22,7,57,19,46,15,45,15,46,15,28,9,28,9,29,10,10,24,24,24,24,14,11,10,12,33,22,21,22,14,17,19
2000,6,100187136,63,26,41,37,59,10,16,9,14,10,16,10,16,10,16,5,8,4,6,5,8,2,3,5,5,5,3,1,2,8,6,5,5,5,2,3,3
2000,6,100187160,37,19,51,18,49,0,0,3,8,4,11,2,5,8,22,7,19,2,5,11,30,0,2,2,2,4,4,1,4,0,1,2,0,4,3,1,7
2000,6,100187177,27,14,52,13,48,4,15,3,11,3,11,2,7,5,19,3,11,1,4,6,22,2,1,2,1,3,1,1,3,2,2,1,1,2,2,0,3
2000,6,100187193,15,9,60,6,40,3,20,3,20,0,0,2,13,1,7,5,33,0,0,1,7,3,2,0,0,1,3,0,0,0,1,0,2,0,2,0,1
2000,6,100187216,310,153,49,157,51,18,6,34,11,46,15,37,12,39,13,38,12,48,15,50,16,13,18,24,23,18,14,24,19,5,16,22,14,21,24,24,31
2000,6,100187224,55,30,55,25,45,5,9,3,5,14,25,9,16,3,5,5,9,9,16,7,13,3,2,9,6,1,2,5,2,2,1,5,3,2,3,4,5
2000,6,100187281,63,26,41,37,59,4,6,9,14,7,11,8,13,7,11,6,10,9,14,13,21,1,4,3,4,4,3,5,2,3,5,4,4,3,3,4,11
2000,6,100187304,32,13,41,19,59,3,9,2,6,8,25,4,13,2,6,4,13,3,9,6,19,2,0,6,2,0,1,1,1,1,2,2,2,2,3,2,5
2000,6,100187337,82,46,56,36,44,7,9,11,13,11,13,13,16,13,16,6,7,10,12,11,13,1,11,5,9,7,3,6,4,6,0,6,4,6,3,4,7
2000,6,100187353,27,15,56,12,44,3,11,4,15,8,30,3,11,5,19,1,4,2,7,1,4,3,3,2,2,2,1,1,1,0,1,6,1,3,0,1,0
2000,6,100187386,54,28,52,26,48,5,9,12,22,8,15,7,13,6,11,6,11,4,7,6,11,4,6,3,4,3,4,0,4,1,6,5,3,3,2,4,2
2000,6,100187400,220,112,51,108,49,13,6,89,40,71,32,17,8,6,3,7,3,5,2,12,5,7,44,45,7,2,2,2,3,6,45,26,10,4,5,3,9
2000,6,100187474,399,189,47,210,53,60,15,56,14,58,15,68,17,55,14,37,9,26,7,39,10,35,30,29,31,30,13,7,14,25,26,29,37,25,24,19,25
2000,6,100187505,90,48,53,42,47,3,3,12,13,21,23,9,10,15,17,5,6,10,11,15,17,3,6,15,7,7,3,4,3,0,6,6,2,8,2,6,12
2000,6,100187538,51,25,49,26,51,2,4,8,16,5,10,8,16,4,8,10,20,3,6,11,22,1,3,4,4,2,4,3,4,1,5,1,4,2,6,0,7
2000,6,100187683,68,34,50,34,50,6,9,14,21,9,13,8,12,12,18,9,13,3,4,7,10,4,7,3,5,6,6,2,1,2,7,6,3,6,3,1,6
2000,6,100187771,94,44,47,50,53,7,7,20,21,14,15,14,15,9,10,14,15,8,9,8,9,3,8,7,6,5,8,5,2,4,12,7,8,4,6,3,6
2000,6,100187827,2140,1017,48,1123,52,157,7,270,13,311,15,277,13,313,15,261,12,253,12,298,14,91,149,156,138,160,116,111,96,66,121,155,139,153,145,142,202
2000,6,100187843,365,174,48,191,52,30,8,42,12,62,17,25,7,60,16,45,12,39,11,62,17,20,25,27,10,31,24,13,24,10,17,35,15,29,21,26,38
2000,6,100187851,64,34,53,30,47,10,16,8,13,7,11,18,28,5,8,2,3,3,5,11,17,7,8,3,10,2,0,1,3,3,0,4,8,3,2,2,8
2000,6,100187868,34,20,59,14,41,2,6,3,9,8,24,4,12,4,12,4,12,3,9,6,18,2,2,5,3,2,2,2,2,0,1,3,1,2,2,1,4
2000,6,100187876,119,48,40,71,60,11,9,15,13,14,12,10,8,20,17,9,8,22,18,18,15,3,5,6,4,11,5,9,5,8,10,8,6,9,4,13,13
2000,6,100187892,40,18,45,22,55,3,8,4,10,9,23,3,8,10,25,3,8,3,8,5,13,1,2,4,2,4,2,1,2,2,2,5,1,6,1,2,3
2000,6,100187907,15,9,60,6,40,1,7,0,0,3,20,1,7,2,13,0,0,4,27,4,27,1,0,1,1,1,0,3,2,0,0,2,0,1,0,1,2
2000,6,100187915,18,8,44,10,56,2,11,3,17,2,11,3,17,2,11,2,11,2,11,2,11,1,0,2,2,0,2,0,1,1,3,0,1,2,0,2,1
2000,6,100187923,25,12,48,13,52,2,8,2,8,3,12,6,24,2,8,3,12,3,12,4,16,1,0,3,4,2,1,1,0,1,2,0,2,0,2,2,4
2000,6,100187948,38,19,50,19,50,4,11,3,8,6,16,4,11,5,13,4,11,3,8,9,24,3,2,1,2,3,2,1,5,1,1,5,2,2,2,2,4
2000,6,100187956,806,362,45,444,55,72,9,127,16,122,15,117,15,132,16,89,11,68,8,79,10,26,58,69,53,64,43,25,24,46,69,53,64,68,46,43,55
2000,6,100187964,88,45,51,43,49,5,6,9,10,8,9,22,25,11,13,4,5,19,22,10,11,1,3,4,15,7,3,10,2,4,6,4,7,4,1,9,8
2000,6,100187972,14,5,36,9,64,0,0,4,29,1,7,2,14,2,14,0,0,1,7,4,29,0,2,0,1,1,0,0,1,0,2,1,1,1,0,1,3
2000,6,100187997,44,21,48,23,52,3,7,5,11,6,14,6,14,2,5,6,14,8,18,8,18,2,2,2,5,1,4,4,1,1,3,4,1,1,2,4,7
2000,6,100188025,19,9,47,10,53,1,5,0,0,4,21,3,16,1,5,2,11,4,21,4,21,1,0,2,3,0,1,1,1,0,0,2,0,1,1,3,3
2000,6,100188041,287,132,46,155,54,34,12,55,19,42,15,46,16,33,11,26,9,26,9,25,9,18,26,22,26,14,10,12,4,16,29,20,20,19,16,14,21
2000,6,100188058,49,25,51,24,49,11,22,8,16,6,12,10,20,5,10,2,4,4,8,3,6,5,4,4,7,2,0,2,1,6,4,2,3,3,2,2,2
2000,6,100188066,1009,477,47,532,53,77,8,150,15,139,14,151,15,138,14,115,11,114,11,125,12,43,78,69,78,72,54,47,36,34,72,70,73,66,61,67,89
2000,6,100188074,17,10,59,7,41,0,0,2,12,3,18,2,12,4,24,2,12,2,12,2,12,0,0,2,2,2,2,1,1,0,2,1,0,2,0,1,1
2000,6,100188082,23,9,39,14,61,2,9,2,9,6,26,2,9,5,22,3,13,1,4,2,9,0,1,2,1,2,2,0,1,2,1,4,1,3,1,1,1
2000,6,100188090,14,7,50,7,50,0,0,0,0,1,7,0,0,0,0,0,0,6,43,7,50,0,0,1,0,0,0,3,3,0,0,0,0,0,0,3,4
2000,6,100188105,17,10,59,7,41,0,0,0,0,2,12,1,6,2,12,6,35,2,12,4,24,0,0,1,1,2,4,1,1,0,0,1,0,0,2,1,3
2000,6,100188113,49,23,47,26,53,4,8,9,18,4,8,4,8,5,10,3,6,6,12,14,29,3,5,1,1,4,1,3,5,1,4,3,3,1,2,3,9
2000,6,100188121,5,,,,,,,,,,,,,,,,,,,,,,,,,,,,,,,,,,,,
2000,6,100188138,119,57,48,62,52,7,6,15,13,19,16,12,10,22,18,7,6,10,8,27,23,5,7,11,8,12,2,4,8,2,8,8,4,10,5,6,19
2000,6,100188146,304,153,50,151,50,32,11,48,16,45,15,50,16,44,14,24,8,36,12,25,8,19,29,25,27,22,10,14,7,13,19,20,23,22,14,22,18
2000,6,100188154,60,29,48,31,52,4,7,7,12,12,20,6,10,5,8,10,17,4,7,12,20,3,3,5,3,3,5,2,5,1,4,7,3,2,5,2,7
2000,6,100188162,91,42,46,49,54,8,9,18,20,13,14,12,13,15,16,6,7,5,5,14,15,4,7,9,5,7,5,2,3,4,11,4,7,8,1,3,11
2000,6,100188195,23,9,39,14,61,2,9,3,13,5,22,1,4,3,13,2,9,3,13,4,17,0,1,3,0,1,1,1,2,2,2,2,1,2,1,2,2
2000,6,100188201,260,121,47,139,53,23,9,42,16,26,10,61,23,34,13,26,10,25,10,23,9,11,20,16,32,14,11,12,5,12,22,10,29,20,15,13,18
2000,6,100188218,62,26,42,36,58,3,5,9,15,3,5,10,16,5,8,7,11,6,10,19,31,0,5,3,5,2,3,3,5,3,4,0,5,3,4,3,14
2000,6,100188234,85,41,48,44,52,3,4,15,18,11,13,15,18,7,8,8,9,8,9,18,21,2,8,7,7,5,2,3,7,1,7,4,8,2,6,5,11
2000,6,100188242,37,20,54,17,46,1,3,3,8,6,16,7,19,7,19,4,11,3,8,6,16,0,2,3,5,5,2,1,2,1,1,3,2,2,2,2,4
2000,6,100188250,716,341,48,375,52,59,8,132,18,117,16,113,16,125,17,57,8,54,8,59,8,29,63,60,61,63,26,23,16,30,69,57,52,62,31,31,43
2000,6,100188275,203,96,47,107,53,19,9,34,17,27,13,30,15,25,12,20,10,23,11,25,12,9,15,14,17,13,11,12,5,10,19,13,13,12,9,11,20
2000,6,100188371,30,16,53,14,47,2,7,2,7,0,0,3,10,3,10,2,7,3,10,15,50,1,2,0,1,3,1,2,6,1,0,0,2,0,1,1,9
2000,6,100188410,897,382,43,515,57,66,7,110,12,117,13,92,10,120,13,93,10,104,12,195,22,31,54,58,41,52,45,46,55,35,56,59,51,68,48,58,140
2000,6,100188476,57,26,46,31,54,3,5,5,9,13,23,6,11,6,11,5,9,10,18,9,16,1,3,6,4,2,2,5,3,2,2,7,2,4,3,5,6
2000,6,100188492,27,12,44,15,56,0,0,6,22,5,19,4,15,3,11,1,4,3,11,5,19,0,2,2,2,2,0,1,3,0,4,3,2,1,1,2,2
2000,6,100188507,5,,,,,,,,,,,,,,,,,,,,,,,,,,,,,,,,,,,,
2000,6,100188515,73,35,48,38,52,9,12,10,14,7,10,10,14,11,15,8,11,12,16,6,8,4,4,3,6,6,5,6,1,5,6,4,4,5,3,6,5
2000,6,100188523,535,244,46,291,54,42,8,90,17,82,15,67,13,90,17,43,8,51,10,70,13,20,41,43,35,41,19,18,27,22,49,39,32,49,24,33,43
2000,6,100188531,87,44,51,43,49,4,5,13,15,12,14,10,11,14,16,9,10,8,9,17,20,1,8,6,7,7,5,5,5,3,5,6,3,7,4,3,12
2000,6,100188564,21,8,38,13,62,4,19,2,10,0,0,5,24,2,10,1,5,5,24,2,10,1,1,0,2,2,0,1,1,3,1,0,3,0,1,4,1
2000,6,100188572,36,15,42,21,58,0,0,6,17,4,11,3,8,9,25,3,8,2,6,9,25,0,5,0,0,5,2,0,3,0,1,4,3,4,1,2,6
2000,6,100188580,39,14,36,25,64,2,5,4,10,5,13,2,5,6,15,5,13,8,21,7,18,1,0,2,1,3,2,3,2,1,4,3,1,3,3,5,5
2000,6,100188597,481,216,45,265,55,41,9,61,13,78,16,57,12,68,14,70,15,46,10,60,12,23,27,38,24,37,35,17,15,18,34,40,33,31,35,29,45
2000,6,100188611,45,23,51,22,49,2,4,4,9,8,18,2,4,4,9,8,18,5,11,12,27,0,1,5,1,3,5,3,5,2,3,3,1,1,3,2,7
2000,6,100188628,89,47,53,42,47,1,1,12,13,11,12,9,10,14,16,6,7,23,26,13,15,1,6,10,5,7,3,10,5,0,6,1,4,7,3,13,8
2000,6,100188644,11,4,36,7,64,0,0,1,9,0,0,1,9,2,18,1,9,3,27,3,27,0,1,0,0,1,0,2,0,0,0,0,1,1,1,1,3
2000,6,100188740,279,128,46,151,54,12,4,53,19,46,16,30,11,53,19,38,14,26,9,21,8,5,23,19,19,26,18,10,8,7,30,27,11,27,20,16,13
2000,6,100188781,1780,841,47,939,53,127,7,206,12,256,14,224,13,255,14,219,12,220,12,273,15,64,108,122,119,133,100,94,101,63,98,134,105,122,119,126,172
2000,6,100188798,161,69,43,92,57,12,7,12,7,22,14,20,12,16,10,20,12,18,11,41,25,5,8,10,11,9,7,7,12,7,4,12,9,7,13,11,29
2000,6,100188804,437,211,48,226,52,22,5,66,15,64,15,48,11,67,15,38,9,61,14,71,16,11,34,37,24,34,21,28,22,11,32,27,24,33,17,33,49
2000,6,100188812,37,16,43,21,57,3,8,6,16,2,5,6,16,2,5,5,14,7,19,6,16,1,4,0,4,0,1,4,2,2,2,2,2,2,4,3,4
2000,6,100188820,141,69,49,72,51,7,5,18,13,14,10,17,12,26,18,8,6,19,13,32,23,4,11,8,8,16,3,9,10,3,7,6,9,10,5,10,22
2000,6,100188837,626,300,48,326,52,64,10,111,18,83,13,105,17,86,14,48,8,70,11,59,9,29,64,37,53,40,21,31,25,35,47,46,52,46,27,39,34
2000,6,100188845,2837,1314,46,1523,54,188,7,396,14,380,13,374,13,417,15,304,11,382,13,396,14,94,196,198,176,218,127,162,143,94,200,182,198,199,177,220,253
2000,6,100188853,224,111,50,113,50,19,8,34,15,29,13,30,13,27,12,21,9,27,12,37,17,8,18,19,16,15,11,12,12,11,16,10,14,12,10,15,25
2000,6,100188861,104,55,53,49,47,7,7,9,9,5,5,16,15,12,12,13,13,18,17,24,23,3,8,2,9,9,8,7,9,4,1,3,7,3,5,11,15
2000,6,100188886,44,20,45,24,55,6,14,5,11,8,18,5,11,5,11,5,11,5,11,5,11,2,3,4,2,2,4,2,1,4,2,4,3,3,1,3,4
2000,6,100188894,44,18,41,26,59,3,7,5,11,8,18,6,14,4,9,3,7,7,16,8,18,1,3,2,4,2,1,2,3,2,2,6,2,2,2,5,5
2000,6,100188933,68,30,44,38,56,8,12,25,37,9,13,7,10,7,10,1,1,5,7,6,9,4,11,5,5,3,0,1,1,4,14,4,2,4,1,4,5
2000,6,100188958,160,80,50,80,50,14,9,23,14,23,14,25,16,27,17,13,8,14,9,21,13,10,13,12,16,12,7,2,8,4,10,11,9,15,6,12,13
2000,6,100188966,124,66,53,58,47,13,10,15,12,18,15,17,14,12,10,14,11,18,15,17,14,10,7,8,11,7,5,11,7,3,8,10,6,5,9,7,10
2000,6,100188974,90,40,44,50,56,9,10,16,18,16,18,8,9,14,16,13,14,8,9,6,7,7,5,6,3,10,5,2,2,2,11,10,5,4,8,6,4
2000,6,100188990,540,257,48,283,52,54,10,91,17,93,17,77,14,80,15,45,8,44,8,56,10,31,44,53,40,37,19,20,13,23,47,40,37,43,26,24,43
2000,6,100189027,43,21,49,22,51,5,12,3,7,6,14,3,7,3,7,4,9,3,7,16,37,3,1,2,3,3,2,1,6,2,2,4,0,0,2,2,10
2000,6,100189043,66,33,50,33,50,11,17,11,17,11,17,7,11,8,12,10,15,5,8,3,5,5,7,2,4,5,6,3,1,6,4,9,3,3,4,2,2
2000,6,100189051,147,61,41,86,59,13,9,18,12,29,20,17,12,24,16,14,10,14,10,18,12,7,7,12,8,9,7,8,3,6,11,17,9,15,7,6,15
2000,6,100189068,123,60,49,63,51,12,10,8,7,11,9,17,14,10,8,19,15,18,15,28,23,6,4,4,9,6,10,11,10,6,4,7,8,4,9,7,18
2000,6,100189084,691,311,45,380,55,57,8,109,16,106,15,80,12,107,15,83,12,71,10,78,11,26,58,57,33,50,39,27,21,31,51,49,47,57,44,44,57
2000,6,100189092,29,16,55,13,45,4,14,2,7,6,21,1,3,5,17,5,17,3,10,3,10,2,1,2,1,4,4,0,2,2,1,4,0,1,1,3,1
2000,6,100189164,560,279,50,281,50,59,11,71,13,95,17,87,16,65,12,53,9,47,8,83,15,36,39,48,48,34,24,22,28,23,32,47,39,31,29,25,55
2000,6,100189172,102,49,48,53,52,10,10,7,7,12,12,15,15,13,13,13,13,10,10,22,22,6,4,8,7,6,6,4,8,4,3,4,8,7,7,6,14
2000,6,100189180,171,77,45,94,55,21,12,21,12,38,22,14,8,25,15,13,8,17,10,22,13,11,7,19,6,11,8,7,8,10,14,19,8,14,5,10,14
2000,6,100189228,59,31,53,28,47,8,14,8,14,9,15,12,20,6,10,3,5,8,14,5,8,5,5,5,6,4,2,2,2,3,3,4,6,2,1,6,3
2000,6,100189252,328,159,48,169,52,24,7,62,19,54,16,52,16,50,15,25,8,32,10,29,9,11,34,31,27,26,8,11,11,13,28,23,25,24,17,21,18
2000,6,100189308,240,111,46,129,54,20,8,34,14,28,12,47,20,20,8,27,11,33,14,31,13,7,18,13,26,10,14,16,7,13,16,15,21,10,13,17,24
2000,6,100189324,273,127,47,146,53,34,12,36,13,35,13,49,18,30,11,29,11,40,15,20,7,18,18,19,24,19,11,15,3,16,18,16,25,11,18,25,17
2000,6,100189332,480,228,48,252,53,36,8,74,15,62,13,56,12,86,18,45,9,48,10,73,15,20,38,30,31,44,24,19,22,16,36,32,25,42,21,29,51
2000,6,100189357,20,10,50,10,50,0,0,2,10,2,10,0,0,3,15,0,0,6,30,7,35,0,1,1,0,3,0,1,4,0,1,1,0,0,0,5,3
2000,6,100189365,263,118,45,145,55,13,5,32,12,31,12,28,11,40,15,40,15,30,11,49,19,6,12,13,14,20,26,14,13,7,20,18,14,20,14,16,36
2000,6,100189373,250,118,47,132,53,15,6,29,12,32,13,36,14,27,11,23,9,44,18,44,18,9,10,16,20,14,13,19,17,6,19,16,16,13,10,25,27
2000,6,100189381,1599,750,47,849,53,116,7,226,14,212,13,203,13,226,14,191,12,207,13,218,14,59,115,111,95,113,84,97,76,57,111,101,108,113,107,110,142
2000,6,100189404,231,120,52,111,48,15,6,34,15,33,14,23,10,33,14,34,15,21,9,38,16,9,22,18,13,18,17,8,15,6,12,15,10,15,17,13,23
2000,6,100189412,245,110,45,135,55,15,6,35,14,30,12,34,14,38,16,17,7,39,16,37,15,4,18,14,15,19,9,19,12,11,17,16,19,19,8,20,25
2000,6,100189420,147,66,45,81,55,4,3,16,11,21,14,14,10,21,14,24,16,10,7,37,25,3,6,9,6,11,14,4,13,1,10,12,8,10,10,6,24
2000,6,100189437,595,287,48,308,52,43,7,131,22,92,15,82,14,76,13,52,9,63,11,56,9,23,65,53,42,39,23,28,14,20,66,39,40,37,29,35,42
2000,6,100189461,210,103,49,107,51,23,11,26,12,32,15,26,12,37,18,20,10,26,12,20,10,13,11,17,15,24,9,10,4,10,15,15,11,13,11,16,16
2000,6,100189486,87,47,54,40,46,4,5,4,5,18,21,9,10,11,13,19,22,12,14,10,11,2,4,13,6,5,8,5,4,2,0,5,3,6,11,7,6
2000,6,100189500,1030,473,46,557,54,81,8,153,15,170,17,121,12,146,14,107,10,121,12,131,13,39,72,87,58,66,50,53,48,42,81,83,63,80,57,68,83
2000,6,100189517,148,67,45,81,55,8,5,20,14,33,22,13,9,22,15,19,13,21,14,12,8,2,13,15,6,10,9,10,2,6,7,18,7,12,10,11,10
2000,6,100189541,296,140,47,156,53,29,10,52,18,43,15,29,10,49,17,38,13,23,8,33,11,16,30,19,15,24,17,8,11,13,22,24,14,25,21,15,22
2000,6,100189646,165,81,49,84,51,10,6,31,19,19,12,25,15,33,20,14,8,20,12,13,8,6,17,13,12,16,7,6,4,4,14,6,13,17,7,14,9
2000,6,100189750,225,114,51,111,49,20,9,38,17,31,14,26,12,28,12,28,12,25,11,29,13,11,18,22,13,17,15,11,7,9,20,9,13,11,13,14,22
2000,6,100189830,37,18,49,19,51,2,5,5,14,5,14,4,11,5,14,5,14,6,16,5,14,1,3,2,1,2,4,3,2,1,2,3,3,3,1,3,3
2000,6,100189847,574,272,47,302,53,32,6,92,16,69,12,78,14,100,17,68,12,57,10,78,14,15,42,35,41,49,35,25,30,17,50,34,37,51,33,32,48
2000,6,100189855,1298,629,48,669,52,81,6,167,13,178,14,185,14,184,14,146,11,190,15,167,13,55,89,83,98,97,65,81,61,26,78,95,87,87,81,109,106
2000,6,100189863,423,209,49,214,51,19,4,44,10,57,13,40,9,50,12,65,15,80,19,68,16,13,27,32,23,22,29,39,24,6,17,25,17,28,36,41,44
2000,6,100189871,5,,,,,,,,,,,,,,,,,,,,,,,,,,,,,,,,,,,,
2000,6,100189902,304,152,50,152,50,30,10,48,16,45,15,41,13,48,16,40,13,30,10,22,7,20,25,25,21,23,22,12,4,10,23,20,20,25,18,18,18
2000,6,100189935,304,142,47,162,53,24,8,47,15,50,16,44,14,45,15,30,10,26,9,38,13,13,22,19,26,23,16,11,12,11,25,31,18,22,14,15,26
2000,6,100189968,114,54,47,60,53,3,3,34,30,23,20,6,5,16,14,8,7,13,11,11,10,1,19,16,1,8,3,4,2,2,15,7,5,8,5,9,9
2000,6,100189976,774,347,45,427,55,69,9,93,12,123,16,117,15,107,14,72,9,85,11,108,14,36,46,60,51,57,29,33,35,33,47,63,66,50,43,52,73
2000,6,100190005,184,76,41,108,59,11,6,23,13,38,21,15,8,27,15,22,12,20,11,28,15,3,9,14,11,11,9,11,8,8,14,24,4,16,13,9,20
2000,6,100190013,345,167,48,178,52,31,9,71,21,53,15,55,16,50,14,33,10,18,5,34,10,16,34,28,29,27,17,6,10,15,37,25,26,23,16,12,24
2000,6,100190038,122,67,55,55,45,12,10,21,17,21,17,21,17,17,14,13,11,5,4,12,10,4,16,12,12,9,8,2,4,8,5,9,9,8,5,3,8
2000,6,100190101,186,89,48,97,52,18,10,33,18,26,14,38,20,29,16,12,6,22,12,8,4,11,13,15,20,14,4,9,3,7,20,11,18,15,8,13,5
2000,6,100190167,929,434,47,495,53,54,6,115,12,177,19,111,12,123,13,112,12,123,13,114,12,26,62,90,57,58,50,53,38,28,53,87,54,65,62,70,76
2000,6,100190183,304,124,41,180,59,8,3,16,5,17,6,22,7,24,8,27,9,53,17,137,45,3,7,12,11,11,13,30,37,5,9,5,11,13,14,23,100
2000,6,100190222,688,312,45,376,55,37,5,107,16,111,16,97,14,82,12,88,13,86,13,80,12,18,54,55,45,40,36,40,24,19,53,56,52,42,52,46,56
2000,6,100190255,457,209,46,248,54,25,5,61,13,74,16,57,12,56,12,71,16,51,11,62,14,9,28,34,27,25,38,25,23,16,33,40,30,31,33,26,39
2000,6,100190310,680,313,46,367,54,48,7,104,15,102,15,83,12,123,18,73,11,83,12,64,9,21,47,53,42,61,37,36,16,27,57,49,41,62,36,47,48
2000,6,100190415,369,183,50,186,50,41,11,61,17,65,18,53,14,57,15,37,10,25,7,30,8,21,39,35,25,28,15,11,9,20,22,30,28,29,22,14,21
2000,6,100190511,287,144,50,143,50,21,7,57,20,49,17,36,13,42,15,26,9,29,10,27,9,15,32,26,17,21,14,13,6,6,25,23,19,21,12,16,21
2000,6,100190528,100,50,50,50,50,9,9,16,16,17,17,14,14,17,17,8,8,11,11,8,8,2,7,10,8,11,4,6,2,7,9,7,6,6,4,5,6
2000,6,100190536,320,145,45,175,55,33,10,48,15,60,19,41,13,41,13,31,10,38,12,28,9,16,21,27,21,19,14,21,6,17,27,33,20,22,17,17,22
2000,6,100190552,228,112,49,116,51,19,8,39,17,35,15,22,10,35,15,27,12,21,9,30,13,12,16,18,8,22,14,9,13,7,23,17,14,13,13,12,17
2000,6,100190624,265,124,47,141,53,26,10,55,21,35,13,36,14,43,16,14,5,21,8,35,13,12,24,22,15,24,8,8,11,14,31,13,21,19,6,13,24
2000,6,100190673,284,125,44,159,56,26,9,48,17,43,15,37,13,44,15,24,8,27,10,35,12,11,21,17,18,22,15,10,11,15,27,26,19,22,9,17,24
2000,6,100190704,293,134,46,159,54,17,6,43,15,43,15,49,17,43,15,23,8,38,13,37,13,7,24,23,28,18,15,14,5,10,19,20,21,25,8,24,32
2000,6,100190800,223,112,50,111,50,21,9,33,15,37,17,37,17,31,14,29,13,11,5,24,11,12,20,20,18,16,14,6,6,9,13,17,19,15,15,5,18
2000,6,100190841,116,65,56,51,44,10,9,22,19,16,14,18,16,12,10,16,14,12,10,10,9,8,14,12,8,5,8,5,5,2,8,4,10,7,8,7,5
2000,6,100190866,43,24,56,19,44,1,2,7,16,4,9,9,21,4,9,3,7,6,14,9,21,1,5,3,4,3,3,2,3,0,2,1,5,1,0,4,6
2000,6,100190890,361,168,47,193,53,30,8,69,19,48,13,52,14,60,17,33,9,35,10,34,9,15,35,23,28,29,20,10,8,15,34,25,24,31,13,25,26
2000,6,100190954,274,113,41,161,59,30,11,36,13,33,12,40,15,37,14,34,12,27,10,37,14,12,13,14,16,17,17,15,9,18,23,19,24,20,17,12,28
2000,6,100190970,30,17,57,13,43,3,10,4,13,1,3,6,20,6,20,1,3,5,17,4,13,2,2,1,2,5,0,3,2,1,2,0,4,1,1,2,2
2000,6,100191007,422,220,52,202,48,26,6,74,18,46,11,67,16,71,17,32,8,42,10,64,15,16,45,31,36,39,14,21,18,10,29,15,31,32,18,21,46
2000,6,100191056,37,19,51,18,49,2,5,1,3,4,11,5,14,4,11,1,3,9,24,11,30,1,0,2,4,3,1,5,3,1,1,2,1,1,0,4,8
2000,6,100191080,238,111,47,127,53,21,9,55,23,21,9,42,18,34,14,15,6,21,9,29,12,11,23,12,17,17,8,12,11,10,32,9,25,17,7,9,18
2000,6,100191111,33,13,39,20,61,1,3,0,0,6,18,1,3,2,6,5,15,1,3,17,52,0,0,3,1,1,1,1,6,1,0,3,0,1,4,0,11
2000,6,100191136,34,17,50,17,50,2,6,5,15,4,12,2,6,5,15,3,9,4,12,9,26,1,1,4,2,3,1,2,3,1,4,0,0,2,2,2,6
2000,6,100191144,453,229,51,224,49,42,9,68,15,64,14,65,14,58,13,38,8,70,15,48,11,20,35,37,43,29,16,30,19,22,33,27,22,29,22,40,29
2000,6,100191152,20,11,55,9,45,1,5,0,0,3,15,4,20,1,5,4,20,4,20,3,15,1,0,2,2,1,2,2,1,0,0,1,2,0,2,2,2
2000,6,100191193,487,238,49,249,51,31,6,65,13,74,15,54,11,96,20,44,9,47,10,76,16,16,39,37,29,45,19,17,36,15,26,37,25,51,25,30,40
2000,6,100191208,5,,,,,,,,,,,,,,,,,,,,,,,,,,,,,,,,,,,,
2000,6,100191265,206,95,46,111,54,11,5,50,24,24,12,28,14,46,22,16,8,12,6,19,9,8,25,8,12,23,6,5,8,3,25,16,16,23,10,7,11
2000,6,100191320,664,308,46,356,54,50,8,127,19,114,17,74,11,114,17,54,8,62,9,69,10,25,68,59,27,63,27,19,20,25,59,55,47,51,27,43,49
2000,6,100191337,66,33,50,33,50,2,3,10,15,9,14,6,9,13,20,8,12,8,12,10,15,0,4,7,4,6,5,4,3,2,6,2,2,7,3,4,7
2000,6,100191400,171,90,53,81,47,14,8,31,18,22,13,28,16,21,12,17,10,16,9,22,13,8,20,10,16,11,8,10,7,6,11,12,12,10,9,6,15
2000,6,100191466,118,56,47,62,53,4,3,16,14,18,15,15,13,19,16,20,17,16,14,10,8,1,8,10,7,11,10,7,2,3,8,8,8,8,10,9,8
2000,6,100191505,114,58,51,56,49,5,4,24,21,22,19,14,12,19,17,11,10,12,11,7,6,2,14,13,7,10,5,4,3,3,10,9,7,9,6,8,4
2000,6,100191595,5,,,,,,,,,,,,,,,,,,,,,,,,,,,,,,,,,,,,
2000,6,100191601,463,201,43,262,57,27,6,57,12,179,39,45,10,60,13,30,6,35,8,30,6,16,32,64,21,28,13,16,11,11,25,115,24,32,17,19,19
2000,6,100191691,400,183,46,217,54,29,7,47,12,55,14,57,14,56,14,43,11,52,13,61,15,12,23,35,26,26,22,14,25,17,24,20,31,30,21,38,36
2000,6,100191747,357,165,46,192,54,17,5,36,10,56,16,44,12,54,15,47,13,40,11,63,18,8,16,32,21,25,24,19,20,9,20,24,23,29,23,21,43
2000,6,100191771,313,161,51,152,49,29,9,56,18,51,16,37,12,62,20,34,11,25,8,19,6,15,38,27,18,38,12,9,4,14,18,24,19,24,22,16,15
2000,6,100191876,467,214,46,253,54,33,7,70,15,80,17,62,13,69,15,56,12,60,13,37,8,18,28,43,31,33,30,27,4,15,42,37,31,36,26,33,33
2000,6,100192000,359,168,47,191,53,27,8,67,19,49,14,41,11,68,19,25,7,33,9,49,14,15,36,27,18,32,14,8,18,12,31,22,23,36,11,25,31
2000,6,100192090,176,86,49,90,51,8,5,30,17,29,16,26,15,25,14,18,10,19,11,21,12,5,17,17,14,14,5,7,7,3,13,12,12,11,13,12,14
2000,6,100192170,297,139,47,158,53,26,9,54,18,42,14,38,13,60,20,20,7,20,7,37,12,18,28,21,16,28,12,8,8,8,26,21,22,32,8,12,29
2000,6,100192314,526,248,47,278,53,45,9,66,13,73,14,75,14,73,14,56,11,71,13,67,13,24,37,41,33,35,30,27,21,21,29,32,42,38,26,44,46
2000,6,100192388,196,93,47,103,53,12,6,28,14,36,18,13,7,33,17,21,11,20,10,33,17,6,14,19,4,17,10,9,14,6,14,17,9,16,11,11,19
2000,6,100192402,562,266,47,296,53,33,6,83,15,74,13,86,15,81,14,49,9,71,13,85,15,15,52,37,40,42,24,28,28,18,31,37,46,39,25,43,57
2000,6,100192410,131,67,51,64,49,10,8,28,21,20,15,17,13,19,15,14,11,8,6,15,11,7,13,14,7,10,8,4,4,3,15,6,10,9,6,4,11
2000,6,100192443,408,199,49,209,51,28,7,73,18,62,15,62,15,58,14,36,9,52,13,37,9,14,45,30,30,32,13,22,13,14,28,32,32,26,23,30,24
2000,6,100192451,369,162,44,207,56,7,2,16,4,78,21,53,14,58,16,44,12,48,13,65,18,4,7,31,28,30,18,26,18,3,9,47,25,28,26,22,47
2000,6,100192468,42,19,45,23,55,5,12,6,14,6,14,3,7,5,12,3,7,7,17,7,17,2,2,2,3,3,2,2,3,3,4,4,0,2,1,5,4
2000,6,100192476,64,23,36,41,64,3,5,4,6,12,19,10,16,8,13,7,11,8,13,12,19,2,1,5,2,4,2,4,3,1,3,7,8,4,5,4,9
2000,6,100192507,530,244,46,286,54,38,7,104,20,79,15,65,12,84,16,58,11,48,9,54,10,20,54,39,31,42,24,19,15,18,50,40,34,42,34,29,39
2000,6,100192515,102,52,51,50,49,8,8,15,15,13,13,18,18,8,8,9,9,16,16,15,15,5,9,8,11,3,6,7,3,3,6,5,7,5,3,9,12
2000,6,100192523,80,40,50,40,50,6,8,8,10,16,20,6,8,15,19,12,15,7,9,10,13,4,3,9,4,10,4,2,4,2,5,7,2,5,8,5,6
2000,6,100192652,495,229,46,266,54,27,5,88,18,103,21,53,11,95,19,38,8,50,10,41,8,16,40,48,25,46,12,27,15,11,48,55,28,49,26,23,26
2000,6,100192716,821,374,46,447,54,50,6,119,14,107,13,114,14,127,15,76,9,107,13,121,15,23,63,54,51,58,33,52,40,27,56,53,63,69,43,55,81
2000,6,100192732,219,102,47,117,53,16,7,30,14,23,11,35,16,32,15,19,9,38,17,26,12,8,11,15,15,15,11,16,11,8,19,8,20,17,8,22,15
2000,6,100192798,142,60,42,82,58,12,8,23,16,17,12,20,14,21,15,13,9,17,12,19,13,5,8,8,10,10,7,8,4,7,15,9,10,11,6,9,15
2000,6,100192812,34,16,47,18,53,2,6,3,9,5,15,6,18,4,12,3,9,6,18,5,15,2,3,2,2,3,0,3,1,0,0,3,4,1,3,3,4
2000,6,100192820,196,98,50,98,50,10,5,35,18,33,17,14,7,41,21,22,11,19,10,22,11,8,23,14,7,20,13,8,5,2,12,19,7,21,9,11,17
2000,6,100192837,592,271,46,321,54,41,7,73,12,83,14,70,12,101,17,43,7,89,15,92,16,24,39,36,33,54,22,35,28,17,34,47,37,47,21,54,64
2000,6,100192925,193,86,45,107,55,18,9,38,20,34,18,24,12,33,17,18,9,13,7,15,8,8,17,16,12,14,9,7,3,10,21,18,12,19,9,6,12
2000,6,100192933,82,38,46,44,54,3,4,16,20,10,12,12,15,11,13,8,10,11,13,11,13,1,7,6,5,7,3,7,2,2,9,4,7,4,5,4,9
2000,6,100192941,246,107,43,139,57,19,8,35,14,46,19,23,9,50,20,28,11,19,8,26,11,13,13,18,10,23,14,8,8,6,22,28,13,27,14,11,18
2000,6,100192974,580,277,48,303,52,31,5,85,15,88,15,67,12,93,16,73,13,59,10,84,14,17,47,47,27,45,39,28,27,14,38,41,40,48,34,31,57
2000,6,100193027,25,12,48,13,52,2,8,4,16,2,8,4,16,2,8,1,4,6,24,4,16,1,2,2,2,1,0,3,1,1,2,0,2,1,1,3,3
2000,6,100193051,217,105,48,112,52,23,11,39,18,43,20,26,12,38,18,23,11,17,8,8,4,16,15,22,12,20,13,5,2,7,24,21,14,18,10,12,6
2000,6,100193068,376,181,48,195,52,27,7,67,18,47,13,56,15,71,19,27,7,35,9,46,12,13,33,26,29,34,16,14,16,14,34,21,27,37,11,21,30
2000,6,100193148,551,258,47,293,53,36,7,116,21,85,15,62,11,120,22,41,7,45,8,46,8,19,56,47,30,55,24,18,9,17,60,38,32,65,17,27,37
2000,6,100193180,3101,1802,58,1299,42,127,4,358,12,544,18,573,18,585,19,399,13,264,9,251,8,60,177,350,404,364,228,141,78,67,181,194,169,221,171,123,173
2000,6,100193203,107,45,42,62,58,10,9,24,22,6,6,16,15,15,14,6,6,11,10,19,18,5,11,3,6,7,3,5,5,5,13,3,10,8,3,6,14
2000,6,100193277,195,96,49,99,51,17,9,27,14,31,16,31,16,27,14,22,11,17,9,23,12,7,14,17,16,15,13,9,5,10,13,14,15,12,9,8,18
2000,6,100193285,266,118,44,148,56,18,7,42,16,52,20,25,9,45,17,36,14,23,9,25,9,10,21,22,10,19,17,12,7,8,21,30,15,26,19,11,18
2000,6,100193316,229,118,52,111,48,31,14,31,14,49,21,26,11,39,17,16,7,19,8,18,8,16,17,24,18,22,8,7,6,15,14,25,8,17,8,12,12
2000,6,100193324,178,77,43,101,57,18,10,35,20,26,15,31,17,32,18,16,9,14,8,6,3,7,18,10,16,12,6,6,2,11,17,16,15,20,10,8,4
2000,6,100193332,855,397,46,458,54,77,9,95,11,114,13,105,12,136,16,90,11,112,13,126,15,44,45,51,56,80,42,37,42,33,50,63,49,56,48,75,84
2000,6,100193373,74,36,49,38,51,4,5,5,7,10,14,8,11,9,12,11,15,9,12,18,24,1,4,6,5,6,3,4,7,3,1,4,3,3,8,5,11
2000,6,100193404,24,12,50,12,50,1,4,6,25,3,13,0,0,4,17,3,13,0,0,7,29,1,4,1,0,2,2,0,2,0,2,2,0,2,1,0,5
2000,6,100193420,45,25,56,20,44,5,11,8,18,5,11,5,11,6,13,5,11,8,18,3,7,2,4,5,3,3,3,3,2,3,4,0,2,3,2,5,1
2000,6,100193445,13,8,62,5,38,2,15,2,15,1,8,2,15,1,8,3,23,0,0,2,15,1,1,1,1,0,2,0,2,1,1,0,1,1,1,0,0
2000,6,100193453,44,20,45,24,55,2,5,6,14,3,7,4,9,5,11,4,9,10,23,10,23,2,2,2,2,1,4,3,4,0,4,1,2,4,0,7,6
2000,6,100193478,54,26,48,28,52,5,9,7,13,9,17,1,2,11,20,3,6,4,7,14,26,3,4,4,0,7,1,2,5,2,3,5,1,4,2,2,9
2000,6,100193486,34,19,56,15,44,1,3,4,12,5,15,5,15,6,18,4,12,3,9,6,18,1,2,3,2,5,2,2,2,0,2,2,3,1,2,1,4
2000,6,100193494,364,169,46,195,54,24,7,58,16,52,14,46,13,65,18,37,10,37,10,45,12,13,27,23,24,32,21,16,13,11,31,29,22,33,16,21,32
2000,6,100193500,197,87,44,110,56,23,12,31,16,35,18,31,16,29,15,16,8,18,9,14,7,11,15,13,13,19,8,5,3,12,16,22,18,10,8,13,11
2000,6,100193517,678,323,48,355,52,53,8,102,15,115,17,76,11,111,16,82,12,57,8,82,12,21,58,59,37,52,43,25,28,32,44,56,39,59,39,32,54
2000,6,100193525,11,6,55,5,45,0,0,2,18,2,18,0,0,3,27,1,9,1,9,2,18,0,1,2,0,2,1,0,0,0,1,0,0,1,0,1,2
2000,6,100193533,62,30,48,32,52,7,11,8,13,8,13,7,11,5,8,6,10,14,23,7,11,5,5,3,3,2,2,5,5,2,3,5,4,3,4,9,2
2000,6,100193566,115,49,43,66,57,8,7,18,16,17,15,6,5,18,16,11,10,16,14,21,18,4,14,6,3,7,5,5,5,4,4,11,3,11,6,11,16
2000,6,100193574,61,34,56,27,44,7,11,4,7,11,18,7,11,7,11,5,8,12,20,8,13,5,3,8,4,4,2,5,3,2,1,3,3,3,3,7,5
2000,6,100193621,116,57,49,59,51,10,9,17,15,21,18,9,8,16,14,12,10,16,14,15,13,6,7,10,5,11,5,8,5,4,10,11,4,5,7,8,10
2000,6,100193638,490,254,52,236,48,25,5,69,14,94,19,59,12,90,18,69,14,46,9,38,8,17,36,59,34,45,34,20,9,8,33,35,25,45,35,26,29
2000,6,100193646,51,21,41,30,59,5,10,3,6,7,14,6,12,5,10,9,18,5,10,11,22,1,0,3,3,3,5,3,3,4,3,4,3,2,4,2,8
2000,6,100193670,13,6,46,7,54,1,8,3,23,2,15,0,0,4,31,1,8,0,0,2,15,0,2,0,0,2,1,0,1,1,1,2,0,2,0,0,1
2000,6,100193687,20,9,45,11,55,0,0,1,5,2,10,2,10,1,5,3,15,2,10,9,45,0,1,1,2,1,1,1,2,0,0,1,0,0,2,1,7
2000,6,100193695,5,,,,,,,,,,,,,,,,,,,,,,,,,,,,,,,,,,,,
2000,6,100193718,14,6,43,8,57,1,7,3,21,1,7,2,14,2,14,1,7,0,0,4,29,0,2,0,2,1,0,0,1,1,1,1,0,1,1,0,3
2000,6,100193726,60,28,47,32,53,1,2,14,23,11,18,7,12,7,12,8,13,9,15,3,5,0,8,6,4,3,3,4,0,1,6,5,3,4,5,5,3
2000,6,100193767,54,23,43,31,57,2,4,10,19,7,13,3,6,11,20,4,7,6,11,11,20,2,5,3,0,6,1,3,3,0,5,4,3,5,3,3,8
2000,6,100193775,634,308,49,326,51,51,8,102,16,107,17,101,16,112,18,71,11,54,9,36,6,24,51,61,49,53,38,21,11,27,51,46,52,59,33,33,25
2000,6,100193806,93,44,47,49,53,6,6,10,11,18,19,7,8,12,13,14,15,9,10,17,18,1,6,9,4,6,8,5,5,5,4,9,3,6,6,4,12
2000,6,100193847,5,,,,,,,,,,,,,,,,,,,,,,,,,,,,,,,,,,,,
2000,6,100193888,5,,,,,,,,,,,,,,,,,,,,,,,,,,,,,,,,,,,,
2000,6,100193896,5,,,,,,,,,,,,,,,,,,,,,,,,,,,,,,,,,,,,
2000,6,100193927,22,14,64,8,36,1,5,1,5,2,9,3,14,7,32,2,9,2,9,4,18,1,0,0,3,5,2,0,3,0,1,2,0,2,0,2,1
2000,6,100193935,220,109,50,111,50,21,10,34,15,21,10,31,14,37,17,21,10,28,13,27,12,10,20,14,17,22,7,10,9,11,14,7,14,15,14,18,18
2000,6,100193976,2189,1043,48,1146,52,166,8,273,12,342,16,285,13,310,14,268,12,224,10,321,15,83,137,178,150,147,133,105,110,83,136,164,135,163,135,119,211
2000,6,100193992,72,37,51,35,49,4,6,10,14,5,7,7,10,6,8,8,11,7,10,25,35,2,5,4,5,3,5,2,11,2,5,1,2,3,3,5,14
2000,6,100194020,13,7,54,6,46,0,0,2,15,0,0,2,15,2,15,1,8,3,23,3,23,0,1,0,1,2,0,1,2,0,1,0,1,0,1,2,1
2000,6,100194053,305,144,47,161,53,21,7,58,19,46,15,49,16,42,14,31,10,29,10,29,10,15,26,24,21,19,15,16,8,6,32,22,28,23,16,13,21
2000,6,100194117,385,184,48,201,52,34,9,65,17,49,13,58,15,55,14,45,12,40,10,39,10,15,37,24,28,32,22,15,11,19,28,25,30,23,23,25,28
2000,6,100194158,48,22,46,26,54,5,10,1,2,7,15,6,13,4,8,6,13,8,17,11,23,3,0,3,5,2,1,3,5,2,1,4,1,2,5,5,6
2000,6,100194166,443,218,49,225,51,34,8,69,16,60,14,77,17,69,16,56,13,37,8,41,9,23,38,26,44,31,30,17,9,11,31,34,33,38,26,20,32
2000,6,100194174,402,203,50,199,50,21,5,54,13,64,16,54,13,56,14,48,12,60,15,45,11,6,29,41,26,30,25,30,16,15,25,23,28,26,23,30,29
2000,6,100194213,33,15,45,18,55,2,6,6,18,4,12,5,15,2,6,3,9,5,15,6,18,0,2,3,2,2,2,2,2,2,4,1,3,0,1,3,4
2000,6,100194238,46,21,46,25,54,1,2,3,7,10,22,3,7,7,15,11,24,4,9,7,15,1,1,5,1,3,6,3,1,0,2,5,2,4,5,1,6
2000,6,100194262,33,15,45,18,55,1,3,2,6,9,27,3,9,4,12,4,12,3,9,7,21,0,0,3,2,2,3,2,3,1,2,6,1,2,1,1,4
2000,6,100194318,463,211,46,252,54,41,9,83,18,78,17,67,14,82,18,42,9,38,8,32,7,23,32,45,33,40,16,16,6,18,51,33,34,42,26,22,26
2000,6,100194334,248,130,52,118,48,18,7,43,17,39,16,21,8,60,24,23,9,20,8,24,10,11,19,26,8,33,15,7,11,7,24,13,13,27,8,13,13
2000,6,100194430,268,124,46,144,54,30,11,44,16,44,16,32,12,42,16,26,10,28,10,22,8,16,22,19,18,21,11,12,5,14,22,25,14,21,15,16,17
2000,6,100195055,52,29,56,23,44,5,10,13,25,4,8,11,21,8,15,6,12,3,6,2,4,1,9,3,5,4,4,2,1,4,4,1,6,4,2,1,1
2000,6,100195071,166,84,51,82,49,15,9,24,14,26,16,21,13,17,10,20,12,17,10,26,16,8,13,16,11,8,9,10,9,7,11,10,10,9,11,7,17
2000,6,100195096,340,143,42,197,58,26,8,31,9,37,11,46,14,42,12,42,12,48,14,68,20,15,19,18,18,18,19,16,20,11,12,19,28,24,23,32,48
2000,6,100195393,105,49,47,56,53,8,8,7,7,17,16,11,10,18,17,9,9,18,17,17,16,5,2,7,7,9,5,9,5,3,5,10,4,9,4,9,12
2000,6,100195762,150,69,46,81,54,9,6,26,17,12,8,16,11,24,16,8,5,20,13,35,23,5,12,7,8,11,4,11,11,4,14,5,8,13,4,9,24
2000,6,100195795,5,,,,,,,,,,,,,,,,,,,,,,,,,,,,,,,,,,,,
2000,6,100195801,78,41,53,37,47,10,13,15,19,15,19,10,13,8,10,6,8,8,10,6,8,6,10,7,4,4,4,3,3,4,5,8,6,4,2,5,3
2000,6,100195818,101,46,46,55,54,7,7,20,20,13,13,10,10,16,16,16,16,11,11,8,8,1,12,6,6,6,9,5,1,6,8,7,4,10,7,6,7
2000,6,100195826,19,9,47,10,53,0,0,0,0,2,11,2,11,3,16,1,5,3,16,8,42,0,0,2,1,2,0,2,2,0,0,0,1,1,1,1,6
2000,6,100195906,17,8,47,9,53,2,12,2,12,2,12,1,6,4,24,1,6,2,12,3,18,1,1,1,0,2,1,1,1,1,1,1,1,2,0,1,2
2000,6,100195988,52,24,46,28,54,2,4,4,8,8,15,4,8,16,31,5,10,6,12,7,13,2,2,2,1,9,3,2,3,0,2,6,3,7,2,4,4
2000,6,100196483,183,84,46,99,54,10,5,23,13,28,15,34,19,28,15,17,9,24,13,19,10,6,9,15,21,14,6,8,5,4,14,13,13,14,11,16,14
2000,6,100196588,57,31,54,26,46,7,12,3,5,9,16,14,25,2,4,9,16,6,11,7,12,6,1,6,9,1,4,2,2,1,2,3,5,1,5,4,5
2000,6,100196635,312,155,50,157,50,26,8,37,12,38,12,50,16,40,13,31,10,31,10,59,19,13,20,18,28,19,20,12,25,13,17,20,22,21,11,19,34
2000,6,100196643,148,73,49,75,51,7,5,14,9,9,6,23,16,10,7,18,12,27,18,40,27,6,8,7,14,8,10,9,11,1,6,2,9,2,8,18,29
2000,6,100196676,861,412,48,449,52,51,6,125,15,143,17,98,11,124,14,107,12,117,14,96,11,25,64,69,50,60,54,54,36,26,61,74,48,64,53,63,60
2000,6,100196723,125,59,47,66,53,5,4,18,14,24,19,10,8,32,26,13,10,11,9,12,10,3,10,12,4,16,6,5,3,2,8,12,6,16,7,6,9
2000,6,100196780,99,58,59,41,41,5,5,6,6,14,14,13,13,18,18,6,6,17,17,20,20,3,5,8,9,14,4,6,9,2,1,6,4,4,2,11,11
2000,6,100196797,339,174,51,165,49,18,5,34,10,64,19,39,12,52,15,50,15,49,14,33,10,10,20,34,22,26,25,23,14,8,14,30,17,26,25,26,19
2000,6,100196803,108,58,54,50,46,6,6,13,12,20,19,16,15,19,18,13,12,10,9,11,10,4,7,11,10,8,6,6,6,2,6,9,6,11,7,4,5
2000,6,100196916,27,12,44,15,56,1,4,4,15,4,15,5,19,2,7,2,7,2,7,7,26,0,2,3,2,1,1,1,2,1,2,1,3,1,1,1,5
2000,6,100196973,253,129,51,124,49,21,8,38,15,34,13,37,15,35,14,35,14,20,8,33,13,12,23,20,23,12,19,9,11,9,15,14,14,23,16,11,22
2000,6,100196981,303,146,48,157,52,26,9,37,12,53,17,43,14,43,14,31,10,37,12,33,11,10,20,31,25,22,15,14,9,16,17,22,18,21,16,23,24
2000,6,100196998,85,42,49,43,51,5,6,6,7,22,26,7,8,10,12,18,21,6,7,11,13,1,2,15,3,6,9,1,5,4,4,7,4,4,9,5,6
2000,6,100197091,131,57,44,74,56,17,13,18,14,24,18,22,17,20,15,11,8,11,8,8,6,4,9,9,15,8,5,4,3,13,9,15,7,12,6,7,5
2000,6,100197114,209,99,47,110,53,9,4,23,11,32,15,24,11,31,15,28,13,27,13,35,17,4,12,18,12,15,13,12,13,5,11,14,12,16,15,15,22
2000,6,100197122,82,38,46,44,54,11,13,9,11,16,20,8,10,13,16,9,11,7,9,9,11,2,4,7,6,7,5,3,4,9,5,9,2,6,4,4,5
2000,6,100197130,27,14,52,13,48,0,0,2,7,5,19,2,7,6,22,4,15,3,11,5,19,0,1,3,1,4,3,1,1,0,1,2,1,2,1,2,4
2000,6,100197251,122,61,50,61,50,7,6,14,11,22,18,9,7,23,19,17,14,20,16,10,8,5,8,11,4,12,9,9,3,2,6,11,5,11,8,11,7
2000,6,100197276,109,53,49,56,51,5,5,17,16,18,17,14,13,14,13,13,12,13,12,15,14,2,11,8,7,7,5,7,6,3,6,10,7,7,8,6,9
2000,6,100197284,46,22,48,24,52,3,7,6,13,7,15,7,15,3,7,6,13,10,22,4,9,0,3,3,3,3,2,7,1,3,3,4,4,0,4,3,3
2000,6,100197307,76,34,45,42,55,7,9,9,12,13,17,8,11,8,11,4,5,6,8,21,28,3,1,9,5,5,2,2,7,4,8,4,3,3,2,4,14
2000,6,100197403,302,153,51,149,49,26,9,46,15,44,15,44,15,52,17,35,12,16,5,39,13,15,29,25,24,27,16,6,11,11,17,19,20,25,19,10,28
2000,6,100197493,27,14,52,13,48,7,26,1,4,4,15,6,22,3,11,3,11,2,7,1,4,4,1,2,4,1,0,2,0,3,0,2,2,2,3,0,1
2000,6,100197516,26,11,42,15,58,0,0,4,15,4,15,3,12,2,8,5,19,3,12,5,19,0,2,2,2,0,3,1,1,0,2,2,1,2,2,2,4
2000,6,100197565,49,20,41,29,59,0,0,11,22,2,4,6,12,8,16,6,12,6,12,10,20,0,5,0,3,4,1,3,4,0,6,2,3,4,5,3,6
2000,6,100197573,974,462,47,512,53,47,5,102,10,153,16,149,15,142,15,136,14,127,13,118,12,22,51,76,88,74,65,48,38,25,51,77,61,68,71,79,80
2000,6,100197598,5,,,,,,,,,,,,,,,,,,,,,,,,,,,,,,,,,,,,
2000,6,100197934,15,4,27,11,73,0,0,0,0,3,20,2,13,4,27,1,7,2,13,3,20,0,0,1,0,1,1,1,0,0,0,2,2,3,0,1,3
2000,6,100198237,21,10,48,11,52,1,5,3,14,6,29,0,0,2,10,4,19,3,14,2,10,1,2,3,0,1,2,1,0,0,1,3,0,1,2,2,2
2000,6,100198374,18,5,28,13,72,2,11,8,44,1,6,2,11,5,28,0,0,0,0,0,0,1,1,0,0,3,0,0,0,1,7,1,2,2,0,0,0
2000,6,100198405,79,37,47,42,53,4,5,17,22,15,19,6,8,18,23,5,6,6,8,8,10,2,7,9,4,8,1,3,3,2,10,6,2,10,4,3,5
2000,6,100198413,31,18,58,13,42,2,6,2,6,9,29,3,10,6,19,3,10,5,16,1,3,1,2,5,1,3,2,4,0,1,0,4,2,3,1,1,1
2000,6,100198421,56,28,50,28,50,7,13,7,13,7,13,16,29,2,4,5,9,7,13,5,9,3,4,4,11,1,1,2,2,4,3,3,5,1,4,5,3
2000,6,100198702,249,130,52,119,48,22,9,47,19,42,17,23,9,53,21,25,10,19,8,18,7,12,28,23,11,27,13,12,4,10,19,19,12,26,12,7,14
2000,6,100199054,5,,,,,,,,,,,,,,,,,,,,,,,,,,,,,,,,,,,,
2000,6,100199062,5,,,,,,,,,,,,,,,,,,,,,,,,,,,,,,,,,,,,
2000,6,100199070,5,,,,,,,,,,,,,,,,,,,,,,,,,,,,,,,,,,,,
2000,6,100199087,5,,,,,,,,,,,,,,,,,,,,,,,,,,,,,,,,,,,,
2000,6,100199095,5,,,,,,,,,,,,,,,,,,,,,,,,,,,,,,,,,,,,
2000,6,100199101,5,,,,,,,,,,,,,,,,,,,,,,,,,,,,,,,,,,,,
2000,6,100199126,5,,,,,,,,,,,,,,,,,,,,,,,,,,,,,,,,,,,,
2000,6,100199134,5,,,,,,,,,,,,,,,,,,,,,,,,,,,,,,,,,,,,
2000,6,100199142,11,5,45,6,55,1,9,0,0,3,27,0,0,3,27,0,0,3,27,1,9,1,0,1,0,1,0,2,0,0,0,2,0,2,0,1,1
2000,6,100199175,5,,,,,,,,,,,,,,,,,,,,,,,,,,,,,,,,,,,,
2000,6,100199183,14,8,57,6,43,1,7,2,14,3,21,2,14,4,29,1,7,1,7,0,0,0,2,2,1,2,1,0,0,1,0,1,1,2,0,1,0
2000,6,100199191,79,37,47,42,53,10,13,15,19,8,10,13,16,10,13,7,9,9,11,7,9,5,7,4,4,7,3,5,2,5,8,4,9,3,4,4,5
2000,6,100199222,5,,,,,,,,,,,,,,,,,,,,,,,,,,,,,,,,,,,,
2000,6,100199230,13,6,46,7,54,2,15,1,8,4,31,0,0,1,8,3,23,0,0,2,15,1,1,2,0,0,2,0,0,1,0,2,0,1,1,0,2
2000,6,100199247,5,,,,,,,,,,,,,,,,,,,,,,,,,,,,,,,,,,,,
2000,6,100199255,5,,,,,,,,,,,,,,,,,,,,,,,,,,,,,,,,,,,,
2000,6,100199263,44,18,41,26,59,5,11,6,14,5,11,6,14,6,14,5,11,3,7,8,18,4,1,1,3,3,3,1,2,1,5,4,3,3,2,2,6
2000,6,100199288,5,,,,,,,,,,,,,,,,,,,,,,,,,,,,,,,,,,,,
2000,6,100199296,5,,,,,,,,,,,,,,,,,,,,,,,,,,,,,,,,,,,,
2000,6,100199376,76,43,57,33,43,4,5,7,9,13,17,11,14,10,13,11,14,13,17,7,9,2,4,9,5,8,5,7,3,2,3,4,6,2,6,6,4
2000,6,100199392,215,97,45,118,55,24,11,38,18,42,20,22,10,33,15,21,10,21,10,14,7,7,19,20,10,19,10,8,4,17,19,22,12,14,11,13,10
2000,6,100199616,5,,,,,,,,,,,,,,,,,,,,,,,,,,,,,,,,,,,,
2000,6,100200020,13,6,46,7,54,1,8,1,8,1,8,5,38,1,8,0,0,3,23,1,8,0,0,0,3,1,0,1,1,1,1,1,2,0,0,2,0
2000,6,100200744,406,173,43,233,57,17,4,30,7,36,9,28,7,41,10,29,7,49,12,176,43,8,10,14,18,19,17,30,57,9,20,22,10,22,12,19,119
2000,6,100201088,51,21,41,30,59,3,6,5,10,7,14,10,20,8,16,9,18,3,6,6,12,2,1,3,7,5,3,0,0,1,4,4,3,3,6,3,6
2000,6,100201096,26,12,46,14,54,2,8,4,15,5,19,4,15,3,12,3,12,1,4,4,15,1,1,3,2,2,2,1,0,1,3,2,2,1,1,0,4
2000,6,100201102,55,27,49,28,51,2,4,12,22,3,5,11,20,9,16,8,15,2,4,8,15,2,4,3,4,6,4,2,2,0,8,0,7,3,4,0,6
2000,6,100201658,37,20,54,17,46,5,14,5,14,2,5,8,22,4,11,4,11,4,11,5,14,2,5,0,4,3,2,3,1,3,0,2,4,1,2,1,4
2000,6,100202137,5,,,,,,,,,,,,,,,,,,,,,,,,,,,,,,,,,,,,
2000,6,100202506,61,32,52,29,48,4,7,8,13,5,8,11,18,6,10,7,11,14,23,6,10,2,4,4,7,4,2,7,2,2,4,1,4,2,5,7,4
2000,6,100203637,50,24,48,26,52,6,12,7,14,10,20,7,14,8,16,7,14,3,6,2,4,4,4,3,5,4,2,1,1,2,3,7,2,4,5,2,1
2000,6,100203741,58,23,40,35,60,6,10,8,14,14,24,5,9,10,17,3,5,7,12,5,9,3,2,5,2,5,3,2,1,3,6,9,3,5,0,5,4
2000,6,100203774,85,41,48,44,52,14,16,12,14,10,12,17,20,11,13,8,9,7,8,6,7,6,6,6,7,7,5,3,1,8,6,4,10,4,3,4,5
2000,6,100204647,441,195,44,246,56,36,8,68,15,71,16,55,12,69,16,63,14,36,8,43,10,14,33,29,26,39,25,16,13,22,35,42,29,30,38,20,30
2000,6,100204848,205,95,46,110,54,22,11,28,14,21,10,37,18,31,15,23,11,30,15,13,6,11,10,10,22,15,9,14,4,11,18,11,15,16,14,16,9
2000,6,100204864,5,,,,,,,,,,,,,,,,,,,,,,,,,,,,,,,,,,,,
2000,6,100204944,72,30,42,42,58,10,14,7,10,9,13,14,19,7,10,13,18,6,8,6,8,6,4,2,8,3,4,1,2,4,3,7,6,4,9,5,4
2000,6,100204952,36,19,53,17,47,2,6,4,11,4,11,3,8,5,14,0,0,9,25,9,25,0,2,3,2,4,0,3,5,2,2,1,1,1,0,6,4
2000,6,100204960,28,14,50,14,50,2,7,10,36,2,7,2,7,7,25,0,0,1,4,4,14,1,4,2,0,5,0,1,1,1,6,0,2,2,0,0,3
2000,6,100204977,12,7,58,5,42,0,0,0,0,0,0,1,8,0,0,2,17,6,50,3,25,0,0,0,1,0,2,3,1,0,0,0,0,0,0,3,2
2000,6,100205070,43,23,53,20,47,2,5,6,14,6,14,3,7,4,9,3,7,10,23,9,21,1,4,5,2,2,2,4,3,1,2,1,1,2,1,6,6
2000,6,100205087,16,9,56,7,44,1,6,3,19,2,13,2,13,2,13,1,6,1,6,4,25,1,2,1,1,1,0,1,2,0,1,1,1,1,1,0,2
2000,6,100205206,89,41,46,48,54,11,12,16,18,10,11,13,15,11,12,8,9,8,9,12,13,6,7,1,7,6,7,4,3,5,9,9,6,5,1,4,9
2000,6,100205351,21,7,33,14,67,0,0,0,0,3,14,1,5,0,0,0,0,7,33,10,48,0,0,1,1,0,0,3,2,0,0,2,0,0,0,4,8
2000,6,100205392,55,28,51,27,49,1,2,9,16,14,25,1,2,12,22,6,11,8,15,4,7,0,5,10,0,7,2,3,1,1,4,4,1,5,4,5,3
2000,6,100205544,73,31,42,42,58,7,10,11,15,15,21,9,12,9,12,3,4,7,10,12,16,5,4,5,5,3,2,4,3,2,7,10,4,6,1,3,9
2000,6,100205938,21,12,57,9,43,2,10,2,10,0,0,2,10,1,5,0,0,5,24,9,43,0,2,0,1,1,0,4,4,2,0,0,1,0,0,1,5
2000,6,100205946,60,30,50,30,50,4,7,9,15,7,12,7,12,11,18,10,17,4,7,8,13,3,4,4,2,7,8,2,0,1,5,3,5,4,2,2,8
2000,6,100206312,286,125,44,161,56,18,6,46,16,46,16,35,12,56,20,26,9,33,12,26,9,4,19,20,18,29,15,13,7,14,27,26,17,27,11,20,19
2000,6,100206763,25,12,48,13,52,3,12,4,16,2,8,4,16,0,0,3,12,3,12,6,24,1,3,2,2,0,1,2,1,2,1,0,2,0,2,1,5
2000,6,100206851,5,,,,,,,,,,,,,,,,,,,,,,,,,,,,,,,,,,,,
2000,6,100206868,50,25,50,25,50,9,18,7,14,2,4,6,12,6,12,5,10,6,12,9,18,6,3,0,1,4,3,5,3,3,4,2,5,2,2,1,6
2000,6,100207025,95,48,51,47,49,10,11,21,22,13,14,19,20,7,7,7,7,10,11,8,8,8,12,5,8,6,4,4,1,2,9,8,11,1,3,6,7
2000,6,100207058,130,61,47,69,53,13,10,19,15,22,17,17,13,21,16,15,12,11,8,12,9,3,12,13,9,9,7,4,4,10,7,9,8,12,8,7,8
2000,6,100207187,12,7,58,5,42,1,8,2,17,3,25,2,17,2,17,1,8,1,8,0,0,0,1,3,1,1,1,0,0,1,1,0,1,1,0,1,0
2000,6,100207218,416,195,47,221,53,35,8,51,12,47,11,67,16,51,12,44,11,52,13,69,17,21,20,23,37,29,16,22,27,14,31,24,30,22,28,30,42
2000,6,100207242,100,54,54,46,46,7,7,8,8,13,13,13,13,15,15,3,3,10,10,31,31,6,4,7,8,11,1,6,11,1,4,6,5,4,2,4,20
2000,6,100207306,120,62,52,58,48,12,10,20,17,15,13,26,22,12,10,16,13,10,8,9,8,7,12,9,14,6,7,5,2,5,8,6,12,6,9,5,7
2000,6,100207355,244,122,50,122,50,15,6,39,16,45,18,33,14,40,16,24,10,30,12,18,7,10,19,30,18,18,13,8,6,5,20,15,15,22,11,22,12
2000,6,100207363,5,,,,,,,,,,,,,,,,,,,,,,,,,,,,,,,,,,,,
2000,6,100207371,411,192,47,219,53,23,6,51,12,71,17,40,10,61,15,58,14,54,13,53,13,15,25,29,21,24,28,30,20,8,26,42,19,37,30,24,33
2000,6,100207468,69,35,51,34,49,9,13,7,10,9,13,17,25,5,7,8,12,7,10,7,10,5,3,4,11,4,3,5,0,4,4,5,6,1,5,2,7
2000,6,100207476,5,,,,,,,,,,,,,,,,,,,,,,,,,,,,,,,,,,,,
2000,6,100207507,234,116,50,118,50,10,4,28,12,33,14,15,6,43,18,27,12,29,12,49,21,6,13,22,9,18,18,17,13,4,15,11,6,25,9,12,36
2000,6,100207886,23,12,52,11,48,1,4,1,4,4,17,3,13,4,17,3,13,2,9,5,22,1,0,3,2,2,2,0,2,0,1,1,1,2,1,2,3
2000,6,100207894,5,,,,,,,,,,,,,,,,,,,,,,,,,,,,,,,,,,,,
2000,6,100208236,128,66,52,62,48,11,9,22,17,15,12,12,9,23,18,11,9,12,9,22,17,7,14,6,6,12,6,6,9,4,8,9,6,11,5,6,13
2000,6,100208244,34,23,68,11,32,6,18,3,9,4,12,5,15,9,26,1,3,2,6,4,12,5,2,4,3,6,0,1,2,1,1,0,2,3,1,1,2
2000,6,100208252,77,33,43,44,57,7,9,10,13,10,13,10,13,10,13,10,13,10,13,10,13,4,3,4,3,6,6,4,3,3,7,6,7,4,4,6,7
2000,6,100208260,30,13,43,17,57,2,7,9,30,1,3,4,13,6,20,3,10,2,7,3,10,1,3,0,2,4,1,1,1,1,6,1,2,2,2,1,2
2000,6,100208277,34,19,56,15,44,2,6,2,6,7,21,4,12,7,21,4,12,1,3,7,21,1,2,5,2,3,2,0,4,1,0,2,2,4,2,1,3
2000,6,100208293,74,40,54,34,46,6,8,16,22,7,9,12,16,9,12,2,3,14,19,8,11,3,9,5,4,7,2,8,2,3,7,2,8,2,0,6,6
2000,6,100208324,13,6,46,7,54,0,0,2,15,0,0,0,0,2,15,2,15,1,8,6,46,0,2,0,0,1,1,1,1,0,0,0,0,1,1,0,5
2000,6,100208398,5,,,,,,,,,,,,,,,,,,,,,,,,,,,,,,,,,,,,
2000,6,100208404,21,10,48,11,52,2,10,2,10,6,29,2,10,4,19,2,10,1,5,2,10,1,1,3,1,2,1,1,0,1,1,3,1,2,1,0,2
2000,6,100208662,488,245,50,243,50,37,8,68,14,76,16,68,14,67,14,68,14,60,12,44,9,22,42,37,36,35,31,28,14,15,26,39,32,32,37,32,30
2000,6,100208670,5,,,,,,,,,,,,,,,,,,,,,,,,,,,,,,,,,,,,
2000,6,100208726,5,,,,,,,,,,,,,,,,,,,,,,,,,,,,,,,,,,,,
2000,6,100208734,22,7,32,15,68,2,9,2,9,4,18,2,9,1,5,2,9,4,18,5,23,1,1,2,0,0,1,1,1,1,1,2,2,1,1,3,4
2000,6,100208775,177,84,47,93,53,11,6,25,14,26,15,28,16,13,7,18,10,22,12,34,19,6,15,11,16,5,11,11,9,5,10,15,12,8,7,11,25
2000,6,100208830,5,,,,,,,,,,,,,,,,,,,,,,,,,,,,,,,,,,,,
2000,6,100208855,14,9,64,5,36,4,29,0,0,1,7,2,14,3,21,0,0,2,14,2,14,3,0,1,1,2,0,1,1,1,0,0,1,1,0,1,1
2000,6,100208888,5,,,,,,,,,,,,,,,,,,,,,,,,,,,,,,,,,,,,
2000,6,100208896,14,8,57,6,43,0,0,3,21,5,36,1,7,2,14,2,14,0,0,1,7,0,2,3,0,2,0,0,1,0,1,2,1,0,2,0,0
2000,6,100208902,13,5,38,8,62,2,15,2,15,1,8,4,31,0,0,0,0,1,8,3,23,0,0,0,3,0,0,1,1,2,2,1,1,0,0,0,2
2000,6,100208910,16,10,63,6,38,1,6,3,19,2,13,3,19,5,31,0,0,2,13,0,0,1,1,2,2,3,0,1,0,0,2,0,1,2,0,1,0
2000,6,100208927,20,11,55,9,45,0,0,3,15,3,15,2,10,3,15,3,15,2,10,4,20,0,2,3,1,2,1,1,1,0,1,0,1,1,2,1,3
2000,6,100208943,31,16,52,15,48,1,3,7,23,4,13,2,6,6,19,7,23,1,3,3,10,1,4,1,1,3,4,0,2,0,3,3,1,3,3,1,1
2000,6,100209125,286,135,47,151,53,21,7,47,16,53,19,39,14,47,16,34,12,25,9,20,7,9,24,27,21,26,16,8,4,12,23,26,18,21,18,17,16
2000,6,100209133,113,57,50,56,50,16,14,12,11,16,14,20,18,11,10,14,12,16,14,8,7,8,7,8,12,4,6,11,1,8,5,8,8,7,8,5,7
2000,6,100209141,2255,1057,47,1198,53,113,5,293,13,313,14,288,13,357,16,240,11,294,13,357,16,60,159,165,140,180,118,111,124,53,134,148,148,177,122,183,233
2000,6,100209182,5,,,,,,,,,,,,,,,,,,,,,,,,,,,,,,,,,,,,
2000,6,100209213,142,67,47,75,53,9,6,15,11,30,21,13,9,22,15,15,11,21,15,17,12,4,7,17,8,11,5,9,6,5,8,13,5,11,10,12,11
2000,6,100209221,53,26,49,27,51,0,0,5,9,6,11,5,9,6,11,4,8,15,28,12,23,0,3,2,3,4,3,6,5,0,2,4,2,2,1,9,7
2000,6,100209238,176,80,45,96,55,18,10,27,15,28,16,27,15,27,15,18,10,10,6,21,12,10,18,16,8,13,4,6,5,8,9,12,19,14,14,4,16
2000,6,100209262,5,,,,,,,,,,,,,,,,,,,,,,,,,,,,,,,,,,,,
2000,6,100209270,151,67,44,84,56,8,5,18,12,23,15,19,13,23,15,19,13,16,11,25,17,4,8,12,11,11,11,4,6,4,10,11,8,12,8,12,19
2000,6,100209287,188,89,47,99,53,12,6,32,17,14,7,29,15,26,14,19,10,31,16,25,13,6,19,9,12,13,9,15,6,6,13,5,17,13,10,16,19
2000,6,100209295,36,19,53,17,47,4,11,7,19,2,6,5,14,5,14,4,11,1,3,8,22,1,5,1,2,4,3,0,3,3,2,1,3,1,1,1,5
2000,6,100209326,67,34,51,33,49,8,12,11,16,15,22,9,13,6,9,6,9,6,9,6,9,3,7,11,4,2,4,1,2,5,4,4,5,4,2,5,4
2000,6,100209391,886,421,48,465,52,74,8,182,21,126,14,125,14,166,19,66,7,81,9,66,7,43,98,54,59,82,28,35,22,31,84,72,66,84,38,46,44
2000,6,100209414,5,,,,,,,,,,,,,,,,,,,,,,,,,,,,,,,,,,,,
2000,6,100209422,5,,,,,,,,,,,,,,,,,,,,,,,,,,,,,,,,,,,,
2000,6,100209430,5,,,,,,,,,,,,,,,,,,,,,,,,,,,,,,,,,,,,
2000,6,100209447,13,7,54,6,46,1,8,2,15,4,31,0,0,2,15,3,23,1,8,0,0,0,0,2,0,1,3,1,0,1,2,2,0,1,0,0,0
2000,6,100209455,181,87,48,94,52,16,9,25,14,27,15,28,15,25,14,19,10,15,8,26,14,9,11,10,17,16,12,5,7,7,14,17,11,9,7,10,19
2000,6,100209463,407,184,45,223,55,33,8,69,17,54,13,74,18,64,16,24,6,42,10,47,12,17,34,24,33,35,12,16,13,16,35,30,41,29,12,26,34
2000,6,100209488,39,13,33,26,67,4,10,2,5,4,10,3,8,5,13,5,13,4,10,12,31,1,0,0,1,3,3,1,4,3,2,4,2,2,2,3,8
2000,6,100209510,568,261,46,307,54,48,8,71,13,80,14,82,14,76,13,55,10,63,11,93,16,20,32,47,44,37,24,25,32,28,39,33,38,39,31,38,61
2000,7,LVDPA0001,738568,330491,45,408077,55,36878,5,74822,10,103967,14,100934,14,113518,15,99730,14,92476,13,116220,16,19042,38227,52313,49328,52730,43899,37772,37162,17836,36595,51654,51606,60788,55831,54704,79058
2000,7,LVDPA0002,65834,30489,46,35345,54,4067,6,7472,11,10383,16,9590,15,9643,15,8100,12,7787,12,8790,13,2019,3868,5220,4950,4630,3645,3287,2870,2048,3604,5163,4640,5013,4455,4500,5920
2000,7,LVDPA0003,51270,22749,44,28521,56,2936,6,5670,11,7203,14,6927,14,7468,15,6938,14,6307,12,7819,15,1510,2834,3518,3427,3438,3055,2541,2424,1426,2836,3685,3500,4030,3883,3766,5395
2000,7,LVDPA0004,5780,2654,46,3126,54,338,6,697,12,704,12,734,13,804,14,690,12,825,14,988,17,162,350,361,378,397,331,359,316,176,347,343,356,407,359,466,672
2000,7,LVDPA0005,102924,46312,45,56612,55,5285,5,11842,12,14908,14,15008,15,15873,15,13761,13,11977,12,14269,14,2686,6001,7252,7206,7473,6059,4933,4701,2599,5841,7656,7802,8400,7702,7044,9568
2000,7,LVDPA0006,39990,18126,45,21864,55,2210,6,4461,11,6067,15,5558,14,6461,16,5240,13,4462,11,5531,14,1146,2267,2940,2679,3058,2423,1855,1758,1064,2194,3127,2879,3403,2817,2607,3773
2000,7,LVDPA0007,86712,39263,45,47449,55,5387,6,9866,11,12034,14,12027,14,12629,15,10914,13,11371,13,12475,14,2793,4958,6026,5930,5941,4795,4728,4086,2594,4908,6008,6097,6688,6119,6643,8389
2000,7,LVDPA0008,43728,20028,46,23700,54,2827,6,4837,11,6211,14,6357,15,6554,15,5731,13,5623,13,5586,13,1391,2508,3048,3195,3144,2516,2423,1803,1436,2329,3163,3162,3410,3215,3200,3783
2000,7,LVDPA0009,27548,12812,47,14736,53,1737,6,3263,12,3906,14,4012,15,4303,16,3462,13,3146,11,3719,14,949,1626,2041,2045,2104,1569,1332,1146,788,1637,1865,1967,2199,1893,1814,2573
2000,7,LVDPA0010,18953,8574,45,10379,55,1184,6,2284,12,2624,14,2575,14,2664,14,2309,12,2439,13,2873,15,610,1168,1329,1267,1210,1046,1007,937,574,1116,1295,1308,1454,1263,1432,1936
2000,7,LVDPA0011,30632,14233,46,16399,54,1831,6,3733,12,4522,15,4477,15,4528,15,3840,13,3816,12,3885,13,960,1887,2294,2275,2150,1726,1682,1259,871,1846,2228,2202,2378,2114,2134,2626
2000,7,LVDPA0012,27164,12178,45,14986,55,1620,6,2904,11,4249,16,3884,14,3696,14,3980,15,3367,12,3464,13,820,1493,2104,1913,1666,1611,1450,1121,800,1411,2145,1971,2030,2369,1917,2343
2000,7,LVDPA0013,14011,6474,46,7537,54,1025,7,1751,12,1994,14,2026,14,1952,14,1667,12,1628,12,1968,14,533,890,992,1009,920,756,696,678,492,861,1002,1017,1032,911,932,1290
2000,7,LVDPA0014,18417,8344,45,10073,55,1413,8,2340,13,2608,14,2645,14,2471,13,2216,12,2272,12,2451,13,713,1158,1307,1282,1172,980,969,762,700,1182,1301,1363,1299,1236,1303,1689
2000,7,LVDPA0015,15272,7012,46,8260,54,1086,7,1896,12,2261,15,2049,13,2167,14,1847,12,1748,11,2218,15,551,968,1179,990,986,871,769,698,535,928,1082,1059,1181,976,979,1520
2000,7,LVDPA0016,14665,6673,46,7992,54,969,7,2030,14,2157,15,2012,14,2253,15,1856,13,1580,11,1808,12,475,1059,1063,980,1031,856,642,567,494,971,1094,1032,1222,1000,938,1241
2000,7,LVDPA0017,12359,5666,46,6693,54,785,6,1613,13,1834,15,1668,13,1831,15,1473,12,1471,12,1684,14,397,812,933,808,849,670,623,574,388,801,901,860,982,803,848,1110
2000,7,LVDPA0018,11914,5392,45,6522,55,759,6,1450,12,1636,14,1536,13,1988,17,1670,14,1262,11,1613,14,386,720,838,716,940,762,545,485,373,730,798,820,1048,908,717,1128
2000,7,LVDPA0019,9955,4428,44,5527,56,720,7,1228,12,1281,13,1366,14,1475,15,1233,12,1106,11,1546,16,355,621,593,661,685,567,480,466,365,607,688,705,790,666,626,1080
2000,7,LVDPA0020,11934,5389,45,6545,55,899,8,1545,13,1707,14,1692,14,1773,15,1567,13,1298,11,1453,12,471,838,844,791,777,680,568,420,428,707,863,901,996,887,730,1033
2000,7,LVDPA0021,60,31,52,29,48,1,2,8,13,4,7,11,18,12,20,7,12,10,17,7,12,0,3,3,6,10,2,5,2,1,5,1,5,2,5,5,5
2000,7,LVDPA0022,9611,4309,45,5302,55,648,7,1243,13,1289,13,1302,14,1457,15,1201,12,1098,11,1371,14,328,596,658,618,673,537,456,441,320,647,631,684,784,664,642,930
2000,7,LVDPA0023,6434,2972,46,3462,54,526,8,857,13,889,14,1037,16,903,14,744,12,719,11,759,12,284,427,438,499,406,347,329,242,242,430,451,538,497,397,390,517
2000,7,LVDPA0024,3497,1650,47,1847,53,186,5,423,12,490,14,469,13,478,14,498,14,511,15,441,13,94,205,266,248,227,227,227,155,92,218,224,221,251,271,284,286
2000,7,LVDPA0025,11983,5465,46,6518,54,858,7,1563,13,1762,15,1623,14,1759,15,1524,13,1328,11,1566,13,454,780,940,773,782,680,571,485,404,783,822,850,977,844,757,1081
2000,7,LVDPA0026,6783,3090,46,3693,54,472,7,847,12,1082,16,1020,15,943,14,881,13,843,12,695,10,240,444,524,501,431,355,366,229,232,403,558,519,512,526,477,466
2000,7,LVDPA0027,6312,2923,46,3389,54,462,7,768,12,842,13,840,13,810,13,777,12,817,13,996,16,242,399,431,405,402,370,353,321,220,369,411,435,408,407,464,675
2000,7,LVDPA0028,10764,4868,45,5896,55,577,5,1244,12,1491,14,1570,15,1669,16,1470,14,1253,12,1490,14,287,618,766,763,808,642,535,449,290,626,725,807,861,828,718,1041
2000,7,LVDPA0029,9532,4402,46,5130,54,685,7,1206,13,1278,13,1341,14,1367,14,1138,12,1061,11,1456,15,368,621,658,680,647,515,464,449,317,585,620,661,720,623,597,1007
2000,7,LVDPA0030,7093,3253,46,3840,54,529,7,859,12,1147,16,935,13,959,14,846,12,739,10,1079,15,284,466,571,445,447,390,314,336,245,393,576,490,512,456,425,743
2000,7,LVDPA0031,9809,4486,46,5323,54,649,7,1260,13,1534,16,1310,13,1502,15,1226,12,1138,12,1190,12,353,587,756,664,681,580,483,382,296,673,778,646,821,646,655,808
2000,7,LVDPA0032,7533,3400,45,4133,55,477,6,939,12,1045,14,1052,14,1235,16,1013,13,820,11,952,13,226,466,530,519,570,469,333,287,251,473,515,533,665,544,487,665
2000,7,LVDPA0033,10243,4650,45,5593,55,615,6,1191,12,1522,15,1308,13,1669,16,1460,14,1079,11,1399,14,306,575,777,668,759,695,457,413,309,616,745,640,910,765,622,986
2000,7,LVDPA0034,441,226,51,215,49,29,7,56,13,52,12,55,12,60,14,65,15,45,10,79,18,17,25,28,32,31,40,22,31,12,31,24,23,29,25,23,48
2000,7,LVDPA0035,3208,1454,45,1754,55,184,6,403,13,457,14,374,12,441,14,345,11,382,12,622,19,85,197,230,195,205,163,160,219,99,206,227,179,236,182,222,403
2000,7,LVDPA0036,4387,2040,47,2347,53,278,6,451,10,640,15,586,13,628,14,573,13,499,11,732,17,135,252,341,280,300,285,217,230,143,199,299,306,328,288,282,502
2000,7,LVDPA0037,4495,2092,47,2403,53,284,6,562,13,665,15,587,13,667,15,544,12,563,13,623,14,156,299,335,293,295,256,243,215,128,263,330,294,372,288,320,408
2000,7,LVDPA0038,3311,1488,45,1823,55,180,5,430,13,456,14,423,13,469,14,359,11,436,13,558,17,98,222,216,201,217,177,190,167,82,208,240,222,252,182,246,391
2000,7,LVDPA0039,2281,1102,48,1179,52,130,6,302,13,302,13,303,13,330,14,279,12,325,14,310,14,81,158,148,162,166,129,145,113,49,144,154,141,164,150,180,197
2000,7,LVDPA0040,2998,1379,46,1619,54,191,6,361,12,433,14,406,14,443,15,378,13,310,10,476,16,96,195,219,190,222,188,120,149,95,166,214,216,221,190,190,327
2000,7,LVDPA0041,2857,1312,46,1545,54,205,7,288,10,338,12,405,14,379,13,304,11,362,13,576,20,109,157,177,210,190,138,153,178,96,131,161,195,189,166,209,398
2000,7,LVDPA0042,6520,2958,45,3562,55,317,5,816,13,830,13,856,13,953,15,840,13,950,15,958,15,161,424,436,426,446,387,392,286,156,392,394,430,507,453,558,672
2000,7,LVDPA0043,2613,1186,45,1427,55,191,7,339,13,319,12,323,12,352,13,259,10,333,13,497,19,97,163,170,159,178,127,140,152,94,176,149,164,174,132,193,345
2000,7,LVDPA0044,3102,1408,45,1694,55,210,7,389,13,472,15,396,13,485,16,370,12,339,11,441,14,96,214,235,198,227,175,136,127,114,175,237,198,258,195,203,314
2000,7,LVDPA0045,1966,892,45,1074,55,123,6,207,11,225,11,252,13,270,14,230,12,212,11,447,23,70,96,126,128,141,116,95,120,53,111,99,124,129,114,117,327
2000,7,LVDPA0046,3120,1462,47,1658,53,206,7,437,14,425,14,413,13,430,14,349,11,397,13,463,15,122,216,206,196,208,173,179,162,84,221,219,217,222,176,218,301
2000,7,LVDPA0047,4417,1983,45,2434,55,315,7,585,13,685,16,590,13,621,14,490,11,496,11,635,14,153,288,340,270,293,236,197,206,162,297,345,320,328,254,299,429
2000,7,LVDPA0048,4547,2105,46,2442,54,347,8,556,12,693,15,581,13,663,15,586,13,528,12,593,13,170,270,361,293,302,279,231,199,177,286,332,288,361,307,297,394
2000,7,LVDPA0049,17581,8153,46,9428,54,1068,6,1914,11,2634,15,2916,17,2419,14,2639,15,2266,13,1725,10,557,974,1331,1441,1154,1130,980,586,511,940,1303,1475,1265,1509,1286,1139
2000,7,LVDPA0050,3239,1545,48,1694,52,194,6,360,11,440,14,430,13,441,14,386,12,411,13,577,18,111,190,256,200,229,181,182,196,83,170,184,230,212,205,229,381
2000,7,LVDPA0051,3949,1763,45,2186,55,296,7,530,13,546,14,501,13,531,13,443,11,449,11,653,17,137,262,275,235,247,204,199,204,159,268,271,266,284,239,250,449
2000,7,LVDPA0052,2035,925,45,1110,55,107,5,246,12,303,15,250,12,278,14,283,14,196,10,372,18,53,133,162,128,133,139,74,103,54,113,141,122,145,144,122,269
2000,7,LVDPA0053,8819,3992,45,4827,55,560,6,1208,14,1280,15,1190,13,1625,18,1082,12,892,10,982,11,283,607,631,554,731,482,393,311,277,601,649,636,894,600,499,671
2000,7,LVDPA0054,2333,1070,46,1263,54,142,6,301,13,341,15,266,11,323,14,298,13,265,11,397,17,72,138,180,146,156,141,110,127,70,163,161,120,167,157,155,270
2000,7,LVDPA0055,2662,1201,45,1461,55,188,7,319,12,329,12,377,14,360,14,345,13,300,11,444,17,83,162,161,191,184,155,110,155,105,157,168,186,176,190,190,289
2000,7,LVDPA0056,3841,1810,47,2031,53,318,8,478,12,523,14,468,12,567,15,502,13,431,11,554,14,170,251,266,228,283,229,194,189,148,227,257,240,284,273,237,365
2000,7,LVDPA0057,1650,777,47,873,53,118,7,189,11,239,14,212,13,234,14,209,13,197,12,252,15,58,96,116,111,121,96,84,95,60,93,123,101,113,113,113,157
2000,7,LVDPA0058,6623,3616,55,3007,45,293,4,648,10,1258,19,1266,19,1052,16,774,12,717,11,615,9,153,331,713,824,632,375,368,220,140,317,545,442,420,399,349,395
2000,7,LVDPA0059,4129,1940,47,2189,53,217,5,523,13,713,17,550,13,721,17,586,14,434,11,385,9,112,262,366,278,348,265,191,118,105,261,347,272,373,321,243,267
2000,7,LVDPA0060,5487,2521,46,2966,54,396,7,716,13,824,15,798,15,789,14,709,13,625,11,630,11,197,380,410,401,372,307,259,195,199,336,414,397,417,402,366,435
2000,7,LVDPA0061,24873,11444,46,13429,54,1397,6,2846,11,3764,15,3612,15,4149,17,3455,14,2748,11,2897,12,720,1468,1946,1761,1916,1489,1212,928,677,1378,1818,1851,2233,1966,1536,1969
2000,7,LVDPA0062,3747,1724,46,2023,54,216,6,482,13,467,12,517,14,529,14,398,11,450,12,687,18,112,266,249,249,255,178,190,224,104,216,218,268,274,220,260,463
2000,7,LVDPA0063,2799,1263,45,1536,55,170,6,331,12,421,15,330,12,377,13,338,12,337,12,495,18,85,157,211,175,180,162,140,153,85,174,210,155,197,176,197,342
2000,7,LVDPA0064,2914,1347,46,1567,54,218,7,353,12,412,14,393,13,423,15,324,11,378,13,413,14,108,182,213,200,197,153,157,137,110,171,199,193,226,171,221,276
2000,7,LVDPA0065,1799,819,46,980,54,122,7,299,17,279,16,219,12,297,17,189,11,186,10,208,12,56,152,150,103,134,89,73,62,66,147,129,116,163,100,113,146
2000,7,LVDPA0066,2451,1093,45,1358,55,154,6,306,12,275,11,307,13,327,13,238,10,352,14,492,20,74,161,126,152,163,126,138,153,80,145,149,155,164,112,214,339
2000,7,LVDPA0067,1499,689,46,810,54,100,7,178,12,213,14,195,13,189,13,156,10,211,14,256,17,53,93,103,110,87,82,75,86,47,85,110,85,102,74,136,170
2000,7,LVDPA0068,766,375,49,391,51,42,5,103,13,96,13,108,14,97,13,79,10,106,14,135,18,27,50,60,56,46,40,46,50,15,53,36,52,51,39,60,85
2000,7,LVDPA0069,1661,752,45,909,55,130,8,213,13,283,17,218,13,223,13,193,12,184,11,217,13,61,91,142,108,113,83,82,72,69,122,141,110,110,110,102,145
2000,7,LVDPA0070,2313,1051,45,1262,55,164,7,287,12,351,15,309,13,331,14,263,11,260,11,348,15,76,132,191,147,164,116,114,111,88,155,160,162,167,147,146,237
2000,7,LVDPA0071,504,245,49,259,51,33,7,41,8,90,18,56,11,73,14,56,11,70,14,85,17,15,23,51,29,31,30,35,31,18,18,39,27,42,26,35,54
2000,7,LVDPA0072,2388,1086,45,1302,55,156,7,316,13,344,14,308,13,327,14,242,10,294,12,401,17,77,150,168,158,156,115,132,130,79,166,176,150,171,127,162,271
2000,7,LVDPA0073,1847,882,48,965,52,147,8,245,13,276,15,245,13,270,15,216,12,198,11,250,14,83,134,138,120,145,92,87,83,64,111,138,125,125,124,111,167
2000,7,LVDPA0074,2063,980,48,1083,52,138,7,279,14,256,12,279,14,294,14,210,10,227,11,380,18,69,161,134,150,143,104,104,115,69,118,122,129,151,106,123,265
2000,7,LVDPA0075,1183,540,46,643,54,99,8,165,14,152,13,162,14,154,13,125,11,130,11,196,17,43,87,75,77,73,63,59,63,56,78,77,85,81,62,71,133
2000,7,LVDPA0076,4449,2068,46,2381,54,251,6,543,12,623,14,593,13,661,15,638,14,527,12,613,14,133,255,305,310,300,305,242,218,118,288,318,283,361,333,285,395
2000,7,LVDPA0077,1020,471,46,549,54,61,6,128,13,137,13,113,11,146,14,118,12,139,14,178,17,28,67,66,55,79,61,63,52,33,61,71,58,67,57,76,126
2000,7,LVDPA0078,2971,1329,45,1642,55,177,6,320,11,392,13,373,13,393,13,379,13,378,13,559,19,89,163,186,185,194,183,148,181,88,157,206,188,199,196,230,378
2000,7,LVDPA0079,1954,919,47,1035,53,134,7,223,11,307,16,233,12,234,12,254,13,239,12,330,17,68,108,156,130,112,122,106,117,66,115,151,103,122,132,133,213
2000,7,LVDPA0080,9709,4445,46,5264,54,591,6,1222,13,1529,16,1352,14,1593,16,1296,13,1167,12,959,10,280,627,799,648,734,558,490,309,311,595,730,704,859,738,677,650
2000,7,LVDPA0081,67,29,43,38,57,2,3,6,9,3,4,6,9,10,15,6,9,15,22,19,28,1,1,2,4,5,4,8,4,1,5,1,2,5,2,7,15
2000,7,LVDPA0082,2780,1292,46,1488,54,182,7,388,14,373,13,369,13,408,15,301,11,374,13,385,14,94,191,196,174,214,125,160,138,88,197,177,195,194,176,214,247
2000,7,LVDPA0083,1599,750,47,849,53,116,7,226,14,212,13,203,13,226,14,191,12,207,13,218,14,59,115,111,95,113,84,97,76,57,111,101,108,113,107,110,142
2000,7,LVDPA0084,902,404,45,498,55,42,5,93,10,108,12,112,12,137,15,95,11,105,12,210,23,21,46,59,54,65,55,42,62,21,47,49,58,72,40,63,148
2000,7,LVDPA0085,1398,647,46,751,54,100,7,210,15,184,13,167,12,183,13,160,11,142,10,252,18,48,117,93,77,91,80,53,88,52,93,91,90,92,80,89,164
2000,7,LVDPA0086,1751,860,49,891,51,80,5,158,9,212,12,219,13,246,14,218,12,268,15,350,20,42,77,123,122,137,125,129,105,38,81,89,97,109,93,139,245
2000,7,LVDPA0087,2242,1039,46,1203,54,139,6,269,12,391,17,279,12,300,13,259,12,215,10,390,17,67,140,214,134,150,120,96,118,72,129,177,145,150,139,119,272
2000,7,LVDPA0088,2410,1119,46,1291,54,143,6,315,13,399,17,311,13,402,17,301,12,267,11,272,11,73,152,204,152,184,147,121,86,70,163,195,159,218,154,146,186
2000,7,LVDPA0089,2201,1012,46,1189,54,167,8,262,12,411,19,339,15,309,14,282,13,232,11,199,9,91,132,196,169,141,124,100,59,76,130,215,170,168,158,132,140
2000,7,LVDPA0090,2273,1085,48,1188,52,191,8,363,16,369,16,314,14,380,17,285,13,200,9,171,8,100,200,181,138,177,137,86,66,91,163,188,176,203,148,114,105
2000,7,LVDPA0091,1615,748,46,867,54,102,6,211,13,240,15,200,12,248,15,182,11,188,12,244,15,52,117,113,104,114,91,83,74,50,94,127,96,134,91,105,170
2000,7,LVDPA0092,71,34,48,37,52,3,4,8,11,4,6,12,17,9,13,0,0,10,14,25,35,0,6,2,5,5,0,6,10,3,2,2,7,4,0,4,15
2000,7,LVDPA0093,1219,574,47,645,53,71,6,159,13,250,21,155,13,170,14,137,11,141,12,136,11,37,78,146,68,88,64,57,36,34,81,104,87,82,73,84,100
2000,7,LVDPA0094,1571,707,45,864,55,113,7,173,11,211,13,192,12,170,11,203,13,203,13,306,19,62,84,111,98,82,90,95,85,51,89,100,94,88,113,108,221
2000,7,LVDPA0095,1993,907,46,1086,54,138,7,269,13,301,15,282,14,280,14,231,12,189,9,303,15,73,146,147,139,125,104,83,90,65,123,154,143,155,127,106,213
2000,7,LVDPA0096,896,407,45,489,55,58,6,130,15,112,13,118,13,118,13,100,11,96,11,164,18,31,58,51,63,59,47,44,54,27,72,61,55,59,53,52,110
2000,7,LVDPA0097,1420,674,47,746,53,102,7,182,13,219,15,189,13,170,12,151,11,154,11,253,18,59,87,123,96,86,80,67,76,43,95,96,93,84,71,87,177
2000,7,LVDPA0098,1155,510,44,645,56,85,7,164,14,135,12,150,13,200,17,107,9,111,10,203,18,43,86,63,69,98,56,35,60,42,78,72,81,102,51,76,143
2000,7,LVDPA0099,1369,663,48,706,52,92,7,194,14,276,20,151,11,230,17,168,12,126,9,132,10,46,101,155,68,112,79,57,45,46,93,121,83,118,89,69,87
2000,7,LVDPA0100,2295,1071,47,1224,53,113,5,299,13,318,14,292,13,365,16,245,11,297,13,366,16,60,161,165,142,184,120,111,128,53,138,153,150,181,125,186,238
2000,7,LVDPA0101,3142,1473,47,1669,53,198,6,403,13,464,15,438,14,554,18,380,12,367,12,338,11,106,198,230,212,264,189,161,113,92,205,234,226,290,191,206,225
2000,7,LVDPA0102,2746,1247,45,1499,55,186,7,382,14,377,14,421,15,423,15,291,11,356,13,310,11,100,192,176,208,216,131,133,91,86,190,201,213,207,160,223,219
2000,7,LVDPA0103,2303,1056,46,1247,54,111,5,300,13,340,15,301,13,397,17,313,14,217,9,324,14,53,169,177,144,193,138,101,81,58,131,163,157,204,175,116,243
2000,7,LVDPA0104,2375,1066,45,1309,55,133,6,305,13,317,13,294,12,377,16,283,12,279,12,387,16,63,153,169,130,182,147,111,111,70,152,148,164,195,136,168,276
2000,7,LVDPA0105,397,186,47,211,53,29,7,58,15,47,12,53,13,69,17,44,11,46,12,51,13,17,31,26,22,36,19,21,14,12,27,21,31,33,25,25,37
2000,7,LVDPA0106,1217,600,49,617,51,71,6,181,15,171,14,169,14,218,18,152,12,120,10,135,11,37,102,84,88,108,78,54,49,34,79,87,81,110,74,66,86
2000,7,LVDPA0107,1758,793,45,965,55,123,7,264,15,232,13,231,13,272,15,217,12,178,10,241,14,74,123,97,106,125,110,78,80,49,141,135,125,147,107,100,161
2000,7,LVDPA0108,1109,489,44,620,56,71,6,116,10,165,15,130,12,151,14,153,14,120,11,203,18,30,52,80,65,74,72,53,63,41,64,85,65,77,81,67,140
2000,7,LVDPA0109,1011,444,44,567,56,74,7,138,14,136,13,121,12,156,15,99,10,91,9,196,19,43,74,64,64,68,46,32,53,31,64,72,57,88,53,59,143
2000,7,LVDPA0110,1589,729,46,860,54,92,6,211,13,213,13,226,14,206,13,168,11,223,14,250,16,46,109,106,120,95,81,93,79,46,102,107,106,111,87,130,171
2000,7,LVDPA0111,1681,797,47,884,53,114,7,173,10,207,12,241,14,205,12,213,13,232,14,296,18,63,91,112,128,103,95,93,112,51,82,95,113,102,118,139,184
2000,7,LVDPA0112,1002,450,45,552,55,72,7,150,15,163,16,146,15,158,16,93,9,108,11,112,11,40,69,90,70,67,40,45,29,32,81,73,76,91,53,63,83
2000,7,LVDPA0113,13071,5864,45,7207,55,845,6,1468,11,1911,15,2152,16,2016,15,1709,13,1810,14,1160,9,425,775,908,1068,896,684,734,374,420,693,1003,1084,1120,1025,1076,786
2000,7,LVDPA0114,569,260,46,309,54,44,8,91,16,103,18,68,12,92,16,54,9,36,6,81,14,20,46,56,36,39,24,18,21,24,45,47,32,53,30,18,60
2000,7,LVDPA0115,2011,957,48,1054,52,98,5,236,12,261,13,209,10,292,15,250,12,263,13,402,20,47,120,142,112,140,127,133,136,51,116,119,97,152,123,130,266
2000,7,LVDPA0116,718,311,43,407,57,40,6,119,17,99,14,93,13,101,14,76,11,68,9,122,17,11,64,46,48,44,38,33,27,29,55,53,45,57,38,35,95
2000,7,LVDPA0117,1623,765,47,858,53,117,7,234,14,216,13,218,13,224,14,171,11,196,12,247,15,65,118,116,107,108,86,86,79,52,116,100,111,116,85,110,168
2000,7,LVDPA0118,1158,558,48,600,52,79,7,166,14,164,14,156,13,168,15,139,12,113,10,173,15,39,84,91,74,81,68,51,70,40,82,73,82,87,71,62,103
2000,7,LVDPA0119,1438,667,46,771,54,79,5,157,11,190,13,160,11,182,13,160,11,184,13,326,23,42,96,96,83,101,78,73,98,37,61,94,77,81,82,111,228
2000,7,LVDPA0120,1444,654,45,790,55,122,8,174,12,206,14,196,14,207,14,138,10,169,12,232,16,67,89,103,93,93,71,70,68,55,85,103,103,114,67,99,164
2000,7,LVDPA0121,625,294,47,331,53,30,5,80,13,76,12,85,14,98,16,68,11,78,12,110,18,14,42,43,43,54,36,31,31,16,38,33,42,44,32,47,79
2000,7,LVDPA0122,566,262,46,304,54,39,7,62,11,80,14,89,16,73,13,66,12,83,15,74,13,15,34,33,47,38,25,43,27,24,28,47,42,35,41,40,47
2000,7,LVDPA0123,482,215,45,267,55,33,7,63,13,67,14,48,10,78,16,49,10,44,9,100,21,16,38,31,22,36,25,21,26,17,25,36,26,42,24,23,74
2000,7,LVDPA0124,1404,676,48,728,52,85,6,231,16,276,20,152,11,292,21,154,11,117,8,97,7,50,126,141,78,117,84,53,27,35,105,135,74,175,70,64,70
2000,7,LVDPA0125,1264,574,45,690,55,66,5,169,13,215,17,176,14,183,14,165,13,133,11,157,12,33,77,114,87,84,72,55,52,33,92,101,89,99,93,78,105
2000,7,LVDPA0126,1737,788,45,949,55,126,7,214,12,229,13,224,13,229,13,184,11,246,14,285,16,63,102,107,116,110,86,110,94,63,112,122,108,119,98,136,191
2000,7,LVDPA0127,363,171,47,192,53,21,6,53,15,56,15,37,10,59,16,31,9,45,12,61,17,10,24,31,18,31,18,17,22,11,29,25,19,28,13,28,39
2000,7,LVDPA0128,631,290,46,341,54,54,9,77,12,92,15,90,14,84,13,59,9,75,12,100,16,25,34,50,50,40,26,31,34,29,43,42,40,44,33,44,66
2000,7,LVDPA0129,846,407,48,439,52,48,6,109,13,130,15,121,14,113,13,90,11,106,13,129,15,26,58,75,67,62,39,47,33,22,51,55,54,51,51,59,96
2000,7,LVDPA0130,253,112,44,141,56,16,6,43,17,38,15,33,13,39,15,41,16,22,9,21,8,5,21,21,13,20,15,12,5,11,22,17,20,19,26,10,16
2000,7,LVDPA0131,729,324,44,405,56,61,8,142,19,72,10,98,13,113,16,46,6,76,10,121,17,31,70,33,41,54,23,32,40,30,72,39,57,59,23,44,81
2000,7,LVDPA0132,739,344,47,395,53,39,5,81,11,98,13,101,14,99,13,87,12,81,11,153,21,18,38,57,49,50,44,37,51,21,43,41,52,49,43,44,102
2000,7,LVDPA0133,988,485,49,503,51,84,9,129,13,125,13,166,17,154,16,99,10,110,11,121,12,42,66,63,86,83,53,49,43,42,63,62,80,71,46,61,78
2000,7,LVDPA0134,752,351,47,401,53,60,8,137,18,109,14,100,13,112,15,78,10,71,9,85,11,31,73,49,47,51,43,34,23,29,64,60,53,61,35,37,62
2000,7,LVDPA0135,463,207,45,256,55,38,8,62,13,82,18,61,13,60,13,49,11,40,9,71,15,17,31,39,33,29,24,19,15,21,31,43,28,31,25,21,56
2000,7,LVDPA0136,691,324,47,367,53,38,5,65,9,119,17,67,10,95,14,81,12,92,13,134,19,19,27,70,36,41,42,42,47,19,38,49,31,54,39,50,87
2000,7,LVDPA0137,1174,551,47,623,53,80,7,156,13,156,13,134,11,149,13,119,10,143,12,237,20,52,91,78,69,73,53,55,80,28,65,78,65,76,66,88,157
2000,7,LVDPA0138,2796,1351,48,1445,52,178,6,368,13,645,23,372,13,392,14,276,10,277,10,288,10,80,183,382,184,191,122,113,96,98,185,263,188,201,154,164,192
2000,7,LVDPA0139,659,305,46,354,54,53,8,123,19,109,17,75,11,113,17,54,8,65,10,67,10,25,66,55,27,64,26,22,20,28,57,54,48,49,28,43,47
2000,7,LVDPA0140,888,411,46,477,54,79,9,139,16,125,14,128,14,127,14,104,12,79,9,107,12,35,66,74,59,57,52,35,33,44,73,51,69,70,52,44,74
2000,7,LVDPA0141,801,361,45,440,55,71,9,97,12,128,16,118,15,112,14,77,10,86,11,112,14,37,49,62,52,59,31,34,37,34,48,66,66,53,46,52,75
2000,7,LVDPA0142,1388,654,47,734,53,76,5,196,14,237,17,179,13,230,17,177,13,152,11,141,10,39,102,136,83,105,89,55,45,37,94,101,96,125,88,97,96
2000,7,LVDPA0143,456,223,49,233,51,36,8,64,14,66,14,57,13,75,16,43,9,59,13,56,12,20,36,35,28,38,21,28,17,16,28,31,29,37,22,31,39
2000,7,LVDPA0144,860,400,47,460,53,65,8,151,18,125,15,100,12,133,15,79,9,95,11,112,13,39,80,62,45,67,32,41,34,26,71,63,55,66,47,54,78
2000,7,LVDPA0145,513,250,49,263,51,38,7,75,15,72,14,66,13,75,15,57,11,75,15,55,11,20,32,44,38,39,24,33,20,18,43,28,28,36,33,42,35
2000,7,LVDPA0146,679,329,48,350,52,46,7,108,16,133,20,74,11,91,13,80,12,70,10,77,11,25,56,69,38,49,44,29,19,21,52,64,36,42,36,41,58
2000,7,LVDPA0147,2207,1040,47,1167,53,129,6,275,12,420,19,271,12,435,20,285,13,204,9,188,9,61,136,215,126,205,139,90,68,68,139,205,145,230,146,114,120
2000,7,LVDPA0148,838,391,47,447,53,52,6,110,13,126,15,103,12,118,14,103,12,100,12,126,15,24,60,72,52,60,45,37,41,28,50,54,51,58,58,63,85
2000,7,LVDPA0149,516,244,47,272,53,37,7,86,17,72,14,60,12,92,18,48,9,53,10,68,13,21,45,40,33,41,24,16,24,16,41,32,27,51,24,37,44
2000,7,LVDPA0150,516,244,47,272,53,20,4,69,13,85,16,60,12,92,18,63,12,53,10,74,14,10,35,40,38,49,33,21,18,10,34,45,22,43,30,32,56
2000,7,LVDPA0151,609,286,47,323,53,40,7,69,11,77,13,94,15,70,11,60,10,108,18,91,15,19,34,39,54,36,22,47,35,21,35,38,40,34,38,61,56
2000,7,LVDPA0152,872,426,49,446,51,47,5,138,16,133,15,122,14,136,16,91,10,103,12,102,12,23,84,73,64,61,48,43,30,24,54,60,58,75,43,60,72
2000,7,LVDPA0153,1055,487,46,568,54,85,8,148,14,144,14,164,16,171,16,110,10,127,12,106,10,41,83,64,84,84,44,57,30,44,65,80,80,87,66,70,76
2000,7,LVDPA0154,688,309,45,379,55,48,7,75,11,92,13,74,11,93,14,69,10,88,13,149,22,30,37,41,38,49,33,39,42,18,38,51,36,44,36,49,107
2000,7,LVDPA0155,1572,759,48,813,52,120,8,207,13,240,15,209,13,228,15,195,12,146,9,227,14,67,105,128,107,109,103,66,74,53,102,112,102,119,92,80,153
2000,7,LVDPA0156,602,291,48,311,52,33,5,88,15,90,15,74,12,95,16,75,12,61,10,86,14,19,50,49,31,46,39,30,27,14,38,41,43,49,36,31,59
2000,7,LVDPA0157,448,227,51,221,49,27,6,64,14,72,16,53,12,82,18,45,10,44,10,61,14,15,40,40,29,41,22,21,19,12,24,32,24,41,23,23,42
2000,7,LVDPA0158,476,219,46,257,54,50,11,78,16,59,12,83,17,53,11,42,9,51,11,60,13,25,45,28,42,29,13,21,16,25,33,31,41,24,29,30,44
2000,7,LVDPA0159,853,364,43,489,57,57,7,94,11,115,13,96,11,124,15,97,11,87,10,183,21,32,41,51,51,51,49,40,49,25,53,64,45,73,48,47,134
2000,7,LVDPA0160,401,186,46,215,54,22,5,61,15,46,11,47,12,71,18,43,11,53,13,58,14,12,33,23,19,39,23,24,13,10,28,23,28,32,20,29,45
2000,7,LVDPA0161,654,302,46,352,54,42,6,110,17,118,18,75,11,97,15,63,10,49,7,100,15,24,57,64,37,49,27,17,27,18,53,54,38,48,36,32,73
2000,7,LVDPA0162,571,280,49,291,51,56,10,141,25,111,19,74,13,66,12,35,6,49,9,39,7,30,77,61,32,32,19,17,12,26,64,50,42,34,16,32,27
2000,7,LVDPA0163,786,369,47,417,53,58,7,126,16,126,16,107,14,117,15,91,12,71,9,90,11,32,65,59,52,55,40,33,33,26,61,67,55,62,51,38,57
2000,7,LVDPA0164,587,267,45,320,55,51,9,91,16,79,13,89,15,62,11,65,11,73,12,77,13,24,51,40,38,32,31,29,22,27,40,39,51,30,34,44,55
2000,7,LVDPA0165,562,261,46,301,54,40,7,79,14,101,18,72,13,89,16,64,11,56,10,61,11,19,38,56,33,46,30,20,19,21,41,45,39,43,34,36,42
2000,7,LVDPA0166,1114,521,47,593,53,71,6,173,16,193,17,136,12,165,15,156,14,110,10,110,10,37,80,107,63,80,80,43,31,34,93,86,73,85,76,67,79
2000,7,LVDPA0167,1654,768,46,886,54,105,6,282,17,262,16,250,15,337,20,174,11,120,7,124,7,56,135,134,122,152,81,49,39,49,147,128,128,185,93,71,85
2000,7,LVDPA0168,131,68,52,63,48,7,5,17,13,19,15,13,10,22,17,22,17,14,11,17,13,4,7,11,7,12,11,8,8,3,10,8,6,10,11,6,9
2000,7,LVDPA0169,577,277,48,300,52,50,9,110,19,84,15,76,13,91,16,56,10,57,10,53,9,28,52,47,40,47,25,24,14,22,58,37,36,44,31,33,39
2000,7,LVDPA0170,285,135,47,150,53,20,7,47,16,39,14,33,12,43,15,27,9,35,12,41,14,7,26,18,17,23,13,16,15,13,21,21,16,20,14,19,26
2000,7,LVDPA0171,720,333,46,387,54,68,9,122,17,102,14,96,13,113,16,62,9,90,13,67,9,31,60,52,45,60,30,35,20,37,62,50,51,53,32,55,47
2000,7,LVDPA0172,1138,554,49,584,51,71,6,169,15,153,13,152,13,170,15,136,12,156,14,131,12,37,86,85,73,91,68,70,44,34,83,68,79,79,68,86,87
2000,7,LVDPA0173,896,427,48,469,52,74,8,184,21,126,14,126,14,168,19,67,7,82,9,69,8,43,100,54,60,83,28,36,23,31,84,72,66,85,39,46,46
2000,7,LVDPA0174,623,292,47,331,53,55,9,83,13,96,15,66,11,108,17,76,12,50,8,89,14,25,38,51,34,56,41,22,25,30,45,45,32,52,35,28,64
2000,7,LVDPA0175,501,220,44,281,56,49,10,86,17,52,10,83,17,57,11,42,8,66,13,66,13,23,38,26,36,29,22,24,22,26,48,26,47,28,20,42,44
2000,7,LVDPA0176,671,312,46,359,54,34,5,110,16,99,15,82,12,111,17,65,10,82,12,88,13,22,55,54,34,55,36,31,25,12,55,45,48,56,29,51,63
2000,7,LVDPA0177,1056,509,48,547,52,45,4,104,10,259,25,116,11,128,12,105,10,127,12,172,16,25,53,160,52,64,53,53,49,20,51,99,64,64,52,74,123
2000,7,LVDPA0178,508,240,47,268,53,42,8,75,15,79,16,61,12,82,16,39,8,46,9,84,17,24,40,46,26,36,21,21,26,18,35,33,35,46,18,25,58
2000,7,LVDPA0179,1009,477,47,532,53,77,8,150,15,139,14,151,15,138,14,115,11,114,11,125,12,43,78,69,78,72,54,47,36,34,72,70,73,66,61,67,89
2000,7,LVDPA0180,3519,1635,46,1884,54,230,7,446,13,487,14,448,13,515,15,388,11,416,12,589,17,124,247,241,216,272,175,155,205,106,199,246,232,243,213,261,384
2000,7,LVDPA0181,323,152,47,171,53,25,8,37,11,42,13,38,12,40,12,42,13,45,14,54,17,11,19,23,13,21,23,22,20,14,18,19,25,19,19,23,34
2000,7,LVDPA0182,417,187,45,230,55,44,11,67,16,48,12,50,12,76,18,28,7,38,9,66,16,26,34,24,26,34,13,15,15,18,33,24,24,42,15,23,51
2000,7,LVDPA0183,297,139,47,158,53,20,7,45,15,31,10,41,14,41,14,39,13,37,12,43,14,9,28,15,17,24,18,17,11,11,17,16,24,17,21,20,32
2000,7,LVDPA0184,612,276,45,336,55,25,4,83,14,144,24,60,10,91,15,67,11,56,9,86,14,12,43,65,30,46,27,24,29,13,40,79,30,45,40,32,57
2000,7,LVDPA0185,2626,1260,48,1366,52,183,7,314,12,412,16,389,15,401,15,287,11,336,13,304,12,107,170,205,190,197,123,156,112,76,144,207,199,204,164,180,192
2000,7,LVDPA0186,594,282,47,312,53,49,8,90,15,100,17,67,11,99,17,69,12,53,9,67,11,19,51,49,32,47,35,25,24,30,39,51,35,52,34,28,43
2000,7,LVDPA0187,712,348,49,364,51,65,9,99,14,92,13,81,11,121,17,72,10,69,10,113,16,30,63,57,37,56,35,31,39,35,36,35,44,65,37,38,74
2000,7,LVDPA0188,176,88,50,88,50,12,7,18,10,19,11,30,17,20,11,25,14,25,14,27,15,9,10,14,16,11,13,10,5,3,8,5,14,9,12,15,22
2000,7,LVDPA0189,1129,504,45,625,55,88,8,169,15,132,12,137,12,159,14,93,8,155,14,195,17,44,76,58,69,77,45,59,75,44,93,74,68,82,48,96,120
2000,7,LVDPA0190,1296,624,48,672,52,96,7,232,18,219,17,178,14,241,19,161,12,86,7,83,6,51,119,103,88,119,80,33,31,45,113,116,90,122,81,53,52
2000,7,LVDPA0191,345,151,44,194,56,34,10,44,13,39,11,45,13,53,15,38,11,35,10,57,17,16,17,20,26,24,18,16,14,18,27,19,19,29,20,19,43
2000,7,LVDPA0192,646,305,47,341,53,40,6,75,12,91,14,86,13,104,16,64,10,82,13,104,16,21,42,44,45,48,33,38,34,19,33,47,41,56,31,44,70
2000,7,LVDPA0193,692,349,50,343,50,54,8,101,15,187,27,91,13,94,14,67,10,43,6,55,8,30,51,110,43,42,38,18,17,24,50,77,48,52,29,25,38
2000,7,LVDPA0194,246,117,48,129,52,11,4,21,9,32,13,35,14,23,9,41,17,36,15,47,19,6,10,19,20,11,18,19,14,5,11,13,15,12,23,17,33
2000,7,LVDPA0195,2815,1290,46,1525,54,186,7,335,12,498,18,409,15,496,18,362,13,272,10,257,9,101,166,241,188,231,173,115,75,85,169,257,221,265,189,157,182
2000,7,LVDPA0196,433,207,48,226,52,35,8,40,9,74,17,43,10,39,9,65,15,56,13,81,19,14,24,44,24,19,29,29,24,21,16,30,19,20,36,27,57
2000,7,LVDPA0197,1030,473,46,557,54,81,8,153,15,170,17,121,12,146,14,107,10,121,12,131,13,39,72,87,58,66,50,53,48,42,81,83,63,80,57,68,83
2000,7,LVDPA0198,535,258,48,277,52,52,10,79,15,90,17,73,14,97,18,41,8,54,10,49,9,25,37,48,44,43,22,23,16,27,42,42,29,54,19,31,33
2000,7,LVDPA0199,525,238,45,287,55,41,8,60,11,91,17,69,13,72,14,68,13,67,13,57,11,14,29,41,40,32,26,34,22,27,31,50,29,40,42,33,35
2000,7,LVDPA0200,361,183,51,178,49,20,6,67,19,55,15,56,16,51,14,34,9,30,8,48,13,11,37,30,33,22,16,16,18,9,30,25,23,29,18,14,30
2000,7,LVDPA0201,410,190,46,220,54,31,8,70,17,60,15,45,11,72,18,32,8,37,9,63,15,17,38,32,20,33,18,10,22,14,32,28,25,39,14,27,41
2000,7,LVDPA0202,334,151,45,183,55,25,7,57,17,38,11,47,14,50,15,20,6,44,13,53,16,13,31,18,21,25,11,20,12,12,26,20,26,25,9,24,41
2000,7,LVDPA0203,681,295,43,386,57,73,11,121,18,115,17,83,12,90,13,85,12,62,9,52,8,34,59,45,34,44,40,24,15,39,62,70,49,46,45,38,37
2000,7,LVDPA0204,358,152,42,206,58,34,9,37,10,52,15,52,15,35,10,52,15,44,12,52,15,15,22,18,25,19,25,13,15,19,15,34,27,16,27,31,37
2000,7,LVDPA0205,280,134,48,146,52,15,5,30,11,41,15,28,10,39,14,45,16,42,15,40,14,8,15,23,13,23,26,15,11,7,15,18,15,16,19,27,29
2000,7,LVDPA0206,349,164,47,185,53,30,9,67,19,46,13,51,15,58,17,32,9,32,9,33,9,15,34,21,27,29,20,10,8,15,33,25,24,29,12,22,25
2000,7,LVDPA0207,545,271,50,274,50,42,8,78,14,100,18,78,14,97,18,59,11,40,7,51,9,20,50,59,36,49,31,15,11,22,28,41,42,48,28,25,40
2000,7,LVDPA0208,605,280,46,325,54,49,8,95,16,75,12,86,14,86,14,48,8,77,13,89,15,22,55,37,46,45,18,32,25,27,40,38,40,41,30,45,64
2000,7,LVDPA0209,310,152,49,158,51,17,5,43,14,54,17,41,13,64,21,26,8,31,10,34,11,5,25,35,19,32,13,17,6,12,18,19,22,32,13,14,28
2000,7,LVDPA0210,378,178,47,200,53,29,8,41,11,65,17,26,7,59,16,49,13,41,11,68,18,19,25,28,11,30,26,14,25,10,16,37,15,29,23,27,43
2000,7,LVDPA0211,601,276,46,325,54,41,7,74,12,84,14,70,12,103,17,44,7,91,15,94,16,24,40,36,33,55,23,35,30,17,34,48,37,48,21,56,64
2000,7,LVDPA0212,381,173,45,208,55,48,13,50,13,60,16,56,15,55,14,45,12,27,7,40,10,26,23,26,28,27,21,6,16,22,27,34,28,28,24,21,24
2000,7,LVDPA0213,438,198,45,240,55,29,7,44,10,92,21,43,10,74,17,55,13,48,11,53,12,11,22,44,21,37,26,18,19,18,22,48,22,37,29,30,34
2000,7,LVDPA0214,332,158,48,174,52,26,8,50,15,43,13,47,14,65,20,32,10,24,7,45,14,14,25,21,23,35,18,7,15,12,25,22,24,30,14,17,30
2000,7,LVDPA0215,645,300,47,345,53,48,7,66,10,70,11,81,13,90,14,73,11,77,12,140,22,21,34,35,37,51,35,38,49,27,32,35,44,39,38,39,91
2000,7,LVDPA0216,281,137,49,144,51,15,5,35,12,41,15,37,13,45,16,28,10,31,11,49,17,10,19,24,15,24,13,16,16,5,16,17,22,21,15,15,33
2000,7,LVDPA0217,469,231,49,238,51,29,6,74,16,88,19,61,13,87,19,57,12,37,8,36,8,15,42,49,26,45,29,13,12,14,32,39,35,42,28,24,24
2000,7,LVDPA0218,365,168,46,197,54,26,7,52,14,43,12,53,15,57,16,25,7,57,16,52,14,14,21,20,27,28,14,27,17,12,31,23,26,29,11,30,35
2000,7,LVDPA0219,70,31,44,39,56,1,1,13,19,8,11,11,16,11,16,4,6,14,20,8,11,1,5,4,4,6,3,6,2,0,8,4,7,5,1,8,6
2000,7,LVDPA0220,641,294,46,347,54,39,6,96,15,97,15,82,13,109,17,85,13,65,10,68,11,17,43,54,44,54,43,20,19,22,53,43,38,55,42,45,49
2000,7,LVDPA0221,1348,616,46,732,54,88,7,162,12,195,14,185,14,186,14,156,12,166,12,210,16,42,83,102,84,92,77,78,58,46,79,93,101,94,79,88,152
2000,7,LVDPA0222,485,230,47,255,53,36,7,74,15,62,13,57,12,86,18,47,10,49,10,74,15,20,38,30,31,44,25,19,23,16,36,32,26,42,22,30,51
2000,7,LVDPA0223,532,246,46,286,54,35,7,79,15,87,16,64,12,84,16,53,10,67,13,63,12,18,39,47,30,43,27,26,16,17,40,40,34,41,26,41,47
2000,7,LVDPA0224,372,181,49,191,51,25,7,60,16,48,13,51,14,57,15,50,13,39,10,42,11,9,34,30,24,24,28,19,13,16,26,18,27,33,22,20,29
2000,7,LVDPA0225,428,187,44,241,56,38,9,70,16,51,12,65,15,62,14,40,9,40,9,62,14,14,34,27,28,30,21,20,13,24,36,24,37,32,19,20,49
2000,7,LVDPA0226,723,345,48,378,52,50,7,148,20,123,17,96,13,101,14,83,11,66,9,56,8,26,81,70,47,43,37,25,16,24,67,53,49,58,46,41,40
2000,7,LVDPA0227,140,63,45,77,55,4,3,16,11,19,14,14,10,20,14,22,16,10,7,35,25,3,6,8,6,10,13,4,13,1,10,11,8,10,9,6,22
2000,7,LVDPA0228,432,210,49,222,51,32,7,55,13,72,17,65,15,46,11,47,11,48,11,67,16,17,35,33,36,22,23,21,23,15,20,39,29,24,24,27,44
2000,7,LVDPA0229,688,313,45,375,55,62,9,81,12,130,19,69,10,113,16,77,11,76,11,80,12,25,39,66,33,57,33,33,27,37,42,64,36,56,44,43,53
2000,7,LVDPA0230,346,170,49,176,51,40,12,56,16,49,14,49,14,49,14,28,8,31,9,44,13,18,30,25,25,24,14,19,15,22,26,24,24,25,14,12,29
2000,7,LVDPA0231,130,56,43,74,57,7,5,11,8,12,9,15,12,15,12,10,8,12,9,48,37,5,7,6,9,8,8,5,8,2,4,6,6,7,2,7,40
2000,7,LVDPA0232,133,61,46,72,54,14,11,16,12,20,15,13,10,17,13,16,12,17,13,20,15,9,6,9,9,7,7,8,6,5,10,11,4,10,9,9,14
2000,7,LVDPA0233,448,214,48,234,52,27,6,70,16,76,17,56,13,63,14,53,12,42,9,61,14,15,30,40,29,34,27,18,21,12,40,36,27,29,26,24,40
2000,7,LVDPA0234,946,438,46,508,54,47,5,155,16,161,17,115,12,169,18,124,13,60,6,115,12,18,74,82,66,75,65,21,37,29,81,79,49,94,59,39,78
2000,7,LVDPA0235,280,127,45,153,55,22,8,63,23,31,11,40,14,44,16,24,9,35,13,21,8,13,26,13,18,26,11,14,6,9,37,18,22,18,13,21,15
2000,7,LVDPA0236,215,103,48,112,52,17,8,30,14,32,15,29,13,32,15,20,9,18,8,37,17,10,15,13,17,19,13,6,10,7,15,19,12,13,7,12,27
2000,7,LVDPA0237,420,196,47,224,53,29,7,70,17,55,13,66,16,72,17,46,11,30,7,52,12,15,40,27,30,37,21,12,14,14,30,28,36,35,25,18,38
2000,7,LVDPA0238,417,185,44,232,56,35,8,71,17,75,18,65,16,61,15,51,12,37,9,22,5,14,32,35,30,25,21,19,9,21,39,40,35,36,30,18,13
2000,7,LVDPA0239,684,306,45,378,55,46,7,132,19,90,13,114,17,95,14,68,10,69,10,70,10,25,57,49,51,41,33,28,22,21,75,41,63,54,35,41,48
2000,7,LVDPA0240,329,151,46,178,54,21,6,43,13,36,11,49,15,63,19,28,9,35,11,54,16,10,20,20,25,38,12,15,11,11,23,16,24,25,16,20,43
2000,7,LVDPA0241,303,149,49,154,51,26,9,37,12,51,17,38,13,50,17,42,14,30,10,29,10,15,17,24,24,26,24,8,11,11,20,27,14,24,18,22,18
2000,7,LVDPA0242,480,234,49,246,51,36,8,68,14,77,16,65,14,78,16,48,10,49,10,59,12,21,44,42,34,39,21,18,15,15,24,35,31,39,27,31,44
2000,7,LVDPA0243,815,366,45,449,55,73,9,127,16,123,15,118,14,132,16,91,11,69,8,82,10,27,58,70,53,64,44,25,25,46,69,53,65,68,47,44,57
2000,7,LVDPA0244,902,427,47,475,53,54,6,119,13,128,14,102,11,140,16,98,11,98,11,163,18,30,56,71,52,73,54,38,53,24,63,57,50,67,44,60,110
2000,7,LVDPA0245,173,88,51,85,49,15,9,16,9,28,16,25,14,16,9,21,12,21,12,31,18,9,11,17,10,10,12,10,9,6,5,11,15,6,9,11,22
2000,7,LVDPA0246,235,101,43,134,57,22,9,24,10,23,10,35,15,27,11,29,12,19,8,56,24,11,11,10,18,16,13,6,16,11,13,13,17,11,16,13,40
2000,7,LVDPA0247,443,220,50,223,50,25,6,75,17,76,17,61,14,80,18,48,11,41,9,37,8,11,44,38,37,38,23,18,11,14,31,38,24,42,25,23,26
2000,7,LVDPA0248,156,74,47,82,53,10,6,27,17,14,9,17,11,28,18,17,11,22,14,21,13,4,15,8,11,13,9,9,5,6,12,6,6,15,8,13,16
2000,7,LVDPA0249,194,83,43,111,57,10,5,21,11,28,14,28,14,26,13,29,15,21,11,31,16,2,5,11,17,13,13,10,12,8,16,17,11,13,16,11,19
2000,7,LVDPA0250,266,128,48,138,52,24,9,46,17,27,10,40,15,41,15,30,11,22,8,36,14,10,21,16,20,24,15,10,12,14,25,11,20,17,15,12,24
2000,7,LVDPA0251,368,164,45,204,55,29,8,61,17,43,12,62,17,64,17,23,6,32,9,54,15,13,30,19,32,33,11,13,13,16,31,24,30,31,12,19,41
2000,7,LVDPA0252,412,210,51,202,49,37,9,71,17,54,13,68,17,64,16,25,6,33,8,60,15,25,37,28,35,35,13,17,20,12,34,26,33,29,12,16,40
2000,7,LVDPA0253,83,39,47,44,53,7,8,8,10,14,17,4,5,6,7,12,14,11,13,21,25,3,5,9,2,3,5,6,6,4,3,5,2,3,7,5,15
2000,7,LVDPA0254,892,416,47,476,53,53,6,109,12,166,19,110,12,119,13,102,11,120,13,113,13,24,61,83,56,56,44,53,39,29,48,83,54,63,58,67,74
2000,7,LVDPA0255,171,76,44,95,56,9,5,21,12,14,8,16,9,14,8,19,11,40,23,38,22,2,14,9,9,7,7,16,12,7,7,5,7,7,12,24,26
2000,7,LVDPA0256,685,309,45,376,55,37,5,107,16,108,16,97,14,82,12,88,13,86,13,80,12,18,54,53,45,40,35,40,24,19,53,55,52,42,53,46,56
2000,7,LVDPA0257,405,192,47,213,53,34,8,47,12,76,19,72,18,65,16,48,12,26,6,37,9,20,22,44,30,35,24,10,7,14,25,32,42,30,24,16,30
2000,7,LVDPA0258,4186,1944,46,2242,54,271,6,588,14,644,15,623,15,671,16,496,12,500,12,393,9,137,326,317,299,331,210,208,116,134,262,327,324,340,286,292,277
2000,7,LVDPA0259,234,118,50,116,50,22,9,37,16,36,15,26,11,28,12,31,13,23,10,31,13,10,22,22,12,13,18,12,9,12,15,14,14,15,13,11,22
2000,7,LVDPA0260,111,56,50,55,50,5,5,14,13,12,11,13,12,12,11,16,14,21,19,18,16,4,8,5,8,6,10,8,7,1,6,7,5,6,6,13,11
2000,7,LVDPA0261,222,103,46,119,54,18,8,38,17,28,13,20,9,38,17,14,6,22,10,44,20,14,20,12,9,20,5,8,15,4,18,16,11,18,9,14,29
2000,7,LVDPA0262,284,135,48,149,52,14,5,44,15,35,12,34,12,53,19,30,11,27,10,47,17,7,27,18,17,28,13,14,11,7,17,17,17,25,17,13,36
2000,7,LVDPA0263,613,274,45,339,55,58,9,106,17,95,15,75,12,111,18,56,9,48,8,64,10,31,48,50,34,54,23,18,16,27,58,45,41,57,33,30,48
2000,7,LVDPA0264,374,174,47,200,53,28,7,54,14,49,13,52,14,59,16,27,7,34,9,71,19,14,29,21,27,29,16,15,23,14,25,28,25,30,11,19,48
2000,7,LVDPA0265,451,218,48,233,52,31,7,78,17,53,12,56,12,72,16,48,11,61,14,52,12,15,42,28,29,36,24,26,18,16,36,25,27,36,24,35,34
2000,7,LVDPA0266,219,114,52,105,48,15,7,32,15,31,14,23,11,31,14,31,14,20,9,36,16,9,20,17,13,17,15,8,15,6,12,14,10,14,16,12,21
2000,7,LVDPA0267,367,170,46,197,54,27,7,43,12,51,14,52,14,54,15,40,11,50,14,50,14,14,22,30,23,26,20,16,19,13,21,21,29,28,20,34,31
2000,7,LVDPA0268,682,321,47,361,53,54,8,138,20,128,19,95,14,126,18,62,9,39,6,40,6,28,78,60,46,59,25,14,11,26,60,68,49,67,37,25,29
2000,7,LVDPA0269,143,70,49,73,51,7,5,18,13,14,10,17,12,26,18,8,6,19,13,34,24,4,11,8,8,16,3,9,11,3,7,6,9,10,5,10,23
2000,7,LVDPA0270,169,87,51,82,49,10,6,26,15,28,17,18,11,19,11,27,16,14,8,27,16,3,16,15,10,9,16,10,8,7,10,13,8,10,11,4,19
2000,7,LVDPA0271,377,171,45,206,55,34,9,67,18,49,13,57,15,47,12,36,10,25,7,62,16,17,37,23,24,23,22,10,15,17,30,26,33,24,14,15,47
2000,7,LVDPA0272,271,126,46,145,54,26,10,55,20,35,13,37,14,44,16,15,6,21,8,38,14,12,24,22,15,25,9,8,11,14,31,13,22,19,6,13,27
2000,7,LVDPA0273,792,354,45,438,55,72,9,105,13,107,14,108,14,108,14,111,14,65,8,116,15,35,56,45,52,57,49,28,32,37,49,62,56,51,62,37,84
2000,7,LVDPA0274,421,199,47,222,53,36,9,71,17,73,17,50,12,67,16,55,13,33,8,36,9,19,31,40,25,32,26,16,10,17,40,33,25,35,29,17,26
2000,7,LVDPA0275,408,194,48,214,52,26,6,42,10,66,16,45,11,57,14,59,14,44,11,69,17,10,18,37,24,27,29,18,31,16,24,29,21,30,30,26,38
2000,7,LVDPA0276,455,230,51,225,49,42,9,68,15,64,14,66,15,56,12,40,9,71,16,48,11,20,35,37,43,28,17,31,19,22,33,27,23,28,23,40,29
2000,7,LVDPA0277,312,141,45,171,55,26,8,39,13,40,13,43,14,49,16,26,8,38,12,51,16,10,21,19,24,24,10,14,19,16,18,21,19,25,16,24,32
2000,7,LVDPA0278,318,152,48,166,52,34,11,49,15,44,14,39,12,53,17,28,9,33,10,38,12,19,28,21,17,30,11,16,10,15,21,23,22,23,17,17,28
2000,7,LVDPA0279,388,199,51,189,49,24,6,69,18,46,12,54,14,68,18,30,8,37,10,60,15,15,41,31,29,36,13,17,17,9,28,15,25,32,17,20,43
2000,7,LVDPA0280,556,253,46,303,54,43,8,72,13,91,16,71,13,74,13,79,14,59,11,67,12,19,33,43,39,37,38,22,22,24,39,48,32,37,41,37,45
2000,7,LVDPA0281,304,136,45,168,55,29,10,50,16,45,15,37,12,48,16,25,8,30,10,40,13,13,21,18,18,25,16,12,13,16,29,27,19,23,9,18,27
2000,7,LVDPA0282,401,193,48,208,52,23,6,51,13,58,14,41,10,55,14,51,13,62,15,60,15,16,20,40,23,26,24,27,17,7,31,18,18,29,27,35,43
2000,7,LVDPA0283,231,109,47,122,53,17,7,36,16,30,13,28,12,44,19,21,9,24,10,31,13,7,21,15,16,21,11,10,8,10,15,15,12,23,10,14,23
2000,7,LVDPA0284,316,139,44,177,56,21,7,45,14,39,12,48,15,48,15,36,11,31,10,48,15,9,17,16,26,25,22,12,12,12,28,23,22,23,14,19,36
2000,7,LVDPA0285,773,372,48,401,52,77,10,98,13,110,14,138,18,89,12,97,13,101,13,63,8,42,43,61,82,43,40,45,16,35,55,49,56,46,57,56,47
2000,7,LVDPA0286,680,311,46,369,54,49,7,100,15,104,15,82,12,121,18,74,11,84,12,66,10,21,44,54,42,60,36,36,18,28,56,50,40,61,38,48,48
2000,7,LVDPA0287,406,197,49,209,51,25,6,62,15,65,16,43,11,76,19,37,9,45,11,53,13,14,36,31,20,40,19,19,18,11,26,34,23,36,18,26,35
2000,7,LVDPA0288,439,199,45,240,55,38,9,58,13,54,12,70,16,59,13,46,10,48,11,66,15,15,28,27,33,34,23,18,21,23,30,27,37,25,23,30,45
2000,7,LVDPA0289,496,237,48,259,52,43,9,87,18,73,15,60,12,84,17,51,10,51,10,47,9,27,41,41,25,44,28,19,12,16,46,32,35,40,23,32,35
2000,7,LVDPA0290,701,316,45,385,55,43,6,78,11,93,13,111,16,109,16,67,10,100,14,100,14,26,35,47,54,58,25,38,33,17,43,46,57,51,42,62,67
2000,7,LVDPA0291,474,233,49,241,51,31,7,71,15,77,16,64,14,68,14,56,12,64,14,43,9,18,39,43,33,35,26,30,9,13,32,34,31,33,30,34,34
2000,7,LVDPA0292,492,241,49,251,51,31,6,65,13,74,15,55,11,96,20,44,9,48,10,79,16,16,39,37,30,45,19,17,38,15,26,37,25,51,25,31,41
2000,7,LVDPA0293,229,119,52,110,48,21,9,23,10,32,14,32,14,22,10,29,13,38,17,32,14,10,10,16,21,13,16,21,12,11,13,16,11,9,13,17,20
2000,7,LVDPA0294,494,227,46,267,54,35,7,72,15,82,17,67,14,72,15,60,12,65,13,41,8,19,28,45,34,35,32,30,4,16,44,37,33,37,28,35,37
2000,7,LVDPA0295,698,321,46,377,54,47,7,114,16,112,16,95,14,92,13,86,12,56,8,96,14,18,67,48,45,44,40,27,32,29,47,64,50,48,46,29,64
2000,7,LVDPA0296,274,132,48,142,52,10,4,50,18,42,15,28,10,46,17,37,14,19,7,42,15,4,24,26,15,23,18,9,13,6,26,16,13,23,19,10,29
2000,7,LVDPA0297,746,334,45,412,55,47,6,104,14,102,14,108,14,108,14,68,9,97,13,112,15,22,55,50,50,49,27,47,34,25,49,52,58,59,41,50,78
2000,7,LVDPA0298,596,263,44,333,56,51,9,85,14,86,14,68,11,94,16,61,10,75,13,76,13,24,40,43,30,42,28,31,25,27,45,43,38,52,33,44,51
2000,7,LVDPA0299,250,119,48,131,52,17,7,31,12,30,12,28,11,37,15,29,12,32,13,46,18,11,16,15,12,19,17,13,16,6,15,15,16,18,12,19,30
2000,7,LVDPA0300,407,185,45,222,55,24,6,53,13,43,11,62,15,55,14,48,12,54,13,68,17,7,29,21,31,32,19,23,23,17,24,22,31,23,29,31,45
2000,7,LVDPA0301,612,277,45,335,55,63,10,112,18,99,16,92,15,99,16,47,8,46,8,54,9,33,54,42,47,49,16,19,17,30,58,57,45,50,31,27,37
2000,7,LVDPA0302,708,312,44,396,56,54,8,84,12,119,17,89,13,102,14,84,12,70,10,106,15,24,38,66,46,46,39,26,27,30,46,53,43,56,45,44,79
2000,7,LVDPA0303,376,188,50,188,50,32,9,55,15,57,15,54,14,52,14,37,10,51,14,38,10,14,33,31,26,27,20,24,13,18,22,26,28,25,17,27,25
2000,7,LVDPA0304,91,47,52,44,48,2,2,9,10,8,9,9,10,13,14,8,9,19,21,23,25,2,5,5,6,10,5,9,5,0,4,3,3,3,3,10,18
2000,7,LVDPA0305,248,105,42,143,58,12,5,31,13,39,16,19,8,38,15,45,18,25,10,39,16,4,14,21,11,18,19,12,6,8,17,18,8,20,26,13,33
2000,7,LVDPA0306,1043,498,48,545,52,70,7,154,15,164,16,154,15,167,16,127,12,85,8,122,12,41,77,83,81,82,59,37,38,29,77,81,73,85,68,48,84
2000,7,LVDPA0307,1061,488,46,573,54,84,8,166,16,122,11,159,15,138,13,87,8,125,12,180,17,44,86,58,72,65,42,61,60,40,80,64,87,73,45,64,120
2000,7,LVDPA0308,117,52,44,65,56,17,15,15,13,11,9,14,12,19,16,9,8,12,10,20,17,6,8,5,7,9,5,5,7,11,7,6,7,10,4,7,13
2000,7,LVDPA0309,175,91,52,84,48,19,11,26,15,27,15,26,15,19,11,21,12,19,11,18,10,11,11,18,13,11,11,11,5,8,15,9,13,8,10,8,13
2000,7,LVDPA0310,684,308,45,376,55,57,8,109,16,106,15,79,12,106,15,83,12,70,10,74,11,26,58,57,32,50,39,27,19,31,51,49,47,56,44,43,55
2000,7,LVDPA0311,541,258,48,283,52,50,9,80,15,98,18,92,17,67,12,55,10,47,9,52,10,23,47,42,47,36,30,16,17,27,33,56,45,31,25,31,35
2000,7,LVDPA0312,245,110,45,135,55,15,6,35,14,30,12,34,14,38,16,17,7,39,16,37,15,4,18,14,15,19,9,19,12,11,17,16,19,19,8,20,25
2000,7,LVDPA0313,395,186,47,209,53,26,7,60,15,54,14,64,16,49,12,43,11,39,10,60,15,14,31,27,36,23,19,17,19,12,29,27,28,26,24,22,41
2000,7,LVDPA0314,483,231,48,252,52,27,6,71,15,67,14,76,16,70,14,44,9,65,13,63,13,12,45,34,37,37,21,25,20,15,26,33,39,33,23,40,43
2000,7,LVDPA0315,186,83,45,103,55,16,9,13,7,28,15,20,11,21,11,25,13,21,11,42,23,7,8,12,12,13,11,7,13,9,5,16,8,8,14,14,29
2000,7,LVDPA0316,266,115,43,151,57,22,8,47,18,39,15,42,16,37,14,20,8,30,11,29,11,11,22,17,19,17,10,13,6,11,25,22,23,20,10,17,23
2000,7,LVDPA0317,414,203,49,211,51,35,8,65,16,58,14,64,15,74,18,40,10,44,11,34,8,19,39,28,30,39,15,21,12,16,26,30,34,35,25,23,22
2000,7,LVDPA0318,312,143,46,169,54,18,6,44,14,50,16,50,16,46,15,27,9,39,13,38,12,7,24,26,29,19,18,15,5,11,20,24,21,27,9,24,33
2000,7,LVDPA0319,437,253,58,184,42,20,5,52,12,185,42,47,11,57,13,24,5,30,7,22,5,11,27,132,26,28,12,11,6,9,25,53,21,29,12,19,16
2000,7,LVDPA0320,337,161,48,176,52,39,12,68,20,48,14,52,15,51,15,26,8,24,7,29,9,19,34,24,27,24,15,9,9,20,34,24,25,27,11,15,20
2000,7,LVDPA0321,648,326,50,322,50,62,10,95,15,98,15,95,15,96,15,70,11,73,11,59,9,30,53,53,50,51,35,32,22,32,42,45,45,45,35,41,37
2000,7,LVDPA0322,283,140,49,143,51,13,5,55,19,44,16,27,10,60,21,25,9,23,8,36,13,9,31,23,14,28,13,13,9,4,24,21,13,32,12,10,27
2000,7,LVDPA0323,511,239,47,272,53,30,6,67,13,93,18,61,12,90,18,56,11,63,12,51,10,15,30,46,34,42,28,27,17,15,37,47,27,48,28,36,34
2000,7,LVDPA0324,360,169,47,191,53,25,7,59,16,55,15,54,15,46,13,32,9,39,11,50,14,11,34,26,27,23,16,15,17,14,25,29,27,23,16,24,33
2000,7,LVDPA0325,94,45,48,49,52,6,6,11,12,17,18,11,12,17,18,6,6,6,6,20,21,4,6,9,8,8,2,2,6,2,5,8,3,9,4,4,14
2000,7,LVDPA0326,230,111,48,119,52,24,10,46,20,26,11,43,19,34,15,13,6,21,9,23,10,12,22,10,24,19,9,8,7,12,24,16,19,15,4,13,16
2000,7,LVDPA0327,313,154,49,159,51,15,5,58,19,44,14,38,12,48,15,28,9,26,8,56,18,13,23,27,16,29,10,15,21,2,35,17,22,19,18,11,35
2000,7,LVDPA0328,462,216,47,246,53,32,7,53,11,65,14,64,14,64,14,50,11,51,11,83,18,14,28,31,28,38,23,23,31,18,25,34,36,26,27,28,52
2000,7,LVDPA0329,322,155,48,167,52,22,7,61,19,52,16,50,16,48,15,24,7,33,10,32,10,9,33,30,26,24,8,12,13,13,28,22,24,24,16,21,19
2000,7,LVDPA0330,395,193,49,202,51,26,7,67,17,61,15,48,12,69,17,48,12,34,9,42,11,15,35,34,29,40,19,13,8,11,32,27,19,29,29,21,34
2000,7,LVDPA0331,628,307,49,321,51,55,9,97,15,119,19,80,13,102,16,76,12,52,8,47,7,33,53,64,43,50,34,20,10,22,44,55,37,52,42,32,37
2000,7,LVDPA0332,391,170,43,221,57,40,10,53,14,53,14,55,14,66,17,32,8,56,14,36,9,16,22,24,24,35,15,21,13,24,31,29,31,31,17,35,23
2000,7,LVDPA0333,1325,608,46,717,54,76,6,148,11,224,17,165,12,176,13,201,15,187,14,148,11,34,80,109,82,73,92,86,52,42,68,115,83,103,109,101,96
2000,7,LVDPA0334,428,213,50,215,50,30,7,62,14,46,11,79,18,66,15,57,13,32,7,56,13,17,32,23,46,37,28,14,16,13,30,23,33,29,29,18,40
2000,7,LVDPA0335,355,177,50,178,50,27,8,47,13,50,14,55,15,43,12,42,12,52,15,39,11,12,28,25,30,25,22,22,13,15,19,25,25,18,20,30,26
2000,7,LVDPA0336,103,44,43,59,57,5,5,9,9,11,11,13,13,11,11,15,15,15,15,24,23,1,4,2,7,6,10,7,7,4,5,9,6,5,5,8,17
2000,7,LVDPA0337,419,205,49,214,51,38,9,59,14,67,16,52,12,62,15,50,12,46,11,45,11,24,27,39,24,32,24,18,17,14,32,28,28,30,26,28,28
2000,7,LVDPA0338,420,204,49,216,51,28,7,76,18,62,15,62,15,61,15,39,9,54,13,38,9,14,46,30,30,34,14,23,13,14,30,32,32,27,25,31,25
2000,7,LVDPA0339,618,306,50,312,50,44,7,106,17,88,14,74,12,101,16,68,11,62,10,74,12,24,56,47,35,52,34,26,31,20,50,41,39,49,34,36,43
2000,7,LVDPA0340,275,132,48,143,52,22,8,49,18,28,10,34,12,47,17,25,9,37,13,33,12,9,28,15,17,24,12,15,12,13,21,13,17,23,13,22,21
2000,7,LVDPA0341,210,102,49,108,51,16,8,34,16,35,17,36,17,25,12,22,10,23,11,19,9,9,14,19,22,13,8,11,6,7,20,16,14,12,14,12,13
2000,7,LVDPA0342,558,270,48,288,52,40,7,129,23,87,16,77,14,74,13,48,9,56,10,47,8,21,65,49,39,38,22,25,11,19,64,38,38,36,26,31,36
2000,7,LVDPA0343,558,258,46,300,54,40,7,74,13,89,16,85,15,100,18,61,11,62,11,47,8,15,35,42,43,53,26,29,15,25,39,47,42,47,35,33,32
2000,7,LVDPA0344,265,121,46,144,54,9,3,16,6,28,11,30,11,42,16,38,14,53,20,49,18,5,11,13,14,19,19,25,15,4,5,15,16,23,19,28,34
2000,7,LVDPA0345,307,131,43,176,57,15,5,42,14,44,14,42,14,41,13,54,18,29,9,40,13,8,17,19,17,21,24,12,13,7,25,25,25,20,30,17,27
2000,7,LVDPA0346,660,330,50,330,50,44,7,104,16,134,20,76,12,104,16,84,13,68,10,46,7,23,56,75,34,51,39,38,14,21,48,59,42,53,45,30,32
2000,7,LVDPA0347,367,157,43,210,57,28,8,62,17,44,12,46,13,61,17,34,9,38,10,54,15,12,30,22,19,26,16,17,15,16,32,22,27,35,18,21,39
2000,7,LVDPA0348,262,124,47,138,53,20,8,44,17,44,17,29,11,48,18,24,9,22,8,31,12,11,17,20,15,23,15,13,10,9,27,24,14,25,9,9,21
2000,7,LVDPA0349,70,36,51,34,49,1,1,4,6,13,19,7,10,10,14,4,6,10,14,21,30,1,1,8,6,5,3,5,7,0,3,5,1,5,1,5,14
2000,7,LVDPA0350,271,122,45,149,55,25,9,37,14,36,13,39,14,32,12,37,14,30,11,35,13,13,15,15,22,19,18,11,9,12,22,21,17,13,19,19,26
2000,7,LVDPA0351,601,286,48,315,52,40,7,91,15,86,14,76,13,99,16,57,9,86,14,66,11,20,46,50,38,48,30,36,18,20,45,36,38,51,27,50,48
2000,7,LVDPA0352,190,88,46,102,54,11,6,30,16,28,15,26,14,22,12,29,15,17,9,25,13,4,14,16,10,12,16,8,6,7,16,12,16,10,13,9,19
2000,7,LVDPA0353,315,153,49,162,51,27,9,56,18,39,12,51,16,48,15,30,10,31,10,33,10,16,34,19,28,22,14,13,7,11,22,20,23,26,16,18,26
2000,7,LVDPA0354,589,272,46,317,54,54,9,110,19,77,13,84,14,100,17,50,8,52,9,62,11,30,53,37,40,46,25,24,17,24,57,40,44,54,25,28,45
2000,7,LVDPA0355,408,201,49,207,51,42,10,62,15,72,18,58,14,62,15,41,10,33,8,38,9,22,39,39,28,30,16,15,12,20,23,33,30,32,25,18,26
2000,7,LVDPA0356,343,167,49,176,51,17,5,39,11,53,15,46,13,49,14,52,15,36,10,51,15,7,22,25,27,27,26,17,16,10,17,28,19,22,26,19,35
2000,7,LVDPA0357,334,152,46,182,54,22,7,43,13,56,17,35,10,53,16,40,12,41,12,44,13,7,19,28,17,28,17,18,18,15,24,28,18,25,23,23,26
2000,7,LVDPA0358,229,114,50,115,50,19,8,34,15,31,14,30,13,28,12,21,9,28,12,38,17,8,18,21,16,15,11,12,13,11,16,10,14,13,10,16,25
2000,7,LVDPA0359,397,199,50,198,50,32,8,71,18,54,14,54,14,72,18,32,8,34,9,48,12,17,44,28,28,36,16,15,15,15,27,26,26,36,16,19,33
2000,7,LVDPA0360,517,245,47,272,53,47,9,99,19,69,13,83,16,89,17,51,10,36,7,43,8,21,45,39,43,48,25,15,9,26,54,30,40,41,26,21,34
2000,7,LVDPA0361,219,102,47,117,53,20,9,40,18,25,11,25,11,41,19,15,7,21,10,32,15,13,22,10,11,21,7,11,7,7,18,15,14,20,8,10,25
2000,7,LVDPA0362,249,111,45,138,55,13,5,29,12,30,12,28,11,36,14,40,16,28,11,45,18,6,11,12,14,18,26,12,12,7,18,18,14,18,14,16,33
2000,7,LVDPA0363,142,75,53,67,47,11,8,20,14,32,23,20,14,19,13,14,10,15,11,11,8,3,11,22,12,9,8,6,4,8,9,10,8,10,6,9,7
2000,7,LVDPA0364,155,68,44,87,56,9,6,29,19,11,7,17,11,26,17,9,6,19,12,35,23,5,13,7,9,11,4,10,9,4,16,4,8,15,5,9,26
2000,7,LVDPA0365,329,160,49,169,51,42,13,45,14,47,14,55,17,36,11,39,12,31,9,34,10,23,27,22,29,18,16,13,12,19,18,25,26,18,23,18,22
2000,7,LVDPA0366,135,54,40,81,60,13,10,20,15,18,13,24,18,18,13,15,11,11,8,16,12,5,6,8,15,9,5,4,2,8,14,10,9,9,10,7,14
2000,7,LVDPA0367,57,27,47,30,53,3,5,13,23,4,7,10,18,11,19,9,16,4,7,3,5,1,7,2,6,4,4,1,2,2,6,2,4,7,5,3,1
2000,7,LVDPA0368,1121,501,45,620,55,80,7,157,14,183,16,156,14,168,15,124,11,116,10,137,12,41,76,90,73,84,61,38,38,39,81,93,83,84,63,78,99
2000,7,LVDPA0369,444,210,47,234,53,35,8,78,18,79,18,61,14,79,18,35,8,35,8,42,9,14,39,39,32,42,19,18,7,21,39,40,29,37,16,17,35
2000,7,LVDPA0370,354,173,49,181,51,32,9,64,18,59,17,47,13,59,17,29,8,28,8,36,10,16,34,35,17,30,16,10,15,16,30,24,30,29,13,18,21
2000,7,LVDPA0371,267,123,46,144,54,30,11,44,16,43,16,33,12,41,15,26,10,28,10,22,8,16,22,18,19,20,11,12,5,14,22,25,14,21,15,16,17
2000,7,LVDPA0372,450,210,47,240,53,46,10,88,20,64,14,68,15,72,16,43,10,34,8,35,8,19,42,31,32,40,23,14,9,27,46,33,36,32,20,20,26
2000,7,LVDPA0373,162,80,49,82,51,17,10,22,14,26,16,21,13,27,17,15,9,13,8,21,13,6,15,14,12,12,7,4,10,11,7,12,9,15,8,9,11
2000,7,LVDPA0374,2213,1009,46,1204,54,145,7,371,17,344,16,295,13,460,21,272,12,194,9,132,6,75,186,168,134,205,121,77,43,70,185,176,161,255,151,117,89
2000,7,LVDPA0375,356,168,47,188,53,33,9,63,18,44,12,56,16,52,15,37,10,36,10,35,10,15,36,21,26,31,16,13,10,18,27,23,30,21,21,23,25
2000,7,LVDPA0376,234,106,45,128,55,25,11,33,14,33,14,35,15,29,12,21,9,29,12,29,12,11,14,16,19,13,12,11,10,14,19,17,16,16,9,18,19
2000,7,LVDPA0377,253,125,49,128,51,26,10,32,13,44,17,33,13,36,14,29,11,17,7,36,14,12,18,23,21,16,16,6,13,14,14,21,12,20,13,11,23
2000,7,LVDPA0378,342,155,45,187,55,25,7,71,21,55,16,35,10,58,17,23,7,39,11,36,11,12,31,26,17,28,12,15,14,13,40,29,18,30,11,24,22
2000,7,LVDPA0379,225,105,47,120,53,27,12,36,16,32,14,31,14,30,13,21,9,28,12,20,9,13,19,14,16,17,10,12,4,14,17,18,15,13,11,16,16
2000,7,LVDPA0380,1432,673,47,759,53,84,6,137,10,223,16,195,14,209,15,235,16,168,12,181,13,42,68,119,94,98,113,74,65,42,69,104,101,111,122,94,116
2000,7,LVDPA0381,58,28,48,30,52,4,7,5,9,9,16,6,10,7,12,6,10,6,10,15,26,2,3,3,4,3,6,3,4,2,2,6,2,4,0,3,11
2000,7,LVDPA0382,1576,729,46,847,54,108,7,204,13,222,14,244,15,285,18,173,11,133,8,207,13,57,105,106,123,139,75,57,67,51,99,116,121,146,98,76,140
2000,7,LVDPA0383,664,323,49,341,51,41,6,108,16,112,17,92,14,127,19,62,9,72,11,50,8,24,57,63,42,59,30,33,15,17,51,49,50,68,32,39,35
2000,7,LVDPA0384,356,172,48,184,52,32,9,62,17,51,14,60,17,48,13,31,9,34,10,38,11,19,34,27,29,19,13,13,18,13,28,24,31,29,18,21,20
2000,7,LVDPA0385,900,404,45,496,55,49,5,96,11,132,15,105,12,157,17,113,13,102,11,146,16,29,41,67,52,75,50,50,40,20,55,65,53,82,63,52,106
2000,7,LVDPA0386,334,171,51,163,49,18,5,51,15,58,17,45,13,59,18,35,10,43,13,25,7,13,31,31,22,30,17,19,8,5,20,27,23,29,18,24,17
2000,7,LVDPA0387,264,130,49,134,51,26,10,29,11,41,16,37,14,37,14,28,11,30,11,36,14,12,17,21,20,22,15,11,12,14,12,20,17,15,13,19,24
2000,7,LVDPA0388,163,83,51,80,49,15,9,26,16,16,10,33,20,21,13,21,13,15,9,16,10,8,14,9,18,14,9,8,3,7,12,7,15,7,12,7,13
2000,7,LVDPA0389,154,70,45,84,55,11,7,23,15,18,12,20,13,22,14,16,10,29,19,15,10,4,12,9,9,12,12,9,3,7,11,9,11,10,4,20,12
2000,7,LVDPA0390,147,74,50,73,50,8,5,13,9,19,13,16,11,21,14,21,14,22,15,27,18,6,10,12,7,10,12,11,6,2,3,7,9,11,9,11,21
2000,7,LVDPA0391,226,108,48,118,52,20,9,29,13,30,13,33,15,35,15,26,12,35,15,18,8,7,15,18,20,17,13,13,5,13,14,12,13,18,13,22,13
2000,7,LVDPA0392,157,73,46,84,54,11,7,27,17,24,15,12,8,22,14,10,6,26,17,25,16,6,19,13,4,12,3,11,5,5,8,11,8,10,7,15,20
2000,7,LVDPA0393,674,319,47,355,53,54,8,100,15,93,14,99,15,113,17,59,9,84,12,72,11,32,52,47,48,52,27,35,26,22,48,46,51,61,32,49,46
2000,7,LVDPA0394,816,392,48,424,52,78,10,123,15,131,16,119,15,138,17,85,10,74,9,68,8,45,71,65,56,69,37,31,18,33,52,66,63,69,48,43,50
2000,7,LVDPA0395,420,188,45,232,55,35,8,71,17,54,13,75,18,66,16,26,6,42,10,51,12,17,35,24,33,37,12,16,14,18,36,30,42,29,14,26,37
2000,7,LVDPA0396,523,243,46,280,54,38,7,104,20,77,15,67,13,81,15,57,11,46,9,53,10,20,54,38,32,41,24,19,15,18,50,39,35,40,33,27,38
2000,7,LVDPA0397,428,188,44,240,56,33,8,80,19,49,11,63,15,65,15,31,7,47,11,60,14,12,42,27,28,31,14,18,16,21,38,22,35,34,17,29,44
2000,7,LVDPA0398,247,114,46,133,54,29,12,33,13,48,19,26,11,41,17,27,11,26,11,17,7,16,13,24,14,20,13,11,3,13,20,24,12,21,14,15,14
2000,7,LVDPA0399,195,90,46,105,54,22,11,24,12,40,21,16,8,31,16,13,7,20,10,29,15,12,9,20,7,16,8,9,9,10,15,20,9,15,5,11,20
2000,7,LVDPA0400,409,201,49,208,51,36,9,76,19,74,18,64,16,44,11,38,9,43,11,34,8,22,41,39,34,16,21,19,9,14,35,35,30,28,17,24,25
2000,7,LVDPA0401,255,118,46,137,54,18,7,41,16,44,17,25,10,49,19,24,9,28,11,26,10,6,22,21,11,26,11,15,6,12,19,23,14,23,13,13,20
2000,7,LVDPA0402,304,153,50,151,50,32,11,48,16,45,15,50,16,44,14,24,8,36,12,25,8,19,29,25,27,22,10,14,7,13,19,20,23,22,14,22,18
2000,7,LVDPA0403,281,138,49,143,51,21,7,43,15,50,18,37,13,70,25,15,5,22,8,23,8,8,23,28,20,36,9,6,8,13,20,22,17,34,6,16,15
2000,7,LVDPA0404,379,181,48,198,52,25,7,72,19,69,18,53,14,67,18,36,9,19,5,38,10,12,29,39,25,32,20,8,16,13,43,30,28,35,16,11,22
2000,7,LVDPA0405,250,118,47,132,53,15,6,29,12,32,13,36,14,27,11,23,9,44,18,44,18,9,10,16,20,14,13,19,17,6,19,16,16,13,10,25,27
2000,7,LVDPA0406,349,161,46,188,54,34,10,68,19,50,14,48,14,47,13,42,12,28,8,32,9,18,31,22,25,21,24,11,9,16,37,28,23,26,18,17,23
2000,7,LVDPA0407,558,267,48,291,52,48,9,114,20,76,14,83,15,107,19,54,10,42,8,34,6,29,55,40,41,51,27,14,10,19,59,36,42,56,27,28,24
2000,7,LVDPA0408,280,129,46,151,54,18,6,49,18,36,13,39,14,50,18,28,10,28,10,32,11,10,24,15,19,24,16,12,9,8,25,21,20,26,12,16,23
2000,7,LVDPA0409,181,76,42,105,58,14,8,33,18,28,15,24,13,30,17,15,8,15,8,22,12,7,15,13,9,14,8,7,3,7,18,15,15,16,7,8,19
2000,7,LVDPA0410,397,174,44,223,56,39,10,62,16,63,16,54,14,54,14,49,12,34,9,42,11,22,24,31,29,24,22,11,11,17,38,32,25,30,27,23,31
2000,7,LVDPA0411,857,385,45,472,55,50,6,112,13,116,14,127,15,121,14,113,13,93,11,125,15,22,56,60,64,61,48,39,35,28,56,56,63,60,65,54,90
2000,7,LVDPA0412,714,329,46,385,54,43,6,84,12,95,13,94,13,87,12,130,18,110,15,71,10,22,36,48,60,44,59,41,19,21,48,47,34,43,71,69,52
2000,7,LVDPA0413,1367,659,48,708,52,82,6,178,13,236,17,182,13,204,15,196,14,141,10,148,11,41,101,117,94,101,94,62,49,41,77,119,88,103,102,79,99
2000,7,LVDPA0414,77,33,43,44,57,4,5,15,19,6,8,3,4,13,17,5,6,7,9,24,31,2,5,3,2,5,5,2,9,2,10,3,1,8,0,5,15
2000,7,LVDPA0415,389,173,44,216,56,33,8,76,20,47,12,64,16,62,16,30,8,36,9,41,11,16,35,22,32,30,15,13,10,17,41,25,32,32,15,23,31
2000,7,LVDPA0416,345,163,47,182,53,34,10,41,12,42,12,86,25,56,16,32,9,29,8,25,7,11,23,22,44,27,17,13,6,23,18,20,42,29,15,16,19
2000,7,LVDPA0417,316,148,47,168,53,20,6,47,15,40,13,45,14,53,17,40,13,28,9,43,14,9,25,18,24,31,16,12,13,11,22,22,21,22,24,16,30
2000,7,LVDPA0418,231,107,46,124,54,10,4,46,20,27,12,37,16,42,18,27,12,20,9,22,10,8,23,12,17,23,13,7,4,2,23,15,20,19,14,13,18
2000,7,LVDPA0419,205,107,52,98,48,14,7,34,17,40,20,29,14,27,13,24,12,21,10,16,8,8,19,24,14,11,13,11,7,6,15,16,15,16,11,10,9
2000,7,LVDPA0420,114,47,41,67,59,16,14,18,16,7,6,17,15,13,11,7,6,11,10,25,22,7,8,3,7,7,4,6,5,9,10,4,10,6,3,5,20
2000,7,LVDPA0421,2495,1172,47,1323,53,166,7,320,13,447,18,379,15,416,17,346,14,224,9,197,8,81,171,233,191,183,153,96,64,85,149,214,188,233,193,128,133
2000,7,LVDPA0422,616,290,47,326,53,41,7,102,17,87,14,83,13,77,13,53,9,71,12,102,17,26,52,42,39,45,21,36,29,15,50,45,44,32,32,35,73
2000,7,LVDPA0423,159,79,50,80,50,12,8,23,14,19,12,18,11,34,21,8,5,17,11,28,18,4,11,13,11,18,2,11,9,8,12,6,7,16,6,6,19
2000,7,LVDPA0424,488,234,48,254,52,26,5,57,12,58,12,74,15,71,15,63,13,71,15,68,14,13,36,34,36,34,28,33,20,13,21,24,38,37,35,38,48
2000,7,LVDPA0425,716,342,48,374,52,58,8,131,18,118,16,110,15,127,18,58,8,54,8,60,8,29,62,61,60,64,27,23,16,29,69,57,50,63,31,31,44
2000,7,LVDPA0426,203,94,46,109,54,20,10,25,12,28,14,18,9,33,16,23,11,27,13,28,14,11,16,12,7,16,12,12,7,9,9,16,11,17,11,15,21
2000,7,LVDPA0427,481,251,52,230,48,24,5,68,14,93,19,58,12,87,18,67,14,46,10,38,8,17,36,59,34,43,33,19,10,7,32,34,24,44,34,27,28
2000,7,LVDPA0428,134,78,58,56,42,7,5,18,13,18,13,18,13,17,13,18,13,17,13,21,16,4,12,14,12,9,10,9,8,3,6,4,6,8,8,8,13
2000,7,LVDPA0429,293,136,46,157,54,27,9,39,13,30,10,46,16,55,19,22,8,43,15,31,11,14,15,15,22,33,10,17,10,13,24,15,24,22,12,26,21
2000,7,LVDPA0430,344,169,49,175,51,30,9,44,13,68,20,56,16,57,17,25,7,27,8,37,11,17,26,31,31,28,14,9,13,13,18,37,25,29,11,18,24
2000,7,LVDPA0431,481,225,47,256,53,34,7,74,15,70,15,74,15,67,14,45,9,52,11,65,14,19,35,32,37,31,26,23,22,15,39,38,37,36,19,29,43
2000,7,LVDPA0432,326,165,51,161,49,30,9,41,13,51,16,56,17,41,13,28,9,32,10,47,14,15,27,31,29,19,14,15,15,15,14,20,27,22,14,17,32
2000,7,LVDPA0433,301,144,48,157,52,24,8,53,18,42,14,40,13,29,10,22,7,46,15,45,15,10,35,26,19,13,10,15,16,14,18,16,21,16,12,31,29
2000,7,LVDPA0434,156,77,49,79,51,9,6,24,15,18,12,23,15,24,15,11,7,26,17,21,13,4,14,12,15,11,6,10,5,5,10,6,8,13,5,16,16
2000,7,LVDPA0435,189,84,44,105,56,13,7,19,10,28,15,24,13,26,14,16,8,28,15,35,19,6,8,15,11,14,8,12,10,7,11,13,13,12,8,16,25
2000,7,LVDPA0436,102,54,53,48,47,4,4,16,16,10,10,11,11,13,13,7,7,15,15,26,25,3,11,5,9,6,3,7,10,1,5,5,2,7,4,8,16
2000,7,LVDPA0437,340,175,51,165,49,30,9,60,18,57,17,38,11,64,19,39,11,29,9,23,7,16,39,31,19,39,13,11,7,14,21,26,19,25,26,18,16
2000,7,LVDPA0438,369,175,47,194,53,29,8,60,16,59,16,60,16,60,16,35,9,44,12,22,6,15,31,24,28,33,17,21,6,14,29,35,32,27,18,23,16
2000,7,LVDPA0439,93,49,53,44,47,7,8,7,8,5,5,13,14,12,13,12,13,15,16,22,24,3,6,2,7,9,7,7,8,4,1,3,6,3,5,8,14
2000,7,LVDPA0440,569,271,48,298,52,61,11,76,13,104,18,71,12,90,16,61,11,50,9,56,10,31,42,54,41,40,28,21,14,30,34,50,30,50,33,29,42
2000,7,LVDPA0441,430,197,46,233,54,34,8,74,17,77,18,62,14,59,14,38,9,39,9,47,11,23,37,37,26,28,16,16,14,11,37,40,36,31,22,23,33
2000,7,LVDPA0442,307,146,48,161,52,29,9,55,18,38,12,45,15,45,15,32,10,25,8,38,12,19,32,19,22,22,15,10,7,10,23,19,23,23,17,15,31
2000,7,LVDPA0443,115,50,43,65,57,5,4,18,16,10,9,11,10,17,15,7,6,22,19,25,22,1,7,6,6,9,4,11,6,4,11,4,5,8,3,11,19
2000,7,LVDPA0444,293,140,48,153,52,13,4,45,15,46,16,41,14,51,17,28,10,36,12,33,11,5,22,25,26,26,12,15,9,8,23,21,15,25,16,21,24
2000,7,LVDPA0445,205,96,47,109,53,19,9,34,17,27,13,31,15,25,12,20,10,23,11,26,13,9,15,14,17,13,11,12,5,10,19,13,14,12,9,11,21
2000,7,LVDPA0446,641,327,51,314,49,13,2,49,8,71,11,114,18,79,12,103,16,105,16,107,17,8,26,43,64,46,49,46,45,5,23,28,50,33,54,59,62
2000,7,LVDPA0447,169,81,48,88,52,13,8,15,9,20,12,15,9,25,15,30,18,19,11,32,19,9,7,10,10,14,15,10,6,4,8,10,5,11,15,9,26
2000,7,LVDPA0448,286,138,48,148,52,25,9,57,20,42,15,49,17,46,16,24,8,18,6,25,9,7,30,24,24,23,15,8,7,18,27,18,25,23,9,10,18
2000,7,LVDPA0449,304,135,44,169,56,23,8,40,13,52,17,36,12,51,17,23,8,39,13,40,13,15,12,27,16,28,12,12,13,8,28,25,20,23,11,27,27
2000,7,LVDPA0450,88,43,49,45,51,10,11,12,14,12,14,9,10,13,15,10,11,9,10,13,15,5,5,8,3,6,4,6,6,5,7,4,6,7,6,3,7
2000,7,LVDPA0451,305,137,45,168,55,34,11,62,20,43,14,39,13,47,15,21,7,26,9,33,11,13,34,16,20,23,11,12,8,21,28,27,19,24,10,14,25
2000,7,LVDPA0452,108,49,45,59,55,7,6,15,14,9,8,7,6,25,23,7,6,10,9,28,26,5,6,3,3,13,2,7,10,2,9,6,4,12,5,3,18
2000,7,LVDPA0453,508,250,49,258,51,37,7,94,19,82,16,66,13,91,18,57,11,43,8,38,7,25,50,35,36,39,33,15,17,12,44,47,30,52,24,28,21
2000,7,LVDPA0454,116,52,45,64,55,2,2,6,5,20,17,5,4,20,17,12,10,23,20,28,24,2,2,14,3,8,6,10,7,0,4,6,2,12,6,13,21
2000,7,LVDPA0455,1002,466,47,536,53,73,7,104,10,114,11,118,12,151,15,105,10,152,15,185,18,33,52,66,60,73,54,60,68,40,52,48,58,78,51,92,117
2000,7,LVDPA0456,241,108,45,133,55,16,7,39,16,39,16,26,11,46,19,29,12,18,7,28,12,8,14,19,11,24,12,8,12,8,25,20,15,22,17,10,16
2000,7,LVDPA0457,371,181,49,190,51,26,7,53,14,48,13,61,16,59,16,32,9,49,13,43,12,11,28,28,30,34,18,19,13,15,25,20,31,25,14,30,30
2000,7,LVDPA0458,183,81,44,102,56,9,5,29,16,29,16,12,7,36,20,19,10,19,10,30,16,4,13,16,4,20,6,10,8,5,16,13,8,16,13,9,22
2000,7,LVDPA0459,243,105,43,138,57,18,7,30,12,35,14,33,14,44,18,24,10,21,9,38,16,11,11,16,18,20,13,6,10,7,19,19,15,24,11,15,28
2000,7,LVDPA0460,285,133,47,152,53,22,8,46,16,36,13,40,14,45,16,28,10,30,11,38,13,8,25,19,21,22,15,10,13,14,21,17,19,23,13,20,25
2000,7,LVDPA0461,269,129,48,140,52,21,8,43,16,38,14,46,17,46,17,20,7,27,10,28,10,13,22,21,22,23,9,11,8,8,21,17,24,23,11,16,20
2000,7,LVDPA0462,476,212,45,264,55,38,8,73,15,79,17,58,12,75,16,69,14,39,8,45,9,16,36,32,27,41,28,18,14,22,37,47,31,34,41,21,31
2000,7,LVDPA0463,166,86,52,80,48,8,5,24,14,31,19,18,11,33,20,16,10,18,11,18,11,3,17,19,9,17,8,7,6,5,7,12,9,16,8,11,12
2000,7,LVDPA0464,293,138,47,155,53,37,13,47,16,43,15,41,14,62,21,23,8,26,9,14,5,18,22,23,18,30,11,12,4,19,25,20,23,32,12,14,10
2000,7,LVDPA0465,267,120,45,147,55,33,12,43,16,32,12,40,15,36,13,16,6,34,13,33,12,16,22,17,17,20,7,14,7,17,21,15,23,16,9,20,26
2000,7,LVDPA0466,409,214,52,195,48,30,7,79,19,73,18,50,12,79,19,31,8,35,9,32,8,19,47,42,27,41,14,15,9,11,32,31,23,38,17,20,23
2000,7,LVDPA0467,205,83,40,122,60,18,9,21,10,17,8,25,12,18,9,15,7,31,15,60,29,9,10,9,10,12,7,14,12,9,11,8,15,6,8,17,48
2000,7,LVDPA0468,322,150,47,172,53,25,8,51,16,52,16,46,14,47,15,31,10,29,9,41,13,14,22,21,26,24,17,14,12,11,29,31,20,23,14,15,29
2000,7,LVDPA0469,365,169,46,196,54,30,8,50,14,63,17,41,11,58,16,39,11,33,9,51,14,19,24,31,19,26,19,11,20,11,26,32,22,32,20,22,31
2000,7,LVDPA0470,253,129,51,124,49,19,8,37,15,54,21,26,10,35,14,37,15,16,6,29,11,12,23,32,12,20,16,6,8,7,14,22,14,15,21,10,21
2000,7,LVDPA0471,146,71,49,75,51,14,10,31,21,17,12,22,15,14,10,13,9,17,12,18,12,8,16,9,9,8,5,8,8,6,15,8,13,6,8,9,10
2000,7,LVDPA0472,312,154,49,158,51,30,10,55,18,49,16,46,15,50,16,33,11,19,6,30,10,19,28,28,24,24,19,6,6,11,27,21,22,26,14,13,24
2000,7,LVDPA0473,293,134,46,159,54,20,7,45,15,48,16,44,15,35,12,29,10,42,14,30,10,11,21,22,23,17,16,17,7,9,24,26,21,18,13,25,23
2000,7,LVDPA0474,594,290,49,304,51,45,8,101,17,104,18,77,13,86,14,61,10,66,11,54,9,23,62,55,32,49,32,21,16,22,39,49,45,37,29,45,38
2000,7,LVDPA0475,121,60,50,61,50,5,4,17,14,18,15,14,12,12,10,28,23,6,5,21,17,2,8,5,8,8,17,3,9,3,9,13,6,4,11,3,12
2000,7,LVDPA0476,140,65,46,75,54,8,6,17,12,18,13,13,9,20,14,16,11,18,13,30,21,2,7,12,7,11,9,7,10,6,10,6,6,9,7,11,20
2000,7,LVDPA0477,278,131,47,147,53,23,8,31,11,40,14,36,13,39,14,28,10,36,13,45,16,16,14,22,18,23,12,15,11,7,17,18,18,16,16,21,34
2000,7,LVDPA0478,301,148,49,153,51,26,9,61,20,43,14,38,13,43,14,29,10,27,9,34,11,11,32,26,19,21,14,16,9,15,29,17,19,22,15,11,25
2000,7,LVDPA0479,323,146,45,177,55,22,7,66,20,37,11,36,11,74,23,31,10,25,8,32,10,12,28,19,14,40,16,12,5,10,38,18,22,34,15,13,27
2000,7,LVDPA0480,153,71,46,82,54,7,5,15,10,18,12,24,16,29,19,13,8,20,13,27,18,4,7,9,13,13,9,8,8,3,8,9,11,16,4,12,19
2000,7,LVDPA0481,348,166,48,182,52,28,8,65,19,56,16,44,13,53,15,41,12,34,10,27,8,16,35,29,24,27,15,14,6,12,30,27,20,26,26,20,21
2000,7,LVDPA0482,171,73,43,98,57,8,5,29,17,22,13,18,11,38,22,14,8,21,12,21,12,3,11,8,9,21,9,9,3,5,18,14,9,17,5,12,18
2000,7,LVDPA0483,172,74,43,98,57,11,6,22,13,25,15,21,12,35,20,18,10,17,10,23,13,4,10,13,9,15,10,5,8,7,12,12,12,20,8,12,15
2000,7,LVDPA0484,314,164,52,150,48,29,9,57,18,49,16,41,13,55,18,28,9,25,8,30,10,14,36,29,23,31,11,11,9,15,21,20,18,24,17,14,21
2000,7,LVDPA0485,289,131,45,158,55,24,8,40,14,39,13,53,18,41,14,31,11,30,10,31,11,13,20,18,27,21,14,9,9,11,20,21,26,20,17,21,22
2000,7,LVDPA0486,453,229,51,224,49,14,3,48,11,57,13,40,9,32,7,64,14,72,16,126,28,7,31,31,26,18,29,38,49,7,17,26,14,14,35,34,77
2000,7,LVDPA0487,82,45,55,37,45,3,4,14,17,10,12,9,11,17,21,7,9,12,15,10,12,1,9,6,6,8,4,7,4,2,5,4,3,9,3,5,6
2000,7,LVDPA0488,325,163,50,162,50,20,6,54,17,48,15,39,12,60,18,40,12,34,10,30,9,10,29,31,21,28,23,11,10,10,25,17,18,32,17,23,20
2000,7,LVDPA0489,157,76,48,81,52,6,4,28,18,26,17,20,13,26,17,15,10,20,13,16,10,3,10,18,9,13,9,11,3,3,18,8,11,13,6,9,13
2000,7,LVDPA0490,50,21,42,29,58,0,0,11,22,2,4,6,12,8,16,7,14,6,12,10,20,0,5,0,3,4,2,3,4,0,6,2,3,4,5,3,6
2000,7,LVDPA0491,560,279,50,281,50,59,11,71,13,95,17,87,16,65,12,53,9,47,8,83,15,36,39,48,48,34,24,22,28,23,32,47,39,31,29,25,55
2000,7,LVDPA0492,269,129,48,140,52,13,5,31,12,41,15,33,12,49,18,46,17,21,8,35,13,5,13,24,15,26,24,12,10,8,18,17,18,23,22,9,25
2000,7,LVDPA0493,129,73,57,56,43,10,8,21,16,16,12,22,17,21,16,9,7,13,10,17,13,7,14,10,12,12,5,3,10,3,7,6,10,9,4,10,7
2000,7,LVDPA0494,81,40,49,41,51,5,6,10,12,3,4,10,12,11,14,4,5,18,22,20,25,3,4,2,5,8,2,9,7,2,6,1,5,3,2,9,13
2000,7,LVDPA0495,114,51,45,63,55,11,10,13,11,17,15,25,22,15,13,10,9,13,11,10,9,4,5,7,14,8,4,6,3,7,8,10,11,7,6,7,7
2000,7,LVDPA0496,441,212,48,229,52,35,8,70,16,61,14,72,16,70,16,59,13,33,7,41,9,22,37,27,41,30,31,15,9,13,33,34,31,40,28,18,32
2000,7,LVDPA0497,245,111,45,134,55,18,7,29,12,28,11,33,13,26,11,26,11,38,16,47,19,10,16,17,15,12,13,14,14,8,13,11,18,14,13,24,33
2000,7,LVDPA0498,99,54,55,45,45,9,9,13,13,6,6,11,11,14,14,14,14,12,12,20,20,7,11,2,7,8,8,2,9,2,2,4,4,6,6,10,11
2000,7,LVDPA0499,1834,815,44,1019,56,83,5,184,10,259,14,236,13,300,16,263,14,213,12,296,16,37,109,132,121,138,122,74,82,46,75,127,115,162,141,139,214
2000,7,LVDPA0500,371,175,47,196,53,31,8,59,16,58,16,46,12,50,13,35,9,37,10,55,15,13,26,32,23,26,18,16,21,18,33,26,23,24,17,21,34
2000,7,LVDPA0501,215,102,47,113,53,14,7,34,16,22,10,26,12,40,19,22,10,21,10,36,17,7,19,8,16,22,9,9,12,7,15,14,10,18,13,12,24
2000,7,LVDPA0502,355,180,51,175,49,32,9,77,22,43,12,47,13,75,21,24,7,31,9,26,7,16,48,21,24,40,8,12,11,16,29,22,23,35,16,19,15
2000,7,LVDPA0503,310,147,47,163,53,21,7,58,19,48,15,50,16,42,14,31,10,29,9,31,10,15,26,25,22,19,15,16,9,6,32,23,28,23,16,13,22
2000,7,LVDPA0504,217,99,46,118,54,12,6,44,20,24,11,31,14,33,15,16,7,27,12,30,14,6,25,11,13,18,7,12,7,6,19,13,18,15,9,15,23
2000,7,LVDPA0505,105,45,43,60,57,8,8,17,16,12,11,7,7,16,15,13,12,15,14,17,16,3,8,4,2,9,6,10,3,5,9,8,5,7,7,5,14
2000,7,LVDPA0506,385,178,46,207,54,24,6,72,19,62,16,49,13,66,17,28,7,45,12,39,10,11,41,25,25,37,12,16,11,13,31,37,24,29,16,29,28
2000,7,LVDPA0507,202,102,50,100,50,19,9,22,11,36,18,21,10,30,15,22,11,27,13,25,12,8,16,14,13,18,11,13,9,11,6,22,8,12,11,14,16
2000,7,LVDPA0508,250,123,49,127,51,19,8,38,15,34,14,36,14,48,19,23,9,25,10,27,11,11,16,14,19,27,14,13,9,8,22,20,17,21,9,12,18
2000,7,LVDPA0509,328,149,45,179,55,29,9,61,19,56,17,47,14,50,15,32,10,31,9,22,7,15,25,31,23,26,13,11,5,14,36,25,24,24,19,20,17
2000,7,LVDPA0510,201,101,50,100,50,13,6,28,14,35,17,28,14,26,13,23,11,24,12,24,12,5,15,21,11,14,11,12,12,8,13,14,17,12,12,12,12
2000,7,LVDPA0511,66,29,44,37,56,4,6,9,14,12,18,9,14,5,8,9,14,7,11,11,17,3,6,4,5,2,4,3,2,1,3,8,4,3,5,4,9
2000,7,LVDPA0512,329,164,50,165,50,26,8,64,19,54,16,41,12,48,15,31,9,33,10,32,10,18,35,27,19,24,18,14,9,8,29,27,22,24,13,19,23
2000,7,LVDPA0513,164,82,50,82,50,13,8,26,16,23,14,21,13,22,13,22,13,13,8,24,15,6,15,15,10,12,12,3,9,7,11,8,11,10,10,10,15
2000,7,LVDPA0514,85,44,52,41,48,7,8,3,4,10,12,13,15,11,13,9,11,13,15,19,22,5,1,6,8,5,5,6,8,2,2,4,5,6,4,7,11
2000,7,LVDPA0515,492,223,45,269,55,45,9,80,16,89,18,58,12,99,20,29,6,35,7,57,12,23,43,43,28,43,16,14,13,22,37,46,30,56,13,21,44
2000,7,LVDPA0516,143,63,44,80,56,8,6,15,10,22,15,15,10,18,13,18,13,28,20,19,13,3,8,7,9,9,10,11,6,5,7,15,6,9,8,17,13
2000,7,LVDPA0517,408,196,48,212,52,60,15,58,14,60,15,68,17,55,13,40,10,27,7,40,10,35,31,31,31,30,15,8,15,25,27,29,37,25,25,19,25
2000,7,LVDPA0518,707,346,49,361,51,60,8,112,16,140,20,89,13,116,16,73,10,59,8,58,8,27,59,80,51,46,39,30,14,33,53,60,38,70,34,29,44
2000,7,LVDPA0519,566,273,48,293,52,56,10,94,17,98,17,82,14,81,14,47,8,50,9,58,10,33,45,56,43,38,21,22,15,23,49,42,39,43,26,28,43
2000,7,LVDPA0520,361,174,48,187,52,21,6,37,10,43,12,45,12,54,15,38,11,54,15,69,19,16,17,25,26,26,13,25,26,5,20,18,19,28,25,29,43
2000,7,LVDPA0521,209,100,48,109,52,6,3,21,10,35,17,18,9,28,13,24,11,24,11,53,25,2,11,22,10,14,15,11,15,4,10,13,8,14,9,13,38
2000,7,LVDPA0522,141,65,46,76,54,7,5,12,9,20,14,14,10,15,11,21,15,22,16,30,21,2,6,12,8,6,11,10,10,5,6,8,6,9,10,12,20
2000,7,LVDPA0523,351,164,47,187,53,28,8,58,17,51,15,57,16,52,15,39,11,33,9,33,9,15,30,28,28,25,17,12,9,13,28,23,29,27,22,21,24
2000,7,LVDPA0524,155,68,44,87,56,16,10,23,15,16,10,23,15,24,15,10,6,16,10,27,17,7,8,7,13,11,4,9,9,9,15,9,10,13,6,7,18
2000,7,LVDPA0525,298,135,45,163,55,17,6,45,15,35,12,46,15,53,18,34,11,25,8,43,14,8,24,15,23,32,17,5,11,9,21,20,23,21,17,20,32
2000,7,LVDPA0526,527,254,48,273,52,34,6,80,15,88,17,65,12,94,18,60,11,54,10,52,10,19,39,44,35,44,31,24,18,15,41,44,30,50,29,30,34
2000,7,LVDPA0527,399,184,46,215,54,15,4,52,13,43,11,57,14,67,17,42,11,58,15,65,16,9,20,30,32,36,19,21,17,6,32,13,25,31,23,37,48
2000,7,LVDPA0528,205,97,47,108,53,20,10,36,18,29,14,42,20,29,14,13,6,25,12,11,5,11,15,16,22,14,4,11,4,9,21,13,20,15,9,14,7
2000,7,LVDPA0529,265,120,45,145,55,20,8,47,18,30,11,41,15,43,16,25,9,29,11,30,11,8,23,16,22,24,9,13,5,12,24,14,19,19,16,16,25
2000,7,LVDPA0530,82,35,43,47,57,7,9,9,11,12,15,7,9,7,9,14,17,9,11,17,21,1,7,8,3,3,8,2,3,6,2,4,4,4,6,7,14
2000,7,LVDPA0531,333,154,46,179,54,28,8,53,16,49,15,50,15,46,14,29,9,32,10,46,14,16,28,24,25,21,14,12,14,12,25,25,25,25,15,20,32
2000,7,LVDPA0532,345,143,41,202,59,27,8,58,17,54,16,40,12,60,17,32,9,27,8,47,14,8,25,27,16,30,14,10,13,19,33,27,24,30,18,17,34
2000,7,LVDPA0533,314,153,49,161,51,35,11,57,18,42,13,44,14,51,16,30,10,24,8,31,10,20,30,25,20,23,12,12,11,15,27,17,24,28,18,12,20
2000,7,LVDPA0534,628,306,49,322,51,49,8,101,16,105,17,97,15,114,18,71,11,54,9,37,6,22,50,60,48,55,39,20,12,27,51,45,49,59,32,34,25
2000,7,LVDPA0535,87,40,46,47,54,6,7,12,14,8,9,14,16,15,17,6,7,14,16,12,14,2,6,3,8,9,2,5,5,4,6,5,6,6,4,9,7
2000,7,LVDPA0536,148,68,46,80,54,16,11,23,16,16,11,22,15,21,14,18,12,14,9,18,12,8,7,10,9,14,7,8,5,8,16,6,13,7,11,6,13
2000,7,LVDPA0537,551,238,43,313,57,22,4,61,11,171,31,47,9,103,19,54,10,45,8,48,9,14,34,69,21,43,28,16,13,8,27,102,26,60,26,29,35
2000,7,LVDPA0538,1810,813,45,997,55,85,5,171,9,262,14,217,12,259,14,229,13,249,14,338,19,42,87,139,112,120,110,93,110,43,84,123,105,139,119,156,228
2000,7,LVDPA0539,235,112,48,123,52,15,6,41,17,37,16,29,12,39,17,25,11,21,9,28,12,5,23,19,19,18,11,7,10,10,18,18,10,21,14,14,18
2000,7,LVDPA0540,75,39,52,36,48,4,5,12,16,11,15,10,13,5,7,9,12,9,12,15,20,3,5,8,6,4,4,3,6,1,7,3,4,1,5,6,9
2000,7,LVDPA0541,165,81,49,84,51,7,4,29,18,25,15,24,15,25,15,17,10,19,12,19,12,5,17,14,12,14,5,7,7,2,12,11,12,11,12,12,12
2000,7,LVDPA0542,80,35,44,45,56,6,8,10,13,12,15,16,20,7,9,4,5,8,10,17,21,2,5,6,10,3,2,3,4,4,5,6,6,4,2,5,13
2000,7,LVDPA0543,502,228,45,274,55,40,8,84,17,86,17,61,12,76,15,57,11,55,11,43,9,21,46,39,33,35,24,22,8,19,38,47,28,41,33,33,35
2000,7,LVDPA0544,113,53,47,60,53,11,10,14,12,15,13,20,18,13,12,16,14,14,12,10,9,7,10,7,7,6,7,8,1,4,4,8,13,7,9,6,9
2000,7,LVDPA0545,526,248,47,278,53,45,9,66,13,73,14,75,14,73,14,56,11,71,13,67,13,24,37,41,33,35,30,27,21,21,29,32,42,38,26,44,46
2000,7,LVDPA0546,172,77,45,95,55,21,12,26,15,31,18,28,16,26,15,14,8,16,9,10,6,10,11,13,12,17,7,5,2,11,15,18,16,9,7,11,8
2000,7,LVDPA0547,407,197,48,210,52,57,14,55,14,68,17,58,14,66,16,28,7,28,7,47,12,29,30,31,33,35,11,15,13,28,25,37,25,31,17,13,34
2000,7,LVDPA0548,329,152,46,177,54,25,8,61,19,47,14,46,14,52,16,28,9,38,12,32,10,14,31,22,23,28,13,13,8,11,30,25,23,24,15,25,24
2000,7,LVDPA0549,182,82,45,100,55,13,7,23,13,24,13,12,7,28,15,15,8,35,19,32,18,6,11,12,3,16,9,16,9,7,12,12,9,12,6,19,23
2000,7,LVDPA0550,291,127,44,164,56,21,7,58,20,42,14,37,13,63,22,16,5,28,10,26,9,6,28,18,15,32,9,12,7,15,30,24,22,31,7,16,19
2000,7,LVDPA0551,539,237,44,302,56,40,7,73,14,86,16,73,14,60,11,94,17,54,10,59,11,20,33,44,34,32,41,19,14,20,40,42,39,28,53,35,45
2000,7,LVDPA0552,470,215,46,255,54,25,5,62,13,78,17,58,12,58,12,72,15,53,11,64,14,9,28,36,28,26,38,27,23,16,34,42,30,32,34,26,41
2000,7,LVDPA0553,89,45,51,44,49,15,17,10,11,11,12,13,15,8,9,7,8,11,12,14,16,6,5,7,8,4,3,8,4,9,5,4,5,4,4,3,10
2000,7,LVDPA0554,364,177,49,187,51,28,8,71,20,52,14,74,20,49,13,30,8,22,6,38,10,15,35,27,38,28,15,8,11,13,36,25,36,21,15,14,27
2000,7,LVDPA0555,150,72,48,78,52,13,9,34,23,23,15,18,12,28,19,6,4,16,11,12,8,10,15,11,9,16,1,7,3,3,19,12,9,12,5,9,9
2000,7,LVDPA0556,105,49,47,56,53,11,10,14,13,10,10,18,17,11,10,10,10,15,14,16,15,6,5,5,9,7,5,7,5,5,9,5,9,4,5,8,11
2000,7,LVDPA0557,744,334,45,410,55,59,8,101,14,125,17,83,11,118,16,71,10,73,10,114,15,29,48,69,42,50,38,29,29,30,53,56,41,68,33,44,85
2000,7,LVDPA0558,422,195,46,227,54,38,9,57,14,57,14,45,11,53,13,36,9,50,12,86,20,17,30,36,22,26,17,16,31,21,27,21,23,27,19,34,55
2000,7,LVDPA0559,123,54,44,69,56,7,6,19,15,8,7,20,16,16,13,10,8,18,15,25,20,2,10,4,8,10,5,8,7,5,9,4,12,6,5,10,18
2000,7,LVDPA0560,421,189,45,232,55,26,6,66,16,73,17,60,14,72,17,44,10,44,10,36,9,12,29,42,25,36,21,13,11,14,37,31,35,36,23,31,25
2000,7,LVDPA0561,197,91,46,106,54,11,6,26,13,30,15,26,13,23,12,24,12,28,14,29,15,6,16,12,12,13,13,12,7,5,10,18,14,10,11,16,22
2000,7,LVDPA0562,163,74,45,89,55,11,7,22,13,24,15,28,17,14,9,25,15,19,12,20,12,6,10,11,15,7,9,7,9,5,12,13,13,7,16,12,11
2000,7,LVDPA0563,350,174,50,176,50,35,10,49,14,64,18,41,12,62,18,45,13,27,8,27,8,14,28,34,19,35,23,12,9,21,21,30,22,27,22,15,18
2000,7,LVDPA0564,123,61,50,62,50,12,10,15,12,14,11,18,15,17,14,13,11,15,12,19,15,7,8,10,9,10,5,8,4,5,7,4,9,7,8,7,15
2000,7,LVDPA0565,184,85,46,99,54,11,6,33,18,21,11,23,13,35,19,17,9,20,11,24,13,8,15,9,11,17,10,10,5,3,18,12,12,18,7,10,19
2000,7,LVDPA0566,498,241,48,257,52,41,8,74,15,67,13,80,16,71,14,31,6,67,13,67,13,18,42,41,36,39,13,32,20,23,32,26,44,32,18,35,47
2000,7,LVDPA0567,52,22,42,30,58,5,10,0,0,5,10,8,15,5,10,9,17,8,15,12,23,3,0,1,4,5,5,2,2,2,0,4,4,0,4,6,10
2000,7,LVDPA0568,133,58,44,75,56,7,5,24,18,19,14,13,10,23,17,14,11,16,12,17,13,4,11,8,5,11,7,7,5,3,13,11,8,12,7,9,12
2000,7,LVDPA0569,263,134,51,129,49,22,8,38,14,34,13,39,15,35,13,35,13,24,9,36,14,13,23,20,24,12,19,11,12,9,15,14,15,23,16,13,24
2000,7,LVDPA0570,442,198,45,244,55,35,8,52,12,58,13,59,13,72,16,37,8,62,14,67,15,21,34,29,30,29,16,21,18,14,18,29,29,43,21,41,49
2000,7,LVDPA0571,416,195,47,221,53,39,9,73,18,65,16,65,16,61,15,41,10,43,10,29,7,18,44,29,34,25,18,19,8,21,29,36,31,36,23,24,21
2000,7,LVDPA0572,379,179,47,200,53,28,7,81,21,51,13,56,15,56,15,27,7,45,12,35,9,17,36,32,23,28,13,18,12,11,45,19,33,28,14,27,23
2000,7,LVDPA0573,269,126,47,143,53,32,12,45,17,39,14,39,14,37,14,21,8,21,8,35,13,15,26,18,19,19,11,9,9,17,19,21,20,18,10,12,26
2000,7,LVDPA0574,269,127,47,142,53,21,8,38,14,51,19,36,13,46,17,25,9,22,8,30,11,10,20,28,16,23,11,10,9,11,18,23,20,23,14,12,21
2000,7,LVDPA0575,530,252,48,278,52,29,5,86,16,130,25,80,15,59,11,63,12,37,7,46,9,18,42,66,36,29,31,16,14,11,44,64,44,30,32,21,32
2000,7,LVDPA0576,69,33,48,36,52,6,9,10,14,7,10,5,7,7,10,9,13,7,10,18,26,3,4,5,2,3,7,3,6,3,6,2,3,4,2,4,12
2000,7,LVDPA0577,465,224,48,241,52,41,9,75,16,63,14,56,12,76,16,44,9,52,11,58,12,24,43,34,24,41,21,22,15,17,32,29,32,35,23,30,43
2000,7,LVDPA0578,775,362,47,413,53,61,8,137,18,144,19,104,13,135,17,88,11,49,6,57,7,27,68,79,50,64,36,21,17,34,69,65,54,71,52,28,40
2000,7,LVDPA0579,493,233,47,260,53,43,9,95,19,87,18,78,16,76,15,48,10,24,5,42,9,27,46,45,34,37,23,7,14,16,49,42,44,39,25,17,28
2000,7,LVDPA0580,168,79,47,89,53,16,10,32,19,33,20,27,16,17,10,17,10,11,7,15,9,7,18,19,16,7,7,4,1,9,14,14,11,10,10,7,14
2000,7,LVDPA0581,111,49,44,62,56,11,10,13,12,17,15,12,11,17,15,8,7,11,10,22,20,6,6,6,9,6,6,5,5,5,7,11,3,11,2,6,17
2000,7,LVDPA0582,558,278,50,280,50,48,9,100,18,103,18,76,14,88,16,68,12,34,6,41,7,28,60,47,41,42,32,17,11,20,40,56,35,46,36,17,30
2000,7,LVDPA0583,332,165,50,167,50,48,14,56,17,50,15,52,16,41,12,30,9,23,7,32,10,28,26,27,30,20,16,11,7,20,30,23,22,21,14,12,25
2000,7,LVDPA0584,310,142,46,168,54,22,7,50,16,29,9,56,18,47,15,26,8,43,14,37,12,10,24,14,29,26,10,19,10,12,26,15,27,21,16,24,27
2000,7,LVDPA0585,548,264,48,284,52,70,13,99,18,78,14,80,15,81,15,43,8,38,7,59,11,37,43,43,38,44,20,20,19,33,56,35,42,37,23,18,40
2000,7,LVDPA0586,91,42,46,49,54,4,4,7,8,15,16,7,8,17,19,8,9,10,11,23,25,3,6,7,3,10,3,4,6,1,1,8,4,7,5,6,17
2000,7,LVDPA0587,414,188,45,226,55,36,9,76,18,71,17,63,15,72,17,33,8,36,9,27,7,20,31,41,31,34,13,14,4,16,45,30,32,38,20,22,23
2000,7,LVDPA0588,246,114,46,132,54,28,11,44,18,29,12,53,22,31,13,20,8,15,6,26,11,11,21,16,31,15,5,8,7,17,23,13,22,16,15,7,19
2000,7,LVDPA0589,209,100,48,109,52,27,13,31,15,19,9,54,26,18,9,19,9,17,8,24,11,13,17,10,24,13,7,6,10,14,14,9,30,5,12,11,14
2000,7,LVDPA0590,337,165,49,172,51,23,7,57,17,49,15,51,15,50,15,37,11,32,9,38,11,10,34,27,28,25,16,15,10,13,23,22,23,25,21,17,28
2000,7,LVDPA0591,335,168,50,167,50,15,4,52,16,51,15,50,15,65,19,42,13,26,8,34,10,11,25,33,28,29,21,9,12,4,27,18,22,36,21,17,22
2000,7,LVDPA0592,221,104,47,117,53,20,9,40,18,38,17,32,14,28,13,16,7,26,12,21,10,11,18,21,14,15,7,13,5,9,22,17,18,13,9,13,16
2000,7,LVDPA0593,75,34,45,41,55,4,5,7,9,6,8,10,13,9,12,8,11,11,15,20,27,2,3,3,5,6,5,5,5,2,4,3,5,3,3,6,15
2000,7,LVDPA0594,133,65,49,68,51,2,2,3,2,14,11,21,16,31,23,18,14,23,17,19,14,1,2,6,11,17,8,13,6,1,1,8,10,14,10,10,13
2000,7,LVDPA0595,94,43,46,51,54,7,7,14,15,16,17,8,9,15,16,12,13,13,14,9,10,4,10,4,3,7,6,6,3,3,4,12,5,8,6,7,6
2000,7,LVDPA0596,331,157,47,174,53,21,6,61,18,56,17,44,13,63,19,29,9,30,9,27,8,11,31,32,21,32,12,14,4,10,30,24,23,31,17,16,23
2000,7,LVDPA0597,199,96,48,103,52,18,9,22,11,29,15,22,11,29,15,27,14,31,16,21,11,7,10,16,13,15,14,17,4,11,12,13,9,14,13,14,17
2000,7,LVDPA0598,96,46,48,50,52,2,2,14,15,10,10,18,19,10,10,12,13,9,9,21,22,1,7,7,10,4,6,4,7,1,7,3,8,6,6,5,14
2000,7,LVDPA0599,229,103,45,126,55,21,9,43,19,30,13,31,14,46,20,14,6,16,7,28,12,14,21,14,13,20,11,6,4,7,22,16,18,26,3,10,24
2000,7,LVDPA0600,174,89,51,85,49,17,10,54,31,21,12,27,16,19,11,15,9,12,7,9,5,10,29,9,15,13,6,6,1,7,25,12,12,6,9,6,8
2000,7,LVDPA0601,92,40,43,52,57,9,10,9,10,11,12,10,11,15,16,5,5,9,10,24,26,3,6,4,6,9,3,5,4,6,3,7,4,6,2,4,20
2000,7,LVDPA0602,75,29,39,46,61,5,7,14,19,5,7,9,12,11,15,2,3,12,16,17,23,2,4,3,5,5,1,7,2,3,10,2,4,6,1,5,15
2000,7,LVDPA0603,477,224,47,253,53,28,6,85,18,96,20,56,12,93,19,34,7,45,9,40,8,17,39,46,26,45,11,24,16,11,46,50,30,48,23,21,24
2000,7,LVDPA0604,343,152,44,191,56,17,5,58,17,52,15,37,11,64,19,38,11,39,11,38,11,6,26,23,17,38,12,19,11,11,32,29,20,26,26,20,27
2000,7,LVDPA0605,303,141,47,162,53,28,9,44,15,65,21,42,14,48,16,26,9,27,9,23,8,10,25,34,20,19,14,15,4,18,19,31,22,29,12,12,19
2000,7,LVDPA0606,252,119,47,133,53,19,8,47,19,22,9,37,15,30,12,25,10,30,12,42,17,11,26,12,20,14,14,8,14,8,21,10,17,16,11,22,28
2000,7,LVDPA0607,236,111,47,125,53,23,10,31,13,25,11,41,17,33,14,27,11,36,15,20,8,12,12,12,24,17,12,16,6,11,19,13,17,16,15,20,14
2000,7,LVDPA0608,567,263,46,304,54,39,7,77,14,87,15,78,14,76,13,96,17,58,10,56,10,21,37,37,40,39,45,29,15,18,40,50,38,37,51,29,41
2000,7,LVDPA0609,226,105,46,121,54,15,7,41,18,31,14,38,17,47,21,17,8,13,6,24,11,6,22,15,18,24,7,6,7,9,19,16,20,23,10,7,17
2000,7,LVDPA0610,287,132,46,155,54,35,12,55,19,40,14,48,17,33,11,25,9,26,9,25,9,19,26,20,27,14,10,12,4,16,29,20,21,19,15,14,21
2000,7,LVDPA0611,203,99,49,104,51,18,9,28,14,38,19,29,14,32,16,12,6,26,13,20,10,10,17,18,15,17,7,12,3,8,11,20,14,15,5,14,17
2000,7,LVDPA0612,350,161,46,189,54,40,11,61,17,69,20,51,15,63,18,25,7,20,6,21,6,26,26,27,25,32,9,8,8,14,35,42,26,31,16,12,13
2000,7,LVDPA0613,171,85,50,86,50,11,6,29,17,18,11,23,13,22,13,21,12,25,15,22,13,6,19,10,11,11,9,12,7,5,10,8,12,11,12,13,15
2000,7,LVDPA0614,132,67,51,65,49,10,8,23,17,20,15,18,14,16,12,11,8,17,13,17,13,6,10,14,12,8,5,8,4,4,13,6,6,8,6,9,13
2000,7,LVDPA0615,250,117,47,133,53,20,8,33,13,33,13,31,12,37,15,25,10,27,11,44,18,10,20,16,15,18,12,12,14,10,13,17,16,19,13,15,30
2000,7,LVDPA0616,357,164,46,193,54,24,7,67,19,66,18,40,11,65,18,33,9,34,10,28,8,11,38,33,18,33,16,11,4,13,29,33,22,32,17,23,24
2000,7,LVDPA0617,238,119,50,119,50,19,8,39,16,52,22,27,11,46,19,28,12,15,6,12,5,10,21,31,11,20,15,7,4,9,18,21,16,26,13,8,8
2000,7,LVDPA0618,102,55,54,47,46,5,5,13,13,10,10,14,14,16,16,13,13,14,14,17,17,3,9,9,5,10,7,5,7,2,4,1,9,6,6,9,10
2000,7,LVDPA0619,64,33,52,31,48,6,9,6,9,11,17,9,14,12,19,8,13,5,8,7,11,4,2,6,5,7,6,0,3,2,4,5,4,5,2,5,4
2000,7,LVDPA0620,402,203,50,199,50,21,5,54,13,64,16,54,13,56,14,48,12,60,15,45,11,6,29,41,26,30,25,30,16,15,25,23,28,26,23,30,29
2000,7,LVDPA0621,319,137,43,182,57,15,5,51,16,52,16,43,13,44,14,36,11,35,11,43,13,7,23,21,23,17,14,12,20,8,28,31,20,27,22,23,23
2000,7,LVDPA0622,537,256,48,281,52,48,9,119,22,53,10,107,20,96,18,42,8,29,5,43,8,26,61,30,48,49,21,11,10,22,58,23,59,47,21,18,33
2000,7,LVDPA0623,507,239,47,268,53,20,4,41,8,67,13,52,10,50,10,78,15,62,12,137,27,9,23,40,25,26,37,40,39,11,18,27,27,24,41,22,98
2000,7,LVDPA0624,83,36,43,47,57,7,8,13,16,8,10,16,19,7,8,7,8,6,7,19,23,1,7,2,9,5,4,2,6,6,6,6,7,2,3,4,13
2000,7,LVDPA0625,62,26,42,36,58,5,8,1,2,5,8,5,8,6,10,7,11,11,18,22,35,3,1,2,3,2,4,4,7,2,0,3,2,4,3,7,15
2000,7,LVDPA0626,220,101,46,119,54,16,7,34,15,26,12,34,15,26,12,20,9,29,13,35,16,8,18,9,18,15,8,14,11,8,16,17,16,11,12,15,24
2000,7,LVDPA0627,118,58,49,60,51,7,6,17,14,11,9,12,10,22,19,12,10,20,17,17,14,4,8,7,7,9,9,12,2,3,9,4,5,13,3,8,15
2000,7,LVDPA0628,354,165,47,189,53,29,8,52,15,59,17,63,18,63,18,27,8,26,7,35,10,13,28,24,34,32,9,11,14,16,24,35,29,31,18,15,21
2000,7,LVDPA0629,95,47,49,48,51,14,15,12,13,5,5,21,22,8,8,8,8,9,9,18,19,8,5,2,10,6,5,4,7,6,7,3,11,2,3,5,11
2000,7,LVDPA0630,205,103,50,102,50,11,5,36,18,34,17,17,8,41,20,22,11,20,10,24,12,8,23,15,9,20,13,9,6,3,13,19,8,21,9,11,18
2000,7,LVDPA0631,340,159,47,181,53,35,10,58,17,55,16,39,11,60,18,39,11,25,7,29,9,11,29,32,19,31,16,13,8,24,29,23,20,29,23,12,21
2000,7,LVDPA0632,774,364,47,410,53,59,8,103,13,210,27,96,12,118,15,64,8,57,7,67,9,31,44,119,41,50,35,20,24,28,59,91,55,68,29,37,43
2000,7,LVDPA0633,928,428,46,500,54,66,7,117,13,165,18,116,13,152,16,113,12,109,12,90,10,24,53,83,62,71,57,45,33,42,64,82,54,81,56,64,57
2000,7,LVDPA0634,416,209,50,207,50,30,7,58,14,88,21,58,14,59,14,53,13,48,12,22,5,17,32,49,30,28,22,25,6,13,26,39,28,31,31,23,16
2000,7,LVDPA0635,1338,638,48,700,52,123,9,182,14,179,13,311,23,178,13,150,11,148,11,67,5,67,93,82,156,79,63,71,27,56,89,97,155,99,87,77,40
2000,7,LVDPA0636,65,32,49,33,51,2,3,6,9,4,6,7,11,9,14,3,5,11,17,23,35,0,2,4,5,7,2,4,8,2,4,0,2,2,1,7,15
2000,7,LVDPA0637,154,72,47,82,53,14,9,26,17,31,20,20,13,21,14,11,7,12,8,19,12,6,10,16,13,11,6,5,5,8,16,15,7,10,5,7,14
2000,7,LVDPA0638,171,85,50,86,50,9,5,36,21,23,13,22,13,21,12,19,11,26,15,15,9,8,19,10,13,11,8,13,3,1,17,13,9,10,11,13,12
2000,7,LVDPA0639,265,126,48,139,52,22,8,39,15,46,17,41,15,41,15,31,12,27,10,18,7,12,17,22,19,22,18,7,9,10,22,24,22,19,13,20,9
2000,7,LVDPA0640,90,42,47,48,53,3,3,10,11,14,16,10,11,17,19,9,10,13,14,14,16,2,4,7,6,9,5,5,4,1,6,7,4,8,4,8,10
2000,7,LVDPA0641,317,145,46,172,54,25,8,59,19,44,14,46,15,40,13,33,10,26,8,44,14,13,28,21,21,18,20,12,12,12,31,23,25,22,13,14,32
2000,7,LVDPA0642,82,36,44,46,56,9,11,12,15,13,16,12,15,4,5,11,13,8,10,13,16,5,4,7,7,2,5,5,1,4,8,6,5,2,6,3,12
2000,7,LVDPA0643,406,195,48,211,52,38,9,54,13,65,16,62,15,69,17,32,8,39,10,47,12,20,34,29,30,31,13,18,20,18,20,36,32,38,19,21,27
2000,7,LVDPA0644,75,33,44,42,56,6,8,8,11,6,8,8,11,9,12,6,8,13,17,19,25,5,1,3,4,5,3,7,5,1,7,3,4,4,3,6,14
2000,7,LVDPA0645,252,102,40,150,60,22,9,47,19,38,15,27,11,52,21,22,9,28,11,16,6,10,16,16,11,22,13,10,4,12,31,22,16,30,9,18,12
2000,7,LVDPA0646,202,98,49,104,51,9,4,23,11,30,15,24,12,30,15,28,14,27,13,31,15,4,12,17,12,15,13,12,13,5,11,13,12,15,15,15,18
2000,7,LVDPA0647,132,61,46,71,54,13,10,15,11,18,14,17,13,11,8,15,11,19,14,24,18,8,9,10,7,6,7,7,7,5,6,8,10,5,8,12,17
2000,7,LVDPA0648,67,30,45,37,55,0,0,10,15,12,18,5,7,8,12,14,21,6,9,12,18,0,5,7,3,3,9,1,2,0,5,5,2,5,5,5,10
2000,7,LVDPA0649,320,146,46,174,54,16,5,45,14,47,15,37,12,53,17,34,11,43,13,45,14,6,22,23,19,29,15,20,12,10,23,24,18,24,19,23,33
2000,7,LVDPA0650,545,266,49,279,51,28,5,87,16,74,14,67,12,94,17,69,13,62,11,64,12,15,52,33,31,49,31,32,23,13,35,41,36,45,38,30,41
2000,7,LVDPA0651,375,181,48,194,52,33,9,69,18,66,18,66,18,58,15,37,10,22,6,24,6,16,38,32,35,28,19,6,7,17,31,34,31,30,18,16,17
2000,7,LVDPA0652,62,35,56,27,44,3,5,7,11,8,13,8,13,10,16,15,24,4,6,7,11,3,4,6,6,5,7,2,2,0,3,2,2,5,8,2,5
2000,7,LVDPA0653,440,205,47,235,53,22,5,85,19,69,16,45,10,91,21,42,10,42,10,44,10,9,38,33,21,44,21,20,19,13,47,36,24,47,21,22,25
2000,7,LVDPA0654,173,91,53,82,47,14,8,31,18,22,13,28,16,22,13,17,10,16,9,23,13,8,20,10,16,12,8,10,7,6,11,12,12,10,9,6,16
2000,7,LVDPA0655,59,30,51,29,49,9,15,7,12,4,7,12,20,8,14,7,12,12,20,0,0,1,7,1,6,5,5,5,0,8,0,3,6,3,2,7,0
2000,7,LVDPA0656,69,24,35,45,65,6,9,3,4,7,10,6,9,7,10,6,9,16,23,18,26,1,1,2,3,4,1,7,5,5,2,5,3,3,5,9,13
2000,7,LVDPA0657,309,149,48,160,52,14,5,49,16,43,14,32,10,53,17,32,10,49,16,37,12,8,22,24,17,27,17,23,11,6,27,19,15,26,15,26,26
2000,7,LVDPA0658,124,52,42,72,58,8,6,9,7,26,21,12,10,15,12,14,11,10,8,30,24,1,5,15,6,6,7,5,7,7,4,11,6,9,7,5,23
2000,7,LVDPA0659,229,118,52,111,48,31,14,31,14,49,21,26,11,39,17,16,7,19,8,18,8,16,17,24,18,22,8,7,6,15,14,25,8,17,8,12,12
2000,7,LVDPA0660,394,182,46,212,54,27,7,51,13,66,17,52,13,59,15,46,12,48,12,45,11,13,27,33,28,28,22,21,10,14,24,33,24,31,24,27,35
2000,7,LVDPA0661,95,50,53,45,47,11,12,15,16,10,11,14,15,12,13,7,7,15,16,11,12,7,5,7,5,7,4,11,4,4,10,3,9,5,3,4,7
2000,7,LVDPA0662,396,189,48,207,52,38,10,66,17,64,16,65,16,40,10,29,7,54,14,40,10,23,36,33,30,21,12,23,11,15,30,31,35,19,17,31,29
2000,7,LVDPA0663,283,147,52,136,48,27,10,49,17,50,18,43,15,41,14,27,10,23,8,23,8,17,32,24,18,19,14,14,9,10,17,26,25,22,13,9,14
2000,7,LVDPA0664,448,215,48,233,52,35,8,72,16,62,14,62,14,82,18,41,9,39,9,55,12,21,38,26,31,40,24,14,21,14,34,36,31,42,17,25,34
2000,7,LVDPA0665,251,118,47,133,53,30,12,48,19,26,10,49,20,31,12,11,4,26,10,30,12,19,21,15,21,17,4,10,11,11,27,11,28,14,7,16,19
2000,7,LVDPA0666,198,95,48,103,52,5,3,38,19,24,12,29,15,23,12,20,10,26,13,33,17,2,20,14,15,11,12,8,13,3,18,10,14,12,8,18,20
2000,7,LVDPA0667,59,30,51,29,49,9,15,5,8,4,7,10,17,4,7,3,5,14,24,10,17,7,3,1,5,3,1,5,5,2,2,3,5,1,2,9,5
2000,7,LVDPA0668,120,62,52,58,48,13,11,15,13,18,15,16,13,10,8,14,12,19,16,15,13,10,7,8,10,5,5,11,6,3,8,10,6,5,9,8,9
2000,7,LVDPA0669,237,110,46,127,54,15,6,38,16,41,17,33,14,44,19,30,13,19,8,17,7,7,17,24,15,20,12,9,6,8,21,17,18,24,18,10,11
2000,7,LVDPA0670,70,33,47,37,53,3,4,11,16,10,14,7,10,8,11,18,26,7,10,6,9,1,4,6,4,5,9,3,1,2,7,4,3,3,9,4,5
2000,7,LVDPA0671,79,39,49,40,51,9,11,9,11,12,15,7,9,15,19,7,9,5,6,15,19,4,6,6,3,7,5,1,7,5,3,6,4,8,2,4,8
2000,7,LVDPA0672,139,64,46,75,54,16,12,23,17,23,17,13,9,25,18,17,12,7,5,15,11,8,10,13,6,14,5,3,5,8,13,10,7,11,12,4,10
2000,7,LVDPA0673,63,35,56,28,44,4,6,13,21,7,11,8,13,7,11,10,16,9,14,5,8,2,7,7,4,5,5,4,1,2,6,0,4,2,5,5,4
2000,7,LVDPA0674,71,38,54,33,46,5,7,10,14,13,18,7,10,16,23,2,3,9,13,9,13,3,6,8,4,9,2,2,4,2,4,5,3,7,0,7,5
2000,7,LVDPA0675,104,52,50,52,50,9,9,4,4,20,19,10,10,7,7,16,15,18,17,20,19,5,1,14,5,3,10,5,9,4,3,6,5,4,6,13,11
2000,7,LVDPA0676,153,74,48,79,52,13,8,19,12,31,20,21,14,24,16,25,16,7,5,13,8,7,9,25,11,8,9,4,1,6,10,6,10,16,16,3,12
2000,7,LVDPA0677,359,174,48,185,52,18,5,47,13,52,14,37,10,51,14,49,14,48,13,57,16,12,28,26,22,26,20,21,19,6,19,26,15,25,29,27,38
2000,7,LVDPA0678,249,130,52,119,48,18,7,43,17,39,16,21,8,60,24,23,9,21,8,24,10,11,19,26,8,33,15,7,11,7,24,13,13,27,8,14,13
2000,7,LVDPA0679,375,189,50,186,50,30,8,70,19,68,18,50,13,63,17,34,9,33,9,27,7,16,37,44,26,29,18,13,6,14,33,24,24,34,16,20,21
2000,7,LVDPA0680,195,86,44,109,56,26,13,25,13,29,15,33,17,30,15,13,7,21,11,18,9,12,8,14,16,16,6,9,5,14,17,15,17,14,7,12,13
2000,7,LVDPA0681,62,29,47,33,53,4,6,15,24,7,11,14,23,8,13,0,0,3,5,11,18,2,8,3,8,3,0,2,3,2,7,4,6,5,0,1,8
2000,7,LVDPA0682,110,50,45,60,55,10,9,16,15,9,8,15,14,10,9,11,10,21,19,18,16,7,5,6,7,4,6,9,6,3,11,3,8,6,5,12,12
2000,7,LVDPA0683,151,85,56,66,44,5,3,25,17,20,13,16,11,24,16,21,14,14,9,26,17,4,16,14,9,14,11,7,10,1,9,6,7,10,10,7,16
2000,7,LVDPA0684,130,67,52,63,48,10,8,14,11,19,15,20,15,19,15,9,7,19,15,20,15,6,8,11,12,8,5,11,6,4,6,8,8,11,4,8,14
2000,7,LVDPA0685,308,156,51,152,49,19,6,50,16,59,19,38,12,54,18,26,8,32,10,30,10,12,26,33,21,29,10,15,10,7,24,26,17,25,16,17,20
2000,7,LVDPA0686,177,73,41,104,59,24,14,22,12,21,12,34,19,25,14,21,12,11,6,19,11,10,7,10,14,11,11,4,6,14,15,11,20,14,10,7,13
2000,7,LVDPA0687,137,65,47,72,53,7,5,21,15,21,15,15,11,19,14,16,12,21,15,17,12,5,11,10,8,9,7,10,5,2,10,11,7,10,9,11,12
2000,7,LVDPA0688,106,51,48,55,52,7,7,8,8,25,24,9,8,12,11,23,22,8,8,14,13,2,3,15,5,7,12,2,5,5,5,10,4,5,11,6,9
2000,7,LVDPA0689,87,44,51,43,49,5,6,22,25,9,10,17,20,9,10,10,11,7,8,8,9,5,11,5,8,6,5,3,1,0,11,4,9,3,5,4,7
2000,7,LVDPA0690,334,161,48,173,52,27,8,43,13,60,18,46,14,68,20,39,12,19,6,32,10,14,20,29,26,34,21,8,9,13,23,31,20,34,18,11,23
2000,7,LVDPA0691,143,78,55,65,45,7,5,22,15,28,20,18,13,22,15,18,13,16,11,12,8,4,16,18,8,13,8,9,2,3,6,10,10,9,10,7,10
2000,7,LVDPA0692,104,45,43,59,57,7,7,9,9,21,20,11,11,13,13,11,11,16,15,16,15,4,3,9,7,7,4,7,4,3,6,12,4,6,7,9,12
2000,7,LVDPA0693,105,51,49,54,51,7,7,11,10,23,22,10,10,11,10,9,9,19,18,15,14,3,7,11,4,6,5,10,5,4,4,12,6,5,4,9,10
2000,7,LVDPA0694,249,115,46,134,54,20,8,35,14,30,12,47,19,21,8,28,11,33,13,35,14,7,18,14,26,10,15,16,9,13,17,16,21,11,13,17,26
2000,7,LVDPA0695,107,51,48,56,52,8,7,13,12,12,11,10,9,15,14,11,10,13,12,25,23,5,6,6,3,11,6,5,9,3,7,6,7,4,5,8,16
2000,7,LVDPA0696,69,30,43,39,57,6,9,5,7,7,10,10,14,4,6,6,9,10,14,21,30,2,2,4,5,2,3,5,7,4,3,3,5,2,3,5,14
2000,7,LVDPA0697,981,448,46,533,54,61,6,80,8,156,16,136,14,139,14,128,13,156,16,125,13,28,35,78,75,61,57,71,43,33,45,78,61,78,71,85,82
2000,7,LVDPA0698,268,118,44,150,56,22,8,50,19,49,18,25,9,46,17,29,11,15,6,32,12,9,23,26,12,24,12,6,6,13,27,23,13,22,17,9,26
2000,7,LVDPA0699,77,37,48,40,52,2,3,12,16,9,12,9,12,14,18,6,8,6,8,19,25,0,4,5,5,10,4,3,6,2,8,4,4,4,2,3,13
2000,7,LVDPA0700,379,192,51,187,49,33,9,68,18,56,15,59,16,63,17,47,12,34,9,19,5,18,30,38,29,31,27,15,4,15,38,18,30,32,20,19,15
2000,7,LVDPA0701,75,38,51,37,49,5,7,15,20,8,11,7,9,9,12,16,21,3,4,12,16,3,10,4,3,6,10,2,0,2,5,4,4,3,6,1,12
2000,7,LVDPA0702,469,220,47,249,53,44,9,83,18,82,17,55,12,88,19,41,9,32,7,44,9,21,46,38,25,47,19,12,12,23,37,44,30,41,22,20,32
2000,7,LVDPA0703,85,34,40,51,60,4,5,12,14,7,8,7,8,9,11,9,11,16,19,21,25,2,5,6,3,3,4,6,5,2,7,1,4,6,5,10,16
2000,7,LVDPA0704,477,222,47,255,53,38,8,55,12,54,11,78,16,54,11,57,12,56,12,85,18,20,26,30,36,34,27,23,26,18,29,24,42,20,30,33,59
2000,7,LVDPA0705,159,79,50,80,50,13,8,26,16,22,14,20,13,28,18,14,9,15,9,21,13,9,13,12,11,14,7,6,7,4,13,10,9,14,7,9,14
2000,7,LVDPA0706,235,122,52,113,48,21,9,32,14,37,16,39,17,31,13,29,12,22,9,24,10,9,19,23,21,17,13,12,8,12,13,14,18,14,16,10,16
2000,7,LVDPA0707,250,118,47,132,53,25,10,44,18,30,12,35,14,38,15,29,12,22,9,27,11,11,23,17,15,18,18,8,8,14,21,13,20,20,11,14,19
2000,7,LVDPA0708,60,28,47,32,53,4,7,7,12,7,12,10,17,7,12,4,7,10,17,11,18,4,4,3,5,5,2,2,3,0,3,4,5,2,2,8,8
2000,7,LVDPA0709,127,62,49,65,51,10,8,22,17,13,10,19,15,20,16,11,9,15,12,17,13,5,14,6,11,11,4,6,5,5,8,7,8,9,7,9,12
2000,7,LVDPA0710,171,79,46,92,54,8,5,18,11,26,15,19,11,23,13,23,13,21,12,33,19,4,8,15,11,11,14,7,9,4,10,11,8,12,9,14,24
2000,7,LVDPA0711,99,44,44,55,56,6,6,11,11,15,15,13,13,8,8,13,13,16,16,17,17,1,7,5,8,3,9,7,4,5,4,10,5,5,4,9,13
2000,7,LVDPA0712,99,45,45,54,55,9,9,10,10,11,11,11,11,10,10,11,11,16,16,21,21,5,5,4,3,7,7,6,8,4,5,7,8,3,4,10,13
2000,7,LVDPA0713,467,238,51,229,49,21,4,96,21,206,44,40,9,37,8,21,4,19,4,27,6,12,55,115,13,19,8,10,6,9,41,91,27,18,13,9,21
2000,7,LVDPA0714,61,31,51,30,49,3,5,13,21,4,7,7,11,9,15,2,3,13,21,10,16,2,7,2,3,4,1,7,5,1,6,2,4,5,1,6,5
2000,7,LVDPA0715,239,123,51,116,49,17,7,58,24,38,16,26,11,46,19,18,8,22,9,14,6,11,29,24,10,27,10,8,4,6,29,14,16,19,8,14,10
2000,7,LVDPA0716,321,169,53,152,47,30,9,63,20,49,15,44,14,71,22,29,9,13,4,22,7,15,40,30,21,37,13,9,4,15,23,19,23,34,16,4,18
2000,7,LVDPA0717,147,64,44,83,56,11,7,29,20,21,14,26,18,16,11,13,9,13,9,18,12,5,12,12,13,8,5,6,3,6,17,9,13,8,8,7,15
2000,7,LVDPA0718,61,33,54,28,46,1,2,6,10,11,18,5,8,5,8,14,23,8,13,11,18,1,5,8,4,4,6,4,1,0,1,3,1,1,8,4,10
2000,7,LVDPA0719,188,85,45,103,55,11,6,24,13,27,14,15,8,26,14,18,10,35,19,32,17,4,15,12,7,13,6,15,13,7,9,15,8,13,12,20,19
2000,7,LVDPA0720,346,163,47,183,53,19,5,52,15,49,14,50,14,60,17,24,7,39,11,53,15,12,28,30,23,30,12,14,14,7,24,19,27,30,12,25,39
2000,7,LVDPA0721,146,71,49,75,51,12,8,19,13,17,12,18,12,14,10,19,13,14,10,33,23,8,7,9,9,8,12,7,11,4,12,8,9,6,7,7,22
2000,7,LVDPA0722,91,49,54,42,46,5,5,8,9,10,11,12,13,9,10,5,5,21,23,21,23,4,7,3,8,7,3,8,9,1,1,7,4,2,2,13,12
2000,7,LVDPA0723,427,202,47,225,53,30,7,89,21,74,17,57,13,71,17,47,11,27,6,32,7,18,41,34,29,34,30,7,9,12,48,40,28,37,17,20,23
2000,7,LVDPA0724,74,35,47,39,53,4,5,9,12,9,12,6,8,9,12,10,14,6,8,21,28,3,3,5,3,6,5,3,7,1,6,4,3,3,5,3,14
2000,7,LVDPA0725,441,211,48,230,52,34,8,88,20,60,14,77,17,60,14,45,10,48,11,29,7,14,48,30,38,31,21,22,7,20,40,30,39,29,24,26,22
2000,7,LVDPA0726,250,117,47,133,53,28,11,44,18,32,13,47,19,28,11,15,6,27,11,29,12,12,24,15,24,16,7,8,11,16,20,17,23,12,8,19,18
2000,7,LVDPA0727,266,123,46,143,54,18,7,58,22,40,15,39,15,47,18,20,8,25,9,19,7,9,24,25,19,20,11,10,5,9,34,15,20,27,9,15,14
2000,7,LVDPA0728,233,104,45,129,55,20,9,50,21,35,15,33,14,38,16,19,8,13,6,25,11,13,22,15,18,15,11,5,5,7,28,20,15,23,8,8,20
2000,7,LVDPA0729,1487,692,47,795,53,90,6,148,10,219,15,232,16,183,12,243,16,213,14,159,11,42,77,111,110,88,101,108,55,48,71,108,122,95,142,105,104
2000,7,LVDPA0730,55,20,36,35,64,5,9,3,5,11,20,5,9,6,11,9,16,6,11,10,18,2,1,2,3,4,2,3,3,3,2,9,2,2,7,3,7
2000,7,LVDPA0731,65,36,55,29,45,0,0,15,23,5,8,6,9,12,18,9,14,7,11,11,17,0,9,4,3,8,4,5,3,0,6,1,3,4,5,2,8
2000,7,LVDPA0732,182,82,45,100,55,7,4,20,11,20,11,19,10,23,13,19,10,38,21,36,20,3,9,11,12,10,10,16,11,4,11,9,7,13,9,22,25
2000,7,LVDPA0733,142,61,43,81,57,11,8,24,17,18,13,23,16,19,13,22,15,15,11,10,7,4,8,10,12,9,8,8,2,7,16,8,11,10,14,7,8
2000,7,LVDPA0734,139,62,45,77,55,8,6,29,21,14,10,23,17,23,17,7,5,19,14,16,12,2,17,6,13,11,3,8,2,6,12,8,10,12,4,11,14
2000,7,LVDPA0735,178,96,54,82,46,11,6,20,11,29,16,26,15,23,13,13,7,18,10,38,21,10,14,14,18,12,6,10,12,1,6,15,8,11,7,8,26
2000,7,LVDPA0736,173,80,46,93,54,11,6,31,18,29,17,18,10,31,18,18,10,17,10,18,10,6,14,16,7,14,11,8,4,5,17,13,11,17,7,9,14
2000,7,LVDPA0737,368,183,50,185,50,32,9,65,18,63,17,70,19,57,15,30,8,30,8,21,6,9,43,32,37,28,14,15,5,23,22,31,33,29,16,15,16
2000,7,LVDPA0738,89,45,51,44,49,13,15,6,7,14,16,10,11,14,16,7,8,11,12,14,16,4,3,8,6,8,4,7,5,9,3,6,4,6,3,4,9
2000,7,LVDPA0739,340,168,49,172,51,35,10,64,19,63,19,38,11,58,17,32,9,25,7,25,7,19,41,29,17,26,18,11,7,16,23,34,21,32,14,14,18
2000,7,LVDPA0740,263,130,49,133,51,25,10,40,15,48,18,42,16,47,18,27,10,14,5,20,8,13,20,28,22,21,17,6,3,12,20,20,20,26,10,8,17
2000,7,LVDPA0741,326,158,48,168,52,20,6,44,13,48,15,40,12,54,17,39,12,33,10,48,15,13,25,26,20,27,18,17,12,7,19,22,20,27,21,16,36
2000,7,LVDPA0742,457,211,46,246,54,22,5,50,11,68,15,62,14,69,15,55,12,65,14,66,14,11,24,32,33,39,22,26,24,11,26,36,29,30,33,39,42
2000,7,LVDPA0743,101,52,51,49,49,4,4,20,20,16,16,12,12,13,13,13,13,11,11,12,12,1,13,11,5,9,5,6,2,3,7,5,7,4,8,5,10
2000,7,LVDPA0744,481,216,45,265,55,41,9,61,13,78,16,57,12,68,14,70,15,46,10,60,12,23,27,38,24,37,35,17,15,18,34,40,33,31,35,29,45
2000,7,LVDPA0745,227,114,50,113,50,22,10,29,13,25,11,48,21,19,8,32,14,34,15,18,8,12,17,15,24,8,13,17,8,10,12,10,24,11,19,17,10
2000,7,LVDPA0746,228,112,49,116,51,19,8,39,17,35,15,22,10,35,15,27,12,21,9,30,13,12,16,18,8,22,14,9,13,7,23,17,14,13,13,12,17
2000,7,LVDPA0747,87,48,55,39,45,12,14,10,11,12,14,17,20,9,10,9,10,6,7,12,14,9,8,7,7,5,4,4,4,3,2,5,10,4,5,2,8
2000,7,LVDPA0748,137,68,50,69,50,8,6,19,14,16,12,16,12,23,17,18,13,20,15,17,12,3,12,7,8,13,11,8,6,5,7,9,8,10,7,12,11
2000,7,LVDPA0749,200,90,45,110,55,12,6,26,13,30,15,37,19,30,15,20,10,24,12,21,11,7,9,16,22,15,7,8,6,5,17,14,15,15,13,16,15
2000,7,LVDPA0750,66,36,55,30,45,3,5,3,5,3,5,10,15,7,11,10,15,14,21,16,24,2,3,3,6,4,6,8,4,1,0,0,4,3,4,6,12
2000,7,LVDPA0751,54,27,50,27,50,5,9,2,4,10,19,9,17,9,17,1,2,9,17,9,17,3,2,6,5,4,1,3,3,2,0,4,4,5,0,6,6
2000,7,LVDPA0752,217,102,47,115,53,18,8,41,19,38,18,23,11,33,15,23,11,28,13,13,6,8,22,18,12,17,13,12,0,10,19,20,11,16,10,16,13
2000,7,LVDPA0753,77,38,49,39,51,3,4,7,9,13,17,9,12,13,17,13,17,9,12,10,13,2,3,8,5,7,6,4,3,1,4,5,4,6,7,5,7
2000,7,LVDPA0754,95,45,47,50,53,4,4,17,18,12,13,17,18,7,7,10,11,8,8,20,21,3,8,7,8,5,3,3,8,1,9,5,9,2,7,5,12
2000,7,LVDPA0755,129,59,46,70,54,6,5,25,19,23,18,15,12,22,17,12,9,16,12,10,8,3,11,14,7,11,5,7,1,3,14,9,8,11,7,9,9
2000,7,LVDPA0756,327,163,50,164,50,32,10,46,14,46,14,52,16,53,16,33,10,25,8,40,12,20,31,23,25,27,15,8,14,12,15,23,27,26,18,17,26
2000,7,LVDPA0757,428,209,49,219,51,59,14,97,23,59,14,54,13,60,14,45,11,19,4,35,8,31,57,28,20,36,19,11,7,28,40,31,34,24,26,8,28
2000,7,LVDPA0758,542,255,47,287,53,36,7,114,21,84,15,62,11,118,22,41,8,43,8,44,8,19,55,47,30,54,24,17,9,17,59,37,32,64,17,26,35
2000,7,LVDPA0759,132,70,53,62,47,8,6,22,17,21,16,19,14,17,13,15,11,18,14,12,9,7,13,11,9,8,11,7,4,1,9,10,10,9,4,11,8
2000,7,LVDPA0760,268,131,49,137,51,23,9,48,18,39,15,40,15,49,18,28,10,25,9,16,6,12,24,16,22,27,12,12,6,11,24,23,18,22,16,13,10
2000,7,LVDPA0761,248,108,44,140,56,19,8,35,14,46,19,23,9,50,20,28,11,20,8,27,11,13,13,18,10,23,14,8,9,6,22,28,13,27,14,12,18
2000,7,LVDPA0762,77,35,45,42,55,6,8,8,10,11,14,12,16,12,16,4,5,10,13,14,18,2,3,5,8,5,1,5,6,4,5,6,4,7,3,5,8
2000,7,LVDPA0763,245,118,48,127,52,12,5,44,18,40,16,34,14,45,18,14,6,33,13,23,9,5,22,22,20,22,7,13,7,7,22,18,14,23,7,20,16
2000,7,LVDPA0764,240,109,45,131,55,19,8,35,15,26,11,36,15,40,17,22,9,34,14,28,12,9,13,15,14,19,12,14,13,10,22,11,22,21,10,20,15
2000,7,LVDPA0765,164,81,49,83,51,18,11,30,18,33,20,16,10,33,20,14,9,10,6,10,6,9,12,21,9,16,9,5,0,9,18,12,7,17,5,5,10
2000,7,LVDPA0766,363,171,47,192,53,38,10,68,19,45,12,52,14,55,15,28,8,39,11,38,10,19,34,26,25,27,12,14,14,19,34,19,27,28,16,25,24
2000,7,LVDPA0767,80,42,53,38,48,3,4,9,11,19,24,6,8,15,19,5,6,8,10,15,19,3,4,14,5,7,3,3,3,0,5,5,1,8,2,5,12
2000,7,LVDPA0768,143,69,48,74,52,10,7,21,15,21,15,15,10,22,15,12,8,20,14,22,15,7,6,13,10,9,7,10,7,3,15,8,5,13,5,10,15
2000,7,LVDPA0769,148,66,45,82,55,10,7,26,18,25,17,18,12,23,16,14,9,21,14,11,7,5,10,10,8,13,4,10,6,5,16,15,10,10,10,11,5
2000,7,LVDPA0770,129,62,48,67,52,10,8,16,12,19,15,17,13,15,12,15,12,17,13,20,16,4,6,13,10,7,9,8,5,6,10,6,7,8,6,9,15
2000,7,LVDPA0771,93,47,51,46,49,6,6,12,13,15,16,14,15,9,10,7,8,10,11,20,22,2,8,12,6,5,2,8,4,4,4,3,8,4,5,2,16
2000,7,LVDPA0772,1243,584,47,659,53,147,12,194,16,165,13,243,20,175,14,125,10,121,10,73,6,66,98,79,118,90,57,53,23,81,96,86,125,85,68,68,50
2000,7,LVDPA0773,118,56,47,62,53,4,3,16,14,18,15,15,13,19,16,20,17,16,14,10,8,1,8,10,7,11,10,7,2,3,8,8,8,8,10,9,8
2000,7,LVDPA0774,93,38,41,55,59,5,5,10,11,8,9,13,14,12,13,12,13,8,9,25,27,2,4,2,7,8,7,1,7,3,6,6,6,4,5,7,18
2000,7,LVDPA0775,506,234,46,272,54,40,8,87,17,79,16,64,13,86,17,39,8,48,9,63,12,20,39,42,34,39,18,18,24,20,48,37,30,47,21,30,39
2000,7,LVDPA0776,168,81,48,87,52,11,7,45,27,20,12,34,20,26,15,14,8,12,7,6,4,7,23,11,17,11,6,6,0,4,22,9,17,15,8,6,6
2000,7,LVDPA0777,496,233,47,263,53,46,9,101,20,79,16,61,12,59,12,57,11,49,10,44,9,25,53,40,26,27,28,24,10,21,48,39,35,32,29,25,34
2000,7,LVDPA0778,83,37,45,46,55,5,6,12,14,13,16,11,13,8,10,14,17,13,16,7,8,1,5,6,6,3,8,6,2,4,7,7,5,5,6,7,5
2000,7,LVDPA0779,62,33,53,29,47,6,10,10,16,6,10,11,18,4,6,10,16,8,13,7,11,3,8,3,6,2,7,2,2,3,2,3,5,2,3,6,5
2000,7,LVDPA0780,113,50,44,63,56,9,8,21,19,8,7,20,18,10,9,13,12,15,13,17,15,5,11,5,8,4,8,4,5,4,10,3,12,6,5,11,12
2000,7,LVDPA0781,410,195,48,215,52,23,6,59,14,69,17,51,12,76,19,59,14,41,10,32,8,14,29,32,30,37,27,18,8,9,30,37,21,39,32,23,24
2000,7,LVDPA0782,238,119,50,119,50,23,10,35,15,34,14,41,17,39,16,26,11,21,9,19,8,13,21,17,21,20,14,8,5,10,14,17,20,19,12,13,14
2000,7,LVDPA0783,305,147,48,158,52,26,9,37,12,53,17,43,14,43,14,31,10,37,12,35,11,10,20,31,25,22,15,14,10,16,17,22,18,21,16,23,25
2000,7,LVDPA0784,250,127,51,123,49,18,7,36,14,51,20,33,13,43,17,26,10,15,6,28,11,11,22,23,17,22,14,9,9,7,14,28,16,21,12,6,19
2000,7,LVDPA0785,270,131,49,139,51,17,6,27,10,40,15,27,10,37,14,31,11,41,15,50,19,12,15,24,14,18,16,15,17,5,12,16,13,19,15,26,33
2000,7,LVDPA0786,251,131,52,120,48,22,9,47,19,42,17,23,9,53,21,27,11,19,8,18,7,12,28,23,11,27,14,12,4,10,19,19,12,26,13,7,14
2000,7,LVDPA0787,66,30,45,36,55,7,11,6,9,9,14,10,15,5,8,8,12,11,17,10,15,3,2,4,7,2,4,5,3,4,4,5,3,3,4,6,7
2000,7,LVDPA0788,517,251,49,266,51,54,10,82,16,78,15,87,17,74,14,47,9,51,10,44,9,33,47,38,38,33,21,24,17,21,35,40,49,41,26,27,27
2000,7,LVDPA0789,217,102,47,115,53,13,6,48,22,34,16,24,11,45,21,14,6,17,8,22,10,5,28,17,13,21,7,5,6,8,20,17,11,24,7,12,16
2000,7,LVDPA0790,249,115,46,134,54,35,14,50,20,26,10,47,19,44,18,14,6,17,7,16,6,20,20,14,24,22,7,5,3,15,30,12,23,22,7,12,13
2000,7,LVDPA0791,341,163,48,178,52,27,8,60,18,53,16,51,15,51,15,32,9,31,9,36,11,13,25,31,27,26,16,13,12,14,35,22,24,25,16,18,24
2000,7,LVDPA0792,305,140,46,165,54,24,8,64,21,47,15,51,17,51,17,25,8,24,8,19,6,7,33,20,23,27,13,10,7,17,31,27,28,24,12,14,12
2000,7,LVDPA0793,222,102,46,120,54,12,5,26,12,32,14,29,13,31,14,22,10,35,16,35,16,5,13,18,19,13,10,12,12,7,13,14,10,18,12,23,23
2000,7,LVDPA0794,58,30,52,28,48,4,7,11,19,5,9,7,12,8,14,9,16,6,10,8,14,3,5,2,5,2,8,3,2,1,6,3,2,6,1,3,6
2000,7,LVDPA0795,309,153,50,156,50,27,9,49,16,44,14,42,14,45,15,37,12,31,10,34,11,14,28,29,21,20,18,13,10,13,21,15,21,25,19,18,24
2000,7,LVDPA0796,345,167,48,178,52,31,9,71,21,53,15,55,16,50,14,33,10,18,5,34,10,16,34,28,29,27,17,6,10,15,37,25,26,23,16,12,24
2000,7,LVDPA0797,104,48,46,56,54,2,2,14,13,7,7,9,9,14,13,14,13,15,14,29,28,1,5,4,3,9,7,8,11,1,9,3,6,5,7,7,18
2000,7,LVDPA0798,114,59,52,55,48,10,9,13,11,24,21,9,8,19,17,13,11,11,10,15,13,6,8,13,3,11,7,3,8,4,5,11,6,8,6,8,7
2000,7,LVDPA0799,121,62,51,59,49,6,5,20,17,19,16,25,21,13,11,9,7,14,12,15,12,5,11,8,19,6,4,6,3,1,9,11,6,7,5,8,12
2000,7,LVDPA0800,246,120,49,126,51,12,5,21,9,41,17,25,10,31,13,29,12,37,15,50,20,4,11,25,14,17,13,16,20,8,10,16,11,14,16,21,30
2000,7,LVDPA0801,54,27,50,27,50,5,9,8,15,5,9,7,13,5,9,4,7,8,15,12,22,4,4,3,4,3,2,3,4,1,4,2,3,2,2,5,8
2000,7,LVDPA0802,217,105,48,112,52,23,11,39,18,43,20,26,12,38,18,23,11,17,8,8,4,16,15,22,12,20,13,5,2,7,24,21,14,18,10,12,6
2000,7,LVDPA0803,112,55,49,57,51,17,15,13,12,16,14,17,15,16,14,11,10,9,8,13,12,12,6,8,9,9,4,4,3,5,7,8,8,7,7,5,10
2000,7,LVDPA0804,93,42,45,51,55,7,8,14,15,11,12,16,17,14,15,7,8,7,8,17,18,4,4,8,8,6,4,3,5,3,10,3,8,8,3,4,12
2000,7,LVDPA0805,121,58,48,63,52,10,8,20,17,17,14,17,14,16,13,15,12,12,10,14,12,6,11,6,9,9,7,6,4,4,9,11,8,7,8,6,10
2000,7,LVDPA0806,172,80,47,92,53,10,6,21,12,33,19,18,10,22,13,20,12,24,14,24,14,5,13,15,9,10,9,8,11,5,8,18,9,12,11,16,13
2000,7,LVDPA0807,293,137,47,156,53,28,10,55,19,43,15,40,14,46,16,29,10,28,10,24,8,15,29,23,15,25,12,12,6,13,26,20,25,21,17,16,18
2000,7,LVDPA0808,53,26,49,27,51,1,2,6,11,11,21,7,13,6,11,12,23,5,9,5,9,0,2,6,5,2,8,3,0,1,4,5,2,4,4,2,5
2000,7,LVDPA0809,427,211,49,216,51,29,7,70,16,53,12,65,15,86,20,38,9,36,8,50,12,13,36,31,35,48,21,15,12,16,34,22,30,38,17,21,38
2000,7,LVDPA0810,122,60,49,62,51,12,10,26,21,20,16,19,16,18,15,13,11,8,7,6,5,6,14,9,10,12,5,3,1,6,12,11,9,6,8,5,5
2000,7,LVDPA0811,79,43,54,36,46,3,4,11,14,14,18,9,11,10,13,8,10,19,24,5,6,2,9,10,5,2,5,8,2,1,2,4,4,8,3,11,3
2000,7,LVDPA0812,234,109,47,125,53,12,5,24,10,41,18,20,9,41,18,42,18,25,11,29,12,4,10,19,12,19,22,17,6,8,14,22,8,22,20,8,23
2000,7,LVDPA0813,54,28,52,26,48,6,11,10,19,7,13,12,22,6,11,2,4,7,13,4,7,4,7,3,7,4,0,3,0,2,3,4,5,2,2,4,4
2000,7,LVDPA0814,215,97,45,118,55,24,11,38,18,42,20,22,10,33,15,21,10,21,10,14,7,7,19,20,10,19,10,8,4,17,19,22,12,14,11,13,10
2000,7,LVDPA0815,103,52,50,51,50,4,4,21,20,19,18,13,13,16,16,10,10,13,13,7,7,2,13,11,6,8,5,4,3,2,8,8,7,8,5,9,4
2000,7,LVDPA0816,79,39,49,40,51,10,13,12,15,9,11,13,16,9,11,9,11,10,13,7,9,5,7,5,5,6,3,6,2,5,5,4,8,3,6,4,5
2000,7,LVDPA0817,132,68,52,64,48,6,5,18,14,25,19,16,12,21,16,18,14,15,11,13,10,4,9,15,10,11,7,7,5,2,9,10,6,10,11,8,8
2000,7,LVDPA0818,236,118,50,118,50,22,9,35,15,33,14,34,14,34,14,32,14,26,11,20,8,16,20,18,16,18,18,9,3,6,15,15,18,16,14,17,17
2000,7,LVDPA0819,416,185,44,231,56,50,12,74,18,78,19,71,17,59,14,34,8,27,6,23,6,21,30,38,37,26,16,11,6,29,44,40,34,33,18,16,17
2000,7,LVDPA0820,58,25,43,33,57,4,7,6,10,4,7,4,7,4,7,5,9,13,22,18,31,2,3,2,1,3,3,4,7,2,3,2,3,1,2,9,11
2000,7,LVDPA0821,104,51,49,53,51,10,10,19,18,19,18,14,13,11,11,16,15,6,6,9,9,5,7,11,8,5,9,3,3,5,12,8,6,6,7,3,6
2000,7,LVDPA0822,532,246,46,286,54,34,6,86,16,77,14,63,12,71,13,43,8,67,13,91,17,18,38,36,38,38,23,25,30,16,48,41,25,33,20,42,61
2000,7,LVDPA0823,75,31,41,44,59,7,9,10,13,13,17,9,12,6,8,10,13,6,8,14,19,5,2,6,4,3,5,2,4,2,8,7,5,3,5,4,10
2000,7,LVDPA0824,1426,656,46,770,54,100,7,169,12,179,13,255,18,187,13,167,12,217,15,152,11,53,87,91,132,87,65,92,49,47,82,88,123,100,102,125,103
2000,7,LVDPA0825,145,72,50,73,50,11,8,29,20,22,15,19,13,21,14,14,10,8,6,21,14,8,13,15,8,11,8,4,5,3,16,7,11,10,6,4,16
2000,7,LVDPA0826,79,35,44,44,56,9,11,7,9,8,10,9,11,11,14,7,9,16,20,12,15,3,2,3,5,7,4,7,4,6,5,5,4,4,3,9,8
2000,7,LVDPA0827,240,106,44,134,56,25,10,45,19,34,14,42,18,41,17,23,10,14,6,16,7,11,16,18,24,19,11,5,2,14,29,16,18,22,12,9,14
2000,7,LVDPA0828,365,171,47,194,53,27,7,68,19,54,15,53,15,50,14,39,11,36,10,38,10,14,30,30,26,27,20,13,11,13,38,24,27,23,19,23,27
2000,7,LVDPA0829,51,22,43,29,57,8,16,8,16,5,10,11,22,5,10,4,8,6,12,4,8,5,5,1,4,3,1,1,2,3,3,4,7,2,3,5,2
2000,7,LVDPA0830,201,91,45,110,55,11,5,35,17,27,13,29,14,29,14,21,10,19,9,30,15,8,17,14,14,16,10,6,6,3,18,13,15,13,11,13,24
2000,7,LVDPA0831,98,44,45,54,55,5,5,16,16,15,15,11,11,16,16,9,9,10,10,16,16,2,8,8,5,9,5,5,2,3,8,7,6,7,4,5,14
2000,7,LVDPA0832,158,77,49,81,51,10,6,30,19,24,15,21,13,25,16,20,13,17,11,11,7,9,13,11,10,14,10,9,1,1,17,13,11,11,10,8,10
2000,7,LVDPA0833,124,64,52,60,48,10,8,9,7,23,19,16,13,15,12,22,18,17,14,12,10,6,7,14,11,6,9,7,4,4,2,9,5,9,13,10,8
2000,7,LVDPA0834,113,56,50,57,50,5,4,22,19,28,25,17,15,16,14,12,11,1,1,12,11,4,11,14,11,10,4,0,2,1,11,14,6,6,8,1,10
2000,7,LVDPA0835,249,116,47,133,53,16,6,40,16,36,14,36,14,35,14,26,10,25,10,35,14,7,22,19,17,21,9,12,9,9,18,17,19,14,17,13,26
2000,7,LVDPA0836,165,77,47,88,53,11,7,12,7,26,16,18,11,28,17,9,5,22,13,39,24,8,5,11,13,15,7,7,11,3,7,15,5,13,2,15,28
2000,7,LVDPA0837,96,51,53,45,47,10,10,10,10,12,13,16,17,15,16,10,10,13,14,10,10,4,4,7,10,8,6,6,6,6,6,5,6,7,4,7,4
2000,7,LVDPA0838,65,29,45,36,55,8,12,10,15,4,6,10,15,10,15,2,3,4,6,17,26,3,4,1,6,5,1,3,6,5,6,3,4,5,1,1,11
2000,7,LVDPA0839,61,28,46,33,54,5,8,7,11,10,16,9,15,7,11,5,8,10,16,8,13,2,3,4,3,4,3,6,3,3,4,6,6,3,2,4,5
2000,7,LVDPA0840,60,28,47,32,53,4,7,2,3,7,12,5,8,4,7,11,18,12,20,15,25,2,2,4,3,2,5,5,5,2,0,3,2,2,6,7,10
2000,7,LVDPA0841,56,27,48,29,52,2,4,8,14,4,7,5,9,8,14,9,16,6,11,14,25,2,2,2,3,5,7,3,3,0,6,2,2,3,2,3,11
2000,7,LVDPA0842,229,112,49,117,51,16,7,40,17,29,13,36,16,32,14,25,11,23,10,28,12,8,25,18,19,12,11,13,6,8,15,11,17,20,14,10,22
2000,7,LVDPA0843,52,25,48,27,52,2,4,7,13,3,6,7,13,10,19,7,13,6,12,10,19,1,4,2,2,6,5,3,2,1,3,1,5,4,2,3,8
2000,7,LVDPA0844,149,76,51,73,49,11,7,22,15,15,10,28,19,22,15,12,8,19,13,20,13,7,13,8,14,11,7,10,6,4,9,7,14,11,5,9,14
2000,7,LVDPA0845,53,23,43,30,57,5,9,5,9,9,17,7,13,8,15,6,11,6,11,7,13,3,2,2,4,3,3,5,1,2,3,7,3,5,3,1,6
2000,7,LVDPA0846,55,30,55,25,45,5,9,3,5,14,25,9,16,3,5,5,9,9,16,7,13,3,2,9,6,1,2,5,2,2,1,5,3,2,3,4,5
2000,7,LVDPA0847,237,104,44,133,56,21,9,42,18,45,19,36,15,26,11,29,12,17,7,21,9,6,22,16,21,10,16,8,5,15,20,29,15,16,13,9,16
2000,7,LVDPA0848,67,33,49,34,51,4,6,4,6,15,22,7,10,13,19,11,16,6,9,7,10,2,1,10,5,6,6,3,0,2,3,5,2,7,5,3,7
2000,7,LVDPA0849,142,63,44,79,56,8,6,12,8,18,13,17,12,29,20,20,14,23,16,15,11,4,6,9,5,14,11,14,0,4,6,9,12,15,9,9,15
2000,7,LVDPA0850,339,157,46,182,54,28,8,54,16,64,19,41,12,49,14,38,11,33,10,32,9,10,28,37,20,24,16,14,8,18,26,27,21,25,22,19,24
2000,7,LVDPA0851,55,31,56,24,44,4,7,7,13,7,13,5,9,9,16,4,7,11,20,8,15,2,3,6,2,6,3,5,4,2,4,1,3,3,1,6,4
2000,7,LVDPA0852,238,111,47,127,53,21,9,55,23,21,9,42,18,34,14,15,6,21,9,29,12,11,23,12,17,17,8,12,11,10,32,9,25,17,7,9,18
2000,7,LVDPA0853,69,32,46,37,54,10,14,7,10,6,9,14,20,3,4,5,7,12,17,12,17,4,5,5,7,2,2,5,2,6,2,1,7,1,3,7,10
2000,7,LVDPA0854,157,77,49,80,51,8,5,30,19,15,10,22,14,27,17,20,13,15,10,20,13,5,14,8,13,15,9,4,9,3,16,7,9,12,11,11,11
2000,7,LVDPA0855,170,73,43,97,57,14,8,28,16,24,14,31,18,26,15,12,7,20,12,15,9,6,12,13,12,14,6,6,4,8,16,11,19,12,6,14,11
2000,7,LVDPA0856,221,110,50,111,50,19,9,25,11,32,14,25,11,17,8,30,14,37,17,36,16,11,16,18,9,11,14,17,14,8,9,14,16,6,16,20,22
2000,7,LVDPA0857,138,63,46,75,54,6,4,15,11,25,18,17,12,10,7,14,10,20,14,31,22,4,5,14,12,4,6,10,8,2,10,11,5,6,8,10,23
2000,7,LVDPA0858,290,135,47,155,53,22,8,44,15,52,18,35,12,46,16,25,9,31,11,35,12,10,24,26,17,20,12,13,13,12,20,26,18,26,13,18,22
2000,7,LVDPA0859,141,66,47,75,53,12,9,9,6,22,16,19,13,18,13,18,13,16,11,27,19,7,3,13,10,9,9,8,7,5,6,9,9,9,9,8,20
2000,7,LVDPA0860,855,397,46,458,54,77,9,95,11,114,13,105,12,136,16,90,11,112,13,126,15,44,45,51,56,80,42,37,42,33,50,63,49,56,48,75,84
2000,7,LVDPA0861,66,35,53,31,47,4,6,11,17,12,18,7,11,8,12,7,11,9,14,8,12,3,9,4,5,3,4,4,3,1,2,8,2,5,3,5,5
2000,7,LVDPA0862,172,88,51,84,49,14,8,35,20,16,9,21,12,16,9,8,5,24,14,37,22,9,26,7,12,10,2,11,10,5,9,9,9,6,6,13,27
2000,7,LVDPA0863,96,42,44,54,56,5,5,17,18,11,11,12,13,11,11,15,16,9,9,16,17,4,6,6,7,6,7,4,2,1,11,5,5,5,8,5,14
2000,7,LVDPA0864,59,31,53,28,47,4,7,5,8,7,12,3,5,13,22,7,12,4,7,16,27,4,4,4,2,8,3,1,5,0,1,3,1,5,4,3,11
2000,7,LVDPA0865,56,28,50,28,50,7,13,4,7,9,16,5,9,8,14,3,5,10,18,10,18,4,3,4,4,5,2,3,3,3,1,5,1,3,1,7,7
2000,7,LVDPA0866,237,107,45,130,55,22,9,45,19,29,12,44,19,32,14,25,11,23,10,17,7,9,20,17,17,19,11,10,4,13,25,12,27,13,14,13,13
2000,7,LVDPA0867,129,64,50,65,50,11,9,18,14,21,16,21,16,24,19,9,7,12,9,13,10,8,9,11,14,10,5,1,6,3,9,10,7,14,4,11,7
2000,7,LVDPA0868,50,26,52,24,48,3,6,5,10,9,18,7,14,4,8,5,10,10,20,7,14,0,5,7,3,2,2,5,2,3,0,2,4,2,3,5,5
2000,7,LVDPA0869,152,78,51,74,49,14,9,25,16,18,12,31,20,19,13,12,8,18,12,15,10,8,15,13,13,11,5,8,5,6,10,5,18,8,7,10,10
2000,7,LVDPA0870,68,30,44,38,56,8,12,9,13,5,7,12,18,9,13,7,10,7,10,11,16,3,4,1,7,5,4,3,3,5,5,4,5,4,3,4,8
2000,7,LVDPA0871,77,37,48,40,52,5,6,3,4,18,23,6,8,10,13,11,14,14,18,10,13,1,3,11,2,5,6,6,3,4,0,7,4,5,5,8,7
2000,7,LVDPA0872,117,60,51,57,49,5,4,16,14,23,20,9,8,17,15,22,19,9,8,16,14,3,10,15,5,10,10,4,3,2,6,8,4,7,12,5,13
2000,7,LVDPA0873,165,74,45,91,55,22,13,25,15,21,13,28,17,15,9,13,8,21,13,20,12,7,16,8,13,7,7,9,7,15,9,13,15,8,6,12,13
2000,7,LVDPA0874,382,184,48,198,52,23,6,50,13,68,18,42,11,63,16,49,13,48,13,39,10,14,22,36,21,37,24,16,14,9,28,32,21,26,25,32,25
2000,7,LVDPA0875,111,55,50,56,50,6,5,24,22,14,13,11,10,21,19,8,7,12,11,15,14,3,13,7,6,9,6,4,7,3,11,7,5,12,2,8,8
2000,7,LVDPA0876,472,203,43,269,57,34,7,66,14,76,16,58,12,83,18,46,10,50,11,59,13,15,31,32,30,39,25,12,19,19,35,44,28,44,21,38,40
2000,7,LVDPA0877,175,84,48,91,52,11,6,28,16,22,13,24,14,39,22,18,10,10,6,23,13,3,16,14,9,23,10,3,6,8,12,8,15,16,8,7,17
2000,7,LVDPA0878,266,117,44,149,56,13,5,49,18,46,17,40,15,31,12,39,15,27,10,21,8,7,21,22,18,13,18,11,7,6,28,24,22,18,21,16,14
2000,7,LVDPA0879,57,29,51,28,49,0,0,10,18,8,14,7,12,10,18,5,9,6,11,11,19,0,6,5,3,7,2,4,2,0,4,3,4,3,3,2,9
2000,7,LVDPA0880,354,165,47,189,53,27,8,60,17,59,17,47,13,60,17,39,11,33,9,29,8,15,20,29,24,29,22,14,12,12,40,30,23,31,17,19,17
2000,7,LVDPA0881,286,135,47,151,53,21,7,47,16,53,19,39,14,47,16,34,12,25,9,20,7,9,24,27,21,26,16,8,4,12,23,26,18,21,18,17,16
2000,7,LVDPA0882,57,32,56,25,44,3,5,14,25,10,18,9,16,8,14,4,7,3,5,6,11,2,9,4,5,5,3,3,1,1,5,6,4,3,1,0,5
2000,7,LVDPA0883,50,20,40,30,60,1,2,10,20,2,4,9,18,5,10,5,10,8,16,10,20,1,3,1,3,3,2,5,2,0,7,1,6,2,3,3,8
2000,7,LVDPA0884,60,34,57,26,43,1,2,4,7,18,30,3,5,6,10,12,20,9,15,7,12,0,2,14,3,4,5,4,2,1,2,4,0,2,7,5,5
2000,7,LVDPA0885,73,34,47,39,53,1,1,8,11,8,11,9,12,9,12,16,22,5,7,17,23,0,4,5,5,7,8,2,3,1,4,3,4,2,8,3,14
2000,7,LVDPA0886,97,47,48,50,52,5,5,19,20,9,9,21,22,17,18,7,7,13,13,6,6,3,6,3,10,11,6,7,1,2,13,6,11,6,1,6,5
2000,7,LVDPA0887,348,171,49,177,51,11,3,41,12,58,17,41,12,60,17,40,11,34,10,63,18,3,26,34,25,33,17,15,18,8,15,24,16,27,23,19,45
2000,7,LVDPA0888,193,86,45,107,55,18,9,38,20,34,18,24,12,33,17,18,9,13,7,15,8,8,17,16,12,14,9,7,3,10,21,18,12,19,9,6,12
2000,7,LVDPA0889,75,30,40,45,60,11,15,15,20,6,8,12,16,7,9,6,8,9,12,9,12,4,8,2,4,5,3,3,1,7,7,4,8,2,3,6,8
2000,7,LVDPA0890,135,74,55,61,45,5,4,14,10,13,10,15,11,20,15,19,14,19,14,30,22,4,8,8,9,12,10,10,13,1,6,5,6,8,9,9,17
2000,7,LVDPA0891,576,280,49,296,51,48,8,95,16,92,16,90,16,84,15,49,9,60,10,58,10,26,49,46,48,46,25,22,18,22,46,46,42,38,24,38,40
2000,7,LVDPA0892,105,48,46,57,54,6,6,16,15,21,20,16,15,12,11,12,11,8,8,14,13,4,8,10,8,4,6,4,4,2,8,11,8,8,6,4,10
2000,7,LVDPA0893,85,41,48,44,52,7,8,18,21,6,7,6,7,13,15,4,5,18,21,13,15,4,8,3,6,6,3,7,4,3,10,3,0,7,1,11,9
2000,7,LVDPA0894,50,23,46,27,54,3,6,5,10,3,6,6,12,11,22,3,6,4,8,15,30,1,2,1,3,7,2,1,6,2,3,2,3,4,1,3,9
2000,7,LVDPA0895,411,186,45,225,55,9,2,13,3,21,5,48,12,40,10,68,17,80,19,132,32,6,4,9,28,17,32,36,54,3,9,12,20,23,36,44,78
2000,7,LVDPA0896,435,217,50,218,50,47,11,61,14,77,18,55,13,67,15,46,11,43,10,39,9,31,32,35,29,35,21,25,9,16,29,42,26,32,25,18,30
2000,7,LVDPA0897,262,125,48,137,52,27,10,34,13,39,15,39,15,33,13,27,10,32,12,31,12,10,23,15,22,19,12,12,12,17,11,24,17,14,15,20,19
2000,7,LVDPA0898,431,210,49,221,51,36,8,88,20,71,16,51,12,80,19,37,9,39,9,29,7,17,48,35,25,42,21,13,9,19,40,36,26,38,16,26,20
2000,7,LVDPA0899,91,45,49,46,51,7,8,16,18,17,19,9,10,14,15,10,11,7,8,11,12,3,6,10,7,7,7,3,2,4,10,7,2,7,3,4,9
2000,7,LVDPA0900,219,103,47,116,53,13,6,50,23,25,11,28,13,49,22,16,7,15,7,23,11,9,25,9,12,26,6,6,10,4,25,16,16,23,10,9,13
2000,7,LVDPA0901,134,56,42,78,58,15,11,18,13,14,10,22,16,16,12,6,4,23,17,20,15,4,9,7,10,7,3,11,5,11,9,7,12,9,3,12,15
2000,7,LVDPA0902,62,27,44,35,56,12,19,5,8,7,11,11,18,9,15,1,2,11,18,6,10,5,2,4,4,5,1,5,1,7,3,3,7,4,0,6,5
2000,7,LVDPA0903,77,39,51,38,49,5,6,13,17,10,13,14,18,6,8,10,13,7,9,12,16,5,7,6,7,2,5,4,3,0,6,4,7,4,5,3,9
2000,7,LVDPA0904,65,37,57,28,43,6,9,12,18,8,12,13,20,3,5,7,11,11,17,5,8,5,5,4,9,1,4,7,2,1,7,4,4,2,3,4,3
2000,7,LVDPA0905,253,119,47,134,53,11,4,32,13,49,19,30,12,43,17,37,15,28,11,23,9,4,16,25,15,23,18,13,5,7,16,24,15,20,19,15,18
2000,7,LVDPA0906,87,45,52,42,48,7,8,9,10,15,17,15,17,9,10,9,10,15,17,8,9,4,4,6,11,6,2,9,3,3,5,9,4,3,7,6,5
2000,7,LVDPA0907,56,30,54,26,46,3,5,10,18,10,18,4,7,7,13,8,14,10,18,4,7,1,6,4,4,4,4,6,1,2,4,6,0,3,4,4,3
2000,7,LVDPA0908,279,126,45,153,55,12,4,31,11,38,14,37,13,44,16,31,11,32,11,54,19,6,14,20,17,22,16,14,17,6,17,18,20,22,15,18,37
2000,7,LVDPA0909,274,145,53,129,47,34,12,38,14,48,18,34,12,38,14,25,9,23,8,34,12,24,26,28,18,19,10,9,11,10,12,20,16,19,15,14,23
2000,7,LVDPA0910,596,270,45,326,55,33,6,84,14,103,17,71,12,78,13,52,9,70,12,105,18,17,44,62,35,28,27,27,30,16,40,41,36,50,25,43,75
2000,7,LVDPA0911,62,39,63,23,37,3,5,7,11,10,16,5,8,14,23,7,11,9,15,7,11,2,7,7,4,8,4,4,3,1,0,3,1,6,3,5,4
2000,7,LVDPA0912,83,40,48,43,52,12,14,13,16,14,17,11,13,12,14,5,6,9,11,7,8,5,7,4,6,7,3,6,2,7,6,10,5,5,2,3,5
2000,7,LVDPA0913,366,180,49,186,51,35,10,76,21,45,12,52,14,55,15,30,8,34,9,39,11,22,46,23,23,30,12,13,11,13,30,22,29,25,18,21,28
2000,7,LVDPA0914,147,70,48,77,52,9,6,21,14,20,14,29,20,26,18,16,11,10,7,16,11,7,7,11,15,12,9,6,3,2,14,9,14,14,7,4,13
2000,7,LVDPA0915,237,110,46,127,54,23,10,46,19,38,16,38,16,39,16,21,9,13,5,19,8,11,24,17,17,21,9,4,7,12,22,21,21,18,12,9,12
2000,7,LVDPA0916,189,90,48,99,52,16,8,20,11,23,12,30,16,18,10,15,8,23,12,44,23,9,12,13,14,12,6,11,13,7,8,10,16,6,9,12,31
2000,7,LVDPA0917,59,28,47,31,53,2,3,6,10,8,14,7,12,6,10,9,15,6,10,15,25,1,3,4,4,3,4,4,5,1,3,4,3,3,5,2,10
2000,7,LVDPA0918,65,34,52,31,48,3,5,7,11,5,8,6,9,9,14,10,15,11,17,14,22,2,3,3,3,5,6,6,6,1,4,2,3,4,4,5,8
2000,7,LVDPA0919,306,149,49,157,51,15,5,45,15,44,14,43,14,40,13,40,13,38,12,41,13,7,23,24,21,24,20,19,11,8,22,20,22,16,20,19,30
2000,7,LVDPA0920,137,69,50,68,50,14,10,22,16,16,12,20,15,23,17,5,4,13,9,24,18,6,14,8,8,17,2,6,8,8,8,8,12,6,3,7,16
2000,7,LVDPA0921,676,324,48,352,52,53,8,98,14,119,18,98,14,100,15,87,13,64,9,57,8,26,58,63,44,44,45,26,18,27,40,56,54,56,42,38,39
2000,7,LVDPA0922,193,91,47,102,53,13,7,28,15,38,20,25,13,28,15,13,7,20,10,28,15,6,13,20,11,15,7,10,9,7,15,18,14,13,6,10,19
2000,7,LVDPA0923,55,24,44,31,56,3,5,8,15,7,13,8,15,2,4,3,5,8,15,16,29,2,1,5,5,1,2,4,4,1,7,2,3,1,1,4,12
2000,7,LVDPA0924,51,30,59,21,41,3,6,9,18,10,20,4,8,8,16,6,12,5,10,6,12,1,7,6,2,3,6,3,2,2,2,4,2,5,0,2,4
2000,7,LVDPA0925,134,62,46,72,54,11,8,21,16,21,16,16,12,27,20,16,12,14,10,8,6,5,5,13,7,17,7,6,2,6,16,8,9,10,9,8,6
2000,7,LVDPA0926,186,93,50,93,50,12,6,25,13,36,19,19,10,27,15,30,16,15,8,22,12,6,17,20,8,12,14,10,6,6,8,16,11,15,16,5,16
2000,7,LVDPA0927,93,42,45,51,55,6,6,12,13,12,13,14,15,15,16,14,15,12,13,8,9,4,5,4,8,6,9,5,1,2,7,8,6,9,5,7,7
2000,7,LVDPA0928,228,104,46,124,54,23,10,44,19,34,15,19,8,41,18,21,9,24,11,22,10,11,25,16,10,18,12,9,3,12,19,18,9,23,9,15,19
2000,7,LVDPA0929,54,22,41,32,59,3,6,7,13,2,4,7,13,8,15,5,9,8,15,14,26,0,1,1,4,5,2,4,5,3,6,1,3,3,3,4,9
2000,7,LVDPA0930,63,29,46,34,54,12,19,6,10,11,17,5,8,7,11,6,10,8,13,8,13,6,5,3,3,3,3,5,1,6,1,8,2,4,3,3,7
2000,7,LVDPA0931,116,57,49,59,51,13,11,17,15,20,17,13,11,17,15,11,9,11,9,14,12,9,11,10,5,7,6,5,4,4,6,10,8,10,5,6,10
2000,7,LVDPA0932,66,34,52,32,48,3,5,14,21,4,6,8,12,11,17,7,11,5,8,14,21,2,8,3,4,6,4,2,5,1,6,1,4,5,3,3,9
2000,7,LVDPA0933,301,142,47,159,53,24,8,40,13,65,22,41,14,41,14,44,15,22,7,24,8,12,21,37,18,20,22,9,3,12,19,28,23,21,22,13,21
2000,7,LVDPA0934,53,25,47,28,53,4,8,6,11,8,15,5,9,7,13,5,9,8,15,10,19,4,2,4,1,3,2,6,3,0,4,4,4,4,3,2,7
2000,7,LVDPA0935,327,139,43,188,57,30,9,46,14,57,17,49,15,56,17,20,6,31,9,38,12,12,26,29,22,28,6,10,6,18,20,28,27,28,14,21,32
2000,7,LVDPA0936,70,39,56,31,44,4,6,17,24,5,7,6,9,11,16,7,10,8,11,12,17,2,12,4,1,6,6,4,4,2,5,1,5,5,1,4,8
2000,7,LVDPA0937,83,32,39,51,61,5,6,13,16,12,14,6,7,14,17,5,6,15,18,13,16,1,5,7,4,6,2,3,4,4,8,5,2,8,3,12,9
2000,7,LVDPA0938,68,32,47,36,53,7,10,6,9,11,16,9,13,7,10,10,15,12,18,6,9,4,2,6,5,3,6,4,2,3,4,5,4,4,4,8,4
2000,7,LVDPA0939,193,82,42,111,58,15,8,43,22,23,12,25,13,29,15,13,7,25,13,20,10,5,16,13,10,14,8,10,6,10,27,10,15,15,5,15,14
2000,7,LVDPA0940,51,24,47,27,53,6,12,4,8,3,6,9,18,5,10,3,6,8,16,13,25,0,4,2,5,3,1,4,5,6,0,1,4,2,2,4,8
2000,7,LVDPA0941,171,78,46,93,54,14,8,21,12,29,17,32,19,16,9,19,11,27,16,13,8,6,12,12,18,5,10,11,4,8,9,17,14,11,9,16,9
2000,7,LVDPA0942,233,113,48,120,52,5,2,10,4,25,11,32,14,31,13,39,17,49,21,42,18,1,7,11,19,15,26,23,11,4,3,14,13,16,13,26,31
2000,7,LVDPA0943,297,135,45,162,55,31,10,46,15,56,19,40,13,39,13,30,10,33,11,22,7,15,20,25,21,18,14,18,4,16,26,31,19,21,16,15,18
2000,7,LVDPA0944,90,45,50,45,50,4,4,15,17,10,11,6,7,14,16,16,18,11,12,14,16,4,8,5,2,9,9,5,3,0,7,5,4,5,7,6,11
2000,7,LVDPA0945,194,99,51,95,49,23,12,31,16,32,16,26,13,30,15,25,13,13,7,14,7,12,20,21,11,17,11,5,2,11,11,11,15,13,14,8,12
2000,7,LVDPA0946,57,26,46,31,54,5,9,7,12,7,12,7,12,8,14,9,16,6,11,8,14,3,2,3,4,5,3,3,3,2,5,4,3,3,6,3,5
2000,7,LVDPA0947,260,116,45,144,55,18,7,42,16,51,20,25,10,44,17,33,13,23,9,24,9,10,21,22,10,19,15,12,7,8,21,29,15,25,18,11,17
2000,7,LVDPA0948,177,85,48,92,52,26,15,26,15,17,10,42,24,30,17,9,5,15,8,12,7,13,14,5,23,15,5,5,5,13,12,12,19,15,4,10,7
2000,7,LVDPA0949,729,340,47,389,53,67,9,128,18,94,13,140,19,113,16,82,11,65,9,40,5,39,53,38,71,54,40,27,18,28,75,56,69,59,42,38,22
2000,7,LVDPA0950,114,55,48,59,52,9,8,19,17,13,11,19,17,16,14,9,8,17,15,12,11,6,12,5,11,9,2,8,2,3,7,8,8,7,7,9,10
2000,7,LVDPA0951,269,127,47,142,53,16,6,41,15,44,16,41,15,46,17,31,12,25,9,25,9,9,17,22,21,22,20,9,7,7,24,22,20,24,11,16,18
2000,7,LVDPA0952,771,360,47,411,53,74,10,121,16,103,13,140,18,98,13,93,12,67,9,75,10,32,65,52,69,44,44,29,25,42,56,51,71,54,49,38,50
2000,7,LVDPA0953,74,40,54,34,46,5,7,34,46,6,8,3,4,9,12,4,5,5,7,8,11,0,20,6,1,6,1,3,3,5,14,0,2,3,3,2,5
2000,7,LVDPA0954,71,36,51,35,49,10,14,10,14,16,23,7,10,9,13,7,10,8,11,4,6,5,6,9,4,4,4,2,2,5,4,7,3,5,3,6,2
2000,7,LVDPA0955,182,79,43,103,57,18,10,37,20,26,14,32,18,33,18,16,9,14,8,6,3,7,19,10,16,13,6,6,2,11,18,16,16,20,10,8,4
2000,7,LVDPA0956,83,40,48,43,52,8,10,18,22,16,19,11,13,9,11,4,5,10,12,7,8,5,8,10,4,5,2,4,2,3,10,6,7,4,2,6,5
2000,7,LVDPA0957,81,42,52,39,48,2,2,13,16,12,15,9,11,14,17,8,10,6,7,17,21,0,8,7,6,7,5,4,5,2,5,5,3,7,3,2,12
2000,7,LVDPA0958,52,22,42,30,58,3,6,2,4,6,12,6,12,5,10,8,15,9,17,13,25,1,0,5,3,2,4,4,3,2,2,1,3,3,4,5,10
2000,7,LVDPA0959,183,89,49,94,51,9,5,20,11,12,7,28,15,14,8,24,13,30,16,46,25,7,13,9,16,10,12,10,12,2,7,3,12,4,12,20,34
2000,7,LVDPA0960,97,44,45,53,55,10,10,17,18,17,18,10,10,14,14,13,13,10,10,6,6,8,6,6,4,10,5,3,2,2,11,11,6,4,8,7,4
2000,7,LVDPA0961,67,34,51,33,49,9,13,8,12,11,16,11,16,7,10,8,12,7,10,6,9,3,6,5,6,3,5,4,2,6,2,6,5,4,3,3,4
2000,7,LVDPA0962,74,32,43,42,57,10,14,8,11,10,14,11,15,9,12,4,5,7,9,15,20,4,5,4,4,6,2,2,5,6,3,6,7,3,2,5,10
2000,7,LVDPA0963,107,60,56,47,44,10,9,19,18,15,14,18,17,9,8,16,15,12,11,8,7,8,12,11,8,4,8,5,4,2,7,4,10,5,8,7,4
2000,7,LVDPA0964,73,29,40,44,60,4,5,8,11,5,7,12,16,3,4,7,10,17,23,17,23,2,5,1,4,2,4,7,4,2,3,4,8,1,3,10,13
2000,7,LVDPA0965,87,42,48,45,52,8,9,9,10,11,13,11,13,12,14,12,14,6,7,18,21,5,6,5,6,7,5,4,4,3,3,6,5,5,7,2,14
2000,7,LVDPA0966,58,25,43,33,57,6,10,15,26,8,14,8,14,11,19,2,3,2,3,6,10,3,5,5,4,5,2,1,0,3,10,3,4,6,0,1,6
2000,7,LVDPA0967,61,27,44,34,56,5,8,6,10,7,11,8,13,9,15,9,15,9,15,8,13,4,3,2,4,5,3,5,1,1,3,5,4,4,6,4,7
2000,7,LVDPA0968,107,53,50,54,50,8,7,28,26,16,15,12,11,24,22,5,5,9,8,5,5,4,12,8,7,12,3,5,2,4,16,8,5,12,2,4,3
2000,7,LVDPA0969,61,29,48,32,52,3,5,15,25,9,15,5,8,9,15,8,13,4,7,8,13,2,10,3,3,4,5,2,0,1,5,6,2,5,3,2,8
2000,7,LVDPA0970,79,34,43,45,57,6,8,14,18,13,16,11,14,9,11,5,6,10,13,11,14,3,4,5,7,6,2,4,3,3,10,8,4,3,3,6,8
2000,7,LVDPA0971,128,59,46,69,54,6,5,18,14,13,10,17,13,15,12,11,9,27,21,21,16,3,7,6,7,10,7,13,6,3,11,7,10,5,4,14,15
2000,7,LVDPA0972,296,137,46,159,54,22,7,55,19,48,16,43,15,38,13,28,9,35,12,27,9,11,28,28,17,15,15,16,7,11,27,20,26,23,13,19,20
2000,7,LVDPA0973,118,52,44,66,56,14,12,13,11,16,14,18,15,14,12,11,9,16,14,16,14,5,6,7,9,9,4,8,4,9,7,9,9,5,7,8,12
2000,7,LVDPA0974,130,61,47,69,53,8,6,19,15,22,17,15,12,20,15,18,14,6,5,22,17,0,13,12,8,10,7,2,9,8,6,10,7,10,11,4,13
2000,7,LVDPA0975,91,46,51,45,49,7,8,14,15,14,15,9,10,16,18,10,11,7,8,14,15,3,7,7,6,9,5,3,6,4,7,7,3,7,5,4,8
2000,7,LVDPA0976,55,28,51,27,49,6,11,10,18,11,20,7,13,6,11,6,11,3,5,6,11,5,4,5,5,2,4,0,3,1,6,6,2,4,2,3,3
2000,7,LVDPA0977,165,82,50,83,50,12,7,26,16,23,14,20,12,20,12,13,8,22,13,29,18,9,13,13,13,9,6,8,11,3,13,10,7,11,7,14,18
2000,7,LVDPA0978,104,50,48,54,52,10,10,7,7,12,12,15,14,14,13,13,13,10,10,23,22,6,4,8,7,7,6,4,8,4,3,4,8,7,7,6,15
2000,7,LVDPA0979,66,31,47,35,53,1,2,12,18,9,14,7,11,7,11,9,14,10,15,11,17,0,7,4,4,3,3,5,5,1,5,5,3,4,6,5,6
2000,7,LVDPA0980,57,27,47,30,53,8,14,9,16,5,9,15,26,5,9,5,9,5,9,5,9,2,5,4,9,2,1,3,1,6,4,1,6,3,4,2,4
2000,7,LVDPA0981,51,24,47,27,53,1,2,4,8,7,14,6,12,4,8,7,14,8,16,14,27,1,1,5,4,3,4,4,2,0,3,2,2,1,3,4,12
2000,7,LVDPA0982,96,46,48,50,52,10,10,7,7,7,7,22,23,6,6,10,10,13,14,21,22,5,4,2,13,1,6,6,9,5,3,5,9,5,4,7,12
2000,7,LVDPA0983,58,30,52,28,48,7,12,7,12,8,14,9,16,7,12,9,16,6,10,5,9,3,3,4,7,4,5,3,1,4,4,4,2,3,4,3,4
2000,7,LVDPA0984,70,33,47,37,53,6,9,11,16,5,7,13,19,7,10,8,11,6,9,14,20,3,4,1,8,4,3,2,8,3,7,4,5,3,5,4,6
2000,7,LVDPA0985,178,80,45,98,55,18,10,21,12,21,12,29,16,17,10,16,9,27,15,29,16,5,13,8,15,8,11,10,10,13,8,13,14,9,5,17,19
2000,7,LVDPA0986,86,45,52,41,48,7,8,13,15,15,17,9,10,17,20,8,9,5,6,12,14,5,9,10,3,9,3,2,4,2,4,5,6,8,5,3,8
2000,7,LVDPA0987,60,27,45,33,55,0,0,6,10,6,10,4,7,9,15,12,20,7,12,16,27,0,3,3,3,4,7,2,5,0,3,3,1,5,5,5,11
2000,7,LVDPA0988,171,85,50,86,50,10,6,31,18,20,12,26,15,34,20,15,9,22,13,13,8,6,17,13,13,17,8,7,4,4,14,7,13,17,7,15,9
2000,7,LVDPA0989,180,82,46,98,54,24,13,59,33,15,8,26,14,26,14,5,3,15,8,10,6,13,23,6,11,15,4,8,2,11,36,9,15,11,1,7,8
2000,7,LVDPA0990,220,105,48,115,52,29,13,46,21,37,17,31,14,34,15,20,9,9,4,14,6,12,22,25,13,18,9,3,3,17,24,12,18,16,11,6,11
2000,7,LVDPA0991,227,110,48,117,52,19,8,41,18,40,18,26,11,44,19,16,7,16,7,25,11,14,19,21,14,20,9,5,8,5,22,19,12,24,7,11,17
2000,7,LVDPA0992,171,71,42,100,58,17,10,36,21,25,15,22,13,30,18,15,9,13,8,13,8,5,21,5,12,14,5,5,4,12,15,20,10,16,10,8,9
2000,7,LVDPA0993,54,28,52,26,48,5,9,7,13,8,15,10,19,2,4,3,6,12,22,7,13,3,6,3,6,1,2,4,3,2,1,5,4,1,1,8,4
2000,7,LVDPA0994,60,31,52,29,48,5,8,16,27,6,10,12,20,4,7,5,8,7,12,5,8,4,9,4,7,2,1,3,1,1,7,2,5,2,4,4,4
2000,7,LVDPA0995,67,31,46,36,54,7,10,17,25,13,19,9,13,6,9,7,10,3,4,5,7,4,9,5,5,3,3,1,1,3,8,8,4,3,4,2,4
2000,7,LVDPA0996,67,29,43,38,57,11,16,13,19,6,9,7,10,8,12,4,6,6,9,12,18,4,5,4,3,3,4,3,3,7,8,2,4,5,0,3,9
2000,7,LVDPA0997,289,136,47,153,53,24,8,54,19,40,14,45,16,48,17,31,11,30,10,17,6,10,26,20,23,24,17,13,3,14,28,20,22,24,14,17,14
2000,7,LVDPA0998,54,32,59,22,41,1,2,4,7,8,15,7,13,8,15,5,9,12,22,9,17,1,3,8,4,5,2,6,3,0,1,0,3,3,3,6,6
2000,7,LVDPA0999,76,36,47,40,53,5,7,13,17,15,20,4,5,11,14,9,12,9,12,10,13,2,7,8,2,6,3,5,3,3,6,7,2,5,6,4,7
2000,7,LVDPA1000,100,40,40,60,60,5,5,15,15,15,15,12,12,13,13,15,15,7,7,18,18,1,8,5,6,6,5,6,3,4,7,10,6,7,10,1,15
2000,7,LVDPA1001,91,46,51,45,49,6,7,14,15,16,18,6,7,15,16,10,11,10,11,14,15,4,9,7,4,8,5,6,3,2,5,9,2,7,5,4,11
2000,7,LVDPA1002,59,30,51,29,49,6,10,15,25,5,8,9,15,11,19,3,5,4,7,6,10,2,11,3,4,5,2,1,2,4,4,2,5,6,1,3,4
2000,7,LVDPA1003,70,38,54,32,46,11,16,4,6,10,14,14,20,5,7,7,10,8,11,11,16,6,3,5,8,4,4,4,4,5,1,5,6,1,3,4,7
2000,7,LVDPA1004,54,28,52,26,48,3,6,10,19,13,24,6,11,8,15,4,7,5,9,5,9,1,8,8,3,3,3,1,1,2,2,5,3,5,1,4,4
2000,7,LVDPA1005,66,25,38,41,62,8,12,7,11,7,11,11,17,5,8,10,15,8,12,10,15,4,3,1,6,1,5,4,1,4,4,6,5,4,5,4,9
2000,7,LVDPA1006,61,32,52,29,48,8,13,2,3,11,18,6,10,7,11,10,16,13,21,4,7,6,2,6,3,4,5,5,1,2,0,5,3,3,5,8,3
2000,7,LVDPA1007,70,38,54,32,46,4,6,13,19,9,13,6,9,12,17,9,13,7,10,10,14,3,6,5,3,10,5,3,3,1,7,4,3,2,4,4,7
2000,7,LVDPA1008,73,32,44,41,56,5,7,7,10,15,21,9,12,7,10,12,16,11,15,7,10,2,3,8,6,3,4,5,1,3,4,7,3,4,8,6,6
2000,7,LVDPA1009,52,25,48,27,52,7,13,5,10,9,17,5,10,8,15,5,10,6,12,7,13,2,4,6,2,4,2,3,2,5,1,3,3,4,3,3,5
2000,7,LVDPA1010,88,50,57,38,43,8,9,8,9,6,7,16,18,11,13,9,10,13,15,17,19,6,6,4,9,7,6,6,6,2,2,2,7,4,3,7,11
2000,7,LVDPA1011,115,60,52,55,48,5,4,11,10,20,17,16,14,13,11,18,16,19,17,13,11,4,9,12,7,6,7,10,5,1,2,8,9,7,11,9,8
2000,7,LVDPA1012,64,33,52,31,48,8,13,6,9,5,8,10,16,8,13,6,9,12,19,9,14,4,4,2,6,3,4,7,3,4,2,3,4,5,2,5,6
2000,7,LVDPA1013,60,31,52,29,48,1,2,7,12,2,3,8,13,10,17,2,3,14,23,16,27,0,3,2,7,7,0,7,5,1,4,0,1,3,2,7,11
2000,7,LVDPA1014,85,44,52,41,48,7,8,16,19,16,19,7,8,9,11,9,11,14,16,7,8,4,9,9,3,3,6,5,5,3,7,7,4,6,3,9,2
2000,7,LVDPA1015,418,189,45,229,55,39,9,46,11,52,12,70,17,56,13,51,12,70,17,34,8,16,24,29,37,22,24,31,6,23,22,23,33,34,27,39,28
2000,7,LVDPA1016,52,23,44,29,56,6,12,7,13,7,13,4,8,5,10,4,8,11,21,8,15,2,3,2,4,3,2,4,3,4,4,5,0,2,2,7,5
2000,7,LVDPA1017,88,43,49,45,51,7,8,15,17,15,17,9,10,10,11,12,14,9,10,11,13,2,9,9,5,6,5,4,3,5,6,6,4,4,7,5,8
2000,7,LVDPA1018,53,28,53,25,47,1,2,6,11,3,6,13,25,9,17,7,13,8,15,6,11,1,4,3,7,7,3,3,0,0,2,0,6,2,4,5,6
2000,7,LVDPA1019,120,60,50,60,50,7,6,14,12,22,18,9,8,21,18,17,14,20,17,10,8,5,8,11,4,11,9,9,3,2,6,11,5,10,8,11,7
2000,7,LVDPA1020,51,25,49,26,51,3,6,7,14,8,16,9,18,2,4,3,6,10,20,9,18,1,5,4,4,1,1,5,4,2,2,4,5,1,2,5,5
2000,7,LVDPA1021,65,29,45,36,55,2,3,10,15,4,6,8,12,8,12,13,20,11,17,9,14,0,6,1,3,6,5,5,3,2,4,3,5,2,8,6,6
2000,7,LVDPA1022,82,44,54,38,46,8,10,8,10,9,11,11,13,12,15,9,11,9,11,16,20,7,4,4,8,7,4,4,6,1,4,5,3,5,5,5,10
2000,7,LVDPA1023,54,28,52,26,48,4,7,3,6,10,19,5,9,7,13,5,9,14,26,6,11,1,3,3,4,4,1,10,2,3,0,7,1,3,4,4,4
2000,7,LVDPA1024,244,115,47,129,53,24,10,30,12,43,18,30,12,40,16,27,11,20,8,30,12,11,18,23,10,21,17,6,9,13,12,20,20,19,10,14,21
2000,7,LVDPA1025,55,29,53,26,47,4,7,4,7,6,11,8,15,4,7,4,7,14,25,11,20,4,2,4,5,3,2,6,3,0,2,2,3,1,2,8,8
2000,7,LVDPA1026,51,21,41,30,59,4,8,8,16,12,24,8,16,9,18,4,8,3,6,3,6,1,1,8,6,2,3,0,0,3,7,4,2,7,1,3,3
2000,7,LVDPA1027,88,37,42,51,58,3,3,8,9,6,7,12,14,11,13,10,11,13,15,25,28,2,2,4,7,6,4,5,7,1,6,2,5,5,6,8,18
2000,7,LVDPA1028,53,28,53,25,47,3,6,6,11,13,25,5,9,8,15,5,9,8,15,5,9,2,5,7,1,4,2,6,1,1,1,6,4,4,3,2,4
2000,7,LVDPA1029,71,32,45,39,55,4,6,9,13,8,11,10,14,11,15,8,11,12,17,9,13,1,5,1,5,6,5,6,3,3,4,7,5,5,3,6,6
2000,7,LVDPA1030,67,38,57,29,43,7,10,3,4,10,15,14,21,2,3,10,15,11,16,10,15,6,1,7,9,1,5,6,3,1,2,3,5,1,5,5,7
2000,7,LVDPA1031,229,103,45,126,55,7,3,49,21,38,17,19,8,48,21,35,15,18,8,15,7,1,22,16,11,23,17,6,7,6,27,22,8,25,18,12,8
2000,7,LVDPA1032,280,125,45,155,55,20,7,23,8,44,16,25,9,33,12,32,11,26,9,77,28,12,7,19,11,16,19,10,31,8,16,25,14,17,13,16,46
2000,7,LVDPA1033,102,51,50,51,50,9,9,16,16,17,17,14,14,17,17,10,10,11,11,8,8,2,7,10,8,11,5,6,2,7,9,7,6,6,5,5,6
2000,7,LVDPA1034,70,33,47,37,53,2,3,11,16,12,17,6,9,11,16,11,16,9,13,8,11,2,7,6,4,5,4,4,1,0,4,6,2,6,7,5,7
2000,7,LVDPA1035,82,42,51,40,49,3,4,9,11,11,13,8,10,15,18,9,11,13,16,14,17,1,5,7,6,7,6,7,3,2,4,4,2,8,3,6,11
2000,7,LVDPA1036,81,45,56,36,44,13,16,14,17,12,15,9,11,12,15,6,7,9,11,6,7,6,11,7,4,7,3,5,2,7,3,5,5,5,3,4,4
2000,7,LVDPA1037,92,42,46,50,54,7,8,12,13,13,14,13,14,11,12,12,13,10,11,14,15,3,6,8,4,5,7,3,6,4,6,5,9,6,5,7,8
2000,7,LVDPA1038,152,72,47,80,53,6,4,30,20,31,20,9,6,43,28,16,11,9,6,8,5,2,15,17,4,21,10,3,0,4,15,14,5,22,6,6,8
2000,7,LVDPA1039,273,138,51,135,49,16,6,51,19,42,15,29,11,67,25,36,13,16,6,16,6,7,25,21,15,39,18,9,4,9,26,21,14,28,18,7,12
2000,7,LVDPA1040,102,48,47,54,53,8,8,19,19,16,16,13,13,16,16,14,14,9,9,7,7,3,7,9,7,8,7,4,3,5,12,7,6,8,7,5,4
2000,7,LVDPA1041,147,77,52,70,48,10,7,26,18,15,10,29,20,22,15,13,9,15,10,17,12,6,16,9,15,12,10,4,5,4,10,6,14,10,3,11,12
2000,7,LVDPA1042,158,86,54,72,46,12,8,20,13,13,8,16,10,23,15,24,15,18,11,32,20,9,11,12,7,14,13,8,12,3,9,1,9,9,11,10,20
2000,7,LVDPA1043,62,25,40,37,60,6,10,8,13,15,24,5,8,10,16,4,6,8,13,6,10,3,2,6,2,5,3,3,1,3,6,9,3,5,1,5,5
2000,7,LVDPA1044,322,164,51,158,49,25,8,51,16,48,15,42,13,45,14,35,11,33,10,43,13,15,32,27,19,26,19,14,12,10,19,21,23,19,16,19,31
2000,7,LVDPA1045,90,44,49,46,51,6,7,18,20,10,11,19,21,13,14,15,17,4,4,5,6,4,8,5,9,5,10,2,1,2,10,5,10,8,5,2,4
2000,7,LVDPA1046,74,35,47,39,53,3,4,3,4,5,7,8,11,10,14,5,7,7,9,33,45,2,3,4,4,6,3,5,8,1,0,1,4,4,2,2,25
2000,7,LVDPA1047,105,48,46,57,54,7,7,17,16,12,11,21,20,13,12,10,10,11,10,14,13,2,6,7,12,6,7,4,4,5,11,5,9,7,3,7,10
2000,7,LVDPA1048,86,41,48,45,52,10,12,10,12,10,12,16,19,4,5,10,12,15,17,11,13,7,5,5,7,1,5,8,3,3,5,5,9,3,5,7,8
2000,7,LVDPA1049,68,31,46,37,54,5,7,12,18,9,13,10,15,10,15,5,7,9,13,8,12,0,7,6,4,6,3,3,2,5,5,3,6,4,2,6,6
2000,7,LVDPA1050,155,77,50,78,50,15,10,16,10,19,12,18,12,25,16,18,12,15,10,29,19,5,8,12,8,16,13,7,8,10,8,7,10,9,5,8,21
2000,7,LVDPA1051,99,47,47,52,53,15,15,9,9,15,15,21,21,6,6,7,7,16,16,10,10,10,3,8,9,4,2,6,5,5,6,7,12,2,5,10,5
2000,7,LVDPA1052,351,153,44,198,56,6,2,15,4,74,21,52,15,54,15,43,12,45,13,62,18,4,7,28,27,28,17,25,17,2,8,46,25,26,26,20,45
2000,7,LVDPA1053,58,27,47,31,53,3,5,11,19,4,7,13,22,7,12,3,5,11,19,6,10,2,6,1,5,4,2,4,3,1,5,3,8,3,1,7,3
2000,7,LVDPA1054,744,342,46,402,54,66,9,107,14,99,13,180,24,106,14,83,11,64,9,39,5,30,61,47,86,48,36,26,8,36,46,52,94,58,47,38,31
2000,7,LVDPA1055,72,37,51,35,49,4,6,11,15,3,4,9,13,11,15,10,14,4,6,20,28,1,8,2,5,5,6,2,8,3,3,1,4,6,4,2,12
2000,7,LVDPA1056,57,25,44,32,56,4,7,7,12,7,12,8,14,6,11,7,12,6,11,12,21,1,4,3,4,4,4,2,3,3,3,4,4,2,3,4,9
2000,7,LVDPA1057,54,27,50,27,50,7,13,4,7,9,17,8,15,4,7,6,11,9,17,7,13,4,2,5,5,3,1,4,3,3,2,4,3,1,5,5,4
2000,7,LVDPA1058,54,28,52,26,48,5,9,8,15,3,6,8,15,9,17,5,9,7,13,9,17,2,3,2,5,5,3,3,5,3,5,1,3,4,2,4,4
2000,7,LVDPA1059,56,20,36,36,64,6,11,5,9,9,16,8,14,9,16,3,5,6,11,10,18,3,0,2,4,4,2,2,3,3,5,7,4,5,1,4,7
2000,7,LVDPA1060,68,37,54,31,46,4,6,15,22,12,18,9,13,8,12,9,13,8,12,3,4,3,12,8,5,1,4,3,1,1,3,4,4,7,5,5,2
2000,7,LVDPA1061,67,35,52,32,48,5,7,11,16,5,7,14,21,7,10,7,10,14,21,4,6,3,8,2,6,6,5,4,1,2,3,3,8,1,2,10,3
2000,7,LVDPA1062,50,24,48,26,52,3,6,15,30,6,12,7,14,7,14,5,10,2,4,5,10,1,8,3,4,3,3,2,0,2,7,3,3,4,2,0,5
2000,7,LVDPA1063,91,46,51,45,49,6,7,9,10,19,21,6,7,15,16,14,15,9,10,13,14,4,3,11,4,10,5,3,6,2,6,8,2,5,9,6,7
2000,7,LVDPA1064,59,27,46,32,54,6,10,11,19,6,10,11,19,9,15,3,5,6,10,7,12,3,3,4,6,5,1,4,1,3,8,2,5,4,2,2,6
2000,7,LVDPA1065,53,25,47,28,53,8,15,8,15,10,19,7,13,4,8,4,8,2,4,10,19,4,7,4,5,1,1,0,3,4,1,6,2,3,3,2,7
2000,7,LVDPA1066,128,60,47,68,53,2,2,39,30,18,14,19,15,22,17,10,8,8,6,10,8,0,19,12,9,10,5,2,3,2,20,6,10,12,5,6,7
2000,7,LVDPA1067,52,27,52,25,48,2,4,5,10,7,13,6,12,8,15,6,12,6,12,12,23,1,4,4,4,5,1,2,6,1,1,3,2,3,5,4,6
2000,7,LVDPA1068,201,93,46,108,54,21,10,25,12,32,16,19,9,28,14,19,9,27,13,30,15,12,13,15,10,15,9,10,9,9,12,17,9,13,10,17,21
2000,7,LVDPA1069,66,28,42,38,58,4,6,9,14,14,21,7,11,6,9,6,9,11,17,9,14,2,3,6,4,2,2,6,3,2,6,8,3,4,4,5,6
2000,7,LVDPA1070,99,49,49,50,51,13,13,17,17,22,22,11,11,12,12,10,10,9,9,5,5,5,9,13,5,6,4,3,4,8,8,9,6,6,6,6,1
2000,7,LVDPA1071,80,35,44,45,56,8,10,11,14,15,19,12,15,10,13,4,5,8,10,12,15,5,4,5,7,4,2,5,3,3,7,10,5,6,2,3,9
2000,7,LVDPA1072,1414,636,45,778,55,134,9,228,16,223,16,293,21,231,16,152,11,89,6,64,5,65,110,114,139,100,57,37,14,69,118,109,154,131,95,52,50
2000,7,LVDPA1073,252,116,46,136,54,29,12,52,21,34,13,43,17,38,15,24,10,23,9,9,4,11,26,18,17,21,11,7,5,18,26,16,26,17,13,16,4
2000,7,LVDPA1074,51,24,47,27,53,5,10,7,14,5,10,6,12,4,8,4,8,9,18,11,22,3,3,3,2,3,2,4,4,2,4,2,4,1,2,5,7
2000,7,LVDPA1075,135,59,44,76,56,4,3,16,12,10,7,14,10,26,19,16,12,13,10,36,27,2,8,5,7,12,7,6,12,2,8,5,7,14,9,7,24
2000,7,LVDPA1076,153,69,45,84,55,7,5,19,12,21,14,19,12,26,17,18,12,18,12,25,16,2,9,8,10,16,8,7,9,5,10,13,9,10,10,11,16
2000,7,LVDPA1077,186,83,45,103,55,14,8,48,26,21,11,27,15,40,22,12,6,10,5,14,8,4,22,8,13,23,5,3,5,10,26,13,14,17,7,7,9
2000,7,LVDPA1078,261,123,47,138,53,33,13,36,14,32,12,48,18,30,11,27,10,37,14,18,7,18,18,17,24,19,11,13,3,15,18,15,24,11,16,24,15
2000,7,LVDPA1079,105,47,45,58,55,15,14,22,21,7,7,25,24,10,10,5,5,9,9,12,11,5,13,1,11,5,2,3,7,10,9,6,14,5,3,6,5
2000,7,LVDPA1080,105,52,50,53,50,14,13,17,16,10,10,16,15,10,10,12,11,14,13,12,11,7,10,4,7,5,8,6,5,7,7,6,9,5,4,8,7
2000,7,LVDPA1081,106,51,48,55,52,6,6,10,9,16,15,10,9,17,16,14,13,19,18,14,13,3,6,7,5,10,7,9,4,3,4,9,5,7,7,10,10
2000,7,LVDPA1082,272,128,47,144,53,22,8,49,18,32,12,38,14,33,12,40,15,29,11,29,11,8,24,17,15,18,25,10,11,14,25,15,23,15,15,19,18
2000,7,LVDPA1083,76,39,51,37,49,4,5,13,17,12,16,6,8,13,17,10,13,10,13,7,9,1,6,7,5,7,5,5,2,3,7,5,1,6,5,5,5
2000,7,LVDPA1084,107,63,59,44,41,11,10,28,26,15,14,10,9,17,16,5,5,6,6,15,14,7,23,9,5,8,4,2,5,4,5,6,5,9,1,4,10
2000,7,LVDPA1085,705,345,49,360,51,5,1,16,2,154,22,191,27,180,26,119,17,37,5,3,0,0,13,93,97,79,46,16,1,5,3,61,94,101,73,21,2
2000,7,LVDPA1086,86,44,51,42,49,10,12,12,14,10,12,22,26,9,10,9,10,9,10,5,6,8,9,3,12,4,3,4,1,2,3,7,10,5,6,5,4
2000,7,LVDPA1087,128,63,49,65,51,10,8,15,12,18,14,20,16,21,16,15,12,19,15,10,8,3,9,12,9,12,7,7,4,7,6,6,11,9,8,12,6
2000,7,LVDPA1088,151,73,48,78,52,9,6,20,13,22,15,24,16,29,19,12,8,23,15,12,8,7,6,12,15,15,5,10,3,2,14,10,9,14,7,13,9
2000,7,LVDPA1089,87,40,46,47,54,7,8,20,23,10,11,14,16,9,10,11,13,7,8,9,10,3,8,4,6,5,7,4,3,4,12,6,8,4,4,3,6
2000,7,LVDPA1090,87,45,52,42,48,8,9,11,13,6,7,20,23,5,6,8,9,16,18,13,15,3,5,5,12,4,4,9,3,5,6,1,8,1,4,7,10
2000,7,LVDPA1091,114,54,47,60,53,5,4,10,9,25,22,7,6,28,25,8,7,15,13,16,14,4,5,11,4,15,4,6,5,1,5,14,3,13,4,9,11
2000,7,LVDPA1092,61,31,51,30,49,5,8,8,13,11,18,10,16,8,13,3,5,5,8,11,18,3,4,7,4,6,1,1,5,2,4,4,6,2,2,4,6
2000,7,LVDPA1093,79,37,47,42,53,4,5,17,22,15,19,6,8,18,23,5,6,6,8,8,10,2,7,9,4,8,1,3,3,2,10,6,2,10,4,3,5
2000,7,LVDPA1094,89,39,44,50,56,13,15,15,17,8,9,18,20,7,8,6,7,11,12,11,12,7,5,2,7,5,3,6,4,6,10,6,11,2,3,5,7
2000,7,LVDPA1095,65,31,48,34,52,8,12,9,14,7,11,13,20,3,5,8,12,9,14,8,12,4,6,3,7,1,3,5,2,4,3,4,6,2,5,4,6
2000,7,LVDPA1096,58,27,47,31,53,3,5,11,19,12,21,4,7,6,10,9,16,4,7,9,16,2,5,7,1,2,5,3,2,1,6,5,3,4,4,1,7
2000,7,LVDPA1097,170,84,49,86,51,17,10,29,17,36,21,26,15,25,15,16,9,12,7,9,5,13,16,17,13,11,8,4,2,4,13,19,13,14,8,8,7
2000,7,LVDPA1098,54,23,43,31,57,8,15,7,13,7,13,8,15,4,7,5,9,7,13,8,15,5,2,1,4,2,4,4,1,3,5,6,4,2,1,3,7
2000,7,LVDPA1099,73,37,51,36,49,0,0,9,12,6,8,9,12,11,15,6,8,7,10,25,34,0,5,5,4,6,4,3,10,0,4,1,5,5,2,4,15
2000,7,LVDPA1100,85,43,51,42,49,7,8,13,15,11,13,9,11,16,19,10,12,8,9,11,13,3,10,6,5,8,6,4,1,4,3,5,4,8,4,4,10
2000,7,LVDPA1101,78,40,51,38,49,9,12,12,15,14,18,16,21,5,6,7,9,8,10,7,9,3,8,7,10,3,5,3,1,6,4,7,6,2,2,5,6
2000,7,LVDPA1102,67,27,40,40,60,3,4,10,15,5,7,10,15,7,10,7,10,6,9,19,28,0,5,3,5,3,3,3,5,3,5,2,5,4,4,3,14
2000,7,LVDPA1103,80,42,53,38,48,1,1,9,11,17,21,12,15,13,16,10,13,9,11,9,11,0,3,11,7,8,8,2,3,1,6,6,5,5,2,7,6
2000,7,LVDPA1104,119,52,44,67,56,12,10,21,18,18,15,10,8,18,15,17,14,11,9,12,10,6,10,8,4,10,8,3,3,6,11,10,6,8,9,8,9
2000,7,LVDPA1105,77,27,35,50,65,4,5,19,25,8,10,15,19,7,9,6,8,10,13,8,10,0,7,1,7,2,3,5,2,4,12,7,8,5,3,5,6
2000,7,LVDPA1106,76,36,47,40,53,4,5,5,7,10,13,9,12,10,13,7,9,13,17,18,24,3,1,7,5,4,3,4,9,1,4,3,4,6,4,9,9
2000,7,LVDPA1107,92,40,43,52,57,5,5,13,14,15,16,4,4,21,23,8,9,12,13,14,15,3,6,9,1,12,5,3,1,2,7,6,3,9,3,9,13
2000,7,LVDPA1108,310,153,49,157,51,18,6,34,11,46,15,37,12,39,13,38,12,48,15,50,16,13,18,24,23,18,14,24,19,5,16,22,14,21,24,24,31
2000,7,LVDPA1109,81,29,36,52,64,5,6,14,17,7,9,12,15,9,11,5,6,13,16,16,20,4,5,3,5,5,2,3,2,1,9,4,7,4,3,10,14
2000,7,LVDPA1110,60,28,47,32,53,3,5,3,5,11,18,3,5,8,13,8,13,11,18,13,22,1,0,4,2,5,5,6,5,2,3,7,1,3,3,5,8
2000,7,LVDPA1111,93,39,42,54,58,4,4,17,18,13,14,9,10,15,16,8,9,13,14,14,15,3,7,8,3,6,3,5,4,1,10,5,6,9,5,8,10
2000,7,LVDPA1112,61,31,51,30,49,5,8,10,16,8,13,7,11,4,7,13,21,4,7,10,16,3,3,4,5,2,8,1,5,2,7,4,2,2,5,3,5
2000,7,LVDPA1113,187,96,51,91,49,4,2,5,3,10,5,16,9,25,13,38,20,44,24,45,24,4,2,6,10,13,25,27,9,0,3,4,6,12,13,17,36
2000,7,LVDPA1114,123,65,53,58,47,7,6,17,14,20,16,18,15,20,16,15,12,17,14,9,7,4,10,10,12,10,10,6,3,3,7,10,6,10,5,11,6
2000,7,LVDPA1115,85,35,41,50,59,8,9,14,16,15,18,12,14,10,12,9,11,9,11,8,9,1,6,9,5,5,5,2,2,7,8,6,7,5,4,7,6
2000,7,LVDPA1116,131,52,40,79,60,10,8,14,11,7,5,11,8,9,7,12,9,12,9,56,43,6,6,3,4,4,7,7,15,4,8,4,7,5,5,5,41
2000,7,LVDPA1117,77,33,43,44,57,8,10,12,16,5,6,9,12,12,16,6,8,6,8,19,25,3,6,2,6,6,3,1,6,5,6,3,3,6,3,5,13
2000,7,LVDPA1118,146,86,59,60,41,1,1,61,42,28,19,5,3,14,10,8,5,4,3,25,17,0,44,19,2,7,4,2,8,1,17,9,3,7,4,2,17
2000,7,LVDPA1119,79,38,48,41,52,3,4,14,18,11,14,17,22,7,9,11,14,6,8,10,13,1,8,3,9,7,6,1,3,2,6,8,8,0,5,5,7
2000,7,LVDPA1120,187,83,44,104,56,14,7,40,21,20,11,24,13,28,15,23,12,13,7,25,13,9,17,9,10,14,11,5,8,5,23,11,14,14,12,8,17
2000,7,LVDPA1121,74,37,50,37,50,6,8,10,14,13,18,8,11,10,14,9,12,9,12,9,12,3,7,5,4,6,5,5,2,3,3,8,4,4,4,4,7
2000,7,LVDPA1122,70,39,56,31,44,6,9,17,24,10,14,8,11,12,17,6,9,4,6,7,10,5,12,6,4,6,4,1,1,1,5,4,4,6,2,3,6
2000,7,LVDPA1123,74,39,53,35,47,8,11,13,18,4,5,12,16,8,11,8,11,10,14,11,15,5,8,3,7,4,3,7,2,3,5,1,5,4,5,3,9
2000,7,LVDPA1124,72,35,49,37,51,3,4,16,22,7,10,6,8,20,28,3,4,8,11,9,13,1,9,2,3,11,3,3,3,2,7,5,3,9,0,5,6
2000,7,LVDPA1125,156,77,49,79,51,17,11,20,13,26,17,22,14,19,12,22,14,16,10,14,9,6,13,14,13,9,13,7,2,11,7,12,9,10,9,9,12
2000,7,LVDPA1126,85,38,45,47,55,11,13,14,16,16,19,13,15,13,15,9,11,4,5,5,6,2,6,8,7,7,5,1,2,9,8,8,6,6,4,3,3
2000,7,LVDPA1127,268,129,48,139,52,22,8,35,13,34,13,47,18,30,11,33,12,35,13,32,12,14,18,17,25,15,15,15,10,8,17,17,22,15,18,20,22
2000,7,LVDPA1128,98,40,41,58,59,7,7,9,9,15,15,9,9,14,14,12,12,20,20,12,12,2,2,7,4,6,6,9,4,5,7,8,5,8,6,11,8
2000,7,LVDPA1129,408,182,45,226,55,36,9,63,15,65,16,71,17,49,12,53,13,38,9,33,8,23,29,25,30,22,27,17,9,13,34,40,41,27,26,21,24
2000,7,LVDPA1130,1529,705,46,824,54,126,8,167,11,173,11,321,21,204,13,186,12,205,13,147,10,58,81,80,156,109,67,98,56,68,86,93,165,95,119,107,91
2000,7,LVDPA1131,72,35,49,37,51,11,15,12,17,13,18,10,14,5,7,6,8,7,10,8,11,7,5,8,3,4,3,3,2,4,7,5,7,1,3,4,6
2000,7,LVDPA1132,112,55,49,57,51,9,8,18,16,16,14,13,12,15,13,16,14,14,13,11,10,6,8,6,6,7,9,7,6,3,10,10,7,8,7,7,5
2000,7,LVDPA1133,57,29,51,28,49,6,11,12,21,9,16,7,12,7,12,7,12,4,7,5,9,3,6,6,2,4,4,2,2,3,6,3,5,3,3,2,3
2000,7,LVDPA1134,115,49,43,66,57,8,7,18,16,17,15,6,5,18,16,11,10,16,14,21,18,4,14,6,3,7,5,5,5,4,4,11,3,11,6,11,16
2000,7,LVDPA1135,56,25,45,31,55,3,5,7,13,8,14,3,5,7,13,7,13,8,14,13,23,1,5,3,2,2,5,3,4,2,2,5,1,5,2,5,9
2000,7,LVDPA1136,72,35,49,37,51,18,25,5,7,3,4,17,24,3,4,4,6,8,11,14,19,8,3,1,8,2,4,4,5,10,2,2,9,1,0,4,9
2000,7,LVDPA1137,74,35,47,39,53,7,9,12,16,12,16,6,8,12,16,6,8,8,11,11,15,4,4,7,4,5,4,2,5,3,8,5,2,7,2,6,6
2000,7,LVDPA1138,72,35,49,37,51,5,7,16,22,10,14,8,11,15,21,9,13,3,4,6,8,3,6,6,5,8,2,3,2,2,10,4,3,7,7,0,4
2000,7,LVDPA1139,73,32,44,41,56,2,3,10,14,8,11,4,5,13,18,9,12,12,16,15,21,0,3,6,2,6,6,4,5,2,7,2,2,7,3,8,10
2000,7,LVDPA1140,59,22,37,37,63,9,15,6,10,7,12,3,5,7,12,5,8,5,8,17,29,4,3,2,2,3,1,0,7,5,3,5,1,4,4,5,10
2000,7,LVDPA1141,64,24,38,40,63,9,14,7,11,6,9,7,11,12,19,3,5,13,20,7,11,3,2,1,2,7,1,5,3,6,5,5,5,5,2,8,4
2000,7,LVDPA1142,58,32,55,26,45,5,9,5,9,7,12,11,19,3,5,5,9,9,16,13,22,4,4,4,6,3,3,3,5,1,1,3,5,0,2,6,8
2000,7,LVDPA1143,90,53,59,37,41,7,8,36,40,23,26,5,6,6,7,2,2,6,7,5,6,5,24,14,3,1,1,3,2,2,12,9,2,5,1,3,3
2000,7,LVDPA1144,65,32,49,33,51,3,5,9,14,14,22,7,11,13,20,6,9,4,6,9,14,1,6,6,3,7,5,2,2,2,3,8,4,6,1,2,7
2000,7,LVDPA1145,125,60,48,65,52,4,3,35,28,25,20,6,5,18,14,10,8,14,11,13,10,2,20,17,1,9,4,5,2,2,15,8,5,9,6,9,11
2000,7,LVDPA1146,139,64,46,75,54,13,9,27,19,18,13,19,14,16,12,11,8,11,8,24,17,5,17,9,9,6,4,4,10,8,10,9,10,10,7,7,14
2000,7,LVDPA1147,51,26,51,25,49,3,6,8,16,9,18,7,14,9,18,4,8,2,4,9,18,1,6,4,2,6,3,0,4,2,2,5,5,3,1,2,5
2000,7,LVDPA1148,282,132,47,150,53,19,7,27,10,31,11,34,12,50,18,34,12,28,10,59,21,11,11,12,16,28,19,16,19,8,16,19,18,22,15,12,40
2000,7,LVDPA1149,82,32,39,50,61,3,4,15,18,5,6,16,20,11,13,4,5,15,18,13,16,1,7,2,5,7,2,6,2,2,8,3,11,4,2,9,11
2000,7,LVDPA1150,67,40,60,27,40,3,4,12,18,6,9,12,18,11,16,4,6,8,12,11,16,3,8,6,6,6,1,3,7,0,4,0,6,5,3,5,4
2000,7,LVDPA1151,105,46,44,59,56,8,8,10,10,14,13,12,11,14,13,14,13,14,13,19,18,4,6,6,6,5,7,5,7,4,4,8,6,9,7,9,12
2000,7,LVDPA1152,75,29,39,46,61,9,12,9,12,16,21,4,5,12,16,8,11,8,11,9,12,3,4,7,2,5,4,3,1,6,5,9,2,7,4,5,8
2000,7,LVDPA1153,96,39,41,57,59,10,10,19,20,18,19,17,18,10,10,5,5,7,7,10,10,5,5,7,8,4,3,3,4,5,14,11,9,6,2,4,6
2000,7,LVDPA1154,339,146,43,193,57,26,8,31,9,37,11,49,14,40,12,44,13,49,14,63,19,16,19,18,20,18,19,17,19,10,12,19,29,22,25,32,44
2000,7,LVDPA1155,134,66,49,68,51,13,10,27,20,22,16,19,14,23,17,14,10,8,6,8,6,6,15,14,8,11,5,5,2,7,12,8,11,12,9,3,6
2000,7,LVDPA1156,53,27,51,26,49,4,8,6,11,9,17,5,9,9,17,4,8,6,11,10,19,4,3,6,2,3,1,4,4,0,3,3,3,6,3,2,6
2000,7,LVDPA1157,220,112,51,108,49,13,6,89,40,71,32,17,8,6,3,7,3,5,2,12,5,7,44,45,7,2,2,2,3,6,45,26,10,4,5,3,9
2000,7,LVDPA1158,72,35,49,37,51,8,11,8,11,12,17,13,18,5,7,4,6,8,11,14,19,5,5,6,7,3,3,3,3,3,3,6,6,2,1,5,11
2000,7,LVDPA1159,51,23,45,28,55,1,2,13,25,3,6,5,10,13,25,4,8,4,8,8,16,1,5,2,3,6,2,1,3,0,8,1,2,7,2,3,5
2000,7,LVDPA1160,93,46,49,47,51,14,15,15,16,11,12,17,18,13,14,8,9,7,8,8,9,6,8,7,7,8,5,3,2,8,7,4,10,5,3,4,6
2000,7,LVDPA1161,98,41,42,57,58,6,6,13,13,18,18,12,12,10,10,15,15,10,10,14,14,3,7,9,5,5,3,6,3,3,6,9,7,5,12,4,11
2000,7,LVDPA1162,61,31,51,30,49,13,21,7,11,5,8,12,20,7,11,5,8,9,15,3,5,7,3,3,7,4,3,3,1,6,4,2,5,3,2,6,2
2000,7,LVDPA1163,71,35,49,36,51,11,15,18,25,8,11,14,20,8,11,3,4,5,7,4,6,5,9,5,5,6,1,2,2,6,9,3,9,2,2,3,2
2000,7,LVDPA1164,62,27,44,35,56,4,6,6,10,11,18,5,8,11,18,11,18,7,11,7,11,4,3,4,3,5,4,3,1,0,3,7,2,6,7,4,6
2000,7,LVDPA1165,57,27,47,30,53,1,2,8,14,13,23,3,5,13,23,4,7,8,14,7,12,0,3,8,2,6,2,4,2,1,5,5,1,7,2,4,5
2000,7,LVDPA1166,77,35,45,42,55,14,18,10,13,7,9,15,19,11,14,6,8,5,6,9,12,6,4,5,9,5,3,2,1,8,6,2,6,6,3,3,8
2000,7,LVDPA1167,190,88,46,102,54,22,12,32,17,22,12,37,19,23,12,25,13,17,9,12,6,9,15,11,17,14,12,8,2,13,17,11,20,9,13,9,10
2000,7,LVDPA1168,58,25,43,33,57,7,12,9,16,8,14,7,12,8,14,8,14,1,2,10,17,3,5,2,4,4,5,0,2,4,4,6,3,4,3,1,8
2000,7,LVDPA1169,95,44,46,51,54,7,7,11,12,11,12,12,13,13,14,11,12,17,18,13,14,2,7,6,6,7,6,6,4,5,4,5,6,6,5,11,9
2000,7,LVDPA1170,68,31,46,37,54,5,7,7,10,10,15,8,12,9,13,10,15,9,13,10,15,2,6,2,4,4,7,5,1,3,1,8,4,5,3,4,9
2000,7,LVDPA1171,119,54,45,65,55,3,3,2,2,1,1,4,3,3,3,10,8,24,20,72,61,2,1,1,3,3,6,13,25,1,1,0,1,0,4,11,47
2000,7,LVDPA1172,69,35,51,34,49,8,12,13,19,4,6,14,20,9,13,2,3,11,16,8,12,4,8,3,7,5,0,6,2,4,5,1,7,4,2,5,6
2000,7,LVDPA1173,59,25,42,34,58,6,10,13,22,6,10,10,17,8,14,4,7,6,10,6,10,3,5,4,5,2,1,2,3,3,8,2,5,6,3,4,3
2000,7,LVDPA1174,119,59,50,60,50,14,12,18,15,14,12,18,15,19,16,11,9,16,13,9,8,8,7,8,11,8,6,7,4,6,11,6,7,11,5,9,5
2000,7,LVDPA1175,53,28,53,25,47,5,9,9,17,7,13,5,9,7,13,9,17,6,11,5,9,2,7,3,3,4,3,3,3,3,2,4,2,3,6,3,2
2000,7,LVDPA1176,679,320,47,359,53,31,5,63,9,116,17,110,16,96,14,103,15,87,13,73,11,15,30,55,63,52,51,32,22,16,33,61,47,44,52,55,51
2000,7,LVDPA1177,72,32,44,40,56,6,8,8,11,12,17,4,6,10,14,10,14,3,4,19,26,1,3,7,2,6,4,3,6,5,5,5,2,4,6,0,13
2000,7,LVDPA1178,143,71,50,72,50,6,4,22,15,21,15,19,13,25,17,19,13,20,14,11,8,1,13,12,10,13,8,11,3,5,9,9,9,12,11,9,8
2000,7,LVDPA1179,144,73,51,71,49,7,5,6,4,25,17,31,22,24,17,23,16,14,10,14,10,1,4,13,17,13,16,6,3,6,2,12,14,11,7,8,11
2000,7,LVDPA1180,60,32,53,28,47,2,3,6,10,7,12,6,10,12,20,5,8,14,23,8,13,1,3,6,1,8,4,5,4,1,3,1,5,4,1,9,4
2000,7,LVDPA1181,64,33,52,31,48,6,9,11,17,4,6,10,16,12,19,3,5,7,11,11,17,4,5,3,5,5,2,4,5,2,6,1,5,7,1,3,6
2000,7,LVDPA1182,53,25,47,28,53,3,6,12,23,4,8,12,23,4,8,2,4,8,15,8,15,2,7,0,7,2,1,3,3,1,5,4,5,2,1,5,5
2000,7,LVDPA1183,61,32,52,29,48,3,5,10,16,12,20,8,13,11,18,1,2,8,13,8,13,1,5,9,4,6,1,3,3,2,5,3,4,5,0,5,5
2000,7,LVDPA1184,101,48,48,53,52,2,2,31,31,7,7,15,15,20,20,5,5,9,9,12,12,0,14,4,7,10,3,5,5,2,17,3,8,10,2,4,7
2000,7,LVDPA1185,59,34,58,25,42,4,7,1,2,6,10,10,17,8,14,8,14,9,15,13,22,4,1,3,7,6,5,3,5,0,0,3,3,2,3,6,8
2000,7,LVDPA1186,210,103,49,107,51,23,11,26,12,32,15,26,12,37,18,20,10,26,12,20,10,13,11,17,15,24,9,10,4,10,15,15,11,13,11,16,16
2000,7,LVDPA1187,67,30,45,37,55,6,9,12,18,8,12,11,16,10,15,5,7,5,7,10,15,4,6,3,5,5,3,3,1,2,6,5,6,5,2,2,9
2000,7,LVDPA1188,500,234,47,266,53,38,8,76,15,78,16,83,17,87,17,60,12,41,8,37,7,21,41,34,43,40,30,13,12,17,35,44,40,47,30,28,25
2000,7,LVDPA1189,92,43,47,49,53,3,3,9,10,22,24,8,9,20,22,10,11,9,10,11,12,1,2,13,5,9,7,4,2,2,7,9,3,11,3,5,9
2000,7,LVDPA1190,56,24,43,32,57,6,11,10,18,6,11,10,18,8,14,2,4,11,20,3,5,0,6,2,4,5,2,4,1,6,4,4,6,3,0,7,2
2000,7,LVDPA1191,51,28,55,23,45,3,6,7,14,6,12,6,12,9,18,4,8,6,12,10,20,3,5,5,2,5,3,2,3,0,2,1,4,4,1,4,7
2000,7,LVDPA1192,244,117,48,127,52,24,10,45,18,40,16,46,19,31,13,24,10,15,6,19,8,13,21,22,24,14,13,4,6,11,24,18,22,17,11,11,13
2000,7,LVDPA1193,117,54,46,63,54,14,12,24,21,17,15,20,17,18,15,12,10,5,4,7,6,9,7,9,8,10,7,2,2,5,17,8,12,8,5,3,5
2000,7,LVDPA1194,52,24,46,28,54,3,6,3,6,7,13,6,12,6,12,4,8,15,29,8,15,2,2,4,4,2,3,5,2,1,1,3,2,4,1,10,6
2000,7,LVDPA1195,69,34,49,35,51,6,9,17,25,2,3,9,13,6,9,7,10,9,13,13,19,5,8,1,3,4,4,6,3,1,9,1,6,2,3,3,10
2000,7,LVDPA1196,65,30,46,35,54,4,6,10,15,8,12,8,12,7,11,11,17,9,14,8,12,1,3,4,5,3,8,4,2,3,7,4,3,4,3,5,6
2000,7,LVDPA1197,85,35,41,50,59,11,13,9,11,11,13,10,12,9,11,13,15,15,18,7,8,4,2,4,5,4,8,6,2,7,7,7,5,5,5,9,5
2000,7,LVDPA1198,300,118,39,182,61,21,7,41,14,36,12,42,14,33,11,29,10,28,9,70,23,7,22,16,17,16,11,12,17,14,19,20,25,17,18,16,53
2000,7,LVDPA1199,166,80,48,86,52,10,6,17,10,28,17,24,14,20,12,16,10,27,16,24,14,2,10,18,14,13,6,11,6,8,7,10,10,7,10,16,18
2000,7,LVDPA1200,76,35,46,41,54,6,8,12,16,8,11,12,16,13,17,3,4,9,12,13,17,4,6,4,6,6,1,3,5,2,6,4,6,7,2,6,8
2000,7,LVDPA1201,77,42,55,35,45,9,12,13,17,9,12,13,17,14,18,3,4,6,8,10,13,0,10,6,7,8,2,2,7,9,3,3,6,6,1,4,3
2000,7,LVDPA1202,94,51,54,43,46,13,14,15,16,11,12,16,17,11,12,12,13,7,7,9,10,7,9,8,7,6,7,4,3,6,6,3,9,5,5,3,6
2000,7,LVDPA1203,52,21,40,31,60,5,10,3,6,7,13,9,17,5,10,7,13,5,10,11,21,2,2,1,6,3,3,0,4,3,1,6,3,2,4,5,7
2000,7,LVDPA1204,68,34,50,34,50,6,9,6,9,11,16,9,13,4,6,16,24,8,12,8,12,3,5,6,3,2,9,3,3,3,1,5,6,2,7,5,5
2000,7,LVDPA1205,58,26,45,32,55,3,5,10,17,8,14,7,12,7,12,7,12,8,14,8,14,0,5,4,3,5,0,7,2,3,5,4,4,2,7,1,6
2000,7,LVDPA1206,254,138,54,116,46,5,2,2,1,9,4,21,8,42,17,45,18,67,26,62,24,2,1,5,13,30,28,37,22,3,1,4,8,12,17,30,40
2000,7,LVDPA1207,55,28,51,27,49,2,4,11,20,13,24,3,5,8,15,6,11,5,9,7,13,2,6,5,2,4,3,3,3,0,5,8,1,4,3,2,4
2000,7,LVDPA1208,86,43,50,43,50,5,6,5,6,19,22,9,10,11,13,17,20,11,13,9,10,2,2,12,6,3,8,7,3,3,3,7,3,8,9,4,6
2000,7,LVDPA1209,51,24,47,27,53,11,22,4,8,6,12,11,22,4,8,3,6,8,16,4,8,6,2,1,5,3,1,4,2,5,2,5,6,1,2,4,2
2000,7,LVDPA1210,68,37,54,31,46,8,12,7,10,10,15,10,15,13,19,9,13,4,6,7,10,5,4,5,6,7,5,3,2,3,3,5,4,6,4,1,5
2000,7,LVDPA1211,54,23,43,31,57,7,13,5,9,7,13,6,11,7,13,5,9,7,13,10,19,1,3,3,2,4,3,3,4,6,2,4,4,3,2,4,6
2000,7,LVDPA1212,80,38,48,42,53,6,8,10,13,16,20,11,14,12,15,11,14,3,4,11,14,2,6,7,7,5,6,1,4,4,4,9,4,7,5,2,7
2000,7,LVDPA1213,70,35,50,35,50,8,11,11,16,15,21,9,13,6,9,6,9,7,10,8,11,3,7,11,4,2,4,1,3,5,4,4,5,4,2,6,5
2000,7,LVDPA1214,122,65,53,57,47,8,7,12,10,32,26,14,11,10,8,19,16,16,13,11,9,5,4,20,9,5,8,9,5,3,8,12,5,5,11,7,6
2000,7,LVDPA1215,58,31,53,27,47,7,12,7,12,4,7,14,24,4,7,6,10,8,14,8,14,4,6,2,8,4,3,2,2,3,1,2,6,0,3,6,6
2000,7,LVDPA1216,62,31,50,31,50,2,3,11,18,10,16,7,11,16,26,8,13,2,3,6,10,2,5,5,5,6,4,1,3,0,6,5,2,10,4,1,3
2000,7,LVDPA1217,145,64,44,81,56,12,8,15,10,19,13,28,19,13,9,17,12,25,17,16,11,6,6,6,19,6,5,12,4,6,9,13,9,7,12,13,12
2000,7,LVDPA1218,396,192,48,204,52,8,2,14,4,55,14,60,15,47,12,54,14,70,18,88,22,5,6,27,41,29,27,29,28,3,8,28,19,18,27,41,60
2000,7,LVDPA1219,77,36,47,41,53,3,4,16,21,10,13,11,14,11,14,6,8,9,12,11,14,1,7,6,5,7,2,6,2,2,9,4,6,4,4,3,9
2000,7,LVDPA1220,53,24,45,29,55,4,8,5,9,11,21,4,8,10,19,5,9,5,9,9,17,0,2,5,1,6,4,3,3,4,3,6,3,4,1,2,6
2000,7,LVDPA1221,93,40,43,53,57,8,9,9,10,13,14,9,10,7,8,11,12,16,17,20,22,2,5,5,5,4,5,5,9,6,4,8,4,3,6,11,11
2000,7,LVDPA1222,51,22,43,29,57,3,6,10,20,6,12,5,10,8,16,6,12,5,10,8,16,1,6,2,2,4,3,2,2,2,4,4,3,4,3,3,6
2000,7,LVDPA1223,71,36,51,35,49,8,11,6,8,10,14,16,23,2,3,9,13,10,14,10,14,6,2,4,10,2,4,5,3,2,4,6,6,0,5,5,7
2000,7,LVDPA1224,53,25,47,28,53,4,8,6,11,8,15,4,8,11,21,7,13,8,15,5,9,1,3,3,1,6,4,4,3,3,3,5,3,5,3,4,2
2000,7,LVDPA1225,148,67,45,81,55,8,5,20,14,33,22,13,9,22,15,19,13,21,14,12,8,2,13,15,6,10,9,10,2,6,7,18,7,12,10,11,10
2000,7,LVDPA1226,147,70,48,77,52,12,8,29,20,13,9,27,18,16,11,11,7,23,16,16,11,4,17,6,14,8,4,11,6,8,12,7,13,8,7,12,10
2000,7,LVDPA1227,56,27,48,29,52,5,9,11,20,10,18,5,9,9,16,3,5,5,9,8,14,2,5,4,3,7,1,2,3,3,6,6,2,2,2,3,5
2000,7,LVDPA1228,88,41,47,47,53,18,20,19,22,7,8,13,15,10,11,8,9,6,7,7,8,10,6,4,8,6,3,2,2,8,13,3,5,4,5,4,5
2000,7,LVDPA1229,88,41,47,47,53,7,8,13,15,12,14,9,10,15,17,11,13,13,15,8,9,3,7,3,2,10,7,6,3,4,6,9,7,5,4,7,5
2000,7,LVDPA1230,227,115,51,112,49,20,9,38,17,31,14,26,11,28,12,28,12,27,12,29,13,11,18,22,13,17,15,12,7,9,20,9,13,11,13,15,22
2000,7,LVDPA1231,369,158,43,211,57,17,5,22,6,32,9,34,9,29,8,34,9,61,17,140,38,8,10,23,18,13,16,33,37,9,12,9,16,16,18,28,103
2000,7,LVDPA1232,155,71,46,84,54,11,7,19,12,24,15,25,16,29,19,17,11,19,12,11,7,6,11,8,12,18,6,8,2,5,8,16,13,11,11,11,9
2000,7,LVDPA1233,78,41,53,37,47,3,4,16,21,22,28,6,8,2,3,7,9,7,9,15,19,3,8,15,3,2,3,3,4,0,8,7,3,0,4,4,11
2000,7,LVDPA1234,693,343,49,350,51,36,5,99,14,109,16,107,15,166,24,90,13,55,8,31,4,23,47,60,60,81,39,22,11,13,52,49,47,85,51,33,20
2000,7,LVDPA1235,69,32,46,37,54,11,16,4,6,13,19,15,22,7,10,5,7,3,4,11,16,8,1,5,7,4,2,1,4,3,3,8,8,3,3,2,7
2000,7,LVDPA1236,195,100,51,95,49,17,9,30,15,27,14,31,16,29,15,15,8,17,9,29,15,8,19,16,16,17,5,9,10,9,11,11,15,12,10,8,19
2000,7,LVDPA1237,63,34,54,29,46,4,6,4,6,16,25,7,11,10,16,8,13,12,19,2,3,3,2,6,5,6,4,7,1,1,2,10,2,4,4,5,1
2000,7,LVDPA1238,50,28,56,22,44,2,4,13,26,12,24,2,4,5,10,6,12,2,4,8,16,2,9,7,1,1,4,1,3,0,4,5,1,4,2,1,5
2000,7,LVDPA1239,110,54,49,56,51,13,12,23,21,18,16,15,14,17,15,7,6,5,5,12,11,6,14,10,7,8,3,1,5,7,9,8,8,9,4,4,7
2000,7,LVDPA1240,71,32,45,39,55,9,13,17,24,11,15,9,13,8,11,1,1,9,13,7,10,3,10,5,4,4,0,1,5,6,7,6,5,4,1,8,2
2000,7,LVDPA1241,113,57,50,56,50,13,12,16,14,10,9,34,30,16,14,7,6,13,12,4,4,8,11,3,21,7,2,4,1,5,5,7,13,9,5,9,3
2000,7,LVDPA1242,53,26,49,27,51,8,15,1,2,3,6,7,13,4,8,4,8,17,32,9,17,4,0,1,4,2,4,8,3,4,1,2,3,2,0,9,6
2000,7,LVDPA1243,820,382,47,438,53,95,12,130,16,125,15,171,21,147,18,80,10,37,5,35,4,53,69,60,79,64,36,14,7,42,61,65,92,83,44,23,28
2000,7,LVDPA1244,101,52,51,49,49,10,10,14,14,21,21,14,14,13,13,13,13,5,5,11,11,3,10,10,9,7,8,2,3,7,4,11,5,6,5,3,8
2000,7,LVDPA1245,121,60,50,61,50,14,12,15,12,11,9,16,13,15,12,7,6,13,11,30,25,9,9,5,11,6,5,5,10,5,6,6,5,9,2,8,20
2000,7,LVDPA1246,102,50,49,52,51,3,3,15,15,25,25,10,10,20,20,12,12,11,11,6,6,1,8,14,6,11,6,4,0,2,7,11,4,9,6,7,6
2000,7,LVDPA1247,91,36,40,55,60,3,3,9,10,12,13,10,11,13,14,10,11,16,18,18,20,3,2,4,6,6,4,7,4,0,7,8,4,7,6,9,14
2000,7,LVDPA1248,82,37,45,45,55,5,6,12,15,15,18,10,12,9,11,8,10,9,11,14,17,1,4,10,7,3,5,4,3,4,8,5,3,6,3,5,11
2000,7,LVDPA1249,79,39,49,40,51,9,11,9,11,13,16,9,11,16,20,6,8,12,15,5,6,5,2,11,3,9,2,5,2,4,7,2,6,7,4,7,3
2000,7,LVDPA1250,77,43,56,34,44,4,5,7,9,13,17,11,14,10,13,11,14,13,17,8,10,2,4,9,5,8,5,7,3,2,3,4,6,2,6,6,5
2000,7,LVDPA1251,62,34,55,28,45,7,11,15,24,7,11,8,13,10,16,1,2,5,8,9,15,4,8,5,4,6,1,2,4,3,7,2,4,4,0,3,5
2000,7,LVDPA1252,50,23,46,27,54,2,4,12,24,3,6,6,12,7,14,1,2,8,16,11,22,1,6,2,3,3,1,5,2,1,6,1,3,4,0,3,9
2000,7,LVDPA1253,408,173,42,235,58,17,4,30,7,36,9,28,7,41,10,30,7,50,12,176,43,8,10,14,18,19,17,30,57,9,20,22,10,22,13,20,119
2000,7,LVDPA1254,51,26,51,25,49,6,12,7,14,8,16,10,20,5,10,5,10,3,6,7,14,2,5,5,5,3,2,1,3,4,2,3,5,2,3,2,4
2000,7,LVDPA1255,58,28,48,30,52,5,9,14,24,11,19,7,12,8,14,2,3,4,7,7,12,4,8,5,4,4,1,1,1,1,6,6,3,4,1,3,6
2000,7,LVDPA1256,76,34,45,42,55,10,13,13,17,10,13,14,18,11,14,5,7,4,5,9,12,5,5,3,9,6,2,3,1,5,8,7,5,5,3,1,8
2000,7,LVDPA1257,79,38,48,41,52,14,18,4,5,16,20,6,8,13,16,16,20,6,8,4,5,6,0,12,4,5,8,2,1,8,4,4,2,8,8,4,3
2000,7,LVDPA1258,57,28,49,29,51,1,2,11,19,6,11,6,11,9,16,6,11,10,18,8,14,1,6,3,4,5,3,4,2,0,5,3,2,4,3,6,6
2000,7,LVDPA1259,96,50,52,46,48,6,6,26,27,19,20,9,9,14,15,11,11,7,7,4,4,4,20,8,2,6,6,4,0,2,6,11,7,8,5,3,4
2000,7,LVDPA1260,59,31,53,28,47,7,12,6,10,5,8,12,20,9,15,6,10,8,14,6,10,4,4,2,5,6,2,5,3,3,2,3,7,3,4,3,3
2000,7,LVDPA1261,97,48,49,49,51,8,8,11,11,7,7,16,16,10,10,7,7,19,20,19,20,4,8,3,9,5,1,8,10,4,3,4,7,5,6,11,9
2000,7,LVDPA1262,62,35,56,27,44,9,15,8,13,8,13,6,10,7,11,6,10,8,13,10,16,4,4,6,4,4,2,6,5,5,4,2,2,3,4,2,5
2000,7,LVDPA1263,98,41,42,57,58,6,6,13,13,6,6,19,19,11,11,15,15,11,11,17,17,0,6,1,8,8,6,7,5,6,7,5,11,3,9,4,12
2000,7,LVDPA1264,64,27,42,37,58,4,6,5,8,6,9,8,13,7,11,8,13,9,14,17,27,2,3,1,4,4,4,4,5,2,2,5,4,3,4,5,12
2000,7,LVDPA1265,85,41,48,44,52,9,11,13,15,12,14,9,11,15,18,9,11,8,9,10,12,4,5,7,4,8,7,3,3,5,8,5,5,7,2,5,7
2000,7,LVDPA1266,50,25,50,25,50,5,10,3,6,12,24,7,14,6,12,10,20,3,6,4,8,4,0,5,4,3,6,1,2,1,3,7,3,3,4,2,2
2000,7,LVDPA1267,161,81,50,80,50,15,9,31,19,36,22,13,8,37,23,14,9,3,2,12,7,10,13,23,6,20,5,2,2,5,18,13,7,17,9,1,10
2000,7,LVDPA1268,81,41,51,40,49,7,9,6,7,16,20,12,15,10,12,10,12,6,7,14,17,3,4,10,6,4,3,4,7,4,2,6,6,6,7,2,7
2000,7,LVDPA1269,102,46,45,56,55,9,9,18,18,15,15,14,14,14,14,11,11,12,12,9,9,6,11,3,6,8,4,6,2,3,7,12,8,6,7,6,7
2000,7,LVDPA1270,50,24,48,26,52,8,16,3,6,6,12,8,16,3,6,6,12,5,10,11,22,5,3,2,5,2,1,4,2,3,0,4,3,1,5,1,9
2000,7,LVDPA1271,50,25,50,25,50,2,4,16,32,4,8,5,10,8,16,2,4,7,14,6,12,2,9,2,2,4,1,2,3,0,7,2,3,4,1,5,3
2000,7,LVDPA1272,59,33,56,26,44,5,8,12,20,13,22,8,14,6,10,7,12,4,7,4,7,5,9,6,5,2,3,2,1,0,3,7,3,4,4,2,3
2000,7,LVDPA1273,58,31,53,27,47,6,10,7,12,5,9,11,19,12,21,3,5,7,12,7,12,0,7,2,8,7,1,4,2,6,0,3,3,5,2,3,5
2000,7,LVDPA1274,83,43,52,40,48,9,11,9,11,14,17,14,17,8,10,14,17,8,10,7,8,5,4,7,9,5,7,3,3,4,5,7,5,3,7,5,4
2000,7,LVDPA1275,61,28,46,33,54,4,7,8,13,12,20,11,18,6,10,5,8,11,18,4,7,3,4,4,6,4,2,4,1,1,4,8,5,2,3,7,3
2000,7,LVDPA1276,77,39,51,38,49,9,12,13,17,16,21,7,9,14,18,9,12,6,8,3,4,5,5,10,5,5,5,3,1,4,8,6,2,9,4,3,2
2000,7,LVDPA1277,92,44,48,48,52,6,7,18,20,14,15,13,14,16,17,10,11,7,8,8,9,3,9,8,3,12,3,4,2,3,9,6,10,4,7,3,6
2000,7,LVDPA1278,126,60,48,66,52,8,6,20,16,15,12,13,10,21,17,10,8,19,15,20,16,5,10,8,6,12,5,8,6,3,10,7,7,9,5,11,14
2000,7,LVDPA1279,95,48,51,47,49,10,11,21,22,13,14,19,20,7,7,7,7,10,11,8,8,8,12,5,8,6,4,4,1,2,9,8,11,1,3,6,7
2000,7,LVDPA1280,68,33,49,35,51,4,6,10,15,8,12,6,9,10,15,9,13,10,15,11,16,1,4,7,3,6,4,5,3,3,6,1,3,4,5,5,8
2000,7,LVDPA1281,58,31,53,27,47,5,9,19,33,5,9,12,21,11,19,4,7,2,3,0,0,3,10,2,5,6,3,2,0,2,9,3,7,5,1,0,0
2000,7,LVDPA1282,92,40,43,52,57,6,7,10,11,6,7,14,15,4,4,13,14,13,14,26,28,2,1,4,10,3,7,5,8,4,9,2,4,1,6,8,18
2000,7,LVDPA1283,60,32,53,28,47,2,3,8,13,9,15,9,15,12,20,6,10,6,10,8,13,1,4,5,6,6,3,3,4,1,4,4,3,6,3,3,4
2000,7,LVDPA1284,64,28,44,36,56,8,13,15,23,7,11,7,11,12,19,8,13,4,6,3,5,3,3,5,3,8,3,2,1,5,12,2,4,4,5,2,2
2000,7,LVDPA1285,81,35,43,46,57,6,7,13,16,11,14,8,10,9,11,8,10,15,19,11,14,0,7,6,5,4,4,4,5,6,6,5,3,5,4,11,6
2000,7,LVDPA1286,55,28,51,27,49,1,2,11,20,12,22,3,5,12,22,10,18,3,5,3,5,0,7,6,2,7,5,1,0,1,4,6,1,5,5,2,3
2000,7,LVDPA1287,62,23,37,39,63,11,18,3,5,8,13,9,15,7,11,7,11,10,16,7,11,2,2,2,4,2,4,6,1,9,1,6,5,5,3,4,6
2000,7,LVDPA1288,52,29,56,23,44,0,0,7,13,8,15,5,10,10,19,7,13,8,15,7,13,0,3,7,3,5,4,4,3,0,4,1,2,5,3,4,4
2000,7,LVDPA1289,73,35,48,38,52,10,14,10,14,5,7,13,18,8,11,11,15,8,11,8,11,5,6,2,6,5,5,4,2,5,4,3,7,3,6,4,6
2000,7,LVDPA1290,259,129,50,130,50,15,6,45,17,47,18,37,14,41,16,24,9,31,12,19,7,10,23,31,20,18,13,8,6,5,22,16,17,23,11,23,13
2000,7,LVDPA1291,66,33,50,33,50,2,3,13,20,16,24,11,17,5,8,11,17,5,8,3,5,1,9,9,6,0,5,2,1,1,4,7,5,5,6,3,2
2000,7,LVDPA1292,259,125,48,134,52,8,3,15,6,117,45,62,24,19,7,9,3,16,6,13,5,2,6,66,32,6,3,6,4,6,9,51,30,13,6,10,9
2000,7,LVDPA1293,55,31,56,24,44,4,7,10,18,8,15,12,22,2,4,7,13,4,7,8,15,2,6,7,8,2,2,1,3,2,4,1,4,0,5,3,5
2000,7,LVDPA1294,65,34,52,31,48,10,15,14,22,10,15,7,11,4,6,6,9,8,12,6,9,7,6,4,3,4,3,3,4,3,8,6,4,0,3,5,2
2000,7,LVDPA1295,57,22,39,35,61,0,0,7,12,9,16,6,11,10,18,9,16,9,16,7,12,0,4,2,4,2,4,4,2,0,3,7,2,8,5,5,5
2000,7,LVDPA1296,93,42,45,51,55,8,9,11,12,12,13,5,5,10,11,14,15,13,14,20,22,4,6,7,3,4,8,6,4,4,5,5,2,6,6,7,16
2000,7,LVDPA1297,150,65,43,85,57,10,7,30,20,26,17,19,13,38,25,8,5,8,5,11,7,1,11,13,9,20,4,4,3,9,19,13,10,18,4,4,8
2000,7,LVDPA1298,101,47,47,54,53,13,13,15,15,25,25,18,18,6,6,13,13,6,6,5,5,6,9,9,13,2,6,1,1,7,6,16,5,4,7,5,4
2000,7,LVDPA1299,75,40,53,35,47,5,7,12,16,10,13,7,9,13,17,9,12,10,13,9,12,4,7,7,5,6,2,5,4,1,5,3,2,7,7,5,5
2000,7,LVDPA1300,62,35,56,27,44,7,11,10,16,7,11,16,26,6,10,7,11,6,10,3,5,6,7,4,9,2,3,3,1,1,3,3,7,4,4,3,2
2000,7,LVDPA1301,58,26,45,32,55,6,10,10,17,8,14,2,3,9,16,5,9,7,12,11,19,3,6,5,1,5,2,2,2,3,4,3,1,4,3,5,9
2000,7,LVDPA1302,52,21,40,31,60,1,2,6,12,10,19,7,13,9,17,6,12,9,17,4,8,0,4,5,2,5,2,2,1,1,2,5,5,4,4,7,3
2000,7,LVDPA1303,69,29,42,40,58,7,10,16,23,13,19,11,16,8,12,6,9,6,9,2,3,2,5,8,4,6,1,3,0,5,11,5,7,2,5,3,2
2000,7,LVDPA1304,54,25,46,29,54,5,9,3,6,8,15,4,7,4,7,7,13,18,33,5,9,2,2,1,3,3,3,9,2,3,1,7,1,1,4,9,3
2000,7,LVDPA1305,51,25,49,26,51,7,14,9,18,5,10,6,12,6,12,8,16,7,14,3,6,5,7,1,3,2,3,4,0,2,2,4,3,4,5,3,3
2000,7,LVDPA1306,113,57,50,56,50,16,14,12,11,16,14,20,18,11,10,14,12,16,14,8,7,8,7,8,12,4,6,11,1,8,5,8,8,7,8,5,7
2000,7,LVDPA1307,99,44,44,55,56,10,10,17,17,12,12,14,14,13,13,16,16,11,11,6,6,4,7,6,8,8,6,4,1,6,10,6,6,5,10,7,5
2000,7,LVDPA1308,59,28,47,31,53,3,5,5,8,7,12,6,10,7,12,4,7,11,19,16,27,2,1,4,3,6,2,6,4,1,4,3,3,1,2,5,12
2000,7,LVDPA1309,68,26,38,42,62,7,10,11,16,8,12,11,16,6,9,8,12,7,10,10,15,0,6,5,4,2,3,3,3,7,5,3,7,4,5,4,7
2000,7,LVDPA1310,56,28,50,28,50,5,9,14,25,6,11,10,18,11,20,2,4,5,9,3,5,3,6,4,5,6,1,3,0,2,8,2,5,5,1,2,3
2000,7,LVDPA1311,53,26,49,27,51,3,6,12,23,5,9,8,15,7,13,3,6,7,13,8,15,0,8,3,5,3,1,3,3,3,4,2,3,4,2,4,5
2000,7,LVDPA1312,75,35,47,40,53,9,12,11,15,8,11,8,11,10,13,10,13,11,15,8,11,5,7,2,4,5,4,4,4,4,4,6,4,5,6,7,4
2000,7,LVDPA1313,63,26,41,37,59,9,14,10,16,8,13,8,13,10,16,6,10,8,13,4,6,4,5,3,2,4,3,5,0,5,5,5,6,6,3,3,4
2000,7,LVDPA1314,50,30,60,20,40,3,6,6,12,11,22,5,10,9,18,5,10,6,12,5,10,2,6,7,3,4,2,3,3,1,0,4,2,5,3,3,2
2000,7,LVDPA1315,95,43,45,52,55,9,9,9,9,11,12,11,12,13,14,12,13,16,17,14,15,4,3,4,7,7,5,9,4,5,6,7,4,6,7,7,10
2000,7,LVDPA1316,66,30,45,36,55,4,6,14,21,8,12,12,18,6,9,8,12,9,14,5,8,2,5,4,4,4,5,4,2,2,9,4,8,2,3,5,3
2000,7,LVDPA1317,340,153,45,187,55,22,6,59,17,45,13,50,15,55,16,27,8,32,9,50,15,10,29,23,20,28,14,14,15,12,30,22,30,27,13,18,35
2000,7,LVDPA1318,56,26,46,30,54,7,13,1,2,9,16,10,18,4,7,4,7,9,16,12,21,4,0,5,5,2,2,4,4,3,1,4,5,2,2,5,8
2000,7,LVDPA1319,50,22,44,28,56,5,10,5,10,11,22,8,16,2,4,9,18,7,14,3,6,1,2,4,5,1,4,4,1,4,3,7,3,1,5,3,2
2000,7,LVDPA1320,53,25,47,28,53,4,8,4,8,11,21,12,23,4,8,4,8,5,9,9,17,3,2,6,7,2,1,1,3,1,2,5,5,2,3,4,6
2000,7,LVDPA1321,116,66,57,50,43,8,7,51,44,18,16,9,8,3,3,8,7,10,9,9,8,4,33,13,4,1,3,5,3,4,18,5,5,2,5,5,6
2000,7,LVDPA1322,97,49,51,48,49,6,6,11,11,18,19,7,7,17,18,16,16,5,5,17,18,2,7,12,2,9,9,3,5,4,4,6,5,8,7,2,12
2000,7,LVDPA1323,74,35,47,39,53,3,4,9,12,7,9,7,9,8,11,12,16,10,14,18,24,2,4,4,3,5,6,3,8,1,5,3,4,3,6,7,10
2000,7,LVDPA1324,51,25,49,26,51,9,18,7,14,12,24,6,12,4,8,6,12,4,8,3,6,5,3,5,4,2,3,2,1,4,4,7,2,2,3,2,2
2000,7,LVDPA1325,62,31,50,31,50,6,10,10,16,4,6,10,16,8,13,4,6,11,18,9,15,4,5,2,5,6,1,4,4,2,5,2,5,2,3,7,5
2000,7,LVDPA1326,60,32,53,28,47,4,7,9,15,19,32,5,8,11,18,5,8,3,5,4,7,4,5,10,1,6,2,1,3,0,4,9,4,5,3,2,1
2000,7,LVDPA1327,510,244,48,266,52,43,8,83,16,95,19,62,12,98,19,70,14,28,5,31,6,22,38,52,30,48,33,14,7,21,45,43,32,50,37,14,24
2000,7,LVDPA1328,55,27,49,28,51,2,4,7,13,9,16,6,11,9,16,4,7,9,16,9,16,1,3,6,5,5,2,3,2,1,4,3,1,4,2,6,7
2000,7,LVDPA1329,58,25,43,33,57,3,5,10,17,7,12,4,7,10,17,7,12,2,3,15,26,1,5,4,2,5,3,0,5,2,5,3,2,5,4,2,10
2000,7,LVDPA1330,57,31,54,26,46,4,7,7,12,5,9,10,18,6,11,7,12,12,21,6,11,2,4,4,7,4,2,6,2,2,3,1,3,2,5,6,4
2000,7,LVDPA1331,52,23,44,29,56,2,4,4,8,8,15,7,13,9,17,10,19,6,12,6,12,0,2,5,4,6,4,2,0,2,2,3,3,3,6,4,6
2000,7,LVDPA1332,114,57,50,57,50,5,4,18,16,19,17,14,12,16,14,13,11,13,11,16,14,2,12,9,7,8,5,7,7,3,6,10,7,8,8,6,9
2000,7,LVDPA1333,58,31,53,27,47,3,5,8,14,14,24,5,9,11,19,5,9,4,7,8,14,0,4,11,2,4,4,2,4,3,4,3,3,7,1,2,4
2000,7,LVDPA1334,87,42,48,45,52,4,5,16,18,10,11,12,14,18,21,8,9,12,14,7,8,0,12,3,7,8,3,6,3,4,4,7,5,10,5,6,4
2000,7,LVDPA1335,296,140,47,156,53,29,10,52,18,43,15,29,10,49,17,38,13,23,8,33,11,16,30,19,15,24,17,8,11,13,22,24,14,25,21,15,22
2000,7,LVDPA1336,51,25,49,26,51,2,4,10,20,3,6,9,18,9,18,8,16,2,4,8,16,2,3,3,3,6,4,2,2,0,7,0,6,3,4,0,6
2000,7,LVDPA1337,76,34,45,42,55,11,14,16,21,10,13,18,24,7,9,7,9,4,5,3,4,5,7,4,8,4,4,0,2,6,9,6,10,3,3,4,1
2000,7,LVDPA1338,52,24,46,28,54,6,12,9,17,7,13,8,15,9,17,5,10,6,12,2,4,3,3,3,5,4,4,1,1,3,6,4,3,5,1,5,1
2000,7,LVDPA1339,60,29,48,31,52,6,10,8,13,11,18,11,18,9,15,9,15,4,7,2,3,4,5,3,7,4,4,1,1,2,3,8,4,5,5,3,1
2000,7,LVDPA1340,54,27,50,27,50,10,19,8,15,5,9,11,20,6,11,1,2,8,15,5,9,6,4,3,5,3,1,2,3,4,4,2,6,3,0,6,2
2000,7,LVDPA1341,109,51,47,58,53,7,6,21,19,16,15,15,14,19,17,8,7,5,5,18,17,4,12,9,6,10,3,2,5,3,9,7,9,9,5,3,13
2000,7,LVDPA1342,51,31,61,20,39,2,4,9,18,12,24,6,12,7,14,6,12,4,8,5,10,2,6,8,4,4,4,2,1,0,3,4,2,3,2,2,4
2000,7,LVDPA1343,53,27,51,26,49,8,15,10,19,7,13,5,9,7,13,3,6,8,15,5,9,2,7,5,3,4,2,2,2,6,3,2,2,3,1,6,3
2000,7,LVDPA1344,57,24,42,33,58,5,9,4,7,14,25,4,7,6,11,8,14,8,14,8,14,2,2,6,2,2,2,4,4,3,2,8,2,4,6,4,4
2000,7,LVDPA1345,110,56,51,54,49,25,23,18,16,16,15,17,15,9,8,8,7,11,10,6,5,15,9,7,7,5,5,6,2,10,9,9,10,4,3,5,4
2000,7,LVDPA1346,178,75,42,103,58,11,6,22,12,35,20,15,8,24,13,21,12,20,11,30,17,4,8,14,11,10,8,11,9,7,14,21,4,14,13,9,21
2000,7,LVDPA1347,64,32,50,32,50,4,6,14,22,4,6,14,22,10,16,7,11,7,11,4,6,2,6,2,9,6,3,2,2,2,8,2,5,4,4,5,2
2000,7,LVDPA1348,86,48,56,38,44,9,10,18,21,16,19,10,12,19,22,6,7,5,6,3,3,6,11,11,4,11,2,3,0,3,7,5,6,8,4,2,3
2000,7,LVDPA1349,68,34,50,34,50,2,3,9,13,23,34,5,7,11,16,5,7,5,7,8,12,1,5,12,2,6,3,1,4,1,4,11,3,5,2,4,4
2000,7,LVDPA1350,53,27,51,26,49,4,8,7,13,12,23,6,11,6,11,7,13,6,11,5,9,1,3,7,4,3,2,4,3,3,4,5,2,3,5,2,2
2000,7,LVDPA1351,62,31,50,31,50,1,2,6,10,9,15,7,11,10,16,4,6,16,26,9,15,1,2,8,4,5,2,6,3,0,4,1,3,5,2,10,6
2000,7,LVDPA1352,145,71,49,74,51,12,8,20,14,22,15,24,17,20,14,13,9,19,13,15,10,4,11,14,15,12,4,7,4,8,9,8,9,8,9,12,11
2000,7,LVDPA1353,52,28,54,24,46,4,8,6,12,9,17,7,13,4,8,8,15,6,12,8,15,2,4,6,4,2,4,3,3,2,2,3,3,2,4,3,5
2000,7,LVDPA1354,66,34,52,32,48,8,12,5,8,7,11,10,15,6,9,9,14,11,17,10,15,5,2,2,6,5,4,6,4,3,3,5,4,1,5,5,6
2000,7,LVDPA1355,97,46,47,51,53,21,22,13,13,14,14,16,16,9,9,6,6,10,10,8,8,11,8,5,7,7,1,5,2,10,5,9,9,2,5,5,6
2000,7,LVDPA1356,60,24,40,36,60,3,5,10,17,9,15,5,8,7,12,7,12,12,20,7,12,2,5,3,2,4,3,4,1,1,5,6,3,3,4,8,6
2000,7,LVDPA1357,167,71,43,96,57,73,44,22,13,11,7,12,7,9,5,12,7,12,7,16,10,35,9,7,5,5,4,2,4,38,13,4,7,4,8,10,12
2000,7,LVDPA1358,58,33,57,25,43,4,7,9,16,15,26,6,10,11,19,3,5,8,14,2,3,4,4,10,4,6,1,4,0,0,5,5,2,5,2,4,2
2000,7,LVDPA1359,133,65,49,68,51,3,2,25,19,19,14,18,14,19,14,20,15,9,7,20,15,1,14,8,11,9,13,5,4,2,11,11,7,10,7,4,16
2000,7,LVDPA1360,82,38,46,44,54,11,13,9,11,16,20,8,10,13,16,9,11,7,9,9,11,2,4,7,6,7,5,3,4,9,5,9,2,6,4,4,5
2000,7,LVDPA1361,57,23,40,34,60,2,4,10,18,10,18,3,5,3,5,4,7,10,18,15,26,0,7,6,1,1,1,3,4,2,3,4,2,2,3,7,11
2000,7,LVDPA1362,107,98,92,9,8,2,2,1,1,0,0,3,3,3,3,11,10,37,35,50,47,1,1,0,2,3,9,34,48,1,0,0,1,0,2,3,2
2000,7,LVDPA1363,66,27,41,39,59,3,5,0,0,0,0,3,5,2,3,4,6,7,11,47,71,1,0,0,0,1,3,4,18,2,0,0,3,1,1,3,29
2000,7,LVDPA1364,67,32,48,35,52,8,12,9,13,13,19,8,12,8,12,8,12,6,9,7,10,5,5,4,6,4,4,3,1,3,4,9,2,4,4,3,6
2000,7,LVDPA1365,68,35,51,33,49,7,10,10,15,10,15,10,15,4,6,7,10,11,16,9,13,4,5,6,7,2,5,4,2,3,5,4,3,2,2,7,7
2000,7,LVDPA1366,68,32,47,36,53,7,10,15,22,6,9,19,28,11,16,3,4,3,4,4,6,3,9,1,7,8,1,2,1,4,6,5,12,3,2,1,3
2000,7,LVDPA1367,53,27,51,26,49,2,4,11,21,14,26,1,2,7,13,5,9,5,9,8,15,1,6,8,1,3,3,3,2,1,5,6,0,4,2,2,6
2000,7,LVDPA1368,266,118,44,148,56,4,2,7,3,8,3,11,4,6,2,24,9,38,14,168,63,2,4,5,6,4,14,24,59,2,3,3,5,2,10,14,109
2000,7,LVDPA1369,400,192,48,208,52,35,9,64,16,76,19,41,10,52,13,62,16,34,9,36,9,18,30,39,21,25,30,17,12,17,34,37,20,27,32,17,24
2000,7,LVDPA1370,61,28,46,33,54,5,8,11,18,10,16,7,11,4,7,6,10,9,15,9,15,1,8,7,2,2,4,3,1,4,3,3,5,2,2,6,8
2000,7,LVDPA1371,60,24,40,36,60,4,7,7,12,8,13,7,12,9,15,5,8,17,28,3,5,1,2,4,3,6,3,4,1,3,5,4,4,3,2,13,2
2000,7,LVDPA1372,1086,463,43,623,57,75,7,91,8,155,14,165,15,123,11,161,15,151,14,165,15,36,50,89,80,50,68,51,39,39,41,66,85,73,93,100,126
2000,7,LVDPA1373,360,183,51,177,49,46,13,109,30,119,33,22,6,16,4,18,5,19,5,11,3,26,55,63,10,9,8,8,4,20,54,56,12,7,10,11,7
2000,7,LVDPA1374,116,50,43,66,57,11,9,13,11,24,21,13,11,19,16,13,11,12,10,11,9,6,6,10,5,7,7,7,2,5,7,14,8,12,6,5,9
2000,7,LVDPA1375,131,60,46,71,54,7,5,12,9,32,24,16,12,22,17,24,18,10,8,8,6,4,7,19,9,8,9,3,1,3,5,13,7,14,15,7,7
2000,7,LVDPA1376,80,44,55,36,45,7,9,12,15,6,8,14,18,7,9,6,8,12,15,16,20,2,6,5,9,5,3,8,6,5,6,1,5,2,3,4,10
2000,7,LVDPA1377,55,25,45,30,55,8,15,14,25,9,16,7,13,4,7,4,7,5,9,4,7,5,3,5,3,2,3,2,2,3,11,4,4,2,1,3,2
2000,7,LVDPA1378,68,36,53,32,47,5,7,10,15,8,12,7,10,9,13,9,13,11,16,9,13,3,7,5,3,3,7,6,2,2,3,3,4,6,2,5,7
2000,7,LVDPA1379,56,26,46,30,54,0,0,8,14,10,18,5,9,6,11,10,18,7,13,10,18,0,4,6,2,3,5,3,3,0,4,4,3,3,5,4,7
2000,7,LVDPA1380,60,30,50,30,50,0,0,7,12,13,22,7,12,11,18,9,15,8,13,5,8,0,6,7,3,6,2,4,2,0,1,6,4,5,7,4,3
2000,7,LVDPA1381,57,30,53,27,47,4,7,6,11,11,19,7,12,8,14,7,12,7,12,7,12,3,3,6,4,4,3,4,3,1,3,5,3,4,4,3,4
2000,7,LVDPA1382,51,23,45,28,55,4,8,6,12,3,6,13,25,5,10,8,16,10,20,2,4,2,4,1,3,4,3,6,0,2,2,2,10,1,5,4,2
2000,7,LVDPA1383,59,29,49,30,51,6,10,18,31,9,15,4,7,8,14,4,7,5,8,5,8,3,11,6,2,4,1,2,0,3,7,3,2,4,3,3,5
2000,7,LVDPA1384,178,76,43,102,57,5,3,20,11,24,13,19,11,35,20,23,13,17,10,35,20,1,13,11,6,16,11,7,11,4,7,13,13,19,12,10,24
2000,7,LVDPA1385,51,26,51,25,49,1,2,7,14,4,8,4,8,14,27,8,16,4,8,9,18,0,3,4,3,7,4,1,4,1,4,0,1,7,4,3,5
2000,7,LVDPA1386,64,33,52,31,48,3,5,7,11,4,6,7,11,6,9,7,11,21,33,9,14,2,4,3,3,5,2,9,5,1,3,1,4,1,5,12,4
2000,7,LVDPA1387,101,50,50,51,50,5,5,16,16,24,24,5,5,16,16,12,12,10,10,13,13,3,9,17,2,5,8,1,5,2,7,7,3,11,4,9,8
2000,7,LVDPA1388,130,59,45,71,55,15,12,15,12,17,13,23,18,15,12,16,12,13,10,16,12,5,7,8,12,8,9,7,3,10,8,9,11,7,7,6,13
2000,7,LVDPA1389,130,57,44,73,56,5,4,15,12,21,16,18,14,21,16,25,19,13,10,12,9,3,7,9,11,10,9,5,3,2,8,12,7,11,16,8,9
2000,7,LVDPA1390,97,48,49,49,51,0,0,1,1,9,9,21,22,20,21,12,12,19,20,15,15,0,1,7,11,10,4,8,7,0,0,2,10,10,8,11,8
2000,7,LVDPA1391,567,334,59,233,41,10,2,24,4,44,8,90,16,90,16,127,22,103,18,79,14,2,13,29,57,61,81,63,28,8,11,15,33,29,46,40,51
2000,7,LVDPA1392,57,31,54,26,46,6,11,13,23,15,26,7,12,6,11,5,9,5,9,0,0,3,8,9,3,3,2,3,0,3,5,6,4,3,3,2,0
2000,7,LVDPA1393,57,27,47,30,53,6,11,9,16,6,11,13,23,7,12,7,12,5,9,4,7,3,5,3,6,4,5,1,0,3,4,3,7,3,2,4,4
2000,7,LVDPA1394,76,35,46,41,54,5,7,8,11,12,16,12,16,14,18,12,16,8,11,5,7,1,5,5,4,8,6,4,2,4,3,7,8,6,6,4,3
2000,7,LVDPA1395,53,27,51,26,49,7,13,6,11,11,21,9,17,6,11,4,8,5,9,5,9,3,4,6,5,4,2,1,2,4,2,5,4,2,2,4,3
2000,7,LVDPA1396,93,49,53,44,47,6,6,10,11,15,16,17,18,8,9,14,15,10,11,13,14,3,3,9,12,4,8,6,4,3,7,6,5,4,6,4,9
2000,7,LVDPA1397,111,51,46,60,54,6,5,25,23,20,18,15,14,14,13,10,9,12,11,9,8,4,8,11,8,6,6,5,3,2,17,9,7,8,4,7,6
2000,7,LVDPA1398,69,34,49,35,51,9,13,10,14,12,17,14,20,3,4,5,7,8,12,8,12,4,7,6,5,2,2,5,3,5,3,6,9,1,3,3,5
2000,7,LVDPA1399,247,92,37,155,63,13,5,16,6,26,11,20,8,19,8,20,8,24,10,109,44,5,10,11,9,6,12,12,27,8,6,15,11,13,8,12,82
2000,7,LVDPA1400,50,17,34,33,66,4,8,5,10,7,14,8,16,7,14,1,2,11,22,7,14,1,1,2,4,3,1,2,3,3,4,5,4,4,0,9,4
2000,7,LVDPA1401,82,36,44,46,56,8,10,12,15,7,9,12,15,10,12,6,7,15,18,12,15,5,6,3,7,6,2,5,2,3,6,4,5,4,4,10,10
2000,7,LVDPA1402,55,26,47,29,53,8,15,6,11,11,20,6,11,6,11,5,9,4,7,9,16,3,3,4,3,2,4,2,5,5,3,7,3,4,1,2,4
2000,7,LVDPA1403,64,27,42,37,58,8,13,25,39,9,14,5,8,7,11,1,2,3,5,6,9,4,11,5,3,3,0,0,1,4,14,4,2,4,1,3,5
2000,7,LVDPA1404,242,120,50,122,50,19,8,44,18,30,12,37,15,39,16,27,11,23,10,23,10,9,25,16,15,25,14,11,5,10,19,14,22,14,13,12,18
2000,7,LVDPA1405,136,69,51,67,49,7,5,37,27,46,34,8,6,20,15,7,5,6,4,5,4,4,21,24,4,9,2,3,2,3,16,22,4,11,5,3,3
2000,7,LVDPA1406,65,30,46,35,54,3,5,11,17,5,8,11,17,6,9,5,8,11,17,13,20,3,6,3,5,2,4,2,5,0,5,2,6,4,1,9,8
2000,7,LVDPA1407,75,42,56,33,44,0,0,0,0,8,11,3,4,13,17,13,17,24,32,14,19,0,0,3,2,8,9,15,5,0,0,5,1,5,4,9,9
2000,7,LVDPA1408,105,46,44,59,56,9,9,18,17,12,11,19,18,17,16,5,5,13,12,12,11,2,7,6,11,9,3,5,3,7,11,6,8,8,2,8,9
2000,7,LVDPA1409,63,31,49,32,51,1,2,11,17,11,17,9,14,15,24,8,13,3,5,5,8,0,7,4,6,10,1,1,2,1,4,7,3,5,7,2,3
2000,7,LVDPA1410,134,77,57,57,43,10,7,29,22,18,13,19,14,21,16,14,10,16,12,7,5,5,16,12,10,12,12,8,2,5,13,6,9,9,2,8,5
2000,7,LVDPA1411,51,26,51,25,49,6,12,11,22,9,18,3,6,5,10,6,12,4,8,7,14,4,5,5,1,2,3,3,3,2,6,4,2,3,3,1,4
2000,7,LVDPA1412,95,36,38,59,62,14,15,14,15,20,21,16,17,13,14,8,8,5,5,5,5,4,6,6,10,4,4,1,1,10,8,14,6,9,4,4,4
2000,7,LVDPA1413,106,44,42,62,58,7,7,17,16,12,11,21,20,13,12,5,5,14,13,17,16,3,9,8,8,7,1,5,3,4,8,4,13,6,4,9,14
2000,7,LVDPA1414,57,25,44,32,56,13,23,11,19,4,7,6,11,8,14,7,12,3,5,5,9,5,5,2,3,4,4,1,1,8,6,2,3,4,3,2,4
2000,7,LVDPA1415,134,64,48,70,52,20,15,23,17,19,14,22,16,13,10,15,11,14,10,8,6,4,15,10,12,7,7,8,1,16,8,9,10,6,8,6,7
2000,7,LVDPA1416,81,41,51,40,49,1,1,0,0,8,10,5,6,10,12,12,15,14,17,31,38,1,0,5,2,7,9,8,9,0,0,3,3,3,3,6,22
2000,7,LVDPA1417,55,28,51,27,49,1,2,9,16,14,25,1,2,12,22,6,11,8,15,4,7,0,5,10,0,7,2,3,1,1,4,4,1,5,4,5,3
2000,7,LVDPA1418,74,39,53,35,47,7,9,16,22,10,14,15,20,10,14,4,5,6,8,6,8,5,7,5,8,6,3,3,2,2,9,5,7,4,1,3,4
2000,7,LVDPA1419,72,26,36,46,64,9,13,11,15,12,17,10,14,8,11,8,11,7,10,7,10,4,2,4,4,5,3,3,1,5,9,8,6,3,5,4,6
2000,7,LVDPA1420,70,26,37,44,63,0,0,0,0,2,3,3,4,2,3,1,1,14,20,48,69,0,0,1,3,0,1,8,13,0,0,1,0,2,0,6,35
2000,7,LVDPA1421,50,25,50,25,50,1,2,5,10,7,14,8,16,5,10,6,12,7,14,11,22,1,1,4,5,2,3,4,5,0,4,3,3,3,3,3,6
2000,7,LVDPA1422,54,22,41,32,59,8,15,11,20,5,9,9,17,9,17,0,0,6,11,6,11,2,6,2,5,4,0,2,1,6,5,3,4,5,0,4,5
2000,7,LVDPA1423,64,29,45,35,55,3,5,9,14,10,16,11,17,4,6,11,17,10,16,6,9,2,5,5,7,0,6,2,2,1,4,5,4,4,5,8,4
2000,7,LVDPA1424,224,99,44,125,56,8,4,68,30,35,16,3,1,13,6,7,3,17,8,73,33,4,36,17,1,7,4,7,23,4,32,18,2,6,3,10,50
2000,7,LVDPA1425,65,32,49,33,51,5,8,8,12,12,18,11,17,7,11,8,12,7,11,7,11,3,2,10,6,4,3,3,1,2,6,2,5,3,5,4,6
2000,7,LVDPA1426,66,33,50,33,50,11,17,11,17,11,17,7,11,8,12,10,15,5,8,3,5,5,7,2,4,5,6,3,1,6,4,9,3,3,4,2,2
2000,7,LVDPA1427,56,29,52,27,48,5,9,9,16,8,14,7,13,9,16,3,5,3,5,12,21,3,5,7,2,4,2,2,4,2,4,1,5,5,1,1,8
2000,7,LVDPA1428,63,28,44,35,56,3,5,3,5,16,25,7,11,4,6,16,25,5,8,9,14,1,0,9,3,2,7,3,3,2,3,7,4,2,9,2,6
2000,7,LVDPA1429,62,30,48,32,52,5,8,9,15,7,11,8,13,11,18,9,15,8,13,5,8,3,4,3,4,6,4,4,2,2,5,4,4,5,5,4,3
2000,7,LVDPA1430,65,30,46,35,54,8,12,16,25,13,20,7,11,10,15,4,6,5,8,2,3,4,8,4,3,4,4,2,1,4,8,9,4,6,0,3,1
2000,7,LVDPA1431,58,27,47,31,53,5,9,15,26,5,9,13,22,7,12,2,3,5,9,6,10,1,10,4,8,2,0,1,1,4,5,1,5,5,2,4,5
2000,7,LVDPA1432,52,29,56,23,44,5,10,13,25,4,8,11,21,8,15,6,12,3,6,2,4,1,9,3,5,4,4,2,1,4,4,1,6,4,2,1,1
2000,7,LVDPA1433,50,24,48,26,52,8,16,9,18,10,20,5,10,6,12,4,8,3,6,5,10,4,7,4,2,2,2,1,2,4,2,6,3,4,2,2,3
2000,7,LVDPA1434,77,34,44,43,56,7,9,9,12,16,21,10,13,10,13,6,8,10,13,9,12,2,6,8,4,7,2,4,1,5,3,8,6,3,4,6,8
2000,7,LVDPA1435,74,37,50,37,50,6,8,7,9,12,16,10,14,12,16,11,15,9,12,7,9,4,4,5,4,8,5,5,2,2,3,7,6,4,6,4,5
2000,7,LVDPA1436,61,35,57,26,43,7,11,19,31,8,13,7,11,10,16,3,5,2,3,5,8,4,13,5,3,6,1,1,2,3,6,3,4,4,2,1,3
2000,7,LVDPA1437,82,2,2,80,98,0,0,0,0,6,7,9,11,20,24,12,15,13,16,22,27,0,0,0,0,0,0,2,0,0,0,6,9,20,12,11,22
2000,7,LVDPA1438,82,39,48,43,52,10,12,19,23,17,21,7,9,14,17,3,4,6,7,6,7,6,11,8,2,7,2,2,1,4,8,9,5,7,1,4,5
2000,7,LVDPA1439,52,24,46,28,54,5,10,6,12,13,25,3,6,10,19,6,12,6,12,3,6,3,3,5,1,7,1,4,0,2,3,8,2,3,5,2,3
2000,7,LVDPA1440,100,49,49,51,51,2,2,1,1,6,6,12,12,13,13,11,11,24,24,31,31,2,1,4,6,7,6,12,11,0,0,2,6,6,5,12,20
2000,7,LVDPA1441,77,34,44,43,56,7,9,9,12,13,17,8,10,8,10,4,5,6,8,22,29,3,1,9,5,5,2,2,7,4,8,4,3,3,2,4,15
2000,7,LVDPA1442,66,34,52,32,48,4,6,12,18,10,15,9,14,11,17,6,9,9,14,5,8,2,9,5,5,5,2,5,1,2,3,5,4,6,4,4,4
2000,7,LVDPA1443,187,111,59,76,41,5,3,3,2,10,5,27,14,38,20,32,17,45,24,27,14,4,2,8,18,24,20,28,7,1,1,2,9,14,12,17,20
2000,7,LVDPA1444,51,26,51,25,49,7,14,10,20,6,12,12,24,5,10,2,4,7,14,2,4,5,5,1,8,3,1,3,0,2,5,5,4,2,1,4,2
2000,7,LVDPA1445,68,40,59,28,41,12,18,13,19,13,19,7,10,6,9,4,6,4,6,9,13,8,8,7,3,4,3,2,5,4,5,6,4,2,1,2,4
2000,7,LVDPA1446,86,43,50,43,50,6,7,23,27,9,10,15,17,16,19,6,7,5,6,6,7,3,14,5,8,7,2,1,3,3,9,4,7,9,4,4,3
2000,7,LVDPA1447,61,31,51,30,49,11,18,17,28,7,11,8,13,9,15,3,5,3,5,3,5,6,8,4,5,4,2,1,1,5,9,3,3,5,1,2,2
2000,7,LVDPA1448,65,28,43,37,57,4,6,13,20,9,14,6,9,13,20,7,11,3,5,10,15,2,5,4,3,7,5,1,1,2,8,5,3,6,2,2,9
2000,7,LVDPA1449,81,42,52,39,48,7,9,8,10,10,12,12,15,14,17,8,10,5,6,17,21,3,6,6,7,8,3,4,5,4,2,4,5,6,5,1,12
2000,7,LVDPA1450,79,33,42,46,58,10,13,10,13,21,27,10,13,5,6,9,11,10,13,4,5,4,7,10,3,3,3,3,0,6,3,11,7,2,6,7,4
2000,7,LVDPA1451,54,20,37,34,63,1,2,2,4,1,2,2,4,2,4,2,4,10,19,34,63,1,0,1,0,2,2,7,7,0,2,0,2,0,0,3,27
2000,7,LVDPA1452,90,39,43,51,57,7,8,12,13,20,22,13,14,9,10,16,18,5,6,8,9,3,3,9,7,2,9,4,2,4,9,11,6,7,7,1,6
2000,7,LVDPA1453,63,25,40,38,60,3,5,3,5,3,5,3,5,4,6,7,11,3,5,37,59,2,0,1,0,1,4,1,16,1,3,2,3,3,3,2,21
2000,7,LVDPA1454,137,62,45,75,55,9,7,26,19,18,13,19,14,24,18,16,12,14,10,11,8,5,11,9,8,10,7,5,7,4,15,9,11,14,9,9,4
2000,7,LVDPA1455,149,96,64,53,36,6,4,58,39,36,24,13,9,7,5,8,5,12,8,9,6,4,41,25,7,6,5,4,4,2,17,11,6,1,3,8,5
2000,7,LVDPA1456,112,59,53,53,47,13,12,56,50,14,13,6,5,4,4,5,4,4,4,10,9,8,34,7,4,2,2,1,1,5,22,7,2,2,3,3,9
2000,7,LVDPA1457,64,26,41,38,59,4,6,6,9,11,17,8,13,10,16,11,17,13,20,1,2,1,3,3,2,5,6,5,1,3,3,8,6,5,5,8,0
2000,7,LVDPA1458,59,31,53,28,47,3,5,11,19,10,17,11,19,5,8,11,19,5,8,3,5,1,9,7,4,2,7,1,0,2,2,3,7,3,4,4,3
2000,7,LVDPA1459,51,29,57,22,43,4,8,4,8,6,12,8,16,8,16,4,8,8,16,9,18,2,2,3,4,7,2,4,5,2,2,3,4,1,2,4,4
2000,7,LVDPA1460,54,27,50,27,50,3,6,14,26,9,17,6,11,9,17,4,7,4,7,5,9,0,8,5,3,6,1,2,2,3,6,4,3,3,3,2,3
2000,7,LVDPA1461,60,39,65,21,35,3,5,2,3,0,0,7,12,4,7,5,8,23,38,16,27,1,1,0,4,4,4,16,9,2,1,0,3,0,1,7,7
2000,7,LVDPA1462,62,27,44,35,56,7,11,10,16,4,6,10,16,10,16,4,6,11,18,6,10,1,6,1,7,3,2,6,1,6,4,3,3,7,2,5,5
2000,7,LVDPA1463,51,26,51,25,49,7,14,9,18,12,24,5,10,8,16,4,8,2,4,4,8,5,3,7,3,3,2,2,1,2,6,5,2,5,2,0,3
2000,7,LVDPA1464,53,26,49,27,51,0,0,5,9,6,11,5,9,6,11,4,8,15,28,12,23,0,3,2,3,4,3,6,5,0,2,4,2,2,1,9,7
2000,7,LVDPA1465,57,24,42,33,58,1,2,3,5,13,23,5,9,5,9,16,28,9,16,5,9,0,2,4,5,3,4,6,0,1,1,9,0,2,12,3,5
2000,7,LVDPA1466,68,18,26,50,74,0,0,2,3,3,4,1,1,3,4,12,18,16,24,31,46,0,0,1,0,1,4,8,4,0,2,2,1,2,8,8,27
2000,7,LVDPA1467,100,41,41,59,59,1,1,6,6,8,8,3,3,11,11,4,4,11,11,56,56,1,1,4,1,5,1,9,19,0,5,4,2,6,3,2,37
2000,7,LVDPA1468,75,30,40,45,60,9,12,10,13,15,20,11,15,10,13,12,16,5,7,3,4,3,2,6,5,4,8,1,1,6,8,9,6,6,4,4,2
2000,7,LVDPA1469,204,91,45,113,55,43,21,44,22,19,9,53,26,18,9,8,4,13,6,6,3,26,14,8,23,10,3,4,3,17,30,11,30,8,5,9,3
2000,7,LVDPA1470,58,23,40,35,60,2,3,9,16,7,12,9,16,4,7,3,5,12,21,12,21,0,3,5,4,1,2,5,3,2,6,2,5,3,1,7,9
2000,7,LVDPA1471,59,33,56,26,44,6,10,12,20,7,12,16,27,11,19,0,0,4,7,3,5,6,7,3,8,7,0,1,1,0,5,4,8,4,0,3,2
2000,7,LVDPA1472,56,26,46,30,54,3,5,9,16,10,18,9,16,12,21,3,5,4,7,6,11,3,4,7,4,4,1,2,1,0,5,3,5,8,2,2,5
2000,7,LVDPA1473,58,31,53,27,47,1,2,8,14,4,7,11,19,11,19,13,22,6,10,4,7,0,4,2,6,6,9,3,1,1,4,2,5,5,4,3,3
2000,7,LVDPA1474,60,29,48,31,52,0,0,0,0,1,2,5,8,11,18,8,13,16,27,19,32,0,0,1,3,5,3,6,11,0,0,0,2,6,5,10,8
2011,0,LV,2070371,946102,46,1124269,54,147378,7,146772,7,275265,13,282510,14,283836,14,301032,15,253122,12,380456,18,75257,75249,140538,143171,139220,141165,108522,122980,72121,71523,134727,139339,144616,159867,144600,257476
2011,1,LV003,270504,125264,46,145240,54,19584,7,21516,8,38251,14,33155,12,35972,13,38750,14,32762,12,50514,19,9933,11036,19773,17077,17717,18443,14342,16943,9651,10480,18478,16078,18255,20307,18420,33571
2011,1,LV005,304035,140188,46,163847,54,18557,6,21718,7,40402,13,35215,12,42006,14,47968,16,39150,13,59019,19,9471,11111,20945,18373,20893,23372,17399,18624,9086,10607,19457,16842,21113,24596,21751,40395
2011,1,LV006,658635,290114,44,368521,56,46132,7,39338,6,79309,12,103471,16,89710,14,94664,14,83623,13,122388,19,23635,20215,39116,50713,42612,41987,33697,38139,22497,19123,40193,52758,47098,52677,49926,84249
2011,1,LV007,371427,172494,46,198933,54,31003,8,28493,8,48553,13,53040,14,53574,14,51502,14,43160,12,62102,17,15857,14601,24911,26543,26631,24377,18702,20872,15146,13892,23642,26497,26943,27125,24458,41230
2011,1,LV008,211309,98915,47,112394,53,13808,7,16069,8,32028,15,24591,12,27894,13,31270,15,24414,12,41235,20,7107,8246,16683,13052,13981,15238,11072,13536,6701,7823,15345,11539,13913,16032,13342,27699
2011,1,LV009,254461,119127,47,135334,53,18294,7,19638,8,36722,14,33038,13,34680,14,36878,14,30013,12,45198,18,9254,10040,19110,17413,17386,17748,13310,14866,9040,9598,17612,15625,17294,19130,16703,30332
2011,3,0010000,658635,290114,44,368521,56,46132,7,39338,6,79309,12,103471,16,89710,14,94664,14,83623,13,122388,19,23635,20215,39116,50713,42612,41987,33697,38139,22497,19123,40193,52758,47098,52677,49926,84249
2011,3,0050000,93215,41681,45,51534,55,6019,6,5940,6,11819,13,12060,13,13494,14,14290,15,12407,13,17186,18,3119,3038,5994,6162,6515,6517,4967,5369,2900,2902,5825,5898,6979,7773,7440,11817
2011,3,0090000,59511,27131,46,32380,54,4577,8,4371,7,7934,13,8964,15,8464,14,8255,14,6793,11,10153,17,2307,2188,3994,4578,4162,3834,2790,3278,2270,2183,3940,4386,4302,4421,4003,6875
2011,3,0110000,24634,11356,46,13278,54,1835,7,1893,8,3343,14,3334,14,3509,14,3615,15,2971,12,4134,17,920,972,1740,1799,1734,1664,1221,1306,915,921,1603,1535,1775,1951,1750,2828
2011,3,0130000,50841,22786,45,28055,55,3668,7,3445,7,5899,12,6717,13,7179,14,7494,15,6860,13,9579,19,1919,1783,2989,3265,3485,3472,2869,3004,1749,1662,2910,3452,3694,4022,3991,6575
2011,3,0170000,76737,34325,45,42412,55,5951,8,5833,8,9905,13,10280,13,10466,14,10722,14,9117,12,14463,19,2999,2997,4952,5141,5039,4897,3673,4627,2952,2836,4953,5139,5427,5825,5444,9836
2011,3,0210000,32328,14465,45,17863,55,2253,7,2327,7,4005,12,4358,13,4543,14,5129,16,4093,13,5620,17,1176,1217,2042,2164,2139,2328,1713,1686,1077,1110,1963,2194,2404,2801,2380,3934
2011,3,0250000,25130,11194,45,13936,55,1879,7,1791,7,3610,14,3365,13,3431,14,3537,14,2993,12,4524,18,994,909,1788,1675,1598,1513,1256,1461,885,882,1822,1690,1833,2024,1737,3063
2011,3,0270000,38750,17448,45,21302,55,2706,7,2864,7,4803,12,5016,13,5524,14,5601,14,5116,13,7120,18,1361,1419,2454,2490,2656,2618,2088,2362,1345,1445,2349,2526,2868,2983,3028,4758
2011,3,0320200,8984,4051,45,4933,55,568,6,669,7,1252,14,1231,14,1226,14,1365,15,1169,13,1504,17,292,351,612,651,571,603,476,495,276,318,640,580,655,762,693,1009
2011,3,0321000,5797,2761,48,3036,52,371,6,462,8,838,14,694,12,728,13,843,15,742,13,1119,19,181,223,438,386,382,432,350,369,190,239,400,308,346,411,392,750
2011,3,0321400,5680,2666,47,3014,53,334,6,409,7,817,14,607,11,709,12,861,15,719,13,1224,22,162,210,433,341,361,433,341,385,172,199,384,266,348,428,378,839
2011,3,0326100,5445,2584,47,2861,53,367,7,474,9,887,16,633,12,720,13,806,15,607,11,951,17,185,262,470,329,360,387,282,309,182,212,417,304,360,419,325,642
2011,3,0327100,3879,1934,50,1945,50,184,5,283,7,603,16,409,11,522,13,598,15,488,13,792,20,94,159,340,234,269,314,243,281,90,124,263,175,253,284,245,511
2011,3,0328200,3708,1696,46,2012,54,250,7,246,7,526,14,421,11,464,13,519,14,438,12,844,23,123,119,247,224,239,245,201,298,127,127,279,197,225,274,237,546
2011,3,0360200,17177,8034,47,9143,53,1092,6,1413,8,2624,15,1898,11,2306,13,2566,15,1920,11,3358,20,539,708,1359,1023,1159,1283,860,1103,553,705,1265,875,1147,1283,1060,2255
2011,3,0360800,3834,1860,49,1974,51,237,6,305,8,630,16,385,10,487,13,551,14,445,12,794,21,127,154,348,219,241,296,205,270,110,151,282,166,246,255,240,524
2011,3,0380200,14154,6584,47,7570,53,855,6,1086,8,2070,15,1520,11,1897,13,2239,16,1751,12,2736,19,463,565,1058,780,960,1093,817,848,392,521,1012,740,937,1146,934,1888
2011,3,0381600,5666,2644,47,3022,53,285,5,494,9,767,14,576,10,755,13,882,16,681,12,1226,22,145,254,398,315,412,446,339,335,140,240,369,261,343,436,342,891
2011,3,0384400,1177,555,47,622,53,46,4,93,8,182,15,83,7,172,15,198,17,132,11,271,23,27,39,107,43,93,106,70,70,19,54,75,40,79,92,62,201
2011,3,0387500,2361,1144,48,1217,52,151,6,194,8,355,15,255,11,331,14,340,14,285,12,450,19,77,104,183,139,190,183,143,125,74,90,172,116,141,157,142,325
2011,3,0400200,25561,11931,47,13630,53,1922,8,1981,8,3845,15,3280,13,3453,14,3782,15,3063,12,4235,17,971,1005,2009,1682,1736,1775,1382,1371,951,976,1836,1598,1717,2007,1681,2864
2011,3,0406400,9059,4297,47,4762,53,733,8,771,9,1300,14,1205,13,1328,15,1222,13,1018,11,1482,16,381,391,687,608,682,606,451,491,352,380,613,597,646,616,567,991
2011,3,0407700,3698,1773,48,1925,52,242,7,274,7,546,15,447,12,464,13,570,15,432,12,723,20,134,139,296,256,235,283,199,231,108,135,250,191,229,287,233,492
2011,3,0409500,8786,4308,49,4478,51,576,7,692,8,1321,15,1063,12,1181,13,1292,15,979,11,1682,19,314,366,695,611,640,642,461,579,262,326,626,452,541,650,518,1103
2011,3,0420200,18246,8193,45,10053,55,1246,7,1332,7,2652,15,2365,13,2399,13,2606,14,2062,11,3584,20,629,685,1384,1175,1142,1144,884,1150,617,647,1268,1190,1257,1462,1178,2434
2011,3,0421200,3684,1725,47,1959,53,253,7,258,7,508,14,488,13,407,11,555,15,456,12,759,21,132,131,266,268,202,271,203,252,121,127,242,220,205,284,253,507
2011,3,0424701,5667,2739,48,2928,52,386,7,463,8,883,16,637,11,750,13,837,15,636,11,1075,19,200,243,448,335,390,433,302,388,186,220,435,302,360,404,334,687
2011,3,0425700,2390,1115,47,1275,53,152,6,217,9,363,15,227,9,324,14,310,13,299,13,498,21,67,105,185,126,174,156,139,163,85,112,178,101,150,154,160,335
2011,3,0427300,8365,3930,47,4435,53,551,7,682,8,1238,15,988,12,1178,14,1285,15,925,11,1518,18,285,350,640,527,561,645,417,505,266,332,598,461,617,640,508,1013
2011,3,0427500,3953,1914,48,2039,52,260,7,299,8,641,16,453,11,536,14,554,14,418,11,792,20,131,162,346,242,275,286,204,268,129,137,295,211,261,268,214,524
2011,3,0427700,3592,1700,47,1892,53,237,7,271,8,520,14,404,11,473,13,517,14,437,12,733,20,122,131,248,221,234,279,193,272,115,140,272,183,239,238,244,461
2011,3,0429300,4155,2040,49,2115,51,240,6,321,8,706,17,425,10,548,13,665,16,412,10,838,20,130,169,376,237,292,343,204,289,110,152,330,188,256,322,208,549
2011,3,0440200,25228,12023,48,13205,52,1451,6,1880,7,3212,13,2778,11,3449,14,3892,15,3345,13,5221,21,741,965,1679,1471,1781,2019,1602,1765,710,915,1533,1307,1668,1873,1743,3456
2011,3,0440801,7994,3742,47,4252,53,409,5,593,7,1131,14,799,10,1017,13,1292,16,993,12,1760,22,201,276,618,440,509,663,470,565,208,317,513,359,508,629,523,1195
2011,3,0460200,22216,10395,47,11821,53,1602,7,1832,8,3403,15,2706,12,3055,14,3102,14,2726,12,3790,17,840,928,1813,1390,1484,1471,1204,1265,762,904,1590,1316,1571,1631,1522,2525
2011,3,0460800,7345,3388,46,3957,54,486,7,594,8,1092,15,796,11,909,12,1040,14,919,13,1509,21,237,310,532,428,463,494,414,510,249,284,560,368,446,546,505,999
2011,3,0468900,3687,1754,48,1933,52,231,6,282,8,638,17,413,11,453,12,543,15,433,12,694,19,119,140,353,231,215,262,219,215,112,142,285,182,238,281,214,479
2011,3,0500200,22794,10691,47,12103,53,1442,6,1809,8,3525,15,2572,11,3043,13,3462,15,2692,12,4249,19,742,960,1800,1317,1559,1726,1256,1331,700,849,1725,1255,1484,1736,1436,2918
2011,3,0540200,24649,11783,48,12866,52,1773,7,1963,8,3625,15,3230,13,3196,13,3719,15,2857,12,4286,17,882,1013,1918,1747,1642,1854,1335,1392,891,950,1707,1483,1554,1865,1522,2894
2011,3,0546701,9753,4578,47,5175,53,895,9,766,8,1274,13,1438,15,1412,14,1297,13,1049,11,1622,17,420,380,669,714,723,627,472,573,475,386,605,724,689,670,577,1049
2011,3,0560200,5087,2489,49,2598,51,262,5,370,7,847,17,458,9,620,12,830,16,584,11,1116,22,131,187,464,259,323,442,287,396,131,183,383,199,297,388,297,720
2011,3,0560800,2967,1491,50,1476,50,158,5,195,7,447,15,309,10,390,13,490,17,400,13,578,19,87,103,257,180,202,265,211,186,71,92,190,129,188,225,189,392
2011,3,0561800,4133,1944,47,2189,53,289,7,330,8,637,15,402,10,537,13,588,14,493,12,857,21,137,174,328,213,274,302,231,285,152,156,309,189,263,286,262,572
2011,3,0566900,6085,2963,49,3122,51,373,6,452,7,937,15,585,10,789,13,946,16,703,12,1300,21,195,238,488,315,416,522,345,444,178,214,449,270,373,424,358,856
2011,3,0568700,3797,1854,49,1943,51,266,7,329,9,610,16,413,11,551,15,595,16,430,11,603,16,142,182,327,237,273,291,195,207,124,147,283,176,278,304,235,396
2011,3,0600202,17506,8127,46,9379,54,976,6,1258,7,2257,13,1729,10,2255,13,2980,17,2379,14,3672,21,477,648,1198,899,1127,1477,1103,1198,499,610,1059,830,1128,1503,1276,2474
2011,3,0601000,8286,3982,48,4304,52,455,5,650,8,1123,14,761,9,1167,14,1364,16,1042,13,1724,21,227,331,609,412,590,732,524,557,228,319,514,349,577,632,518,1167
2011,3,0604300,3930,1877,48,2053,52,202,5,300,8,541,14,330,8,497,13,658,17,513,13,889,23,109,148,275,178,258,359,268,282,93,152,266,152,239,299,245,607
2011,3,0620200,24850,11656,47,13194,53,1798,7,2153,9,3765,15,3002,12,3214,13,3579,14,2841,11,4498,18,913,1112,1899,1554,1603,1725,1290,1560,885,1041,1866,1448,1611,1854,1551,2938
2011,3,0621200,5313,2524,48,2789,52,346,7,467,9,729,14,590,11,679,13,752,14,693,13,1057,20,163,240,394,312,359,380,324,352,183,227,335,278,320,372,369,705
2011,3,0624200,1470,685,47,785,53,94,6,120,8,217,15,147,10,165,11,243,17,188,13,296,20,50,52,116,79,90,120,90,88,44,68,101,68,75,123,98,208
2011,3,0640600,9265,4380,47,4885,53,659,7,782,8,1358,15,941,10,1164,13,1253,14,1176,13,1932,21,336,431,711,516,552,602,567,665,323,351,647,425,612,651,609,1267
2011,3,0640801,3052,1488,49,1564,51,194,6,227,7,465,15,330,11,399,13,419,14,386,13,632,21,102,111,245,180,208,211,193,238,92,116,220,150,191,208,193,394
2011,3,0641000,9345,4419,47,4926,53,694,7,771,8,1315,14,1191,13,1226,13,1254,13,1188,13,1706,18,345,396,685,629,641,572,554,597,349,375,630,562,585,682,634,1109
2011,3,0641401,2850,1361,48,1489,52,172,6,211,7,427,15,290,10,355,12,451,16,295,10,649,23,89,98,228,158,199,224,160,205,83,113,199,132,156,227,135,444
2011,3,0641600,5833,2778,48,3055,52,435,7,487,8,875,15,609,10,749,13,868,15,688,12,1122,19,234,233,487,320,382,429,321,372,201,254,388,289,367,439,367,750
2011,3,0647900,3579,1741,49,1838,51,241,7,254,7,508,14,402,11,473,13,542,15,398,11,761,21,134,134,277,208,241,280,191,276,107,120,231,194,232,262,207,485
2011,3,0648500,1814,898,50,916,50,122,7,128,7,255,14,168,9,212,12,278,15,213,12,438,24,66,71,142,94,112,147,106,160,56,57,113,74,100,131,107,278
2011,3,0649300,2613,1233,47,1380,53,183,7,222,8,372,14,276,11,327,13,327,13,313,12,593,23,87,117,198,148,178,163,139,203,96,105,174,128,149,164,174,390
2011,3,0660200,17779,8393,47,9386,53,1214,7,1292,7,2644,15,2131,12,2270,13,2600,15,2059,12,3569,20,638,660,1333,1131,1171,1248,975,1237,576,632,1311,1000,1099,1352,1084,2332
2011,3,0661000,5316,2504,47,2812,53,361,7,403,8,864,16,563,11,682,13,742,14,583,11,1118,21,177,204,453,304,357,375,281,353,184,199,411,259,325,367,302,765
2011,3,0661400,8323,3938,47,4385,53,515,6,620,7,1236,15,871,10,1113,13,1276,15,992,12,1700,20,257,327,663,469,550,631,464,577,258,293,573,402,563,645,528,1123
2011,3,0680200,14226,6518,46,7708,54,795,6,992,7,1857,13,1583,11,2046,14,2250,16,1879,13,2824,20,385,514,966,833,996,1103,815,906,410,478,891,750,1050,1147,1064,1918
2011,3,0681000,6278,2881,46,3397,54,350,6,460,7,868,14,650,10,831,13,980,16,731,12,1408,22,171,242,454,346,416,504,340,408,179,218,414,304,415,476,391,1000
2011,3,0681801,3353,1573,47,1780,53,191,6,293,9,453,14,371,11,440,13,503,15,477,14,625,19,96,151,233,213,227,248,224,181,95,142,220,158,213,255,253,444
2011,3,0684901,2875,1389,48,1486,52,140,5,198,7,443,15,271,9,388,13,475,17,365,13,595,21,65,98,233,170,201,253,172,197,75,100,210,101,187,222,193,398
2011,3,0700200,25118,11744,47,13374,53,1541,6,1914,8,3938,16,2782,11,3375,13,3689,15,3022,12,4857,19,781,990,2031,1481,1699,1819,1362,1581,760,924,1907,1301,1676,1870,1660,3276
2011,3,0700800,2802,1315,47,1487,53,179,6,237,8,448,16,287,10,361,13,404,14,327,12,559,20,93,135,232,143,178,196,160,178,86,102,216,144,183,208,167,381
2011,3,0701400,2537,1210,48,1327,52,140,6,183,7,421,17,232,9,337,13,375,15,296,12,553,22,66,78,249,123,180,191,136,187,74,105,172,109,157,184,160,366
2011,3,0701800,3560,1613,45,1947,55,218,6,285,8,561,16,355,10,443,12,488,14,360,10,850,24,120,144,274,186,228,240,176,245,98,141,287,169,215,248,184,605
2011,3,0705500,3199,1483,46,1716,54,192,6,209,7,503,16,299,9,387,12,438,14,382,12,789,25,84,99,269,160,201,217,185,268,108,110,234,139,186,221,197,521
2011,3,0740202,36155,16450,45,19705,55,2911,8,2608,7,4729,13,5064,14,5070,14,4735,13,4537,13,6501,18,1504,1325,2403,2604,2517,2127,1807,2163,1407,1283,2326,2460,2553,2608,2730,4338
2011,3,0740600,8846,4192,47,4654,53,889,10,719,8,1154,13,1330,15,1380,16,1153,13,866,10,1355,15,463,342,617,670,671,545,385,499,426,377,537,660,709,608,481,856
2011,3,0741001,5735,2777,48,2958,52,353,6,422,7,839,15,689,12,776,14,931,16,662,12,1063,19,189,218,454,362,392,464,314,384,164,204,385,327,384,467,348,679
2011,3,0741401,10387,4836,47,5551,53,836,8,825,8,1499,14,1346,13,1496,14,1416,14,1181,11,1788,17,432,413,775,684,740,663,525,604,404,412,724,662,756,753,656,1184
2011,3,0760202,10696,4868,46,5828,54,670,6,715,7,1554,15,1176,11,1429,13,1846,17,1287,12,2019,19,334,340,817,611,702,853,581,630,336,375,737,565,727,993,706,1389
2011,3,0761201,12496,5715,46,6781,54,785,6,909,7,1704,14,1437,11,1597,13,1999,16,1684,13,2381,19,371,459,865,744,833,944,743,756,414,450,839,693,764,1055,941,1625
2011,3,0766300,5536,2708,49,2828,51,277,5,446,8,855,15,499,9,721,13,873,16,637,12,1228,22,155,249,472,271,383,483,306,389,122,197,383,228,338,390,331,839
2011,3,0769101,2113,1020,48,1093,52,105,5,162,8,341,16,194,9,245,12,340,16,223,11,503,24,49,83,179,107,124,184,112,182,56,79,162,87,121,156,111,321
2011,3,0780200,28199,13702,49,14497,51,1797,6,2223,8,3996,14,3135,11,3861,14,4450,16,3410,12,5327,19,921,1157,2115,1722,1998,2368,1690,1731,876,1066,1881,1413,1863,2082,1720,3596
2011,3,0781800,6418,2990,47,3428,53,345,5,505,8,869,14,650,10,871,14,988,15,836,13,1354,21,162,233,450,353,439,509,400,444,183,272,419,297,432,479,436,910
2011,3,0800600,5478,2603,48,2875,52,470,9,507,9,790,14,796,15,728,13,720,13,567,10,900,16,255,270,423,400,361,352,269,273,215,237,367,396,367,368,298,627
2011,3,0800800,21913,10196,47,11717,53,2349,11,1699,8,2526,12,3875,18,3295,15,2858,13,2327,11,2984,14,1203,853,1284,1860,1644,1331,985,1036,1146,846,1242,2015,1651,1527,1342,1948
2011,3,0801000,20116,9182,46,10934,54,1576,8,1484,7,2443,12,3091,15,3004,15,2966,15,2503,12,3049,15,771,739,1262,1569,1551,1315,1007,968,805,745,1181,1522,1453,1651,1496,2081
2011,3,0801200,22392,10380,46,12012,54,1975,9,1633,7,2527,11,3659,16,3646,16,2862,13,2816,13,3274,15,1041,821,1311,1795,1813,1335,1165,1099,934,812,1216,1864,1833,1527,1651,2175
2011,3,0801400,5855,2654,45,3201,55,391,7,378,6,714,12,686,12,751,13,852,15,699,12,1384,24,193,191,360,358,376,404,297,475,198,187,354,328,375,448,402,909
2011,3,0801601,16729,7640,46,9089,54,1409,8,1254,7,2326,14,2502,15,2223,13,2321,14,1799,11,2895,17,710,623,1156,1249,1051,1084,791,976,699,631,1170,1253,1172,1237,1008,1919
2011,3,0801800,7935,3676,46,4259,54,662,8,526,7,992,13,1210,15,1080,14,1159,15,941,12,1365,17,335,270,534,597,541,552,417,430,327,256,458,613,539,607,524,935
2011,3,0804400,10026,4677,47,5349,53,1065,11,864,9,1238,12,1800,18,1560,16,1309,13,1038,10,1152,11,533,457,619,853,766,625,448,376,532,407,619,947,794,684,590,776
2011,3,0804900,9408,4420,47,4988,53,915,10,857,9,1170,12,1397,15,1567,17,1327,14,956,10,1219,13,450,424,621,663,764,664,406,428,465,433,549,734,803,663,550,791
2011,3,0805200,6712,3188,47,3524,53,528,8,419,6,780,12,871,13,951,14,1000,15,883,13,1280,19,264,229,413,442,465,501,387,487,264,190,367,429,486,499,496,793
2011,3,0806000,7769,3773,49,3996,51,819,11,683,9,977,13,1080,14,1383,18,1103,14,800,10,924,12,425,366,517,498,693,537,379,358,394,317,460,582,690,566,421,566
2011,3,0806900,5324,2579,48,2745,52,361,7,386,7,825,15,719,14,681,13,797,15,599,11,956,18,174,209,441,395,343,398,284,335,187,177,384,324,338,399,315,621
2011,3,0807400,3626,1720,47,1906,53,261,7,307,8,498,14,489,13,517,14,490,14,441,12,623,17,147,161,257,247,265,237,196,210,114,146,241,242,252,253,245,413
2011,3,0807600,15946,7513,47,8433,53,2022,13,1417,9,1974,12,3041,19,2707,17,1889,12,1197,8,1699,11,987,768,965,1439,1348,919,520,567,1035,649,1009,1602,1359,970,677,1132
2011,3,0808400,6904,3260,47,3644,53,587,9,525,8,940,14,1063,15,1031,15,968,14,817,12,973,14,284,276,476,546,529,457,369,323,303,249,464,517,502,511,448,650
2011,3,0809200,2292,1105,48,1187,52,170,7,184,8,321,14,316,14,310,14,350,15,255,11,386,17,77,96,164,172,162,172,122,140,93,88,157,144,148,178,133,246
2011,3,0809600,10096,4692,46,5404,54,960,10,871,9,1198,12,1618,16,1606,16,1379,14,1134,11,1330,13,478,443,620,775,797,654,483,442,482,428,578,843,809,725,651,888
2011,3,0840200,25604,12092,47,13512,53,1880,7,2237,9,4092,16,2999,12,3363,13,3748,15,3012,12,4273,17,940,1134,2177,1579,1620,1800,1366,1476,940,1103,1915,1420,1743,1948,1646,2797
2011,3,0840601,6233,2945,47,3288,53,434,7,566,9,879,14,714,11,804,13,890,14,748,12,1198,19,211,295,481,370,403,447,350,388,223,271,398,344,401,443,398,810
2011,3,0880200,31219,14686,47,16533,53,2215,7,2504,8,4950,16,3723,12,4011,13,4494,14,3736,12,5586,18,1165,1319,2567,1939,1976,2149,1670,1901,1050,1185,2383,1784,2035,2345,2066,3685
2011,3,0885100,4228,2055,49,2173,51,269,6,316,7,692,16,396,9,580,14,616,15,509,12,850,20,142,173,376,231,290,311,247,285,127,143,316,165,290,305,262,565
2011,3,0887600,1638,763,47,875,53,96,6,125,8,198,12,195,12,210,13,229,14,209,13,376,23,51,64,104,106,112,115,89,122,45,61,94,89,98,114,120,254
2011,3,0888301,3972,1816,46,2156,54,240,6,272,7,613,15,431,11,522,13,652,16,416,10,826,21,119,128,312,234,260,308,176,279,121,144,301,197,262,344,240,547
2011,3,0900200,30614,14285,47,16329,53,2448,8,2634,9,4579,15,3966,13,4157,14,4143,14,3402,11,5285,17,1284,1371,2287,2023,2055,1974,1495,1796,1164,1263,2292,1943,2102,2169,1907,3489
2011,3,0901201,8885,4269,48,4616,52,637,7,819,9,1427,16,1021,11,1156,13,1204,14,992,11,1629,18,334,407,722,570,586,600,481,569,303,412,705,451,570,604,511,1060
2011,3,0905100,7575,3598,47,3977,53,474,6,499,7,1016,13,850,11,979,13,1096,14,958,13,1703,22,254,251,544,445,491,563,433,617,220,248,472,405,488,533,525,1086
2011,3,0905700,2450,1208,49,1242,51,177,7,213,9,428,17,279,11,276,11,362,15,296,12,419,17,79,104,248,158,147,178,148,146,98,109,180,121,129,184,148,273
2011,3,0940200,9299,4322,46,4977,54,537,6,639,7,1326,14,949,10,1120,12,1485,16,1156,12,2087,22,293,330,698,528,562,725,498,688,244,309,628,421,558,760,658,1399
2011,3,0941600,13083,6209,47,6874,53,946,7,1043,8,2044,16,1554,12,1688,13,1976,15,1452,11,2380,18,485,543,1086,828,832,972,690,773,461,500,958,726,856,1004,762,1607
2011,3,0941800,3827,1803,47,2024,53,214,6,257,7,460,12,379,10,491,13,576,15,534,14,916,24,110,134,243,212,273,293,243,295,104,123,217,167,218,283,291,621
2011,3,0960200,6311,3026,48,3285,52,427,7,500,8,977,15,753,12,814,13,1034,16,649,10,1157,18,227,252,503,415,425,513,312,379,200,248,474,338,389,521,337,778
2011,3,0961000,3460,1574,45,1886,55,210,6,245,7,525,15,342,10,416,12,480,14,428,12,814,24,109,123,277,178,207,235,201,244,101,122,248,164,209,245,227,570
2011,3,0961600,5577,2593,46,2984,54,346,6,403,7,753,14,657,12,686,12,858,15,641,11,1233,22,177,199,404,343,336,420,295,419,169,204,349,314,350,438,346,814
2011,3,0964700,3255,1582,49,1673,51,223,7,243,7,490,15,415,13,436,13,469,14,393,12,586,18,115,121,262,221,224,241,187,211,108,122,228,194,212,228,206,375
2011,3,0967101,8307,4345,52,3962,48,534,6,575,7,1337,16,1186,14,1183,14,1242,15,883,11,1367,16,277,295,775,766,670,645,415,502,257,280,562,420,513,597,468,865
2011,3,0967300,1987,961,48,1026,52,126,6,175,9,345,17,194,10,275,14,311,16,196,10,365,18,72,96,192,103,139,156,89,114,54,79,153,91,136,155,107,251
2011,3,0980200,12139,5971,49,6168,51,855,7,977,8,1833,15,1455,12,1529,13,1832,15,1520,13,2138,18,426,512,968,789,796,945,748,787,429,465,865,666,733,887,772,1351
2011,4,0010000,658635,290114,44,368521,56,46132,7,39338,6,79309,12,103471,16,89710,14,94664,14,83623,13,122388,19,23635,20215,39116,50713,42612,41987,33697,38139,22497,19123,40193,52758,47098,52677,49926,84249
2011,4,0050000,93215,41681,45,51534,55,6019,6,5940,6,11819,13,12060,13,13494,14,14290,15,12407,13,17186,18,3119,3038,5994,6162,6515,6517,4967,5369,2900,2902,5825,5898,6979,7773,7440,11817
2011,4,0090000,59511,27131,46,32380,54,4577,8,4371,7,7934,13,8964,15,8464,14,8255,14,6793,11,10153,17,2307,2188,3994,4578,4162,3834,2790,3278,2270,2183,3940,4386,4302,4421,4003,6875
2011,4,0110000,24634,11356,46,13278,54,1835,7,1893,8,3343,14,3334,14,3509,14,3615,15,2971,12,4134,17,920,972,1740,1799,1734,1664,1221,1306,915,921,1603,1535,1775,1951,1750,2828
2011,4,0130000,50841,22786,45,28055,55,3668,7,3445,7,5899,12,6717,13,7179,14,7494,15,6860,13,9579,19,1919,1783,2989,3265,3485,3472,2869,3004,1749,1662,2910,3452,3694,4022,3991,6575
2011,4,0170000,76737,34325,45,42412,55,5951,8,5833,8,9905,13,10280,13,10466,14,10722,14,9117,12,14463,19,2999,2997,4952,5141,5039,4897,3673,4627,2952,2836,4953,5139,5427,5825,5444,9836
2011,4,0210000,32328,14465,45,17863,55,2253,7,2327,7,4005,12,4358,13,4543,14,5129,16,4093,13,5620,17,1176,1217,2042,2164,2139,2328,1713,1686,1077,1110,1963,2194,2404,2801,2380,3934
2011,4,0250000,25130,11194,45,13936,55,1879,7,1791,7,3610,14,3365,13,3431,14,3537,14,2993,12,4524,18,994,909,1788,1675,1598,1513,1256,1461,885,882,1822,1690,1833,2024,1737,3063
2011,4,0270000,38750,17448,45,21302,55,2706,7,2864,7,4803,12,5016,13,5524,14,5601,14,5116,13,7120,18,1361,1419,2454,2490,2656,2618,2088,2362,1345,1445,2349,2526,2868,2983,3028,4758
2011,4,0320201,7897,3542,45,4355,55,498,6,581,7,1075,14,1109,14,1059,13,1201,15,1047,13,1327,17,256,308,520,583,496,520,419,440,242,273,555,526,563,681,628,887
2011,4,0320244,1087,509,47,578,53,70,6,88,8,177,16,122,11,167,15,164,15,122,11,177,16,36,43,92,68,75,83,57,55,34,45,85,54,92,81,65,122
2011,4,0321007,2042,941,46,1101,54,135,7,154,8,288,14,253,12,219,11,282,14,279,14,432,21,75,64,142,146,112,136,123,143,60,90,146,107,107,146,156,289
2011,4,0321027,84,45,54,39,46,2,2,5,6,9,11,9,11,11,13,16,19,12,14,20,24,1,4,4,6,7,10,6,7,1,1,5,3,4,6,6,13
2011,4,0321050,1013,491,48,522,52,65,6,78,8,153,15,114,11,127,13,164,16,128,13,184,18,22,43,82,69,65,81,66,63,43,35,71,45,62,83,62,121
2011,4,0321078,1046,500,48,546,52,71,7,107,10,158,15,136,13,135,13,154,15,104,10,181,17,34,52,81,66,72,81,53,61,37,55,77,70,63,73,51,120
2011,4,0321080,764,371,49,393,51,52,7,49,6,106,14,93,12,123,16,106,14,109,14,126,16,23,22,54,50,63,60,52,47,29,27,52,43,60,46,57,79
2011,4,0321084,390,186,48,204,52,13,3,30,8,63,16,39,10,44,11,63,16,57,15,81,21,7,15,40,17,26,31,29,21,6,15,23,22,18,32,28,60
2011,4,0321086,458,227,50,231,50,33,7,39,9,61,13,50,11,69,15,58,13,53,12,95,21,19,23,35,32,37,33,21,27,14,16,26,18,32,25,32,68
2011,4,0321413,3422,1546,45,1876,55,224,7,247,7,471,14,388,11,424,12,519,15,417,12,732,21,107,125,248,206,206,243,185,226,117,122,223,182,218,276,232,506
2011,4,0321442,712,345,48,367,52,35,5,47,7,115,16,54,8,110,15,100,14,88,12,163,23,15,30,64,30,60,52,42,52,20,17,51,24,50,48,46,111
2011,4,0321458,775,396,51,379,49,41,5,62,8,116,15,84,11,99,13,114,15,92,12,167,22,21,27,67,50,59,65,51,56,20,35,49,34,40,49,41,111
2011,4,0321492,771,379,49,392,51,34,4,53,7,115,15,81,11,76,10,128,17,122,16,162,21,19,28,54,55,36,73,63,51,15,25,61,26,40,55,59,111
2011,4,0326146,1160,562,48,598,52,107,9,118,10,212,18,136,12,145,13,174,15,121,10,147,13,51,64,121,73,76,76,56,45,56,54,91,63,69,98,65,102
2011,4,0326154,509,244,48,265,52,40,8,60,12,85,17,71,14,60,12,70,14,58,11,65,13,23,33,41,36,24,39,24,24,17,27,44,35,36,31,34,41
2011,4,0326160,3776,1778,47,1998,53,220,6,296,8,590,16,426,11,515,14,562,15,428,11,739,20,111,165,308,220,260,272,202,240,109,131,282,206,255,290,226,499
2011,4,0327166,1101,560,51,541,49,36,3,63,6,166,15,113,10,160,15,173,16,148,13,242,22,18,37,92,70,85,96,77,85,18,26,74,43,75,77,71,157
2011,4,0327170,1693,830,49,863,51,98,6,136,8,253,15,192,11,217,13,251,15,190,11,356,21,50,75,145,105,112,122,94,127,48,61,108,87,105,129,96,229
2011,4,0327174,443,224,51,219,49,19,4,36,8,75,17,41,9,54,12,77,17,69,16,72,16,9,20,39,24,33,43,34,22,10,16,36,17,21,34,35,50
2011,4,0327196,642,320,50,322,50,31,5,48,7,109,17,63,10,91,14,97,15,81,13,122,19,17,27,64,35,39,53,38,47,14,21,45,28,52,44,43,75
2011,4,0328200,3708,1696,46,2012,54,250,7,246,7,526,14,421,11,464,13,519,14,438,12,844,23,123,119,247,224,239,245,201,298,127,127,279,197,225,274,237,546
2011,4,0360201,8057,3639,45,4418,55,535,7,632,8,1183,15,984,12,1045,13,1173,15,953,12,1552,19,266,303,625,514,494,540,396,501,269,329,558,470,551,633,557,1051
2011,4,0360242,1450,709,49,741,51,89,6,128,9,188,13,172,12,208,14,211,15,155,11,299,21,44,68,105,93,115,116,68,100,45,60,83,79,93,95,87,199
2011,4,0360244,429,200,47,229,53,29,7,19,4,83,19,44,10,43,10,75,17,44,10,92,21,15,10,42,24,24,37,24,24,14,9,41,20,19,38,20,68
2011,4,0360252,373,174,47,199,53,22,6,49,13,54,14,32,9,62,17,68,18,23,6,63,17,9,26,21,19,31,38,10,20,13,23,33,13,31,30,13,43
2011,4,0360256,1108,521,47,587,53,66,6,93,8,161,15,107,10,147,13,180,16,142,13,212,19,30,41,81,59,83,91,72,64,36,52,80,48,64,89,70,148
2011,4,0360258,473,213,45,260,55,19,4,31,7,88,19,38,8,70,15,89,19,45,10,93,20,11,13,41,21,32,47,21,27,8,18,47,17,38,42,24,66
2011,4,0360260,458,227,50,231,50,31,7,47,10,92,20,45,10,75,16,66,14,23,5,79,17,17,25,46,25,39,37,13,25,14,22,46,20,36,29,10,54
2011,4,0360264,189,85,45,104,55,12,6,9,5,32,17,12,6,21,11,33,17,26,14,44,23,4,5,19,6,10,19,9,13,8,4,13,6,11,14,17,31
2011,4,0360268,914,438,48,476,52,53,6,90,10,132,14,88,10,125,14,119,13,83,9,224,25,25,52,64,53,60,64,43,77,28,38,68,35,65,55,40,147
2011,4,0360272,415,211,51,204,49,36,9,42,10,59,14,41,10,69,17,48,12,38,9,82,20,18,21,35,24,39,25,18,31,18,21,24,17,30,23,20,51
2011,4,0360274,644,311,48,333,52,37,6,51,8,120,19,46,7,100,16,94,15,61,9,135,21,16,27,62,25,50,56,30,45,21,24,58,21,50,38,31,90
2011,4,0360276,359,179,50,180,50,21,6,29,8,51,14,46,13,47,13,58,16,43,12,64,18,13,14,29,26,28,26,21,22,8,15,22,20,19,32,22,42
2011,4,0360280,736,349,47,387,53,49,7,59,8,103,14,70,10,94,13,106,14,94,13,161,22,22,25,48,39,46,63,46,60,27,34,55,31,48,43,48,101
2011,4,0360288,359,177,49,182,51,12,3,21,6,78,22,35,10,48,13,64,18,36,10,65,18,6,12,38,19,25,30,19,28,6,9,40,16,23,34,17,37
2011,4,0360294,372,178,48,194,52,26,7,30,8,70,19,38,10,46,12,60,16,41,11,61,16,13,21,40,20,23,32,16,13,13,9,30,18,23,28,25,48
2011,4,0360296,841,423,50,418,50,55,7,83,10,130,15,100,12,106,13,122,15,113,13,132,16,30,45,63,56,60,62,54,53,25,38,67,44,46,60,59,79
2011,4,0360805,983,450,46,533,54,53,5,70,7,157,16,110,11,135,14,132,13,114,12,212,22,20,37,75,62,65,67,53,71,33,33,82,48,70,65,61,141
2011,4,0360825,516,264,51,252,49,41,8,41,8,98,19,53,10,68,13,73,14,51,10,91,18,26,18,57,27,36,39,23,38,15,23,41,26,32,34,28,53
2011,4,0360848,909,423,47,486,53,60,7,88,10,145,16,92,10,106,12,130,14,119,13,169,19,31,44,78,50,50,71,50,49,29,44,67,42,56,59,69,120
2011,4,0360884,805,403,50,402,50,49,6,46,6,121,15,75,9,93,12,120,15,93,12,208,26,30,21,74,46,49,66,49,68,19,25,47,29,44,54,44,140
2011,4,0360890,621,320,52,301,48,34,5,60,10,109,18,55,9,85,14,96,15,68,11,114,18,20,34,64,34,41,53,30,44,14,26,45,21,44,43,38,70
2011,4,0380201,7176,3219,45,3957,55,476,7,532,7,978,14,873,12,945,13,1163,16,963,13,1246,17,267,270,483,426,473,522,403,375,209,262,495,447,472,641,560,871
2011,4,0380246,695,345,50,350,50,31,4,44,6,98,14,69,10,103,15,104,15,97,14,149,21,16,29,51,39,50,55,57,48,15,15,47,30,53,49,40,101
2011,4,0380248,494,242,49,252,51,23,5,45,9,64,13,63,13,56,11,93,19,73,15,77,16,16,22,37,37,31,45,38,16,7,23,27,26,25,48,35,61
2011,4,0380250,812,394,49,418,51,36,4,58,7,120,15,67,8,125,15,132,16,87,11,187,23,20,28,64,38,63,74,49,58,16,30,56,29,62,58,38,129
2011,4,0380252,589,293,50,296,50,17,3,63,11,119,20,27,5,95,16,88,15,75,13,105,18,11,34,65,14,54,47,35,33,6,29,54,13,41,41,40,72
2011,4,0380256,383,179,47,204,53,21,5,34,9,68,18,44,11,49,13,56,15,42,11,69,18,12,15,39,25,21,30,21,16,9,19,29,19,28,26,21,53
2011,4,0380258,1538,769,50,769,50,80,5,121,8,199,13,123,8,204,13,209,14,193,13,409,27,43,73,106,68,101,112,99,167,37,48,93,55,103,97,94,242
2011,4,0380266,315,148,47,167,53,26,8,29,9,40,13,34,11,44,14,52,17,37,12,53,17,11,16,18,19,20,28,21,15,15,13,22,15,24,24,16,38
2011,4,0380286,1029,458,45,571,55,57,6,81,8,197,19,101,10,133,13,178,17,68,7,214,21,26,43,96,52,67,85,34,55,31,38,101,49,66,93,34,159
2011,4,0380290,429,214,50,215,50,34,8,40,9,77,18,37,9,65,15,69,16,30,7,77,18,17,18,45,20,35,40,14,25,17,22,32,17,30,29,16,52
2011,4,0380294,694,323,47,371,53,54,8,39,6,110,16,82,12,78,11,95,14,86,12,150,22,24,17,54,42,45,55,46,40,30,22,56,40,33,40,40,110
2011,4,0381615,1487,668,45,819,55,77,5,132,9,199,13,161,11,196,13,230,15,191,13,301,20,39,69,101,88,103,108,91,69,38,63,98,73,93,122,100,232
2011,4,0381660,398,190,48,208,52,20,5,26,7,54,14,30,8,54,14,55,14,73,18,86,22,12,14,30,15,34,25,33,27,8,12,24,15,20,30,40,59
2011,4,0381670,724,349,48,375,52,46,6,67,9,92,13,72,10,101,14,107,15,71,10,168,23,24,42,55,38,55,51,37,47,22,25,37,34,46,56,34,121
2011,4,0381678,618,294,48,324,52,29,5,40,6,74,12,57,9,78,13,97,16,80,13,163,26,13,18,43,32,41,57,42,48,16,22,31,25,37,40,38,115
2011,4,0381682,1171,552,47,619,53,61,5,120,10,177,15,118,10,177,15,159,14,125,11,234,20,32,59,88,61,92,88,68,64,29,61,89,57,85,71,57,170
2011,4,0381692,551,261,47,290,53,14,3,53,10,78,14,54,10,65,12,101,18,59,11,127,23,9,27,32,34,38,56,30,35,5,26,46,20,27,45,29,92
2011,4,0381698,717,330,46,387,54,38,5,56,8,93,13,84,12,84,12,133,19,82,11,147,21,16,25,49,47,49,61,38,45,22,31,44,37,35,72,44,102
2011,4,0384400,1177,555,47,622,53,46,4,93,8,182,15,83,7,172,15,198,17,132,11,271,23,27,39,107,43,93,106,70,70,19,54,75,40,79,92,62,201
2011,4,0387564,914,450,49,464,51,56,6,81,9,120,13,98,11,143,16,131,14,100,11,185,20,25,45,64,56,83,75,51,51,31,36,56,42,60,56,49,134
2011,4,0387574,1447,694,48,753,52,95,7,113,8,235,16,157,11,188,13,209,14,185,13,265,18,52,59,119,83,107,108,92,74,43,54,116,74,81,101,93,191
2011,4,0400201,9508,4170,44,5338,56,746,8,714,8,1337,14,1269,13,1335,14,1354,14,1144,12,1609,17,372,333,667,614,651,583,456,494,374,381,670,655,684,771,688,1115
2011,4,0400246,1465,729,50,736,50,118,8,120,8,217,15,176,12,194,13,202,14,182,12,256,17,66,64,115,102,111,98,93,80,52,56,102,74,83,104,89,176
2011,4,0400250,1732,825,48,907,52,140,8,136,8,256,15,214,12,242,14,258,15,188,11,298,17,74,73,140,111,126,121,86,94,66,63,116,103,116,137,102,204
2011,4,0400252,2520,1204,48,1316,52,176,7,192,8,388,15,330,13,310,12,358,14,314,12,452,18,90,102,205,171,153,177,151,155,86,90,183,159,157,181,163,297
2011,4,0400256,750,351,47,399,53,57,8,49,7,135,18,74,10,120,16,94,13,86,11,135,18,24,24,69,34,59,48,49,44,33,25,66,40,61,46,37,91
2011,4,0400260,2281,1102,48,1179,52,151,7,184,8,360,16,307,13,247,11,438,19,288,13,306,13,72,103,197,166,127,201,143,93,79,81,163,141,120,237,145,213
2011,4,0400268,3704,1760,48,1944,52,284,8,300,8,586,16,481,13,490,13,583,16,433,12,547,15,148,159,300,242,245,273,212,181,136,141,286,239,245,310,221,366
2011,4,0400272,1594,782,49,812,51,109,7,119,7,233,15,195,12,230,14,209,13,193,12,306,19,59,54,125,105,121,116,89,113,50,65,108,90,109,93,104,193
2011,4,0400292,2007,1008,50,999,50,141,7,167,8,333,17,234,12,285,14,286,14,235,12,326,16,66,93,191,137,143,158,103,117,75,74,142,97,142,128,132,209
2011,4,0406400,9059,4297,47,4762,53,733,8,771,9,1300,14,1205,13,1328,15,1222,13,1018,11,1482,16,381,391,687,608,682,606,451,491,352,380,613,597,646,616,567,991
2011,4,0407776,1875,881,47,994,53,113,6,128,7,288,15,218,12,254,14,282,15,216,12,376,20,65,58,157,122,124,137,98,120,48,70,131,96,130,145,118,256
2011,4,0407788,853,410,48,443,52,56,7,68,8,106,12,121,14,93,11,135,16,106,12,168,20,28,35,57,72,49,69,52,48,28,33,49,49,44,66,54,120
2011,4,0407796,970,482,50,488,50,73,8,78,8,152,16,108,11,117,12,153,16,110,11,179,18,41,46,82,62,62,77,49,63,32,32,70,46,55,76,61,116
2011,4,0409544,770,381,49,389,51,49,6,54,7,125,16,104,14,98,13,109,14,89,12,142,18,22,27,71,57,54,59,45,46,27,27,54,47,44,50,44,96
2011,4,0409562,687,355,52,332,48,35,5,54,8,105,15,62,9,86,13,98,14,92,13,155,23,19,26,60,36,47,55,49,63,16,28,45,26,39,43,43,92
2011,4,0409580,1159,558,48,601,52,55,5,80,7,210,18,83,7,174,15,163,14,127,11,267,23,28,45,114,48,90,77,61,95,27,35,96,35,84,86,66,172
2011,4,0409584,833,426,51,407,49,47,6,68,8,130,16,89,11,107,13,150,18,82,10,160,19,32,40,63,58,57,80,43,53,15,28,67,31,50,70,39,107
2011,4,0409590,977,472,48,505,52,53,5,77,8,130,13,123,13,123,13,161,16,96,10,214,22,33,40,63,76,72,77,44,67,20,37,67,47,51,84,52,147
2011,4,0409594,4360,2116,49,2244,51,337,8,359,8,621,14,602,14,593,14,611,14,493,11,744,17,180,188,324,336,320,294,219,255,157,171,297,266,273,317,274,489
2011,4,0420201,16764,7452,44,9312,56,1150,7,1211,7,2395,14,2207,13,2197,13,2389,14,1919,11,3296,20,573,622,1234,1094,1039,1026,814,1050,577,589,1161,1113,1158,1363,1105,2246
2011,4,0420290,1482,741,50,741,50,96,6,121,8,257,17,158,11,202,14,217,15,143,10,288,19,56,63,150,81,103,118,70,100,40,58,107,77,99,99,73,188
2011,4,0421211,1142,524,46,618,54,61,5,75,7,142,12,131,11,116,10,162,14,143,13,312,27,36,41,82,74,53,80,59,99,25,34,60,57,63,82,84,213
2011,4,0421262,2542,1201,47,1341,53,192,8,183,7,366,14,357,14,291,11,393,15,313,12,447,18,96,90,184,194,149,191,144,153,96,93,182,163,142,202,169,294
2011,4,0424742,687,335,49,352,51,33,5,56,8,97,14,84,12,89,13,106,15,77,11,145,21,18,22,54,46,50,54,36,55,15,34,43,38,39,52,41,90
2011,4,0424746,2460,1158,47,1302,53,181,7,221,9,353,14,291,12,340,14,363,15,292,12,419,17,83,115,179,141,176,180,135,149,98,106,174,150,164,183,157,270
2011,4,0424768,857,412,48,445,52,60,7,70,8,157,18,96,11,103,12,131,15,93,11,147,17,29,37,74,55,53,65,51,48,31,33,83,41,50,66,42,99
2011,4,0424778,850,416,49,434,51,66,8,69,8,136,16,76,9,117,14,112,13,105,12,169,20,40,39,65,39,61,65,45,62,26,30,71,37,56,47,60,107
2011,4,0424796,813,418,51,395,49,46,6,47,6,140,17,90,11,101,12,125,15,69,8,195,24,30,30,76,54,50,69,35,74,16,17,64,36,51,56,34,121
2011,4,0425756,1957,900,46,1057,54,112,6,178,9,306,16,195,10,269,14,252,13,247,13,398,20,47,79,158,108,142,128,112,126,65,99,148,87,127,124,135,272
2011,4,0425798,433,215,50,218,50,40,9,39,9,57,13,32,7,55,13,58,13,52,12,100,23,20,26,27,18,32,28,27,37,20,13,30,14,23,30,25,63
2011,4,0427360,2937,1358,46,1579,54,195,7,253,9,416,14,329,11,434,15,441,15,302,10,567,19,107,127,217,156,212,228,132,179,88,126,199,173,222,213,170,388
2011,4,0427364,786,357,45,429,55,50,6,67,9,150,19,81,10,99,13,111,14,85,11,143,18,18,30,69,49,49,64,39,39,32,37,81,32,50,47,46,104
2011,4,0427372,4045,1919,47,2126,53,268,7,313,8,581,14,509,13,568,14,626,15,463,11,717,18,138,166,311,282,264,292,212,254,130,147,270,227,304,334,251,463
2011,4,0427394,597,296,50,301,50,38,6,49,8,91,15,69,12,77,13,107,18,75,13,91,15,22,27,43,40,36,61,34,33,16,22,48,29,41,46,41,58
2011,4,0427574,1467,693,47,774,53,91,6,105,7,234,16,155,11,225,15,194,13,155,11,308,21,48,56,115,80,113,99,74,108,43,49,119,75,112,95,81,200
2011,4,0427580,1133,557,49,576,51,80,7,100,9,197,17,144,13,138,12,157,14,110,10,207,18,41,57,118,75,73,79,49,65,39,43,79,69,65,78,61,142
2011,4,0427582,1353,664,49,689,51,89,7,94,7,210,16,154,11,173,13,203,15,153,11,277,20,42,49,113,87,89,108,81,95,47,45,97,67,84,95,72,182
2011,4,0427748,941,456,48,485,52,57,6,67,7,140,15,92,10,120,13,139,15,103,11,223,24,25,34,69,49,63,79,50,87,32,33,71,43,57,60,53,136
2011,4,0427776,2651,1244,47,1407,53,180,7,204,8,380,14,312,12,353,13,378,14,334,13,510,19,97,97,179,172,171,200,143,185,83,107,201,140,182,178,191,325
2011,4,0429350,868,428,49,440,51,52,6,66,8,134,15,100,12,104,12,144,17,80,9,188,22,29,35,67,58,57,69,39,74,23,31,67,42,47,75,41,114
2011,4,0429354,680,332,49,348,51,48,7,53,8,137,20,69,10,115,17,90,13,59,9,109,16,24,29,68,41,58,48,30,34,24,24,69,28,57,42,29,75
2011,4,0429358,340,169,50,171,50,14,4,30,9,55,16,32,9,45,13,61,18,31,9,72,21,7,18,32,21,22,35,13,21,7,12,23,11,23,26,18,51
2011,4,0429386,836,422,50,414,50,52,6,64,8,150,18,74,9,108,13,138,17,88,11,162,19,30,36,82,36,63,66,44,65,22,28,68,38,45,72,44,97
2011,4,0429392,1431,689,48,742,52,74,5,108,8,230,16,150,10,176,12,232,16,154,11,307,21,40,51,127,81,92,125,78,95,34,57,103,69,84,107,76,212
2011,4,0440242,617,292,47,325,53,36,6,41,7,75,12,52,8,80,13,92,15,67,11,174,28,21,19,36,30,41,57,36,52,15,22,39,22,39,35,31,122
2011,4,0440246,625,300,48,325,52,35,6,55,9,76,12,51,8,78,12,86,14,105,17,139,22,17,32,37,29,38,47,51,49,18,23,39,22,40,39,54,90
2011,4,0440250,1544,786,51,758,49,82,5,98,6,233,15,174,11,206,13,254,16,205,13,292,19,44,57,124,108,106,132,113,102,38,41,109,66,100,122,92,190
2011,4,0440252,836,398,48,438,52,53,6,71,8,124,15,108,13,112,13,134,16,95,11,139,17,26,38,62,55,57,65,49,46,27,33,62,53,55,69,46,93
2011,4,0440260,2296,1114,49,1182,51,174,8,173,8,320,14,260,11,262,11,365,16,328,14,414,18,96,87,170,131,141,183,158,148,78,86,150,129,121,182,170,266
2011,4,0440262,1428,715,50,713,50,54,4,94,7,186,13,178,12,189,13,227,16,195,14,305,21,34,53,97,105,102,119,100,105,20,41,89,73,87,108,95,200
2011,4,0440264,1440,729,51,711,49,80,6,124,9,176,12,156,11,222,15,224,16,188,13,270,19,37,70,107,76,122,122,95,100,43,54,69,80,100,102,93,170
2011,4,0440268,1173,564,48,609,52,50,4,78,7,137,12,127,11,146,12,201,17,165,14,269,23,29,34,78,73,77,112,83,78,21,44,59,54,69,89,82,191
2011,4,0440270,918,443,48,475,52,48,5,67,7,120,13,89,10,132,14,162,18,107,12,193,21,24,38,65,44,72,80,47,73,24,29,55,45,60,82,60,120
2011,4,0440272,960,444,46,516,54,42,4,75,8,136,14,103,11,122,13,156,16,123,13,203,21,17,38,72,60,56,80,64,57,25,37,64,43,66,76,59,146
2011,4,0440274,5486,2524,46,2962,54,345,6,426,8,690,13,685,12,838,15,796,15,689,13,1017,19,155,219,360,336,416,376,296,366,190,207,330,349,422,420,393,651
2011,4,0440276,736,333,45,403,55,61,8,38,5,82,11,81,11,97,13,119,16,114,15,144,20,33,17,37,45,49,57,56,39,28,21,45,36,48,62,58,105
2011,4,0440284,631,292,46,339,54,29,5,37,6,87,14,44,7,76,12,112,18,84,13,162,26,7,16,46,29,34,68,41,51,22,21,41,15,42,44,43,111
2011,4,0440286,1258,602,48,656,52,59,5,92,7,146,12,136,11,177,14,182,14,171,14,295,23,37,42,72,73,104,98,76,100,22,50,74,63,73,84,95,195
2011,4,0440288,1180,552,47,628,53,68,6,94,8,128,11,122,10,169,14,188,16,123,10,288,24,39,44,68,65,85,110,51,90,29,50,60,57,84,78,72,198
2011,4,0440292,893,450,50,443,50,46,5,82,9,88,10,94,11,147,16,120,13,147,16,169,19,26,47,54,46,81,61,74,61,20,35,34,48,66,59,73,108
2011,4,0440294,796,371,47,425,53,51,6,59,7,113,14,58,7,110,14,125,16,94,12,186,23,27,30,51,28,58,74,46,57,24,29,62,30,52,51,48,129
2011,4,0440296,637,305,48,332,52,43,7,51,8,82,13,73,11,75,12,104,16,87,14,122,19,22,22,41,36,41,56,45,42,21,29,41,37,34,48,42,80
2011,4,0440298,1774,809,46,965,54,95,5,125,7,213,12,187,11,211,12,245,14,258,15,440,25,50,62,102,102,101,122,121,149,45,63,111,85,110,123,137,291
2011,4,0440807,2555,1130,44,1425,56,142,6,205,8,306,12,284,11,338,13,355,14,352,14,573,22,71,92,157,146,163,174,151,176,71,113,149,138,175,181,201,397
2011,4,0440815,660,291,44,369,56,35,5,35,5,86,13,57,9,65,10,111,17,95,14,176,27,21,13,48,32,31,50,50,46,14,22,38,25,34,61,45,130
2011,4,0440835,304,156,51,148,49,16,5,15,5,46,15,35,12,46,15,59,19,26,9,61,20,10,9,24,23,21,38,13,18,6,6,22,12,25,21,13,43
2011,4,0440844,948,458,48,490,52,41,4,59,6,155,16,105,11,108,11,162,17,112,12,206,22,20,29,82,64,60,77,53,73,21,30,73,41,48,85,59,133
2011,4,0440854,583,286,49,297,51,31,5,40,7,92,16,48,8,63,11,112,19,68,12,129,22,10,25,57,29,29,60,34,42,21,15,35,19,34,52,34,87
2011,4,0440856,895,420,47,475,53,53,6,67,7,117,13,91,10,117,13,149,17,105,12,196,22,23,33,56,53,59,76,52,68,30,34,61,38,58,73,53,128
2011,4,0440880,1050,528,50,522,50,44,4,78,7,191,18,92,9,152,14,185,18,101,10,207,20,22,36,112,50,81,99,61,67,22,42,79,42,71,86,40,140
2011,4,0440890,999,473,47,526,53,47,5,94,9,138,14,87,9,128,13,159,16,134,13,212,21,24,39,82,43,65,89,56,75,23,55,56,44,63,70,78,137
2011,4,0460201,10331,4652,45,5679,55,768,7,816,8,1543,15,1312,13,1443,14,1426,14,1303,13,1720,17,404,413,817,650,644,637,538,549,364,403,726,662,799,789,765,1171
2011,4,0460242,972,477,49,495,51,66,7,81,8,128,13,109,11,120,12,132,14,133,14,203,21,36,42,78,57,69,62,60,73,30,39,50,52,51,70,73,130
2011,4,0460246,3038,1462,48,1576,52,238,8,280,9,456,15,391,13,433,14,406,13,378,12,456,15,118,133,249,204,214,204,182,158,120,147,207,187,219,202,196,298
2011,4,0460252,1809,866,48,943,52,120,7,138,8,259,14,194,11,261,14,267,15,204,11,366,20,64,69,139,109,139,130,95,121,56,69,120,85,122,137,109,245
2011,4,0460254,968,475,49,493,51,78,8,82,8,160,17,110,11,121,13,127,13,118,12,172,18,38,47,90,55,61,62,56,66,40,35,70,55,60,65,62,106
2011,4,0460260,816,399,49,417,51,59,7,75,9,126,15,97,12,109,13,128,16,84,10,138,17,35,36,70,46,61,68,39,44,24,39,56,51,48,60,45,94
2011,4,0460268,997,458,46,539,54,76,8,88,9,148,15,141,14,113,11,149,15,101,10,181,18,44,44,68,77,55,71,41,58,32,44,80,64,58,78,60,123
2011,4,0460272,1110,537,48,573,52,65,6,93,8,189,17,134,12,156,14,164,15,113,10,196,18,34,50,102,71,84,82,50,64,31,43,87,63,72,82,63,132
2011,4,0460280,757,364,48,393,52,35,5,61,8,146,19,71,9,109,14,107,14,103,14,125,17,15,30,68,43,54,55,46,53,20,31,78,28,55,52,57,72
2011,4,0460284,937,469,50,468,50,59,6,76,8,157,17,103,11,125,13,131,14,134,14,152,16,29,45,88,57,69,67,64,50,30,31,69,46,56,64,70,102
2011,4,0460298,481,236,49,245,51,38,8,42,9,91,19,44,9,65,14,65,14,55,11,81,17,23,19,44,21,34,33,33,29,15,23,47,23,31,32,22,52
2011,4,0460805,2620,1151,44,1469,56,191,7,211,8,361,14,273,10,305,12,398,15,316,12,565,22,88,104,164,141,139,178,145,192,103,107,197,132,166,220,171,373
2011,4,0460825,760,337,44,423,56,60,8,52,7,113,15,85,11,102,13,89,12,102,13,157,21,36,27,49,44,48,38,45,50,24,25,64,41,54,51,57,107
2011,4,0460850,1799,830,46,969,54,103,6,144,8,260,14,201,11,235,13,252,14,223,12,381,21,43,70,127,106,127,129,98,130,60,74,133,95,108,123,125,251
2011,4,0460864,394,189,48,205,52,16,4,27,7,61,15,43,11,46,12,63,16,61,15,77,20,9,16,30,25,25,31,28,25,7,11,31,18,21,32,33,52
2011,4,0460876,467,240,51,227,49,29,6,44,9,89,19,48,10,69,15,67,14,59,13,62,13,17,26,50,26,43,31,27,20,12,18,39,22,26,36,32,42
2011,4,0460890,343,158,46,185,54,17,5,17,5,36,10,37,11,34,10,47,14,60,17,95,28,9,5,21,20,20,24,26,33,8,12,15,17,14,23,34,62
2011,4,0460894,962,483,50,479,50,70,7,99,10,172,18,109,11,118,12,124,13,98,10,172,18,35,62,91,66,61,63,45,60,35,37,81,43,57,61,53,112
2011,4,0468944,981,473,48,508,52,53,5,85,9,166,17,105,11,108,11,150,15,137,14,177,18,28,45,95,56,47,78,71,53,25,40,71,49,61,72,66,124
2011,4,0468956,670,313,47,357,53,36,5,50,7,114,17,74,11,72,11,100,15,87,13,137,20,17,20,65,43,40,43,42,43,19,30,49,31,32,57,45,94
2011,4,0468988,2036,968,48,1068,52,142,7,147,7,358,18,234,11,273,13,293,14,209,10,380,19,74,75,193,132,128,141,106,119,68,72,165,102,145,152,103,261
2011,4,0500201,8314,3706,45,4608,55,553,7,634,8,1218,15,995,12,1171,14,1250,15,1048,13,1445,17,284,343,604,471,565,566,447,426,269,291,614,524,606,684,601,1019
2011,4,0500244,1563,762,49,801,51,102,7,142,9,228,15,156,10,208,13,233,15,171,11,323,21,54,81,117,85,109,123,91,102,48,61,111,71,99,110,80,221
2011,4,0500248,1062,525,49,537,51,62,6,79,7,177,17,123,12,123,12,182,17,130,12,186,18,28,32,92,68,70,97,74,64,34,47,85,55,53,85,56,122
2011,4,0500252,492,241,49,251,51,24,5,47,10,104,21,46,9,52,11,79,16,48,10,92,19,13,29,55,26,25,41,26,26,11,18,49,20,27,38,22,66
2011,4,0500256,650,308,47,342,53,38,6,72,11,105,16,53,8,76,12,94,14,77,12,135,21,23,33,52,31,40,46,42,41,15,39,53,22,36,48,35,94
2011,4,0500260,1179,560,47,619,53,66,6,89,8,179,15,144,12,151,13,179,15,143,12,228,19,36,42,94,83,74,90,66,75,30,47,85,61,77,89,77,153
2011,4,0500264,1567,736,47,831,53,102,7,114,7,243,16,149,10,192,12,234,15,160,10,373,24,49,60,124,72,107,129,78,117,53,54,119,77,85,105,82,256
2011,4,0500268,1004,505,50,499,50,46,5,57,6,117,12,135,13,163,16,149,15,143,14,194,19,21,29,60,71,99,87,71,67,25,28,57,64,64,62,72,127
2011,4,0500272,1389,675,49,714,51,82,6,92,7,267,19,151,11,160,12,234,17,154,11,249,18,43,42,152,81,82,123,75,77,39,50,115,70,78,111,79,172
2011,4,0500276,385,193,50,192,50,18,5,21,5,65,17,40,10,54,14,55,14,40,10,92,24,10,10,38,23,36,26,20,30,8,11,27,17,18,29,20,62
2011,4,0500284,1421,697,49,724,51,114,8,124,9,227,16,173,12,177,12,202,14,151,11,253,18,65,74,116,88,90,105,76,83,49,50,111,85,87,97,75,170
2011,4,0500288,1013,501,49,512,51,59,6,93,9,168,17,109,11,135,13,166,16,94,9,189,19,34,62,86,58,69,90,43,59,25,31,82,51,66,76,51,130
2011,4,0500290,1839,872,47,967,53,126,7,162,9,275,15,214,12,262,14,275,15,233,13,292,16,61,83,145,112,132,139,101,99,65,79,130,102,130,136,132,193
2011,4,0500294,916,410,45,506,55,50,5,83,9,152,17,84,9,119,13,130,14,100,11,198,22,21,40,65,48,61,64,46,65,29,43,87,36,58,66,54,133
2011,4,0540248,2213,1050,47,1163,53,150,7,194,9,310,14,267,12,295,13,324,15,279,13,394,18,75,108,175,145,149,155,127,116,75,86,135,122,146,169,152,278
2011,4,0540252,2889,1380,48,1509,52,220,8,237,8,425,15,405,14,361,12,446,15,336,12,459,16,110,112,228,212,185,217,154,162,110,125,197,193,176,229,182,297
2011,4,0540256,3011,1446,48,1565,52,240,8,258,9,445,15,397,13,407,14,445,15,356,12,463,15,117,143,224,213,200,219,187,143,123,115,221,184,207,226,169,320
2011,4,0540258,2218,1028,46,1190,54,148,7,149,7,277,12,296,13,257,12,359,16,271,12,461,21,84,76,153,151,124,175,118,147,64,73,124,145,133,184,153,314
2011,4,0540260,804,385,48,419,52,77,10,57,7,127,16,108,13,90,11,118,15,78,10,149,19,31,31,69,61,46,61,36,50,46,26,58,47,44,57,42,99
2011,4,0540262,2165,1020,47,1145,53,178,8,144,7,324,15,289,13,266,12,329,15,266,12,369,17,82,63,171,159,139,166,122,118,96,81,153,130,127,163,144,251
2011,4,0540270,1496,717,48,779,52,86,6,115,8,219,15,181,12,194,13,261,17,168,11,272,18,44,58,113,100,106,130,84,82,42,57,106,81,88,131,84,190
2011,4,0540274,1593,774,49,819,51,96,6,133,8,283,18,169,11,205,13,233,15,187,12,287,18,50,73,157,95,99,115,97,88,46,60,126,74,106,118,90,199
2011,4,0540282,1714,813,47,901,53,139,8,149,9,235,14,229,13,245,14,248,14,190,11,279,16,66,68,121,123,129,126,84,96,73,81,114,106,116,122,106,183
2011,4,0540286,1954,926,47,1028,53,129,7,147,8,292,15,251,13,250,13,315,16,229,12,341,17,61,81,156,131,124,166,97,110,68,66,136,120,126,149,132,231
2011,4,0540290,1589,791,50,798,50,94,6,120,8,247,16,241,15,245,15,222,14,170,11,250,16,48,62,123,137,137,121,78,85,46,58,124,104,108,101,92,165
2011,4,0540292,1477,719,49,758,51,104,7,127,9,219,15,204,14,189,13,209,14,168,11,257,17,49,65,112,109,103,111,79,91,55,62,107,95,86,98,89,166
2011,4,0540296,1526,734,48,792,52,112,7,133,9,222,15,193,13,192,13,210,14,159,10,305,20,65,73,116,111,101,92,72,104,47,60,106,82,91,118,87,201
2011,4,0546744,4180,1948,47,2232,53,358,9,340,8,561,13,584,14,585,14,622,15,488,12,642,15,168,165,305,284,305,300,211,210,190,175,256,300,280,322,277,432
2011,4,0546766,3932,1818,46,2114,54,407,10,290,7,437,11,662,17,588,15,445,11,391,10,712,18,193,142,218,327,288,210,181,259,214,148,219,335,300,235,210,453
2011,4,0546778,1641,812,49,829,51,130,8,136,8,276,17,192,12,239,15,230,14,170,10,268,16,59,73,146,103,130,117,80,104,71,63,130,89,109,113,90,164
2011,4,0560248,893,443,50,450,50,52,6,62,7,136,15,95,11,111,12,149,17,110,12,178,20,23,36,74,51,57,83,48,71,29,26,62,44,54,66,62,107
2011,4,0560252,526,249,47,277,53,28,5,35,7,120,23,52,10,59,11,83,16,44,8,105,20,13,12,68,29,30,38,27,32,15,23,52,23,29,45,17,73
2011,4,0560254,641,318,50,323,50,15,2,45,7,94,15,50,8,67,10,122,19,96,15,152,24,8,25,53,29,38,67,46,52,7,20,41,21,29,55,50,100
2011,4,0560266,599,294,49,305,51,37,6,49,8,109,18,53,9,77,13,97,16,67,11,110,18,14,19,65,27,41,55,33,40,23,30,44,26,36,42,34,70
2011,4,0560274,516,246,48,270,52,30,6,38,7,93,18,39,8,74,14,77,15,60,12,105,20,19,16,43,24,36,43,28,37,11,22,50,15,38,34,32,68
2011,4,0560282,1017,499,49,518,51,49,5,87,9,140,14,86,8,127,12,154,15,119,12,255,25,26,48,75,48,72,75,66,89,23,39,65,38,55,79,53,166
2011,4,0560298,895,440,49,455,51,51,6,54,6,155,17,83,9,105,12,148,17,88,10,211,24,28,31,86,51,49,81,39,75,23,23,69,32,56,67,49,136
2011,4,0560805,1138,531,47,607,53,73,6,89,8,173,15,127,11,136,12,180,16,135,12,225,20,39,48,94,69,65,89,66,61,34,41,79,58,71,91,69,164
2011,4,0560825,426,220,52,206,48,20,5,20,5,76,18,40,9,55,13,69,16,45,11,101,24,13,11,42,25,27,44,24,34,7,9,34,15,28,25,21,67
2011,4,0560844,509,256,50,253,50,37,7,44,9,90,18,44,9,68,13,74,15,59,12,93,18,22,22,51,25,34,40,29,33,15,22,39,19,34,34,30,60
2011,4,0560862,894,484,54,410,46,28,3,42,5,108,12,98,11,131,15,167,19,161,18,159,18,13,22,70,61,76,92,92,58,15,20,38,37,55,75,69,101
2011,4,0561815,1785,798,45,987,55,142,8,154,9,256,14,199,11,217,12,252,14,218,12,347,19,64,71,134,106,103,115,97,108,78,83,122,93,114,137,121,239
2011,4,0561835,619,319,52,300,48,36,6,40,6,94,15,45,7,91,15,88,14,84,14,141,23,15,24,56,30,50,51,43,50,21,16,38,15,41,37,41,91
2011,4,0561858,520,250,48,270,52,27,5,37,7,80,15,52,10,63,12,72,14,68,13,121,23,16,22,40,28,34,36,32,42,11,15,40,24,29,36,36,79
2011,4,0561880,595,284,48,311,52,43,7,62,10,111,19,55,9,90,15,83,14,51,9,100,17,20,38,52,27,44,48,27,28,23,24,59,28,46,35,24,72
2011,4,0561888,614,293,48,321,52,41,7,37,6,96,16,51,8,76,12,93,15,72,12,148,24,22,19,46,22,43,52,32,57,19,18,50,29,33,41,40,91
2011,4,0566946,663,313,47,350,53,25,4,49,7,111,17,51,8,90,14,106,16,85,13,146,22,17,20,61,30,43,57,43,42,8,29,50,21,47,49,42,104
2011,4,0566968,892,438,49,454,51,60,7,62,7,141,16,94,11,116,13,146,16,85,10,188,21,34,34,73,46,65,79,43,64,26,28,68,48,51,67,42,124
2011,4,0566970,1920,920,48,1000,52,120,6,154,8,231,12,182,9,223,12,287,15,247,13,476,25,63,75,120,89,112,163,126,172,57,79,111,93,111,124,121,304
2011,4,0566976,792,393,50,399,50,39,5,53,7,128,16,72,9,125,16,132,17,93,12,150,19,19,28,65,41,67,78,42,53,20,25,63,31,58,54,51,97
2011,4,0566994,1121,551,49,570,51,85,8,79,7,196,17,131,12,132,12,173,15,125,11,200,18,38,46,99,79,72,90,61,66,47,33,97,52,60,83,64,134
2011,4,0566996,697,348,50,349,50,44,6,55,8,130,19,55,8,103,15,102,15,68,10,140,20,24,35,70,30,57,55,30,47,20,20,60,25,46,47,38,93
2011,4,0568786,2931,1427,49,1504,51,210,7,241,8,464,16,337,11,443,15,488,17,311,11,437,15,109,135,253,193,217,236,139,145,101,106,211,144,226,252,172,292
2011,4,0568790,866,427,49,439,51,56,6,88,10,146,17,76,9,108,12,107,12,119,14,166,19,33,47,74,44,56,55,56,62,23,41,72,32,52,52,63,104
2011,4,0600201,9112,3990,44,5122,56,530,6,693,8,1178,13,990,11,1169,13,1532,17,1347,15,1673,18,259,349,614,485,530,688,552,513,271,344,564,505,639,844,795,1160
2011,4,0600248,600,305,51,295,49,25,4,30,5,89,15,44,7,88,15,105,18,67,11,152,25,11,17,47,25,51,57,39,58,14,13,42,19,37,48,28,94
2011,4,0600262,1118,538,48,580,52,73,7,76,7,134,12,93,8,150,13,173,15,142,13,277,25,34,42,77,53,87,88,79,78,39,34,57,40,63,85,63,199
2011,4,0600264,703,336,48,367,52,35,5,63,9,89,13,64,9,87,12,108,15,92,13,165,23,19,25,50,34,46,59,55,48,16,38,39,30,41,49,37,117
2011,4,0600268,754,397,53,357,47,47,6,51,7,99,13,70,9,93,12,133,18,91,12,170,23,22,31,57,43,54,76,46,68,25,20,42,27,39,57,45,102
2011,4,0600270,639,324,51,315,49,35,5,32,5,82,13,69,11,82,13,119,19,77,12,143,22,16,19,39,40,52,67,44,47,19,13,43,29,30,52,33,96
2011,4,0600274,593,284,48,309,52,27,5,32,5,74,12,40,7,88,15,98,17,78,13,156,26,16,21,36,21,45,57,34,54,11,11,38,19,43,41,44,102
2011,4,0600278,495,251,51,244,49,26,5,26,5,73,15,35,7,63,13,97,20,76,15,99,20,11,17,35,21,32,54,40,41,15,9,38,14,31,43,36,58
2011,4,0600284,518,266,51,252,49,18,3,35,7,60,12,48,9,64,12,100,19,71,14,122,24,9,21,39,27,35,59,36,40,9,14,21,21,29,41,35,82
2011,4,0600286,943,461,49,482,51,49,5,75,8,126,13,90,10,107,11,162,17,92,10,242,26,26,39,77,45,57,85,47,85,23,36,49,45,50,77,45,157
2011,4,0600288,637,318,50,319,50,36,6,36,6,91,14,49,8,71,11,139,22,67,11,148,23,20,16,51,30,34,80,42,45,16,20,40,19,37,59,25,103
2011,4,0600296,1394,657,47,737,53,75,5,109,8,162,12,137,10,193,14,214,15,179,13,325,23,34,51,76,75,104,107,89,121,41,58,86,62,89,107,90,204
2011,4,0601009,2382,1115,47,1267,53,146,6,190,8,273,11,237,10,336,14,357,15,292,12,551,23,67,103,158,121,156,181,140,189,79,87,115,116,180,176,152,362
2011,4,0601042,1235,601,49,634,51,56,5,87,7,206,17,108,9,175,14,200,16,144,12,259,21,29,40,113,61,84,111,78,85,27,47,93,47,91,89,66,174
2011,4,0601044,591,292,49,299,51,28,5,61,10,82,14,45,8,100,17,100,17,63,11,112,19,17,30,40,29,51,56,33,36,11,31,42,16,49,44,30,76
2011,4,0601046,503,235,47,268,53,26,5,52,10,72,14,44,9,66,13,88,17,44,9,111,22,10,26,36,22,32,48,20,41,16,26,36,22,34,40,24,70
2011,4,0601050,400,208,52,192,48,15,4,21,5,52,13,38,10,51,13,83,21,59,15,81,20,11,11,37,20,30,44,32,23,4,10,15,18,21,39,27,58
2011,4,0601054,756,353,47,403,53,47,6,68,9,98,13,76,10,103,14,129,17,108,14,127,17,21,38,46,40,49,69,55,35,26,30,52,36,54,60,53,92
2011,4,0601056,778,378,49,400,51,46,6,52,7,97,12,63,8,109,14,123,16,103,13,185,24,27,26,47,36,63,64,56,59,19,26,50,27,46,59,47,126
2011,4,0601076,492,238,48,254,52,31,6,46,9,70,14,48,10,63,13,90,18,65,13,79,16,13,24,36,24,34,50,32,25,18,22,34,24,29,40,33,54
2011,4,0601080,212,114,54,98,46,8,4,9,4,35,17,20,9,38,18,29,14,34,16,39,18,6,6,19,17,20,17,19,10,2,3,16,3,18,12,15,29
2011,4,0601090,395,186,47,209,53,21,5,28,7,61,15,23,6,52,13,69,17,53,13,88,22,10,11,34,10,27,39,23,32,11,17,27,13,25,30,30,56
2011,4,0601092,542,262,48,280,52,31,6,36,7,77,14,59,11,74,14,96,18,77,14,92,17,16,16,43,32,44,53,36,22,15,20,34,27,30,43,41,70
2011,4,0604342,1882,877,47,1005,53,106,6,148,8,287,15,157,8,240,13,315,17,211,11,418,22,55,67,149,76,117,165,120,128,51,81,138,81,123,150,91,290
2011,4,0604358,513,255,50,258,50,19,4,40,8,52,10,42,8,65,13,93,18,77,15,125,24,11,21,27,27,33,58,34,44,8,19,25,15,32,35,43,81
2011,4,0604372,846,410,48,436,52,39,5,53,6,104,12,75,9,99,12,144,17,143,17,189,22,21,32,51,39,56,75,77,59,18,21,53,36,43,69,66,130
2011,4,0604394,689,335,49,354,51,38,6,59,9,98,14,56,8,93,13,106,15,82,12,157,23,22,28,48,36,52,61,37,51,16,31,50,20,41,45,45,106
2011,4,0620201,11761,5209,44,6552,56,870,7,976,8,1639,14,1472,13,1602,14,1594,14,1361,12,2247,19,436,499,779,726,753,709,580,727,434,477,860,746,849,885,781,1520
2011,4,0620246,951,466,49,485,51,72,8,106,11,155,16,92,10,109,11,148,16,110,12,159,17,37,51,76,46,67,77,55,57,35,55,79,46,42,71,55,102
2011,4,0620250,714,365,51,349,49,33,5,52,7,123,17,65,9,96,13,132,18,80,11,133,19,18,36,67,38,47,69,38,52,15,16,56,27,49,63,42,81
2011,4,0620254,361,192,53,169,47,19,5,28,8,66,18,38,11,43,12,56,16,54,15,57,16,9,18,36,24,28,30,29,18,10,10,30,14,15,26,25,39
2011,4,0620258,777,376,48,401,52,53,7,70,9,129,17,76,10,102,13,105,14,98,13,144,19,27,32,67,47,51,60,44,48,26,38,62,29,51,45,54,96
2011,4,0620260,2030,970,48,1060,52,155,8,189,9,290,14,295,15,237,12,296,15,242,12,326,16,75,102,151,156,125,136,112,113,80,87,139,139,112,160,130,213
2011,4,0620264,1154,579,50,575,50,82,7,125,11,211,18,118,10,148,13,161,14,124,11,185,16,40,69,114,66,76,86,60,68,42,56,97,52,72,75,64,117
2011,4,0620272,990,471,48,519,52,82,8,85,9,139,14,122,12,127,13,157,16,93,9,185,19,37,42,67,62,67,81,46,69,45,43,72,60,60,76,47,116
2011,4,0620274,998,500,50,498,50,69,7,72,7,163,16,129,13,111,11,163,16,127,13,164,16,38,36,96,65,58,83,64,60,31,36,67,64,53,80,63,104
2011,4,0620280,966,473,49,493,51,45,5,69,7,137,14,102,11,117,12,150,16,124,13,222,23,25,32,73,61,53,80,60,89,20,37,64,41,64,70,64,133
2011,4,0620284,1486,751,51,735,49,114,8,130,9,240,16,170,11,217,15,196,13,163,11,256,17,66,67,134,94,113,93,81,103,48,63,106,76,104,103,82,153
2011,4,0620290,744,346,47,398,53,49,7,61,8,119,16,103,14,86,12,110,15,75,10,141,19,21,26,53,56,41,58,36,55,28,35,66,47,45,52,39,86
2011,4,0620292,913,463,51,450,49,76,8,90,10,175,19,107,12,100,11,147,16,87,10,131,14,42,52,87,62,55,72,43,50,34,38,88,45,45,75,44,81
2011,4,0620296,1005,495,49,510,51,79,8,100,10,179,18,113,11,119,12,164,16,103,10,148,15,42,50,99,51,69,91,42,51,37,50,80,62,50,73,61,97
2011,4,0621209,2140,948,44,1192,56,120,6,161,8,283,13,221,10,279,13,323,15,283,13,470,22,51,71,150,110,139,157,126,144,69,90,133,111,140,166,157,326
2011,4,0621229,1071,532,50,539,50,99,9,109,10,142,13,131,12,133,12,136,13,138,13,183,17,47,48,79,70,79,71,68,70,52,61,63,61,54,65,70,113
2011,4,0621268,650,329,51,321,49,50,8,64,10,90,14,85,13,75,12,92,14,83,13,111,17,25,42,48,45,40,43,38,48,25,22,42,40,35,49,45,63
2011,4,0621278,482,233,48,249,52,31,6,42,9,82,17,52,11,66,14,74,15,58,12,77,16,11,28,41,31,31,42,31,18,20,14,41,21,35,32,27,59
2011,4,0621282,970,482,50,488,50,46,5,91,9,132,14,101,10,126,13,127,13,131,14,216,22,29,51,76,56,70,67,61,72,17,40,56,45,56,60,70,144
2011,4,0624200,1470,685,47,785,53,94,6,120,8,217,15,147,10,165,11,243,17,188,13,296,20,50,52,116,79,90,120,90,88,44,68,101,68,75,123,98,208
2011,4,0640605,4550,2070,45,2480,55,304,7,344,8,613,13,468,10,585,13,606,13,586,13,1044,23,149,189,330,251,272,268,269,342,155,155,283,217,313,338,317,702
2011,4,0640642,871,445,51,426,49,57,7,72,8,146,17,97,11,116,13,107,12,108,12,168,19,28,47,85,56,54,51,58,66,29,25,61,41,62,56,50,102
2011,4,0640648,1188,550,46,638,54,100,8,120,10,204,17,130,11,148,12,176,15,131,11,179,15,49,59,105,66,68,89,63,51,51,61,99,64,80,87,68,128
2011,4,0640666,746,368,49,378,51,65,9,62,8,124,17,71,10,93,12,119,16,78,10,134,18,38,36,62,40,41,65,37,49,27,26,62,31,52,54,41,85
2011,4,0640668,1347,651,48,696,52,105,8,132,10,195,14,121,9,144,11,160,12,191,14,299,22,59,70,88,68,77,84,94,111,46,62,107,53,67,76,97,188
2011,4,0640672,563,296,53,267,47,28,5,52,9,76,13,54,10,78,14,85,15,82,15,108,19,13,30,41,35,40,45,46,46,15,22,35,19,38,40,36,62
2011,4,0640807,552,257,47,295,53,35,6,40,7,76,14,53,10,76,14,72,13,74,13,126,23,20,19,41,26,34,38,36,43,15,21,35,27,42,34,38,83
2011,4,0640827,421,214,51,207,49,22,5,21,5,71,17,42,10,44,10,64,15,66,16,91,22,11,11,32,27,22,37,31,43,11,10,39,15,22,27,35,48
2011,4,0640850,710,344,48,366,52,52,7,61,9,121,17,77,11,96,14,103,15,74,10,126,18,24,30,59,44,54,51,39,43,28,31,62,33,42,52,35,83
2011,4,0640888,891,432,48,459,52,63,7,63,7,125,14,122,14,116,13,115,13,107,12,180,20,36,29,69,63,65,51,53,66,27,34,56,59,51,64,54,114
2011,4,0640894,478,241,50,237,50,22,5,42,9,72,15,36,8,67,14,65,14,65,14,109,23,11,22,44,20,33,34,34,43,11,20,28,16,34,31,31,66
2011,4,0641009,3911,1798,46,2113,54,309,8,302,8,537,14,510,13,538,14,483,12,503,13,729,19,150,149,270,270,274,207,223,255,159,153,267,240,264,276,280,474
2011,4,0641044,647,312,48,335,52,56,9,54,8,110,17,68,11,82,13,84,13,73,11,120,19,27,26,67,36,36,43,36,41,29,28,43,32,46,41,37,79
2011,4,0641056,787,396,50,391,50,57,7,80,10,132,17,89,11,84,11,122,16,93,12,130,17,32,45,69,49,46,60,43,52,25,35,63,40,38,62,50,78
2011,4,0641060,2576,1214,47,1362,53,163,6,206,8,333,13,332,13,333,13,373,14,354,14,482,19,83,115,176,170,180,166,164,160,80,91,157,162,153,207,190,322
2011,4,0641076,1424,699,49,725,51,109,8,129,9,203,14,192,13,189,13,192,13,165,12,245,17,53,61,103,104,105,96,88,89,56,68,100,88,84,96,77,156
2011,4,0641413,1026,467,46,559,54,57,6,83,8,161,16,86,8,132,13,150,15,96,9,261,25,29,43,89,50,70,71,46,69,28,40,72,36,62,79,50,192
2011,4,0641486,545,280,51,265,49,30,6,42,8,72,13,52,10,75,14,78,14,65,12,131,24,13,19,41,26,41,51,37,52,17,23,31,26,34,27,28,79
2011,4,0641496,1279,614,48,665,52,85,7,86,7,194,15,152,12,148,12,223,17,134,10,257,20,47,36,98,82,88,102,77,84,38,50,96,70,60,121,57,173
2011,4,0641615,2151,975,45,1176,55,140,7,161,7,331,15,198,9,291,14,312,15,270,13,448,21,71,72,184,103,137,147,119,142,69,89,147,95,154,165,151,306
2011,4,0641646,900,433,48,467,52,81,9,75,8,130,14,85,9,116,13,141,16,109,12,163,18,44,35,66,41,61,75,59,52,37,40,64,44,55,66,50,111
2011,4,0641658,673,338,50,335,50,45,7,57,8,88,13,88,13,93,14,107,16,82,12,113,17,24,35,49,45,56,51,38,40,21,22,39,43,37,56,44,73
2011,4,0641664,615,303,49,312,51,41,7,52,8,102,17,69,11,63,10,104,17,65,11,119,19,21,27,62,38,30,50,33,42,20,25,40,31,33,54,32,77
2011,4,0641682,611,307,50,304,50,58,9,54,9,86,14,59,10,82,13,80,13,88,14,104,17,36,27,45,30,47,41,44,37,22,27,41,29,35,39,44,67
2011,4,0641698,883,422,48,461,52,70,8,88,10,138,16,110,12,104,12,124,14,74,8,175,20,38,37,81,63,51,65,28,59,32,51,57,47,53,59,46,116
2011,4,0647978,2733,1331,49,1402,51,190,7,202,7,392,14,306,11,370,14,403,15,307,11,563,21,104,102,225,152,188,208,149,203,86,100,167,154,182,195,158,360
2011,4,0647980,846,410,48,436,52,51,6,52,6,116,14,96,11,103,12,139,16,91,11,198,23,30,32,52,56,53,72,42,73,21,20,64,40,50,67,49,125
2011,4,0648552,681,342,50,339,50,49,7,53,8,105,15,65,10,77,11,110,16,74,11,148,22,19,32,57,37,44,53,41,59,30,21,48,28,33,57,33,89
2011,4,0648584,1133,556,49,577,51,73,6,75,7,150,13,103,9,135,12,168,15,139,12,290,26,47,39,85,57,68,94,65,101,26,36,65,46,67,74,74,189
2011,4,0649354,387,191,49,196,51,18,5,19,5,77,20,32,8,52,13,64,17,46,12,79,20,9,11,43,22,24,33,19,30,9,8,34,10,28,31,27,49
2011,4,0649392,2226,1042,47,1184,53,165,7,203,9,295,13,244,11,275,12,263,12,267,12,514,23,78,106,155,126,154,130,120,173,87,97,140,118,121,133,147,341
2011,4,0660201,7809,3528,45,4281,55,541,7,550,7,1162,15,985,13,1029,13,1135,15,966,12,1441,18,287,282,564,499,500,488,420,488,254,268,598,486,529,647,546,953
2011,4,0660252,1163,580,50,583,50,59,5,79,7,185,16,133,11,139,12,200,17,124,11,244,21,39,45,95,75,75,100,69,82,20,34,90,58,64,100,55,162
2011,4,0660264,2244,1111,50,1133,50,174,8,196,9,334,15,277,12,288,13,307,14,274,12,394,18,88,99,179,148,165,154,135,143,86,97,155,129,123,153,139,251
2011,4,0660268,741,344,46,397,54,52,7,49,7,113,15,90,12,83,11,119,16,71,10,164,22,22,22,59,46,43,60,35,57,30,27,54,44,40,59,36,107
2011,4,0660276,2049,1011,49,1038,51,134,7,134,7,274,13,242,12,255,12,281,14,215,10,514,25,69,72,143,139,136,152,105,195,65,62,131,103,119,129,110,319
2011,4,0660280,1087,515,47,572,53,75,7,80,7,150,14,102,9,157,14,139,13,123,11,261,24,32,37,81,52,81,84,61,87,43,43,69,50,76,55,62,174
2011,4,0660284,1433,704,49,729,51,107,7,114,8,233,16,182,13,170,12,223,16,152,11,252,18,63,61,119,101,89,107,82,82,44,53,114,81,81,116,70,170
2011,4,0660288,1253,600,48,653,52,72,6,90,7,193,15,120,10,149,12,196,16,134,11,299,24,38,42,93,71,82,103,68,103,34,48,100,49,67,93,66,196
2011,4,0661007,1231,560,45,671,55,72,6,81,7,173,14,134,11,171,14,162,13,147,12,291,24,38,47,87,69,86,71,67,95,34,34,86,65,85,91,80,196
2011,4,0661017,1025,479,47,546,53,82,8,76,7,167,16,113,11,117,11,130,13,112,11,228,22,37,37,99,57,62,66,48,73,45,39,68,56,55,64,64,155
2011,4,0661027,838,402,48,436,52,58,7,65,8,134,16,106,13,92,11,132,16,98,12,153,18,28,34,70,61,48,68,48,45,30,31,64,45,44,64,50,108
2011,4,0661037,603,303,50,300,50,44,7,47,8,91,15,57,9,85,14,87,14,66,11,126,21,21,17,48,34,47,56,40,40,23,30,43,23,38,31,26,86
2011,4,0661044,633,291,46,342,54,33,5,46,7,114,18,63,10,77,12,98,15,68,11,134,21,14,17,57,34,41,53,36,39,19,29,57,29,36,45,32,95
2011,4,0661048,986,469,48,517,52,72,7,88,9,185,19,90,9,140,14,133,13,92,9,186,19,39,52,92,49,73,61,42,61,33,36,93,41,67,72,50,125
2011,4,0661405,833,394,47,439,53,45,5,75,9,112,13,87,10,110,13,130,16,104,12,170,20,19,47,62,48,47,69,44,58,26,28,50,39,63,61,60,112
2011,4,0661415,2930,1325,45,1605,55,174,6,223,8,396,14,306,10,412,14,436,15,357,12,626,21,88,105,203,169,202,204,152,202,86,118,193,137,210,232,205,424
2011,4,0661425,514,260,51,254,49,48,9,35,7,91,18,42,8,67,13,69,13,63,12,99,19,25,22,50,22,34,35,33,39,23,13,41,20,33,34,30,60
2011,4,0661435,2090,1033,49,1057,51,133,6,156,7,344,16,232,11,276,13,336,16,219,10,394,19,65,83,203,126,142,169,111,134,68,73,141,106,134,167,108,260
2011,4,0661460,1956,926,47,1030,53,115,6,131,7,293,15,204,10,248,13,305,16,249,13,411,21,60,70,145,104,125,154,124,144,55,61,148,100,123,151,125,267
2011,4,0680201,8929,3905,44,5024,56,555,6,617,7,1147,13,1087,12,1322,15,1364,15,1181,13,1656,19,260,319,572,551,619,613,455,516,295,298,575,536,703,751,726,1140
2011,4,0680246,608,293,48,315,52,36,6,52,9,92,15,52,9,93,15,81,13,83,14,119,20,18,29,53,27,45,42,42,37,18,23,39,25,48,39,41,82
2011,4,0680250,680,341,50,339,50,31,5,36,5,98,14,69,10,99,15,116,17,95,14,136,20,16,23,59,42,46,62,53,40,15,13,39,27,53,54,42,96
2011,4,0680258,1028,523,51,505,49,57,6,88,9,153,15,113,11,157,15,150,15,138,13,172,17,29,58,81,66,84,81,75,49,28,30,72,47,73,69,63,123
2011,4,0680260,661,324,49,337,51,29,4,47,7,81,12,67,10,76,11,119,18,79,12,163,25,18,22,43,38,42,65,35,61,11,25,38,29,34,54,44,102
2011,4,0680278,423,215,51,208,49,12,3,27,6,53,13,32,8,59,14,75,18,44,10,121,29,6,13,31,17,30,46,18,54,6,14,22,15,29,29,26,67
2011,4,0680280,426,208,49,218,51,24,6,18,4,57,13,45,11,44,10,88,21,59,14,91,21,10,7,30,25,24,48,36,28,14,11,27,20,20,40,23,63
2011,4,0680286,600,285,48,315,53,29,5,59,10,69,12,43,7,93,16,81,14,76,13,150,25,15,28,39,20,49,46,36,52,14,31,30,23,44,35,40,98
2011,4,0680288,366,181,49,185,51,6,2,22,6,53,14,29,8,47,13,68,19,59,16,82,22,3,9,31,14,25,35,32,32,3,13,22,15,22,33,27,50
2011,4,0680292,505,243,48,262,52,16,3,26,5,54,11,46,9,56,11,108,21,65,13,134,27,10,6,27,33,32,65,33,37,6,20,27,13,24,43,32,97
2011,4,0681009,2231,995,45,1236,55,158,7,188,8,284,13,238,11,307,14,315,14,260,12,481,22,78,107,146,118,149,158,107,132,80,81,138,120,158,157,153,349
2011,4,0681054,409,189,46,220,54,20,5,25,6,68,17,43,11,55,13,74,18,38,9,86,21,8,14,33,25,33,29,23,24,12,11,35,18,22,45,15,62
2011,4,0681068,1296,585,45,711,55,50,4,77,6,167,13,124,10,161,12,197,15,191,15,329,25,24,39,92,66,78,101,87,98,26,38,75,58,83,96,104,231
2011,4,0681070,921,426,46,495,54,59,6,61,7,143,16,97,11,134,15,156,17,78,8,193,21,30,30,64,57,65,86,42,52,29,31,79,40,69,70,36,141
2011,4,0681072,670,314,47,356,53,30,4,43,6,105,16,69,10,81,12,115,17,80,12,147,22,15,17,63,38,40,65,37,39,15,26,42,31,41,50,43,108
2011,4,0681094,751,372,50,379,50,33,4,66,9,101,13,79,11,93,12,123,16,84,11,172,23,16,35,56,42,51,65,44,63,17,31,45,37,42,58,40,109
2011,4,0681817,1659,763,46,896,54,104,6,130,8,210,13,190,11,229,14,254,15,239,14,303,18,57,66,113,108,111,113,108,87,47,64,97,82,118,141,131,216
2011,4,0681864,401,191,48,210,52,14,3,43,11,64,16,33,8,43,11,57,14,63,16,84,21,6,25,35,22,17,32,33,21,8,18,29,11,26,25,30,63
2011,4,0681884,635,299,47,336,53,30,5,62,10,96,15,71,11,80,13,107,17,78,12,111,17,11,32,51,38,42,53,39,33,19,30,45,33,38,54,39,78
2011,4,0681896,658,320,49,338,51,43,7,58,9,83,13,77,12,88,13,85,13,97,15,127,19,22,28,34,45,57,50,44,40,21,30,49,32,31,35,53,87
2011,4,0684944,422,198,47,224,53,26,6,26,6,66,16,39,9,57,14,66,16,54,13,88,21,12,10,33,27,29,31,31,25,14,16,33,12,28,35,23,63
2011,4,0684948,790,375,47,415,53,42,5,56,7,120,15,79,10,111,14,150,19,81,10,151,19,21,30,61,43,59,79,37,45,21,26,59,36,52,71,44,106
2011,4,0684966,323,159,49,164,51,11,3,18,6,37,11,27,8,48,15,49,15,55,17,78,24,4,8,26,17,29,23,24,28,7,10,11,10,19,26,31,50
2011,4,0684990,580,283,49,297,51,26,4,46,8,101,17,60,10,65,11,90,16,81,14,111,19,15,23,52,39,34,49,37,34,11,23,49,21,31,41,44,77
2011,4,0684998,760,374,49,386,51,35,5,52,7,119,16,66,9,107,14,120,16,94,12,167,22,13,27,61,44,50,71,43,65,22,25,58,22,57,49,51,102
2011,4,0700201,7990,3453,43,4537,57,515,6,597,7,1163,15,923,12,1082,14,1175,15,1024,13,1511,19,243,288,570,469,488,528,422,445,272,309,593,454,594,647,602,1066
2011,4,0700242,1408,701,50,707,50,85,6,145,10,199,14,169,12,191,14,176,13,165,12,278,20,44,73,117,86,99,86,83,113,41,72,82,83,92,90,82,165
2011,4,0700244,1354,617,46,737,54,77,6,86,6,190,14,158,12,176,13,196,14,180,13,291,21,34,42,91,83,100,96,84,87,43,44,99,75,76,100,96,204
2011,4,0700246,1583,780,49,803,51,118,7,113,7,251,16,200,13,210,13,258,16,157,10,276,17,64,59,149,107,95,139,62,105,54,54,102,93,115,119,95,171
2011,4,0700250,1217,576,47,641,53,62,5,107,9,183,15,124,10,161,13,176,14,142,12,262,22,36,65,87,69,84,85,72,78,26,42,96,55,77,91,70,184
2011,4,0700262,1770,808,46,962,54,94,5,137,8,288,16,183,10,222,13,268,15,229,13,349,20,50,76,138,98,105,126,98,117,44,61,150,85,117,142,131,232
2011,4,0700266,706,330,47,376,53,38,5,63,9,109,15,74,10,107,15,97,14,105,15,113,16,20,28,63,39,52,48,46,34,18,35,46,35,55,49,59,79
2011,4,0700268,1320,641,49,679,51,83,6,85,6,237,18,146,11,154,12,207,16,153,12,255,19,41,47,129,79,85,112,67,81,42,38,108,67,69,95,86,174
2011,4,0700270,1406,715,51,691,49,76,5,124,9,228,16,136,10,184,13,185,13,157,11,316,22,49,67,128,81,98,102,80,110,27,57,100,55,86,83,77,206
2011,4,0700274,984,485,49,499,51,58,6,71,7,155,16,108,11,142,14,140,14,118,12,192,20,26,42,81,56,86,79,51,64,32,29,74,52,56,61,67,128
2011,4,0700276,693,330,48,363,52,37,5,48,7,109,16,89,13,82,12,113,16,75,11,140,20,20,23,52,46,43,61,36,49,17,25,57,43,39,52,39,91
2011,4,0700282,1083,546,50,537,50,62,6,63,6,198,18,119,11,144,13,154,14,129,12,214,20,34,33,106,73,81,77,65,77,28,30,92,46,63,77,64,137
2011,4,0700286,1515,759,50,756,50,101,7,103,7,253,17,146,10,209,14,244,16,175,12,284,19,55,61,126,89,121,122,87,98,46,42,127,57,88,122,88,186
2011,4,0700290,1439,690,48,749,52,103,7,106,7,264,18,145,10,210,15,221,15,150,10,240,17,51,52,136,76,104,116,77,78,52,54,128,69,106,105,73,162
2011,4,0700296,650,313,48,337,52,32,5,66,10,111,17,62,10,101,16,79,12,63,10,136,21,14,34,58,30,58,42,32,45,18,32,53,32,43,37,31,91
2011,4,0700807,1572,719,46,853,54,101,6,112,7,260,17,155,10,206,13,226,14,201,13,311,20,54,63,135,74,96,106,91,100,47,49,125,81,110,120,110,211
2011,4,0700827,1230,596,48,634,52,78,6,125,10,188,15,132,11,155,13,178,14,126,10,248,20,39,72,97,69,82,90,69,78,39,53,91,63,73,88,57,170
2011,4,0701413,1728,795,46,933,54,94,5,124,7,287,17,168,10,220,13,258,15,195,11,382,22,42,49,168,89,115,121,89,122,52,75,119,79,105,137,106,260
2011,4,0701458,809,415,51,394,49,46,6,59,7,134,17,64,8,117,14,117,14,101,12,171,21,24,29,81,34,65,70,47,65,22,30,53,30,52,47,54,106
2011,4,0701817,1979,843,43,1136,57,122,6,146,7,301,15,206,10,242,12,254,13,197,10,511,26,65,73,137,103,117,118,87,143,57,73,164,103,125,136,110,368
2011,4,0701878,786,393,50,393,50,53,7,70,9,128,16,81,10,107,14,102,13,86,11,159,20,26,38,68,49,62,56,46,48,27,32,60,32,45,46,40,111
2011,4,0701894,795,377,47,418,53,43,5,69,9,132,17,68,9,94,12,132,17,77,10,180,23,29,33,69,34,49,66,43,54,14,36,63,34,45,66,34,126
2011,4,0705554,2342,1057,45,1285,55,152,6,165,7,355,15,225,10,298,13,311,13,275,12,561,24,68,80,189,114,150,151,133,172,84,85,166,111,148,160,142,389
2011,4,0705560,262,136,52,126,48,11,4,10,4,43,16,18,7,26,10,44,17,35,13,75,29,4,5,28,10,13,24,18,34,7,5,15,8,13,20,17,41
2011,4,0705592,595,290,49,305,51,29,5,34,6,105,18,56,9,63,11,83,14,72,12,153,26,12,14,52,36,38,42,34,62,17,20,53,20,25,41,38,91
2011,4,0740201,25301,11273,45,14028,55,2099,8,1759,7,3022,12,3821,15,3651,14,3168,13,3317,13,4464,18,1093,903,1534,1918,1769,1351,1230,1475,1006,856,1488,1903,1882,1817,2087,2989
2011,4,0740252,695,354,51,341,49,46,7,43,6,116,17,81,12,91,13,123,18,73,11,122,18,25,23,57,50,51,75,32,41,21,20,59,31,40,48,41,81
2011,4,0740256,1036,475,46,561,54,76,7,76,7,165,16,117,11,127,12,134,13,136,13,205,20,38,25,85,66,64,69,60,68,38,51,80,51,63,65,76,137
2011,4,0740260,667,320,48,347,52,42,6,69,10,115,17,78,12,69,10,89,13,83,12,122,18,20,36,64,47,35,39,38,41,22,33,51,31,34,50,45,81
2011,4,0740268,1750,810,46,940,54,131,7,161,9,278,16,149,9,226,13,255,15,175,10,375,21,65,78,151,77,116,117,78,128,66,83,127,72,110,138,97,247
2011,4,0740272,562,266,47,296,53,37,7,38,7,97,17,54,10,77,14,84,15,60,11,115,20,21,13,49,27,42,45,27,42,16,25,48,27,35,39,33,73
2011,4,0740276,570,292,51,278,49,26,5,40,7,91,16,54,9,75,13,102,18,61,11,121,21,15,25,53,33,40,57,27,42,11,15,38,21,35,45,34,79
2011,4,0740280,2803,1325,47,1478,53,231,8,206,7,411,15,376,13,395,14,383,14,312,11,489,17,118,103,199,194,218,178,149,166,113,103,212,182,177,205,163,323
2011,4,0740288,1938,934,48,1004,52,153,8,164,8,293,15,243,13,262,14,274,14,218,11,331,17,71,89,142,146,126,134,115,111,82,75,151,97,136,140,103,220
2011,4,0740292,833,401,48,432,52,70,8,52,6,141,17,91,11,97,12,123,15,102,12,157,19,38,30,69,46,56,62,51,49,32,22,72,45,41,61,51,108
2011,4,0740605,6556,3056,47,3500,53,673,10,557,8,820,13,981,15,1016,15,842,13,636,10,1031,16,352,262,437,478,486,382,278,381,321,295,383,503,530,460,358,650
2011,4,0740625,2290,1136,50,1154,50,216,9,162,7,334,15,349,15,364,16,311,14,230,10,324,14,111,80,180,192,185,163,107,118,105,82,154,157,179,148,123,206
2011,4,0741009,2279,1062,47,1217,53,130,6,152,7,311,14,302,13,317,14,378,17,279,12,410,18,76,71,159,150,158,175,118,155,54,81,152,152,159,203,161,255
2011,4,0741029,617,307,50,310,50,35,6,42,7,106,17,73,12,91,15,97,16,66,11,107,17,18,21,53,45,46,50,37,37,17,21,53,28,45,47,29,70
2011,4,0741044,1655,824,50,831,50,110,7,126,8,253,15,179,11,219,13,266,16,183,11,319,19,57,69,153,93,109,138,98,107,53,57,100,86,110,128,85,212
2011,4,0741084,1184,584,49,600,51,78,7,102,9,169,14,135,11,149,13,190,16,134,11,227,19,38,57,89,74,79,101,61,85,40,45,80,61,70,89,73,142
2011,4,0741413,6240,2857,46,3383,54,519,8,497,8,883,14,835,13,971,16,812,13,678,11,1045,17,272,244,455,407,466,360,288,365,247,253,428,428,505,452,390,680
2011,4,0741433,965,475,49,490,51,82,8,82,8,169,18,122,13,132,14,133,14,93,10,152,16,50,40,84,74,67,67,39,54,32,42,85,48,65,66,54,98
2011,4,0741448,1913,877,46,1036,54,147,8,148,8,264,14,245,13,236,12,278,15,250,13,345,18,69,73,135,123,121,134,112,110,78,75,129,122,115,144,138,235
2011,4,0741464,1269,627,49,642,51,88,7,98,8,183,14,144,11,157,12,193,15,160,13,246,19,41,56,101,80,86,102,86,75,47,42,82,64,71,91,74,171
2011,4,0760201,7273,3225,44,4048,56,481,7,481,7,1078,15,853,12,971,13,1308,18,889,12,1212,17,248,234,572,425,444,559,374,369,233,247,506,428,527,749,515,843
2011,4,0760244,601,294,49,307,51,34,6,33,5,84,14,66,11,72,12,113,19,59,10,140,23,17,12,47,37,45,59,35,42,17,21,37,29,27,54,24,98
2011,4,0760256,727,359,49,368,51,48,7,55,8,99,14,64,9,98,13,115,16,86,12,162,22,23,26,55,33,62,66,42,52,25,29,44,31,36,49,44,110
2011,4,0760258,1092,527,48,565,52,68,6,81,7,127,12,109,10,162,15,161,15,146,13,238,22,30,39,69,62,83,91,70,83,38,42,58,47,79,70,76,155
2011,4,0760274,1003,463,46,540,54,39,4,65,6,166,17,84,8,126,13,149,15,107,11,267,27,16,29,74,54,68,78,60,84,23,36,92,30,58,71,47,183
2011,4,0761211,8189,3631,44,4558,56,539,7,615,8,1070,13,1017,12,1027,13,1301,16,1191,15,1429,17,255,308,541,510,519,560,493,445,284,307,529,507,508,741,698,984
2011,4,0761252,831,404,49,427,51,36,4,56,7,98,12,89,11,95,11,152,18,118,14,187,23,17,29,49,49,51,91,60,58,19,27,49,40,44,61,58,129
2011,4,0761266,1225,584,48,641,52,81,7,81,7,173,14,107,9,146,12,204,17,143,12,290,24,36,45,88,57,83,109,73,93,45,36,85,50,63,95,70,197
2011,4,0761268,819,402,49,417,51,56,7,61,7,133,16,93,11,129,16,110,13,81,10,156,19,28,29,66,57,73,56,44,49,28,32,67,36,56,54,37,107
2011,4,0761282,620,287,46,333,54,26,4,46,7,93,15,52,8,92,15,98,16,61,10,152,25,10,21,42,27,49,50,31,57,16,25,51,25,43,48,30,95
2011,4,0761286,812,407,50,405,50,47,6,50,6,137,17,79,10,108,13,134,17,90,11,167,21,25,27,79,44,58,78,42,54,22,23,58,35,50,56,48,113
2011,4,0766348,853,415,49,438,51,52,6,68,8,133,16,82,10,99,12,142,17,86,10,191,22,25,41,76,47,57,72,40,57,27,27,57,35,42,70,46,134
2011,4,0766362,1344,639,48,705,52,62,5,106,8,189,14,122,9,181,13,224,17,149,11,311,23,38,56,98,60,95,119,70,103,24,50,91,62,86,105,79,208
2011,4,0766370,1510,741,49,769,51,88,6,124,8,222,15,158,10,196,13,198,13,190,13,334,22,50,62,128,86,102,114,90,109,38,62,94,72,94,84,100,225
2011,4,0766376,451,222,49,229,51,23,5,32,7,57,13,34,8,56,12,68,15,71,16,110,24,14,19,30,19,32,39,34,35,9,13,27,15,24,29,37,75
2011,4,0766378,563,282,50,281,50,25,4,42,7,99,18,40,7,89,16,95,17,48,9,125,22,14,28,54,21,46,60,22,37,11,14,45,19,43,35,26,88
2011,4,0766380,815,409,50,406,50,27,3,74,9,155,19,63,8,100,12,146,18,93,11,157,19,14,43,86,38,51,79,50,48,13,31,69,25,49,67,43,109
2011,4,0769164,712,357,50,355,50,36,5,49,7,126,18,56,8,106,15,95,13,68,10,176,25,23,25,60,33,57,57,35,67,13,24,66,23,49,38,33,109
2011,4,0769190,800,378,47,422,53,47,6,62,8,140,18,70,9,82,10,141,18,83,10,175,22,20,35,75,40,37,72,43,56,27,27,65,30,45,69,40,119
2011,4,0769194,601,285,47,316,53,22,4,51,8,75,12,68,11,57,9,104,17,72,12,152,25,6,23,44,34,30,55,34,59,16,28,31,34,27,49,38,93
2011,4,0780242,1099,526,48,573,52,87,8,78,7,133,12,135,12,133,12,165,15,160,15,208,19,46,39,67,72,74,86,77,65,41,39,66,63,59,79,83,143
2011,4,0780244,644,318,49,326,51,38,6,61,9,97,15,70,11,101,16,109,17,68,11,100,16,14,31,52,42,52,59,32,36,24,30,45,28,49,50,36,64
2011,4,0780246,1268,621,49,647,51,86,7,106,8,170,13,164,13,167,13,190,15,143,11,242,19,41,58,89,86,92,106,67,82,45,48,81,78,75,84,76,160
2011,4,0780250,985,495,50,490,50,55,6,90,9,127,13,94,10,130,13,154,16,122,12,213,22,30,55,67,56,69,86,66,66,25,35,60,38,61,68,56,147
2011,4,0780252,845,418,49,427,51,70,8,64,8,105,12,92,11,113,13,127,15,98,12,176,21,31,36,71,53,57,66,52,52,39,28,34,39,56,61,46,124
2011,4,0780254,929,468,50,461,50,38,4,85,9,158,17,77,8,145,16,165,18,74,8,187,20,21,48,89,38,78,95,39,60,17,37,69,39,67,70,35,127
2011,4,0780256,1856,904,49,952,51,118,6,146,8,232,13,237,13,284,15,320,17,236,13,283,15,59,77,118,120,138,177,107,108,59,69,114,117,146,143,129,175
2011,4,0780258,750,383,51,367,49,32,4,56,7,109,15,83,11,101,13,117,16,96,13,156,21,19,23,60,53,55,68,52,53,13,33,49,30,46,49,44,103
2011,4,0780260,491,250,51,241,49,24,5,50,10,79,16,52,11,66,13,84,17,54,11,82,17,15,30,46,31,28,48,24,28,9,20,33,21,38,36,30,54
2011,4,0780262,1191,571,48,620,52,77,6,88,7,185,16,122,10,160,13,196,16,115,10,248,21,40,43,101,69,85,102,53,78,37,45,84,53,75,94,62,170
2011,4,0780266,703,360,51,343,49,40,6,55,8,99,14,82,12,73,10,120,17,88,13,146,21,23,30,49,48,44,72,46,48,17,25,50,34,29,48,42,98
2011,4,0780268,924,447,48,477,52,57,6,56,6,125,14,97,10,120,13,146,16,131,14,192,21,32,32,70,48,59,77,66,63,25,24,55,49,61,69,65,129
2011,4,0780270,2982,1375,46,1607,54,232,8,204,7,392,13,320,11,419,14,465,16,368,12,582,20,127,109,199,161,191,233,171,184,105,95,193,159,228,232,197,398
2011,4,0780272,610,303,50,307,50,34,6,33,5,86,14,60,10,80,13,103,17,66,11,148,24,21,17,51,42,44,61,29,38,13,16,35,18,36,42,37,110
2011,4,0780274,497,244,49,253,51,26,5,30,6,64,13,53,11,65,13,68,14,70,14,121,24,11,12,35,34,35,37,39,41,15,18,29,19,30,31,31,80
2011,4,0780276,1876,890,47,986,53,133,7,154,8,218,12,252,13,266,14,261,14,290,15,302,16,59,72,111,128,140,132,141,107,74,82,107,124,126,129,149,195
2011,4,0780278,939,451,48,488,52,61,6,78,8,138,15,116,12,131,14,152,16,119,13,144,15,29,40,56,73,68,78,54,53,32,38,82,43,63,74,65,91
2011,4,0780280,423,202,48,221,52,27,6,11,3,58,14,44,10,32,8,77,18,63,15,111,26,13,3,27,26,21,40,34,38,14,8,31,18,11,37,29,73
2011,4,0780282,789,392,50,397,50,46,6,64,8,115,15,84,11,102,13,115,15,99,13,164,21,26,34,72,51,51,61,52,45,20,30,43,33,51,54,47,119
2011,4,0780284,1189,579,49,610,51,59,5,85,7,176,15,115,10,171,14,200,17,115,10,268,23,38,42,91,65,95,108,61,79,21,43,85,50,76,92,54,189
2011,4,0780286,1387,679,49,708,51,79,6,116,8,229,17,140,10,194,14,222,16,169,12,238,17,38,53,122,71,102,120,92,81,41,63,107,69,92,102,77,157
2011,4,0780288,2775,1361,49,1414,51,195,7,272,10,430,15,335,12,389,14,401,14,317,11,436,16,97,143,228,181,201,222,156,133,98,129,202,154,188,179,161,303
2011,4,0780292,642,332,52,310,48,47,7,58,9,103,16,60,9,97,15,97,15,74,12,106,17,29,32,59,33,54,51,44,30,18,26,44,27,43,46,30,76
2011,4,0780294,842,393,47,449,53,50,6,71,8,107,13,86,10,100,12,134,16,97,12,197,23,27,44,50,49,54,60,51,58,23,27,57,37,46,74,46,139
2011,4,0780296,1563,740,47,823,53,86,6,112,7,261,17,165,11,222,14,262,17,178,11,277,18,35,54,135,92,111,123,85,105,51,58,126,73,111,139,93,172
2011,4,0781817,3208,1429,45,1779,55,169,5,262,8,430,13,324,10,462,14,451,14,431,13,679,21,72,121,221,177,219,201,194,224,97,141,209,147,243,250,237,455
2011,4,0781848,804,385,48,419,52,38,5,54,7,114,14,92,11,87,11,138,17,109,14,172,21,17,26,58,53,45,78,54,54,21,28,56,39,42,60,55,118
2011,4,0781890,742,370,50,372,50,40,5,59,8,99,13,74,10,109,15,121,16,95,13,145,20,16,30,54,38,64,76,48,44,24,29,45,36,45,45,47,101
2011,4,0781898,1664,806,48,858,52,98,6,130,8,226,14,160,10,213,13,278,17,201,12,358,22,57,56,117,85,111,154,104,122,41,74,109,75,102,124,97,236
2011,4,0800605,3895,1820,47,2075,53,329,8,373,10,581,15,570,15,491,13,519,13,399,10,633,16,181,194,312,294,229,243,185,182,148,179,269,276,262,276,214,451
2011,4,0800625,1583,783,49,800,51,141,9,134,8,209,13,226,14,237,15,201,13,168,11,267,17,74,76,111,106,132,109,84,91,67,58,98,120,105,92,84,176
2011,4,0800807,6015,2813,47,3202,53,721,12,412,7,624,10,1360,23,865,14,820,14,621,10,592,10,365,214,306,651,436,388,273,180,356,198,318,709,429,432,348,412
2011,4,0800856,1079,519,48,560,52,106,10,99,9,124,11,160,15,143,13,162,15,102,9,183,17,53,48,73,79,81,74,44,67,53,51,51,81,62,88,58,116
2011,4,0800870,14819,6864,46,7955,54,1522,10,1188,8,1778,12,2355,16,2287,15,1876,13,1604,11,2209,15,785,591,905,1130,1127,869,668,789,737,597,873,1225,1160,1007,936,1420
2011,4,0801009,12027,5310,44,6717,56,868,7,889,7,1467,12,1844,15,1770,15,1734,14,1499,12,1956,16,415,436,764,932,894,728,551,590,453,453,703,912,876,1006,948,1366
2011,4,0801080,8089,3872,48,4217,52,708,9,595,7,976,12,1247,15,1234,15,1232,15,1004,12,1093,14,356,303,498,637,657,587,456,378,352,292,478,610,577,645,548,715
2011,4,0801211,18033,8259,46,9774,54,1602,9,1317,7,2013,11,2977,17,2959,16,2199,12,2280,13,2686,15,834,669,1030,1450,1463,1010,930,873,768,648,983,1527,1496,1189,1350,1813
2011,4,0801231,4359,2121,49,2238,51,373,9,316,7,514,12,682,16,687,16,663,15,536,12,588,13,207,152,281,345,350,325,235,226,166,164,233,337,337,338,301,362
2011,4,0801413,3096,1379,45,1717,55,196,6,179,6,400,13,372,12,365,12,460,15,374,12,750,24,93,88,188,193,184,217,154,262,103,91,212,179,181,243,220,488
2011,4,0801433,2759,1275,46,1484,54,195,7,199,7,314,11,314,11,386,14,392,14,325,12,634,23,100,103,172,165,192,187,143,213,95,96,142,149,194,205,182,421
2011,4,0801615,10700,4841,45,5859,55,924,9,796,7,1503,14,1634,15,1437,13,1449,14,1120,10,1837,17,484,397,756,808,659,660,460,617,440,399,747,826,778,789,660,1220
2011,4,0801642,1838,885,48,953,52,116,6,139,8,214,12,241,13,234,13,300,16,227,12,367,20,59,65,110,125,129,148,114,135,57,74,104,116,105,152,113,232
2011,4,0801666,605,281,46,324,54,48,8,50,8,102,17,82,14,67,11,90,15,55,9,111,18,20,21,52,42,30,48,31,37,28,29,50,40,37,42,24,74
2011,4,0801694,3586,1633,46,1953,54,321,9,269,8,507,14,545,15,485,14,482,13,397,11,580,16,147,140,238,274,233,228,186,187,174,129,269,271,252,254,211,393
2011,4,0801817,3574,1618,45,1956,55,288,8,242,7,466,13,523,15,515,14,552,15,411,11,577,16,146,122,257,250,248,256,169,170,142,120,209,273,267,296,242,407
2011,4,0801864,4361,2058,47,2303,53,374,9,284,7,526,12,687,16,565,13,607,14,530,12,788,18,189,148,277,347,293,296,248,260,185,136,249,340,272,311,282,528
2011,4,0804400,10026,4677,47,5349,53,1065,11,864,9,1238,12,1800,18,1560,16,1309,13,1038,10,1152,11,533,457,619,853,766,625,448,376,532,407,619,947,794,684,590,776
2011,4,0804948,8019,3754,47,4265,53,822,10,753,9,980,12,1186,15,1377,17,1101,14,790,10,1010,13,401,375,522,551,670,551,330,354,421,378,458,635,707,550,460,656
2011,4,0804988,1389,666,48,723,52,93,7,104,7,190,14,211,15,190,14,226,16,166,12,209,15,49,49,99,112,94,113,76,74,44,55,91,99,96,113,90,135
2011,4,0805200,6712,3188,47,3524,53,528,8,419,6,780,12,871,13,951,14,1000,15,883,13,1280,19,264,229,413,442,465,501,387,487,264,190,367,429,486,499,496,793
2011,4,0806000,7769,3773,49,3996,51,819,11,683,9,977,13,1080,14,1383,18,1103,14,800,10,924,12,425,366,517,498,693,537,379,358,394,317,460,582,690,566,421,566
2011,4,0806956,1450,721,50,729,50,95,7,109,8,251,17,177,12,190,13,231,16,141,10,256,18,41,63,136,104,102,121,72,82,54,46,115,73,88,110,69,174
2011,4,0806968,3874,1858,48,2016,52,266,7,277,7,574,15,542,14,491,13,566,15,458,12,700,18,133,146,305,291,241,277,212,253,133,131,269,251,250,289,246,447
2011,4,0807400,3626,1720,47,1906,53,261,7,307,8,498,14,489,13,517,14,490,14,441,12,623,17,147,161,257,247,265,237,196,210,114,146,241,242,252,253,245,413
2011,4,0807600,15946,7513,47,8433,53,2022,13,1417,9,1974,12,3041,19,2707,17,1889,12,1197,8,1699,11,987,768,965,1439,1348,919,520,567,1035,649,1009,1602,1359,970,677,1132
2011,4,0808400,6904,3260,47,3644,53,587,9,525,8,940,14,1063,15,1031,15,968,14,817,12,973,14,284,276,476,546,529,457,369,323,303,249,464,517,502,511,448,650
2011,4,0809200,2292,1105,48,1187,52,170,7,184,8,321,14,316,14,310,14,350,15,255,11,386,17,77,96,164,172,162,172,122,140,93,88,157,144,148,178,133,246
2011,4,0809600,10096,4692,46,5404,54,960,10,871,9,1198,12,1618,16,1606,16,1379,14,1134,11,1330,13,478,443,620,775,797,654,483,442,482,428,578,843,809,725,651,888
2011,4,0840201,11391,5186,46,6205,54,862,8,925,8,1726,15,1424,13,1572,14,1581,14,1283,11,2018,18,444,462,894,723,725,731,534,673,418,463,832,701,847,850,749,1345
2011,4,0840248,1154,539,47,615,53,71,6,120,10,176,15,112,10,156,14,174,15,147,13,198,17,33,56,87,67,79,77,68,72,38,64,89,45,77,97,79,126
2011,4,0840256,359,184,51,175,49,22,6,24,7,43,12,39,11,45,13,49,14,53,15,84,23,11,11,28,25,21,27,30,31,11,13,15,14,24,22,23,53
2011,4,0840258,846,419,50,427,50,75,9,71,8,149,18,103,12,98,12,129,15,98,12,123,15,37,37,76,59,52,69,46,43,38,34,73,44,46,60,52,80
2011,4,0840262,861,439,51,422,49,70,8,85,10,151,18,110,13,109,13,115,13,99,11,122,14,30,55,86,62,52,58,53,43,40,30,65,48,57,57,46,79
2011,4,0840266,1216,582,48,634,52,94,8,130,11,189,16,157,13,129,11,164,13,155,13,198,16,46,66,95,86,66,74,83,66,48,64,94,71,63,90,72,132
2011,4,0840270,1444,677,47,767,53,99,7,140,10,246,17,148,10,178,12,227,16,214,15,192,13,49,63,137,81,87,104,91,65,50,77,109,67,91,123,123,127
2011,4,0840272,1660,800,48,860,52,114,7,123,7,252,15,204,12,209,13,257,15,210,13,291,18,57,70,134,112,107,124,97,99,57,53,118,92,102,133,113,192
2011,4,0840276,717,358,50,359,50,51,7,70,10,142,20,67,9,92,13,122,17,70,10,103,14,27,35,81,34,49,61,33,38,24,35,61,33,43,61,37,65
2011,4,0840282,782,387,49,395,51,41,5,72,9,131,17,81,10,94,12,116,15,90,12,157,20,20,39,77,49,50,57,40,55,21,33,54,32,44,59,50,102
2011,4,0840286,1485,704,47,781,53,94,6,121,8,260,18,158,11,208,14,259,17,178,12,207,14,41,60,151,75,95,120,81,81,53,61,109,83,113,139,97,126
2011,4,0840288,632,320,51,312,49,60,9,76,12,90,14,76,12,75,12,85,13,64,10,106,17,26,36,55,43,39,51,31,39,34,40,35,33,36,34,33,67
2011,4,0840292,467,233,50,234,50,33,7,41,9,82,18,42,9,52,11,73,16,59,13,85,18,18,26,45,16,24,46,26,32,15,15,37,26,28,27,33,53
2011,4,0840294,710,350,49,360,51,52,7,76,11,142,20,67,9,95,13,98,14,75,11,105,15,26,43,67,39,45,52,40,38,26,33,75,28,50,46,35,67
2011,4,0840296,1556,755,49,801,51,111,7,134,9,267,17,173,11,202,13,248,16,182,12,239,15,57,62,144,86,102,126,97,81,54,72,123,87,100,122,85,158
2011,4,0840298,324,159,49,165,51,31,10,29,9,46,14,38,12,49,15,51,16,35,11,45,14,18,13,20,22,27,23,16,20,13,16,26,16,22,28,19,25
2011,4,0840605,3083,1408,46,1675,54,235,8,271,9,394,13,387,13,403,13,428,14,358,12,607,20,113,147,215,190,192,211,155,185,122,124,179,197,211,217,203,422
2011,4,0840625,963,468,49,495,51,63,7,100,10,132,14,105,11,130,13,120,12,143,15,170,18,31,48,76,55,66,58,72,62,32,52,56,50,64,62,71,108
2011,4,0840644,775,378,49,397,51,55,7,74,10,131,17,80,10,91,12,125,16,86,11,133,17,27,39,69,43,50,62,42,46,28,35,62,37,41,63,44,87
2011,4,0840652,679,327,48,352,52,41,6,52,8,101,15,77,11,81,12,108,16,96,14,123,18,16,27,50,48,42,56,47,41,25,25,51,29,39,52,49,82
2011,4,0840680,733,364,50,369,50,40,5,69,9,121,17,65,9,99,14,109,15,65,9,165,23,24,34,71,34,53,60,34,54,16,35,50,31,46,49,31,111
2011,4,0880201,10266,4603,45,5663,55,763,7,738,7,1534,15,1282,12,1364,13,1531,15,1242,12,1812,18,410,399,760,630,634,660,514,596,353,339,774,652,730,871,728,1216
2011,4,0880213,1530,695,45,835,55,89,6,111,7,227,15,134,9,182,12,218,14,207,14,362,24,45,58,120,75,86,101,89,121,44,53,107,59,96,117,118,241
2011,4,0880215,1732,804,46,928,54,132,8,127,7,263,15,201,12,229,13,187,11,250,14,343,20,63,65,128,107,123,84,112,122,69,62,135,94,106,103,138,221
2011,4,0880217,1358,627,46,731,54,94,7,119,9,226,17,144,11,184,14,195,14,164,12,232,17,51,65,117,77,88,84,74,71,43,54,109,67,96,111,90,161
2011,4,0880237,940,467,50,473,50,72,8,70,7,135,14,97,10,128,14,124,13,113,12,201,21,38,36,74,54,68,63,54,80,34,34,61,43,60,61,59,121
2011,4,0880242,1228,618,50,610,50,79,6,114,9,264,21,166,14,142,12,142,12,137,11,184,15,45,65,145,87,68,73,65,70,34,49,119,79,74,69,72,114
2011,4,0880246,856,447,52,409,48,49,6,79,9,150,18,102,12,98,11,143,17,96,11,139,16,27,47,88,71,54,68,52,40,22,32,62,31,44,75,44,99
2011,4,0880254,2265,1111,49,1154,51,140,6,187,8,330,15,286,13,286,13,354,16,272,12,410,18,81,98,176,157,146,187,127,139,59,89,154,129,140,167,145,271
2011,4,0880258,493,243,49,250,51,43,9,42,9,89,18,40,8,71,14,69,14,49,10,90,18,26,21,45,18,40,38,25,30,17,21,44,22,31,31,24,60
2011,4,0880264,431,221,51,210,49,21,5,27,6,94,22,50,12,68,16,61,14,41,10,69,16,11,12,58,30,35,30,18,27,10,15,36,20,33,31,23,42
2011,4,0880268,1757,837,48,920,52,128,7,164,9,275,16,227,13,242,14,255,15,211,12,255,15,64,81,140,117,119,127,103,86,64,83,135,110,123,128,108,169
2011,4,0880270,1787,838,47,949,53,125,7,149,8,283,16,189,11,212,12,219,12,202,11,408,23,54,77,133,107,102,110,98,157,71,72,150,82,110,109,104,251
2011,4,0880272,1812,870,48,942,52,129,7,154,8,267,15,230,13,235,13,272,15,224,12,301,17,67,80,137,116,122,147,99,102,62,74,130,114,113,125,125,199
2011,4,0880274,499,231,46,268,54,27,5,31,6,110,22,54,11,54,11,78,16,61,12,84,17,16,10,61,25,26,36,28,29,11,21,49,29,28,42,33,55
2011,4,0880286,417,215,52,202,48,42,10,34,8,69,17,44,11,46,11,67,16,44,11,71,17,22,17,43,22,24,40,22,25,20,17,26,22,22,27,22,46
2011,4,0880292,1300,642,49,658,51,100,8,139,11,211,16,169,13,158,12,184,14,146,11,193,15,57,74,110,77,88,101,69,66,43,65,101,92,70,83,77,127
2011,4,0880294,1672,795,48,877,52,116,7,143,9,291,17,203,12,196,12,266,16,174,10,283,17,62,73,153,111,95,134,76,91,54,70,138,92,101,132,98,192
2011,4,0880296,876,422,48,454,52,66,8,76,9,132,15,105,12,116,13,129,15,103,12,149,17,26,41,79,58,58,66,45,49,40,35,53,47,58,63,58,100
2011,4,0885150,3275,1610,49,1665,51,229,7,248,8,533,16,325,10,436,13,474,14,386,12,644,20,125,134,284,189,221,235,196,226,104,114,249,136,215,239,190,418
2011,4,0885162,953,445,47,508,53,40,4,68,7,159,17,71,7,144,15,142,15,123,13,206,22,17,39,92,42,69,76,51,59,23,29,67,29,75,66,72,147
2011,4,0887600,1638,763,47,875,53,96,6,125,8,198,12,195,12,210,13,229,14,209,13,376,23,51,64,104,106,112,115,89,122,45,61,94,89,98,114,120,254
2011,4,0888301,3972,1816,46,2156,54,240,6,272,7,613,15,431,11,522,13,652,16,416,10,826,21,119,128,312,234,260,308,176,279,121,144,301,197,262,344,240,547
2011,4,0900201,18401,8296,45,10105,55,1535,8,1557,8,2646,14,2519,14,2590,14,2411,13,2045,11,3098,17,803,807,1280,1236,1216,1088,847,1019,732,750,1366,1283,1374,1323,1198,2079
2011,4,0900246,695,337,48,358,52,54,8,60,9,104,15,94,14,92,13,99,14,71,10,121,17,24,32,56,46,47,57,29,46,30,28,48,48,45,42,42,75
2011,4,0900248,1443,676,47,767,53,100,7,125,9,225,16,175,12,196,14,208,14,146,10,268,19,51,60,107,97,103,112,70,76,49,65,118,78,93,96,76,192
2011,4,0900254,1432,714,50,718,50,106,7,141,10,233,16,170,12,171,12,187,13,171,12,253,18,57,81,119,94,96,101,75,91,49,60,114,76,75,86,96,162
2011,4,0900258,1019,552,54,467,46,66,6,83,8,143,14,119,12,149,15,168,16,103,10,188,18,36,37,83,77,87,99,58,75,30,46,60,42,62,69,45,113
2011,4,0900268,683,348,51,335,49,69,10,73,11,140,20,72,11,72,11,82,12,78,11,97,14,31,46,77,37,39,37,43,38,38,27,63,35,33,45,35,59
2011,4,0900274,1474,717,49,757,51,105,7,104,7,241,16,181,12,190,13,205,14,164,11,284,19,59,58,126,97,99,100,70,108,46,46,115,84,91,105,94,176
2011,4,0900278,1288,638,50,650,50,111,9,135,10,209,16,147,11,160,12,179,14,137,11,210,16,54,64,122,71,86,90,64,87,57,71,87,76,74,89,73,123
2011,4,0900280,1894,894,47,1000,53,140,7,169,9,283,15,230,12,245,13,256,14,216,11,355,19,83,91,140,126,125,119,98,112,57,78,143,104,120,137,118,243
2011,4,0900284,1739,834,48,905,52,127,7,152,9,261,15,203,12,230,13,279,16,191,11,296,17,64,76,130,109,121,138,96,100,63,76,131,94,109,141,95,196
2011,4,0900296,546,279,51,267,49,35,6,35,6,94,17,56,10,62,11,69,13,80,15,115,21,22,19,47,33,36,33,45,44,13,16,47,23,26,36,35,71
2011,4,0901211,3868,1760,46,2108,54,290,7,340,9,589,15,451,12,522,13,511,13,432,11,733,19,146,174,291,245,244,223,200,237,144,166,298,206,278,288,232,496
2011,4,0901244,536,248,46,288,54,41,8,60,11,93,17,57,11,68,13,75,14,47,9,95,18,22,26,46,27,37,39,25,26,19,34,47,30,31,36,22,69
2011,4,0901262,1445,747,52,698,48,106,7,144,10,230,16,184,13,186,13,163,11,176,12,256,18,55,79,121,105,102,93,90,102,51,65,109,79,84,70,86,154
2011,4,0901270,636,303,48,333,52,32,5,46,7,102,16,59,9,79,12,95,15,87,14,136,21,16,19,53,37,39,45,42,52,16,27,49,22,40,50,45,84
2011,4,0901288,1019,504,49,515,51,70,7,103,10,175,17,110,11,117,11,168,16,98,10,178,17,36,47,98,60,57,98,42,66,34,56,77,50,60,70,56,112
2011,4,0901292,589,320,54,269,46,62,11,58,10,90,15,78,13,62,11,79,13,70,12,90,15,37,35,49,45,37,45,40,32,25,23,41,33,25,34,30,58
2011,4,0901294,792,387,49,405,51,36,5,68,9,148,19,82,10,122,15,113,14,82,10,141,18,22,27,64,51,70,57,42,54,14,41,84,31,52,56,40,87
2011,4,0905150,2473,1160,47,1313,53,149,6,197,8,334,14,267,11,312,13,381,15,312,13,521,21,84,97,167,140,149,197,141,185,65,100,167,127,163,184,171,336
2011,4,0905166,2334,1104,47,1230,53,152,7,136,6,315,13,282,12,314,13,348,15,304,13,483,21,71,76,174,143,165,172,122,181,81,60,141,139,149,176,182,302
2011,4,0905182,2768,1334,48,1434,52,173,6,166,6,367,13,301,11,353,13,367,13,342,12,699,25,99,78,203,162,177,194,170,251,74,88,164,139,176,173,172,448
2011,4,0905756,2062,1006,49,1056,51,156,8,168,8,354,17,239,12,233,11,302,15,243,12,367,18,70,79,208,137,121,147,119,125,86,89,146,102,112,155,124,242
2011,4,0905790,388,202,52,186,48,21,5,45,12,74,19,40,10,43,11,60,15,53,14,52,13,9,25,40,21,26,31,29,21,12,20,34,19,17,29,24,31
2011,4,0940201,5471,2416,44,3055,56,307,6,365,7,725,13,554,10,670,12,852,16,727,13,1271,23,171,190,373,304,313,371,290,404,136,175,352,250,357,481,437,867
2011,4,0940252,887,444,50,443,50,54,6,60,7,137,15,96,11,102,11,132,15,109,12,197,22,28,29,83,51,50,75,64,64,26,31,54,45,52,57,45,133
2011,4,0940266,676,332,49,344,51,33,5,44,7,104,15,61,9,73,11,120,18,76,11,165,24,18,22,48,38,42,67,35,62,15,22,56,23,31,53,41,103
2011,4,0940288,1159,588,51,571,49,67,6,96,8,161,14,137,12,141,12,195,17,138,12,224,19,37,47,94,77,88,107,63,75,30,49,67,60,53,88,75,149
2011,4,0940292,686,340,50,346,50,48,7,43,6,129,19,60,9,88,13,116,17,63,9,139,20,26,22,66,35,46,63,33,49,22,21,63,25,42,53,30,90
2011,4,0940296,420,202,48,218,52,28,7,31,7,70,17,41,10,46,11,70,17,43,10,91,22,13,20,34,23,23,42,13,34,15,11,36,18,23,28,30,57
2011,4,0941615,5521,2532,46,2989,54,378,7,438,8,801,15,703,13,704,13,789,14,682,12,1026,19,190,231,418,367,338,357,308,323,188,207,383,336,366,432,374,703
2011,4,0941644,1200,573,48,627,52,91,8,90,8,216,18,120,10,151,13,196,16,110,9,226,19,44,49,116,67,78,102,57,60,47,41,100,53,73,94,53,166
2011,4,0941646,923,465,50,458,50,72,8,64,7,139,15,109,12,113,12,147,16,97,11,182,20,41,38,76,66,52,76,50,66,31,26,63,43,61,71,47,116
2011,4,0941648,616,297,48,319,52,47,8,54,9,110,18,53,9,98,16,79,13,81,13,94,15,20,22,66,31,50,41,35,32,27,32,44,22,48,38,46,62
2011,4,0941658,897,451,50,446,50,57,6,79,9,150,17,84,9,140,16,141,16,70,8,176,20,28,37,94,40,76,78,31,67,29,42,56,44,64,63,39,109
2011,4,0941670,1174,568,48,606,52,97,8,93,8,161,14,166,14,137,12,196,17,131,11,193,16,52,50,78,85,67,102,59,75,45,43,83,81,70,94,72,118
2011,4,0941674,898,419,47,479,53,69,8,64,7,161,18,97,11,107,12,157,17,91,10,152,17,40,30,81,50,48,74,52,44,29,34,80,47,59,83,39,108
2011,4,0941680,1034,511,49,523,51,87,8,89,9,167,16,137,13,123,12,141,14,112,11,178,17,47,45,91,75,67,73,53,60,40,44,76,62,56,68,59,118
2011,4,0941690,820,393,48,427,52,48,6,72,9,139,17,85,10,115,14,130,16,78,10,153,19,23,41,66,47,56,69,45,46,25,31,73,38,59,61,33,107
2011,4,0941813,1347,587,44,760,56,76,6,87,6,132,10,143,11,136,10,193,14,224,17,356,26,35,52,68,80,78,80,93,101,41,35,64,63,58,113,131,255
2011,4,0941817,1412,675,48,737,52,89,6,84,6,177,13,151,11,191,14,220,16,181,13,319,23,47,37,99,85,107,122,83,95,42,47,78,66,84,98,98,224
2011,4,0941860,478,240,50,238,50,16,3,35,7,63,13,41,9,73,15,74,15,52,11,124,26,10,23,29,24,40,38,26,50,6,12,34,17,33,36,26,74
2011,4,0941876,590,301,51,289,49,33,6,51,9,88,15,44,7,91,15,89,15,77,13,117,20,18,22,47,23,48,53,41,49,15,29,41,21,43,36,36,68
2011,4,0960244,589,284,48,305,52,48,8,51,9,100,17,65,11,78,13,88,15,52,9,107,18,19,28,50,44,41,41,28,33,29,23,50,21,37,47,24,74
2011,4,0960252,1110,519,47,591,53,68,6,68,6,200,18,107,10,143,13,187,17,110,10,227,20,36,34,98,59,72,89,56,75,32,34,102,48,71,98,54,152
2011,4,0960264,2895,1385,48,1510,52,209,7,231,8,426,15,380,13,386,13,461,16,307,11,495,17,105,109,221,203,204,226,144,173,104,122,205,177,182,235,163,322
2011,4,0960288,958,480,50,478,50,55,6,70,7,154,16,104,11,109,11,184,19,101,11,181,19,39,37,90,61,51,91,55,56,16,33,64,43,58,93,46,125
2011,4,0960296,759,358,47,401,53,47,6,80,11,97,13,97,13,98,13,114,15,79,10,147,19,28,44,44,48,57,66,29,42,19,36,53,49,41,48,50,105
2011,4,0961011,1301,568,44,733,56,75,6,87,7,152,12,116,9,140,11,154,12,157,12,420,32,41,47,80,60,72,73,74,121,34,40,72,56,68,81,83,299
2011,4,0961031,584,268,46,316,54,40,7,51,9,97,17,50,9,84,14,82,14,80,14,100,17,19,27,57,26,41,40,33,25,21,24,40,24,43,42,47,75
2011,4,0961076,444,191,43,253,57,28,6,31,7,72,16,49,11,44,10,62,14,67,15,91,20,17,11,30,22,22,29,31,29,11,20,42,27,22,33,36,62
2011,4,0961082,399,209,52,190,48,19,5,33,8,70,18,41,10,53,13,56,14,60,15,67,17,12,21,38,25,25,28,34,26,7,12,32,16,28,28,26,41
2011,4,0961084,732,338,46,394,54,48,7,43,6,134,18,86,12,95,13,126,17,64,9,136,19,20,17,72,45,47,65,29,43,28,26,62,41,48,61,35,93
2011,4,0961615,3162,1419,45,1743,55,200,6,200,6,432,14,338,11,380,12,477,15,355,11,780,25,103,97,227,176,184,216,160,256,97,103,205,162,196,261,195,524
2011,4,0961656,209,100,48,109,52,16,8,18,9,34,16,25,12,15,7,32,15,28,13,41,20,5,9,17,17,7,16,14,15,11,9,17,8,8,16,14,26
2011,4,0961658,1317,633,48,684,52,68,5,101,8,158,12,188,14,195,15,203,15,148,11,256,19,37,49,86,90,100,111,67,93,31,52,72,98,95,92,81,163
2011,4,0961668,336,172,51,164,49,24,7,18,5,40,12,41,12,37,11,62,18,39,12,75,22,9,11,24,28,16,35,19,30,15,7,16,13,21,27,20,45
2011,4,0961694,553,269,49,284,51,38,7,66,12,89,16,65,12,59,11,84,15,71,13,81,15,23,33,50,32,29,42,35,25,15,33,39,33,30,42,36,56
2011,4,0964746,859,433,50,426,50,41,5,62,7,113,13,106,12,111,13,148,17,113,13,165,19,27,36,58,63,52,80,57,60,14,26,55,43,59,68,56,105
2011,4,0964762,1424,691,49,733,51,113,8,113,8,222,16,194,14,193,14,206,14,157,11,226,16,57,55,127,90,102,105,72,83,56,58,95,104,91,101,85,143
2011,4,0964784,972,458,47,514,53,69,7,68,7,155,16,115,12,132,14,115,12,123,13,195,20,31,30,77,68,70,56,58,68,38,38,78,47,62,59,65,127
2011,4,0967148,1277,597,47,680,53,83,6,100,8,177,14,123,10,177,14,174,14,158,12,285,22,35,56,87,68,89,86,75,101,48,44,90,55,88,88,83,184
2011,4,0967154,512,248,48,264,52,30,6,32,6,81,16,44,9,79,15,83,16,54,11,109,21,17,17,38,22,44,42,24,44,13,15,43,22,35,41,30,65
2011,4,0967170,855,418,49,437,51,59,7,65,8,117,14,89,10,110,13,134,16,83,10,198,23,36,29,62,49,58,76,43,65,23,36,55,40,52,58,40,133
2011,4,0967178,1461,683,47,778,53,115,8,112,8,202,14,168,11,193,13,238,16,166,11,267,18,61,59,98,81,101,120,74,89,54,53,104,87,92,118,92,178
2011,4,0967190,3767,2182,58,1585,42,222,6,214,6,692,18,725,19,574,15,530,14,370,10,440,12,115,105,449,534,352,280,173,174,107,109,243,191,222,250,197,266
2011,4,0967192,435,217,50,218,50,25,6,52,12,68,16,37,9,50,11,83,19,52,12,68,16,13,29,41,12,26,41,26,29,12,23,27,25,24,42,26,39
2011,4,0967366,697,330,47,367,53,59,8,70,10,107,15,69,10,92,13,103,15,70,10,127,18,35,39,49,34,49,51,34,39,24,31,58,35,43,52,36,88
2011,4,0967372,1290,631,49,659,51,67,5,105,8,238,18,125,10,183,14,208,16,126,10,238,18,37,57,143,69,90,105,55,75,30,48,95,56,93,103,71,163
2011,4,0980213,1076,501,47,575,53,92,9,75,7,175,16,124,12,127,12,151,14,156,14,176,16,46,38,86,68,61,73,73,56,46,37,89,56,66,78,83,120
2011,4,0980233,468,238,51,230,49,39,8,31,7,70,15,57,12,61,13,74,16,55,12,81,17,20,19,36,32,33,43,22,33,19,12,34,25,28,31,33,48
2011,4,0980244,634,318,50,316,50,47,7,48,8,94,15,64,10,75,12,99,16,75,12,132,21,25,29,49,33,35,56,43,48,22,19,45,31,40,43,32,84
2011,4,0980250,348,162,47,186,53,18,5,36,10,50,14,39,11,50,14,46,13,41,12,68,20,7,15,30,18,23,27,23,19,11,21,20,21,27,19,18,49
2011,4,0980256,991,477,48,514,52,72,7,84,8,146,15,132,13,117,12,136,14,128,13,176,18,33,47,81,68,55,70,65,58,39,37,65,64,62,66,63,118
2011,4,0980260,902,445,49,457,51,64,7,76,8,141,16,120,13,84,9,145,16,121,13,151,17,33,41,76,67,44,79,52,53,31,35,65,53,40,66,69,98
2011,4,0980266,1743,883,51,860,49,121,7,154,9,268,15,215,12,236,14,279,16,195,11,275,16,67,82,144,120,120,150,92,108,54,72,124,95,116,129,103,167
2011,4,0980270,2163,1055,49,1108,51,137,6,161,7,301,14,251,12,289,13,291,13,290,13,443,20,69,81,156,136,161,142,139,171,68,80,145,115,128,149,151,272
2011,4,0980274,520,254,49,266,51,33,6,47,9,89,17,53,10,72,14,83,16,58,11,85,16,16,22,45,32,39,37,32,31,17,25,44,21,33,46,26,54
2011,4,0980278,598,297,50,301,50,45,8,54,9,85,14,70,12,79,13,92,15,69,12,104,17,20,20,50,35,43,51,39,39,25,34,35,35,36,41,30,65
2011,4,0980284,1683,818,49,865,51,117,7,120,7,265,16,193,11,217,13,278,17,214,13,279,17,56,69,130,103,110,135,107,108,61,51,135,90,107,143,107,171
2011,4,0980290,502,254,51,248,49,31,6,37,7,68,14,69,14,47,9,93,19,73,15,84,17,14,20,34,39,29,45,42,31,17,17,34,30,18,48,31,53
2011,4,0980294,511,269,53,242,47,39,8,54,11,81,16,68,13,75,15,65,13,45,9,84,16,20,29,51,38,43,37,19,32,19,25,30,30,32,28,26,52
2011,5,0010001,217,100,46,117,54,20,9,15,7,27,12,27,12,34,16,35,16,23,11,36,17,9,7,13,14,16,19,8,14,11,8,14,13,18,16,15,22
2011,5,0010002,25094,10698,43,14396,57,1691,7,1385,6,2854,11,3704,15,3261,13,3558,14,2703,11,5938,24,889,669,1421,1733,1535,1587,1041,1823,802,716,1433,1971,1726,1971,1662,4115
2011,5,0010003,4201,1999,48,2202,52,397,9,330,8,509,12,617,15,648,15,575,14,485,12,640,15,207,186,279,296,318,260,223,230,190,144,230,321,330,315,262,410
2011,5,0010004,976,435,45,541,55,77,8,65,7,129,13,129,13,138,14,146,15,116,12,176,18,33,32,66,60,67,67,57,53,44,33,63,69,71,79,59,123
2011,5,0010005,33614,14867,44,18747,56,2467,7,1926,6,4378,13,5481,16,4231,13,5883,18,4188,12,5060,15,1259,969,2177,2704,1919,2587,1710,1542,1208,957,2201,2777,2312,3296,2478,3518
2011,5,0010006,9015,4060,45,4955,55,544,6,591,7,1172,13,1269,14,1241,14,1527,17,1171,13,1500,17,292,310,603,633,598,700,447,477,252,281,569,636,643,827,724,1023
2011,5,0010007,2497,1365,55,1132,45,183,7,134,5,402,16,462,19,372,15,413,17,253,10,278,11,95,64,244,292,228,222,136,84,88,70,158,170,144,191,117,194
2011,5,0010008,83,35,42,48,58,6,7,3,4,23,28,10,12,9,11,13,16,15,18,4,5,3,2,5,7,5,5,8,0,3,1,18,3,4,8,7,4
2011,5,0010009,2475,1112,45,1363,55,186,8,186,8,328,13,346,14,330,13,374,15,290,12,435,18,90,96,165,175,146,167,143,130,96,90,163,171,184,207,147,305
2011,5,0010010,46644,20269,43,26375,57,3216,7,2877,6,4998,11,6499,14,7095,15,5577,12,6137,13,10245,22,1672,1500,2447,3122,3345,2517,2341,3325,1544,1377,2551,3377,3750,3060,3796,6920
2011,5,0010011,1348,630,47,718,53,95,7,91,7,168,12,207,15,179,13,171,13,187,14,250,19,51,54,86,106,88,71,88,86,44,37,82,101,91,100,99,164
2011,5,0010012,12995,5740,44,7255,56,862,7,836,6,1552,12,1941,15,1708,13,2003,15,1872,14,2221,17,422,434,788,995,816,884,736,665,440,402,764,946,892,1119,1136,1556
2011,5,0010013,15268,6705,44,8563,56,1179,8,950,6,1556,10,2330,15,2167,14,1757,12,2176,14,3153,21,621,485,782,1115,1049,778,880,995,558,465,774,1215,1118,979,1296,2158
2011,5,0010014,17922,7877,44,10045,56,1179,7,1007,6,2005,11,2697,15,2456,14,2765,15,2277,13,3536,20,617,528,1023,1303,1186,1236,908,1076,562,479,982,1394,1270,1529,1369,2460
2011,5,0010015,27182,12338,45,14844,55,1788,7,1555,6,3255,12,4164,15,3872,14,4142,15,3777,14,4629,17,930,812,1590,2073,1957,1941,1576,1459,858,743,1665,2091,1915,2201,2201,3170
2011,5,0010016,247,119,48,128,52,18,7,14,6,28,11,33,13,28,11,42,17,32,13,52,21,10,10,18,15,14,19,14,19,8,4,10,18,14,23,18,33
2011,5,0010017,1058,575,54,483,46,66,6,47,4,104,10,156,15,154,15,202,19,158,15,171,16,34,20,49,94,87,128,107,56,32,27,55,62,67,74,51,115
2011,5,0010018,22667,10218,45,12449,55,1403,6,1285,6,2564,11,3380,15,3024,13,3493,15,3391,15,4127,18,709,649,1310,1732,1477,1584,1422,1335,694,636,1254,1648,1547,1909,1969,2792
2011,5,0010019,293,143,49,150,51,12,4,21,7,40,14,30,10,44,15,57,19,43,15,46,16,7,12,22,15,21,33,19,14,5,9,18,15,23,24,24,32
2011,5,0010020,399,200,50,199,50,29,7,28,7,38,10,66,17,54,14,57,14,58,15,69,17,15,19,19,35,30,30,33,19,14,9,19,31,24,27,25,50
2011,5,0010021,2898,1335,46,1563,54,188,6,186,6,322,11,348,12,353,12,394,14,353,12,754,26,105,102,164,174,168,201,170,251,83,84,158,174,185,193,183,503
2011,5,0010022,7794,3474,45,4320,55,561,7,449,6,1020,13,1319,17,1034,13,1192,15,985,13,1234,16,294,230,513,657,490,527,400,363,267,219,507,662,544,665,585,871
2011,5,0010023,50342,21326,42,29016,58,3102,6,2911,6,5857,12,6822,14,6840,14,7311,15,5521,11,11978,24,1559,1482,2867,3265,3144,3278,2134,3597,1543,1429,2990,3557,3696,4033,3387,8381
2011,5,0010024,598,279,47,319,53,51,9,47,8,70,12,89,15,82,14,87,15,69,12,103,17,28,24,35,40,39,45,31,37,23,23,35,49,43,42,38,66
2011,5,0010025,59272,25509,43,33763,57,4115,7,3521,6,6876,12,9080,15,8257,14,7853,13,7801,13,11769,20,2092,1850,3396,4369,3780,3323,2988,3711,2023,1671,3480,4711,4477,4530,4813,8058
2011,5,0010026,28881,12395,43,16486,57,1989,7,1626,6,3437,12,4335,15,3819,13,3856,13,3318,11,6501,23,1015,817,1603,2044,1778,1759,1316,2063,974,809,1834,2291,2041,2097,2002,4438
2011,5,0010027,26837,11616,43,15221,57,2094,8,1620,6,3432,13,4323,16,3523,13,3844,14,3208,12,4793,18,1065,839,1629,2069,1644,1682,1304,1384,1029,781,1803,2254,1879,2162,1904,3409
2011,5,0010028,20969,10345,49,10624,51,1415,7,1083,5,2607,12,3821,18,2928,14,3119,15,2663,13,3333,16,728,549,1482,2296,1618,1468,1121,1083,687,534,1125,1525,1310,1651,1542,2250
2011,5,0010029,203,107,53,96,47,23,11,19,9,21,10,38,19,24,12,27,13,15,7,36,18,16,12,12,19,13,14,5,16,7,7,9,19,11,13,10,20
2011,5,0010030,2324,1126,48,1198,52,214,9,200,9,243,10,323,14,368,16,312,13,296,13,368,16,108,95,122,153,188,157,148,155,106,105,121,170,180,155,148,213
2011,5,0010031,7966,3590,45,4376,55,669,8,623,8,1111,14,1033,13,1232,15,1187,15,806,10,1305,16,336,327,549,499,540,572,338,429,333,296,562,534,692,615,468,876
2011,5,0010032,5602,2371,42,3231,58,624,11,521,9,751,13,1088,19,724,13,576,10,482,9,836,15,318,257,363,503,321,237,168,204,306,264,388,585,403,339,314,632
2011,5,0010033,479,225,47,254,53,30,6,37,8,65,14,52,11,87,18,75,16,47,10,86,18,19,20,32,26,42,33,20,33,11,17,33,26,45,42,27,53
2011,5,0010034,30730,13634,44,17096,56,2288,7,1971,6,4129,13,5720,19,4277,14,3957,13,3629,12,4759,15,1174,1002,1929,2742,2009,1746,1494,1538,1114,969,2200,2978,2268,2211,2135,3221
2011,5,0010035,84,40,48,44,52,7,8,5,6,13,15,9,11,16,19,10,12,9,11,15,18,6,4,6,4,6,4,4,6,1,1,7,5,10,6,5,9
2011,5,0010036,5276,2452,46,2824,54,422,8,400,8,692,13,869,16,794,15,738,14,596,11,765,14,219,209,350,432,392,335,266,249,203,191,342,437,402,403,330,516
2011,5,0010037,3925,1751,45,2174,55,275,7,213,5,494,13,576,15,498,13,644,16,462,12,763,19,132,114,253,290,231,291,207,233,143,99,241,286,267,353,255,530
2011,5,0010038,6945,3169,46,3776,54,547,8,420,6,977,14,1140,16,1033,15,1041,15,813,12,974,14,276,223,530,561,504,458,320,297,271,197,447,579,529,583,493,677
2011,5,0010039,1265,575,45,690,55,88,7,94,7,165,13,167,13,170,13,205,16,133,11,243,19,44,47,89,80,74,102,64,75,44,47,76,87,96,103,69,168
2011,5,0010040,44746,19666,44,25080,56,3169,7,2481,6,5205,12,7982,18,5120,11,7306,16,7354,16,6129,14,1646,1276,2575,3887,2443,2995,3015,1829,1523,1205,2630,4095,2677,4311,4339,4300
2011,5,0010041,18648,8471,45,10177,55,1300,7,1141,6,2181,12,3267,18,2174,12,3126,17,2899,16,2560,14,689,583,1081,1635,1033,1318,1237,895,611,558,1100,1632,1141,1808,1662,1665
2011,5,0010042,5180,2304,44,2876,56,372,7,306,6,614,12,882,17,733,14,734,14,637,12,902,17,207,172,291,424,340,339,270,261,165,134,323,458,393,395,367,641
2011,5,0010043,12094,4939,41,7155,59,732,6,660,5,1452,12,1785,15,1733,14,1660,14,1379,11,2693,22,367,345,653,753,790,710,522,799,365,315,799,1032,943,950,857,1894
2011,5,0010044,24005,10353,43,13652,57,1582,7,1341,6,2866,12,3354,14,3275,14,3493,15,2852,12,5242,22,804,696,1403,1617,1517,1559,1117,1640,778,645,1463,1737,1758,1934,1735,3602
2011,5,0010045,1382,658,48,724,52,120,9,80,6,153,11,168,12,195,14,220,16,182,13,264,19,67,39,80,82,113,105,82,90,53,41,73,86,82,115,100,174
2011,5,0010046,2354,1066,45,1288,55,171,7,188,8,292,12,383,16,324,14,363,15,289,12,344,15,90,105,132,183,159,164,115,118,81,83,160,200,165,199,174,226
2011,5,0010047,798,371,46,427,54,83,10,53,7,84,11,182,23,117,15,96,12,83,10,100,13,36,27,39,92,59,43,39,36,47,26,45,90,58,53,44,64
2011,5,0010048,1631,708,43,923,57,112,7,89,5,175,11,225,14,209,13,275,17,238,15,308,19,52,42,95,109,111,108,110,81,60,47,80,116,98,167,128,227
2011,5,0010049,778,367,47,411,53,58,7,51,7,197,25,106,14,113,15,113,15,58,7,82,11,32,24,99,56,51,57,25,23,26,27,98,50,62,56,33,59
2011,5,0010050,18565,8172,44,10393,56,1328,7,1147,6,2514,14,3390,18,2658,14,2486,13,2287,12,2755,15,668,564,1188,1632,1292,1089,917,822,660,583,1326,1758,1366,1397,1370,1933
2011,5,0010051,13217,5844,44,7373,56,906,7,723,5,1658,13,2496,19,1863,14,1618,12,1506,11,2447,19,435,368,793,1271,911,710,591,765,471,355,865,1225,952,908,915,1682
2011,5,0010052,141,70,50,71,50,9,6,12,9,15,11,23,16,21,15,20,14,14,10,27,19,4,8,7,13,11,10,6,11,5,4,8,10,10,10,8,16
2011,5,0010053,12818,5432,42,7386,58,919,7,751,6,1617,13,2148,17,1787,14,1731,14,1564,12,2301,18,469,381,748,1019,825,730,564,696,450,370,869,1129,962,1001,1000,1605
2011,5,0010054,5172,2223,43,2949,57,354,7,315,6,640,12,837,16,678,13,814,16,563,11,971,19,165,163,301,440,304,352,223,275,189,152,339,397,374,462,340,696
2011,5,0010055,442,216,49,226,51,37,8,47,11,49,11,47,11,85,19,54,12,45,10,78,18,22,28,26,19,42,31,22,26,15,19,23,28,43,23,23,52
2011,5,0010056,6919,2953,43,3966,57,533,8,444,6,805,12,890,13,1009,15,885,13,773,11,1580,23,261,235,406,432,449,376,291,503,272,209,399,458,560,509,482,1077
2011,5,0010057,1913,932,49,981,51,103,5,120,6,220,12,371,19,336,18,294,15,218,11,251,13,58,61,92,201,183,154,99,84,45,59,128,170,153,140,119,167
2011,5,0010058,1247,565,45,682,55,124,10,97,8,160,13,235,19,176,14,158,13,124,10,173,14,64,37,76,106,96,70,57,59,60,60,84,129,80,88,67,114
2011,6,100100005,173,81,47,92,53,3,2,15,9,33,19,20,12,22,13,24,14,23,13,33,19,1,7,22,11,12,11,10,7,2,8,11,9,10,13,13,26
2011,6,100100087,50,24,48,26,52,1,2,2,4,13,26,3,6,6,12,14,28,1,2,10,20,1,1,8,1,3,6,1,3,0,1,5,2,3,8,0,7
2011,6,100100101,84,41,49,43,51,3,4,8,10,13,15,4,5,19,23,8,10,12,14,17,20,1,6,7,3,8,6,5,5,2,2,6,1,11,2,7,12
2011,6,100100150,29,14,48,15,52,4,14,2,7,4,14,3,10,4,14,3,10,4,14,5,17,2,0,1,1,3,2,2,3,2,2,3,2,1,1,2,2
2011,6,100100247,420,189,45,231,55,29,7,37,9,77,18,47,11,57,14,73,17,45,11,55,13,14,19,39,27,19,37,20,14,15,18,38,20,38,36,25,41
2011,6,100100327,535,250,47,285,53,47,9,56,10,108,20,56,10,72,13,95,18,53,10,48,9,23,28,63,25,36,43,19,13,24,28,45,31,36,52,34,35
2011,6,100100384,655,318,49,337,51,45,7,53,8,107,16,78,12,81,12,112,17,68,10,111,17,19,29,59,45,41,54,33,38,26,24,48,33,40,58,35,73
2011,6,100100392,47,23,49,24,51,0,0,2,4,10,21,6,13,8,17,3,6,6,13,12,26,0,0,6,5,4,2,3,3,0,2,4,1,4,1,3,9
2011,6,100100431,332,155,47,177,53,35,11,46,14,58,17,52,16,43,13,39,12,32,10,27,8,21,26,27,22,17,24,11,7,14,20,31,30,26,15,21,20
2011,6,100100497,91,45,49,46,51,5,5,10,11,17,19,10,11,15,16,10,11,11,12,13,14,4,3,8,5,8,6,6,5,1,7,9,5,7,4,5,8
2011,6,100100593,194,93,48,101,52,14,7,22,11,34,18,28,14,23,12,28,14,21,11,24,12,6,7,18,16,13,14,12,7,8,15,16,12,10,14,9,17
2011,6,100100712,2710,1257,46,1453,54,163,6,217,8,413,15,320,12,364,13,398,15,293,11,542,20,83,121,215,159,181,192,134,172,80,96,198,161,183,206,159,370
2011,6,100100761,168,74,44,94,56,7,4,13,8,31,18,19,11,25,15,28,17,14,8,31,18,2,6,15,11,13,12,6,9,5,7,16,8,12,16,8,22
2011,6,100100874,292,151,52,141,48,22,8,27,9,54,18,31,11,43,15,39,13,34,12,42,14,11,13,30,18,25,19,17,18,11,14,24,13,18,20,17,24
2011,6,100101015,356,173,49,183,51,15,4,30,8,49,14,36,10,47,13,52,15,41,12,86,24,8,18,29,17,28,27,25,21,7,12,20,19,19,25,16,65
2011,6,100101056,1213,576,47,637,53,74,6,102,8,173,14,148,12,150,12,185,15,130,11,251,21,36,57,95,76,77,87,63,85,38,45,78,72,73,98,67,166
2011,6,100101103,196,98,50,98,50,6,3,13,7,29,15,21,11,29,15,31,16,35,18,32,16,3,7,14,16,18,13,18,9,3,6,15,5,11,18,17,23
2011,6,100101144,24,10,42,14,58,1,4,1,4,7,29,1,4,4,17,3,13,1,4,6,25,0,1,3,0,2,2,1,1,1,0,4,1,2,1,0,5
2011,6,100101177,408,186,46,222,54,23,6,45,11,72,18,61,15,62,15,68,17,31,8,46,11,14,22,33,27,36,33,11,10,9,23,39,34,26,35,20,36
2011,6,100101185,38,17,45,21,55,3,8,4,11,5,13,6,16,5,13,5,13,3,8,7,18,2,2,4,2,1,4,1,1,1,2,1,4,4,1,2,6
2011,6,100101208,29,14,48,15,52,2,7,5,17,2,7,6,21,3,10,2,7,3,10,6,21,0,3,1,3,2,1,2,2,2,2,1,3,1,1,1,4
2011,6,100101232,12,6,50,6,50,0,0,2,17,2,17,1,8,3,25,1,8,0,0,3,25,0,0,1,1,2,0,0,2,0,2,1,0,1,1,0,1
2011,6,100101304,62,34,55,28,45,2,3,2,3,5,8,13,21,5,8,13,21,11,18,11,18,2,0,4,8,3,8,4,5,0,2,1,5,2,5,7,6
2011,6,100101353,268,125,47,143,53,18,7,17,6,40,15,30,11,44,16,42,16,44,16,33,12,10,8,17,16,21,23,18,12,8,9,23,14,23,19,26,21
2011,6,100101378,87,35,40,52,60,0,0,0,0,0,0,0,0,2,2,5,6,8,9,72,83,0,0,0,0,2,4,5,24,0,0,0,0,0,1,3,48
2011,6,100101394,388,166,43,222,57,26,7,26,7,65,17,53,14,36,9,66,17,39,10,77,20,11,8,33,28,17,28,16,25,15,18,32,25,19,38,23,52
2011,6,100101417,2525,1156,46,1369,54,169,7,173,7,368,15,289,11,344,14,344,14,289,11,549,22,86,88,169,148,176,163,129,197,83,85,199,141,168,181,160,352
2011,6,100101433,57,31,54,26,46,4,7,9,16,4,7,10,18,7,12,6,11,9,16,8,14,1,5,2,8,5,2,4,4,3,4,2,2,2,4,5,4
2011,6,100101441,40,22,55,18,45,3,8,3,8,8,20,5,13,3,8,6,15,6,15,6,15,2,2,4,4,1,3,3,3,1,1,4,1,2,3,3,3
2011,6,100101490,124,57,46,67,54,4,3,9,7,25,20,15,12,19,15,19,15,16,13,17,14,3,3,19,6,9,8,6,3,1,6,6,9,10,11,10,14
2011,6,100101546,163,81,50,82,50,11,7,14,9,30,18,11,7,35,21,20,12,16,10,26,16,7,7,16,9,17,12,7,6,4,7,14,2,18,8,9,20
2011,6,100101626,388,181,47,207,53,35,9,34,9,58,15,58,15,54,14,63,16,24,6,62,16,19,17,28,33,30,28,9,17,16,17,30,25,24,35,15,45
2011,6,100101634,127,66,52,61,48,6,5,4,3,10,8,20,16,9,7,17,13,21,17,40,31,4,3,4,13,7,10,10,15,2,1,6,7,2,7,11,25
2011,6,100101722,208,99,48,109,52,11,5,23,11,31,15,24,12,24,12,31,15,33,16,31,15,7,12,15,14,9,16,14,12,4,11,16,10,15,15,19,19
2011,6,100101755,69,29,42,40,58,4,6,2,3,5,7,7,10,7,10,13,19,6,9,25,36,2,1,4,6,3,7,2,4,2,1,1,1,4,6,4,21
2011,6,100101843,161,76,47,85,53,5,3,12,7,36,22,15,9,25,16,26,16,18,11,24,15,3,5,19,8,11,13,7,10,2,7,17,7,14,13,11,14
2011,6,100101884,121,57,47,64,53,9,7,7,6,15,12,14,12,12,10,18,15,23,19,23,19,5,5,10,6,5,8,12,6,4,2,5,8,7,10,11,17
2011,6,100102113,73,35,48,38,52,1,1,5,7,7,10,8,11,5,7,16,22,15,21,16,22,0,4,5,5,3,7,5,6,1,1,2,3,2,9,10,10
2011,6,100102154,14,9,64,5,36,0,0,0,0,1,7,1,7,2,14,4,29,3,21,3,21,0,0,1,1,2,3,1,1,0,0,0,0,0,1,2,2
2011,6,100102187,194,103,53,91,47,14,7,17,9,34,18,19,10,39,20,30,15,16,8,25,13,10,9,25,10,18,16,8,7,4,8,9,9,21,14,8,18
2011,6,100102201,314,142,45,172,55,23,7,40,13,48,15,41,13,48,15,36,11,29,9,49,16,11,16,31,17,24,22,9,12,12,24,17,24,24,14,20,37
2011,6,100102322,135,59,44,76,56,11,8,6,4,26,19,15,11,14,10,30,22,11,8,22,16,5,2,13,8,7,14,6,4,6,4,13,7,7,16,5,18
2011,6,100102347,555,245,44,310,56,46,8,60,11,97,17,55,10,65,12,86,15,62,11,84,15,25,29,47,29,29,41,26,19,21,31,50,26,36,45,36,65
2011,6,100102484,145,64,44,81,56,10,7,26,18,17,12,15,10,24,17,20,14,9,6,24,17,2,12,8,8,11,12,4,7,8,14,9,7,13,8,5,17
2011,6,100102548,280,114,41,166,59,14,5,22,8,48,17,26,9,33,12,51,18,25,9,61,22,6,9,23,14,13,23,10,16,8,13,25,12,20,28,15,45
2011,6,100102757,230,114,50,116,50,20,9,22,10,50,22,26,11,38,17,34,15,11,5,29,13,11,15,23,16,18,16,8,7,9,7,27,10,20,18,3,22
2011,6,100102781,66,33,50,33,50,6,9,0,0,17,26,5,8,7,11,12,18,13,20,6,9,2,0,11,3,3,8,5,1,4,0,6,2,4,4,8,5
2011,6,100103260,467,222,48,245,52,32,7,50,11,67,14,44,9,66,14,61,13,49,10,98,21,18,29,35,26,29,30,23,32,14,21,32,18,37,31,26,66
2011,6,100103308,144,69,48,75,52,14,10,17,12,18,13,18,13,25,17,17,12,10,7,25,17,9,7,8,11,14,7,3,10,5,10,10,7,11,10,7,15
2011,6,100103478,76,37,49,39,51,2,3,7,9,11,14,4,5,8,11,10,13,15,20,19,25,1,4,6,2,4,6,8,6,1,3,5,2,4,4,7,13
2011,6,100103494,223,98,44,125,56,21,9,21,9,48,22,20,9,40,18,29,13,15,7,29,13,7,11,21,11,16,18,6,8,14,10,27,9,24,11,9,21
2011,6,100103582,94,48,51,46,49,4,4,3,3,17,18,16,17,13,14,14,15,12,13,15,16,3,1,9,11,6,9,5,4,1,2,8,5,7,5,7,11
2011,6,100103902,90,43,48,47,52,6,7,6,7,10,11,12,13,7,8,14,16,17,19,18,20,3,3,6,6,2,8,9,6,3,3,4,6,5,6,8,12
2011,6,100104053,396,187,47,209,53,17,4,24,6,48,12,38,10,48,12,56,14,50,13,115,29,12,9,33,21,26,29,23,34,5,15,15,17,22,27,27,81
2011,6,100104086,101,53,52,48,48,3,3,5,5,29,29,9,9,14,14,20,20,12,12,9,9,0,5,15,6,6,8,8,5,3,0,14,3,8,12,4,4
2011,6,100104166,105,54,51,51,49,5,5,12,11,14,13,9,9,22,21,9,9,12,11,22,21,2,8,6,6,12,6,6,8,3,4,8,3,10,3,6,14
2011,6,100104254,192,96,50,96,50,14,7,21,11,32,17,26,14,21,11,30,16,29,15,19,10,7,12,18,16,9,16,13,5,7,9,14,10,12,14,16,14
2011,6,100104334,62,28,45,34,55,1,2,11,18,11,18,7,11,10,16,10,16,9,15,3,5,1,3,6,3,4,4,5,2,0,8,5,4,6,6,4,1
2011,6,100104375,213,112,53,101,47,14,7,23,11,46,22,26,12,25,12,42,20,20,9,17,8,8,15,25,14,14,23,10,3,6,8,21,12,11,19,10,14
2011,6,100104631,490,221,45,269,55,16,3,37,8,80,16,40,8,63,13,88,18,72,15,94,19,9,16,47,22,32,40,34,21,7,21,33,18,31,48,38,73
2011,6,100105184,121,52,43,69,57,5,4,9,7,22,18,13,11,17,14,23,19,9,7,23,19,4,4,10,5,7,12,4,6,1,5,12,8,10,11,5,17
2011,6,100105416,59,34,58,25,42,0,0,3,5,8,14,4,7,9,15,8,14,18,31,9,15,0,2,6,3,4,1,13,5,0,1,2,1,5,7,5,4
2011,6,100105498,193,88,46,105,54,8,4,21,11,25,13,28,15,26,13,38,20,25,13,22,11,5,10,10,15,13,16,14,5,3,11,15,13,13,22,11,17
2011,6,100105666,47,27,57,20,43,1,2,5,11,9,19,2,4,10,21,6,13,8,17,6,13,1,3,7,2,4,4,4,2,0,2,2,0,6,2,4,4
2011,6,100105842,192,91,47,101,53,10,5,13,7,31,16,13,7,34,18,40,21,18,9,33,17,5,8,18,7,15,19,9,10,5,5,13,6,19,21,9,23
2011,6,100106401,87,37,43,50,57,2,2,10,11,18,21,6,7,9,10,15,17,16,18,11,13,2,5,8,3,2,6,7,4,0,5,10,3,7,9,9,7
2011,6,100106506,111,48,43,63,57,10,9,7,6,17,15,16,14,13,12,17,15,12,11,19,17,7,4,7,9,6,6,6,3,3,3,10,7,7,11,6,16
2011,6,100106916,395,188,48,207,52,20,5,26,7,54,14,30,8,54,14,54,14,72,18,85,22,12,14,30,15,34,25,32,26,8,12,24,15,20,29,40,59
2011,6,100106932,122,55,45,67,55,11,9,9,7,22,18,16,13,10,8,29,24,13,11,12,10,5,5,11,7,4,13,7,3,6,4,11,9,6,16,6,9
2011,6,100107243,171,91,53,80,47,10,6,19,11,27,16,25,15,26,15,20,12,23,13,21,12,6,12,17,18,13,10,11,4,4,7,10,7,13,10,12,17
2011,6,100107661,129,59,46,70,54,18,14,13,10,20,16,15,12,19,15,23,18,11,9,10,8,6,10,7,8,8,11,6,3,12,3,13,7,11,12,5,7
2011,6,100107733,232,103,44,129,56,18,8,32,14,32,14,29,13,33,14,30,13,16,7,42,18,7,21,18,17,13,11,6,10,11,11,14,12,20,19,10,32
2011,6,100108261,532,248,47,284,53,38,7,51,10,86,16,67,13,73,14,79,15,67,13,71,13,20,29,35,35,39,37,28,25,18,22,51,32,34,42,39,46
2011,6,100109230,155,66,43,89,57,11,7,14,9,20,13,15,10,21,14,18,12,19,12,37,24,4,8,11,8,9,9,10,7,7,6,9,7,12,9,9,30
2011,6,100109335,182,96,53,86,47,7,4,16,9,26,14,20,11,30,16,31,17,20,11,32,18,4,9,14,13,17,17,8,14,3,7,12,7,13,14,12,18
2011,6,100109351,110,50,45,60,55,11,10,8,7,19,17,16,15,14,13,15,14,11,10,16,15,7,3,8,8,8,7,5,4,4,5,11,8,6,8,6,12
2011,6,100109866,567,250,44,317,56,34,6,41,7,112,20,59,10,69,12,106,19,43,8,103,18,20,21,52,29,34,49,21,24,14,20,60,30,35,57,22,79
2011,6,100110040,99,44,44,55,56,8,8,4,4,26,26,10,10,13,13,18,18,5,5,15,15,3,1,12,7,7,9,2,3,5,3,14,3,6,9,3,12
2011,6,100110282,30,14,47,16,53,2,7,2,7,6,20,4,13,2,7,4,13,6,20,4,13,0,0,2,1,1,3,5,2,2,2,4,3,1,1,1,2
2011,6,100110305,142,64,45,78,55,5,4,12,8,21,15,17,12,15,11,29,20,19,13,24,17,2,7,9,10,8,15,11,2,3,5,12,7,7,14,8,22
2011,6,100110602,205,98,48,107,52,15,7,10,5,47,23,27,13,24,12,35,17,17,8,30,15,8,6,21,16,13,20,3,11,7,4,26,11,11,15,14,19
2011,6,100110836,680,310,46,370,54,37,5,56,8,88,13,83,12,81,12,125,18,74,11,136,20,16,25,47,46,46,56,35,39,21,31,41,37,35,69,39,97
2011,6,100110940,365,175,48,190,52,26,7,24,7,61,17,53,15,35,10,59,16,42,12,65,18,13,14,35,27,15,31,20,20,13,10,26,26,20,28,22,45
2011,6,100111075,29,16,55,13,45,4,14,5,17,5,17,3,10,5,17,5,17,1,3,1,3,2,3,4,1,2,3,0,1,2,2,1,2,3,2,1,0
2011,6,100111155,606,289,48,317,52,51,8,38,6,86,14,84,14,76,13,82,14,66,11,123,20,25,26,50,49,38,31,32,38,26,12,36,35,38,51,34,85
2011,6,100111196,289,138,48,151,52,22,8,16,6,40,14,28,10,32,11,55,19,38,13,58,20,14,11,24,12,19,27,14,17,8,5,16,16,13,28,24,41
2011,6,100111227,159,72,45,87,55,13,8,22,14,28,18,20,13,29,18,21,13,13,8,13,8,6,8,13,12,14,9,5,5,7,14,15,8,15,12,8,8
2011,6,100111251,580,272,47,308,53,46,8,34,6,99,17,89,15,64,11,80,14,73,13,95,16,24,20,46,41,33,45,34,29,22,14,53,48,31,35,39,66
2011,6,100111268,28,14,50,14,50,2,7,3,11,1,4,4,14,1,4,8,29,4,14,5,18,1,2,1,2,1,3,2,2,1,1,0,2,0,5,2,3
2011,6,100111331,459,208,45,251,55,38,8,30,7,85,19,49,11,69,15,60,13,51,11,77,17,13,18,42,25,33,28,27,22,25,12,43,24,36,32,24,55
2011,6,100111372,58,27,47,31,53,4,7,5,9,15,26,5,9,10,17,6,10,7,12,6,10,1,2,7,3,4,4,5,1,3,3,8,2,6,2,2,5
2011,6,100111380,251,126,50,125,50,16,6,24,10,34,14,38,15,29,12,49,20,33,13,28,11,9,14,16,23,18,22,17,7,7,10,18,15,11,27,16,21
2011,6,100111403,1056,501,47,555,53,76,7,90,9,158,15,157,15,101,10,213,20,144,14,117,11,37,52,89,81,46,88,75,33,39,38,69,76,55,125,69,84
2011,6,100111428,19,10,53,9,47,0,0,1,5,5,26,0,0,4,21,4,21,2,11,3,16,0,1,4,0,1,3,1,0,0,0,1,0,3,1,1,3
2011,6,100111436,105,49,47,56,53,3,3,9,9,16,15,13,12,9,9,23,22,10,10,22,21,3,5,11,7,3,12,5,3,0,4,5,6,6,11,5,19
2011,6,100111444,89,45,51,44,49,4,4,11,12,15,17,13,15,12,13,15,17,9,10,10,11,1,6,7,7,5,10,4,5,3,5,8,6,7,5,5,5
2011,6,100111452,182,83,46,99,54,12,7,12,7,26,14,23,13,25,14,29,16,25,14,30,16,4,3,16,13,14,12,9,12,8,9,10,10,11,17,16,18
2011,6,100111460,48,26,54,22,46,4,8,3,6,7,15,10,21,5,10,9,19,1,2,9,19,0,1,5,7,3,5,1,4,4,2,2,3,2,4,0,5
2011,6,100111477,24,11,46,13,54,1,4,1,4,7,29,4,17,2,8,8,33,0,0,1,4,0,1,3,1,2,4,0,0,1,0,4,3,0,4,0,1
2011,6,100111485,70,33,47,37,53,4,6,5,7,13,19,7,10,6,9,15,21,9,13,11,16,2,4,6,4,3,7,3,4,2,1,7,3,3,8,6,7
2011,6,100111493,32,13,41,19,59,3,9,5,16,3,9,5,16,1,3,6,19,3,9,6,19,2,1,1,3,0,3,2,1,1,4,2,2,1,3,1,5
2011,6,100111540,195,99,51,96,49,20,10,16,8,21,11,34,17,23,12,31,16,17,9,33,17,10,8,16,15,14,17,8,11,10,8,5,19,9,14,9,22
2011,6,100111565,311,150,48,161,52,26,8,26,8,48,15,36,12,44,14,64,21,19,6,48,15,15,14,30,21,23,29,7,11,11,12,18,15,21,35,12,37
2011,6,100111645,5921,2737,46,3184,54,470,8,498,8,815,14,809,14,869,15,786,13,707,12,967,16,243,237,432,397,440,369,297,322,227,261,383,412,429,417,410,645
2011,6,100111653,61,27,44,34,56,3,5,4,7,17,28,5,8,11,18,10,16,4,7,7,11,0,3,7,2,5,5,2,3,3,1,10,3,6,5,2,4
2011,6,100111661,37,17,46,20,54,2,5,2,5,4,11,7,19,5,14,6,16,3,8,8,22,0,2,2,3,3,3,1,3,2,0,2,4,2,3,2,5
2011,6,100111717,135,61,45,74,55,6,4,13,10,22,16,13,10,13,10,20,15,14,10,34,25,4,7,11,9,4,11,6,9,2,6,11,4,9,9,8,25
2011,6,100111741,934,459,49,475,51,84,9,99,11,147,16,132,14,117,13,150,16,109,12,96,10,46,58,66,67,55,68,60,39,38,41,81,65,62,82,49,57
2011,6,100111758,305,142,47,163,53,13,4,21,7,67,22,31,10,34,11,47,15,28,9,64,21,7,14,35,16,16,22,11,21,6,7,32,15,18,25,17,43
2011,6,100111774,148,70,47,78,53,10,7,14,9,23,16,15,10,26,18,13,9,18,12,29,20,5,8,14,6,16,6,9,6,5,6,9,9,10,7,9,23
2011,6,100111782,1292,602,47,690,53,100,8,82,6,196,15,183,14,176,14,240,19,161,12,154,12,55,33,101,86,88,113,76,50,45,49,95,97,88,127,85,104
2011,6,100111813,158,80,51,78,49,9,6,10,6,24,15,22,14,27,17,17,11,17,11,32,20,4,4,15,14,13,9,10,11,5,6,9,8,14,8,7,21
2011,6,100111821,154,73,47,81,53,15,10,10,6,24,16,19,12,18,12,21,14,22,14,25,16,10,5,10,9,10,11,9,9,5,5,14,10,8,10,13,16
2011,6,100111838,165,78,47,87,53,18,11,20,12,26,16,19,12,25,15,14,8,23,14,20,12,12,10,11,11,11,6,9,8,6,10,15,8,14,8,14,12
2011,6,100111846,97,47,48,50,52,7,7,5,5,8,8,11,11,13,13,23,24,6,6,24,25,3,3,4,4,8,17,1,7,4,2,4,7,5,6,5,17
2011,6,100111862,425,206,48,219,52,18,4,36,8,68,16,48,11,60,14,52,12,52,12,91,21,11,17,39,26,28,30,24,31,7,19,29,22,32,22,28,60
2011,6,100111887,12,5,42,7,58,0,0,0,0,2,17,0,0,2,17,4,33,2,17,2,17,0,0,1,0,0,3,1,0,0,0,1,0,2,1,1,2
2011,6,100111895,101,42,42,59,58,5,5,9,9,14,14,10,10,17,17,11,11,10,10,25,25,3,2,7,6,8,5,5,6,2,7,7,4,9,6,5,19
2011,6,100111901,13,6,46,7,54,0,0,0,0,0,0,1,8,3,23,1,8,1,8,7,54,0,0,0,1,3,1,0,1,0,0,0,0,0,0,1,6
2011,6,100111918,382,176,46,206,54,27,7,23,6,75,20,41,11,54,14,60,16,33,9,69,18,11,9,45,24,22,29,13,23,16,14,30,17,32,31,20,46
2011,6,100111934,32,16,50,16,50,1,3,3,9,2,6,3,9,7,22,4,13,5,16,7,22,1,1,2,2,4,1,3,2,0,2,0,1,3,3,2,5
2011,6,100111942,697,313,45,384,55,28,4,47,7,110,16,80,11,89,13,101,14,95,14,147,21,18,23,61,42,44,41,39,45,10,24,49,38,45,60,56,102
2011,6,100111950,5,,,,,,,,,,,,,,,,,,,,,,,,,,,,,,,,,,,,
2011,6,100111975,50,27,54,23,46,8,16,4,8,7,14,4,8,8,16,10,20,5,10,4,8,4,2,3,2,4,7,2,3,4,2,4,2,4,3,3,1
2011,6,100111983,53,22,42,31,58,5,9,7,13,5,9,8,15,5,9,4,8,4,8,15,28,2,3,3,3,3,2,3,3,3,4,2,5,2,2,1,12
2011,6,100111991,53,27,51,26,49,2,4,3,6,6,11,5,9,8,15,6,11,5,9,18,34,1,3,3,4,3,5,2,6,1,0,3,1,5,1,3,12
2011,6,100112003,664,313,47,351,53,33,5,43,6,131,20,52,8,96,14,93,14,71,11,145,22,15,25,65,27,54,43,34,50,18,18,66,25,42,50,37,95
2011,6,100112036,94,44,47,50,53,3,3,5,5,25,27,4,4,13,14,17,18,5,5,22,23,2,0,19,2,5,9,2,5,1,5,6,2,8,8,3,17
2011,6,100112085,272,132,49,140,51,12,4,22,8,56,21,32,12,32,12,55,20,25,9,38,14,7,12,21,25,17,27,15,8,5,10,35,7,15,28,10,30
2011,6,100112132,514,247,48,267,52,39,8,43,8,69,13,81,16,58,11,81,16,67,13,76,15,20,26,40,43,28,38,31,21,19,17,29,38,30,43,36,55
2011,6,100112165,325,157,48,168,52,15,5,26,8,57,18,39,12,44,14,59,18,37,11,48,15,8,13,33,20,23,26,18,16,7,13,24,19,21,33,19,32
2011,6,100112204,44,26,59,18,41,4,9,8,18,3,7,3,7,11,25,3,7,7,16,5,11,2,6,1,3,6,2,3,3,2,2,2,0,5,1,4,2
2011,6,100112212,103,54,52,49,48,4,4,8,8,12,12,15,15,11,11,18,17,14,14,21,20,3,4,8,7,5,10,6,11,1,4,4,8,6,8,8,10
2011,6,100112237,190,92,48,98,52,5,3,16,8,24,13,24,13,38,20,25,13,29,15,29,15,3,7,15,11,22,13,11,10,2,9,9,13,16,12,18,19
2011,6,100112261,2097,965,46,1132,54,164,8,167,8,291,14,302,14,271,13,294,14,229,11,379,18,78,89,146,167,132,137,88,128,86,78,145,135,139,157,141,251
2011,6,100112286,769,368,48,401,52,79,10,82,11,137,18,90,12,132,17,89,12,79,10,81,11,51,38,74,42,67,38,38,20,28,44,63,48,65,51,41,61
2011,6,100112300,199,94,47,105,53,15,8,14,7,31,16,19,10,29,15,25,13,24,12,42,21,9,6,18,10,15,13,6,17,6,8,13,9,14,12,18,25
2011,6,100112325,149,80,54,69,46,6,4,8,5,28,19,21,14,20,13,22,15,15,10,29,19,5,4,20,12,10,11,7,11,1,4,8,9,10,11,8,18
2011,6,100112333,45,23,51,22,49,7,16,6,13,2,4,5,11,8,18,0,0,8,18,9,20,4,6,0,2,5,0,2,4,3,0,2,3,3,0,6,5
2011,6,100112341,287,135,47,152,53,21,7,17,6,44,15,36,13,29,10,47,16,40,14,53,18,11,9,21,20,16,22,20,16,10,8,23,16,13,25,20,37
2011,6,100112358,178,87,49,91,51,17,10,13,7,29,16,18,10,26,15,26,15,22,12,27,15,10,7,15,8,13,15,9,10,7,6,14,10,13,11,13,17
2011,6,100112462,255,117,46,138,54,19,7,26,10,41,16,39,15,35,14,28,11,30,12,37,15,12,8,21,19,19,9,16,13,7,18,20,20,16,19,14,24
2011,6,100112534,39,17,44,22,56,1,3,0,0,9,23,0,0,6,15,10,26,1,3,12,31,0,0,4,0,4,6,0,3,1,0,5,0,2,4,1,9
2011,6,100112591,613,296,48,317,52,55,9,49,8,98,16,78,13,99,16,73,12,73,12,88,14,24,31,46,29,56,34,33,43,31,18,52,49,43,39,40,45
2011,6,100112671,134,65,49,69,51,7,5,14,10,21,16,13,10,24,18,18,13,24,18,13,10,3,6,9,9,12,8,13,5,4,8,12,4,12,10,11,8
2011,6,100112688,158,69,44,89,56,14,9,15,9,17,11,19,12,16,10,27,17,28,18,22,14,4,6,9,10,8,13,14,5,10,9,8,9,8,14,14,17
2011,6,100112702,66,32,48,34,52,2,3,7,11,9,14,9,14,14,21,12,18,2,3,11,17,1,2,5,7,8,5,0,4,1,5,4,2,6,7,2,7
2011,6,100112743,469,217,46,252,54,26,6,38,8,75,16,52,11,67,14,70,15,61,13,80,17,14,22,41,25,35,30,27,23,12,16,34,27,32,40,34,57
2011,6,100112751,94,40,43,54,57,4,4,11,12,12,13,6,6,11,12,15,16,10,11,25,27,3,3,9,4,4,6,4,7,1,8,3,2,7,9,6,18
2011,6,100112768,154,74,48,80,52,14,9,14,9,21,14,18,12,22,14,27,18,15,10,23,15,4,8,10,11,10,17,5,9,10,6,11,7,12,10,10,14
2011,6,100112952,253,117,46,136,54,23,9,27,11,41,16,22,9,33,13,36,14,19,8,52,21,12,13,20,12,16,19,9,16,11,14,21,10,17,17,10,36
2011,6,100113101,503,233,46,270,54,32,6,37,7,86,17,63,13,63,13,83,17,45,9,94,19,17,19,43,36,32,36,19,31,15,18,43,27,31,47,26,63
2011,6,100113376,226,101,45,125,55,17,8,14,6,51,23,19,8,46,20,32,14,18,8,29,13,8,6,27,9,23,13,7,8,9,8,24,10,23,19,11,21
2011,6,100113497,54,21,39,33,61,2,4,2,4,10,19,5,9,5,9,5,9,10,19,15,28,1,1,2,2,4,2,4,5,1,1,8,3,1,3,6,10
2011,6,100113585,997,447,45,550,55,62,6,83,8,178,18,101,10,133,13,131,13,122,12,187,19,27,33,98,54,61,66,55,53,35,50,80,47,72,65,67,134
2011,6,100113987,87,39,45,48,55,5,6,12,14,11,13,12,14,14,16,14,16,8,9,11,13,0,9,4,9,6,8,2,1,5,3,7,3,8,6,6,10
2011,6,100114232,96,51,53,45,47,7,7,12,13,17,18,11,11,13,14,15,16,10,10,11,11,5,5,10,6,6,9,6,4,2,7,7,5,7,6,4,7
2011,6,100114240,2281,1028,45,1253,55,143,6,204,9,325,14,247,11,368,16,348,15,231,10,415,18,81,101,163,118,178,170,95,122,62,103,162,129,190,178,136,293
2011,6,100114361,117,50,43,67,57,5,4,3,3,8,7,13,11,15,13,24,21,21,18,28,24,2,2,5,7,8,9,8,9,3,1,3,6,7,15,13,19
2011,6,100114394,52,29,56,23,44,2,4,4,8,4,8,8,15,9,17,9,17,5,10,11,21,1,3,3,5,6,6,2,3,1,1,1,3,3,3,3,8
2011,6,100114433,69,30,43,39,57,6,9,6,9,17,25,6,9,14,20,6,9,7,10,7,10,2,1,9,1,7,4,4,2,4,5,8,5,7,2,3,5
2011,6,100114466,1607,729,45,878,55,128,8,118,7,259,16,240,15,175,11,249,15,180,11,258,16,63,57,125,129,84,108,83,80,65,61,134,111,91,141,97,178
2011,6,100114554,169,79,47,90,53,8,5,11,7,37,22,21,12,20,12,21,12,28,17,23,14,4,4,16,15,12,11,12,5,4,7,21,6,8,10,16,18
2011,6,100114675,176,78,44,98,56,21,12,13,7,36,20,23,13,15,9,30,17,14,8,24,14,8,7,19,10,7,16,5,6,13,6,17,13,8,14,9,18
2011,6,100114763,427,187,44,240,56,25,6,34,8,93,22,47,11,48,11,65,15,45,11,70,16,9,18,41,27,21,29,22,20,16,16,52,20,27,36,23,50
2011,6,100114884,2242,1063,47,1179,53,163,7,183,8,313,14,284,13,327,15,351,16,232,10,389,17,83,100,168,151,151,164,103,143,80,83,145,133,176,187,129,246
2011,6,100114948,550,239,43,311,57,33,6,41,7,100,18,67,12,73,13,91,17,66,12,79,14,17,21,46,37,28,37,28,25,16,20,54,30,45,54,38,54
2011,6,100115017,198,90,45,108,55,13,7,12,6,26,13,24,12,34,17,20,10,28,14,41,21,3,4,15,14,20,8,11,15,10,8,11,10,14,12,17,26
2011,6,100115113,5,,,,,,,,,,,,,,,,,,,,,,,,,,,,,,,,,,,,
2011,6,100115121,71,31,44,40,56,7,10,9,13,15,21,9,13,7,10,10,14,4,6,10,14,2,5,3,7,4,5,1,4,5,4,12,2,3,5,3,6
2011,6,100115162,17,6,35,11,65,0,0,3,18,6,35,0,0,3,18,1,6,3,18,1,6,0,0,3,0,0,1,1,1,0,3,3,0,3,0,2,0
2011,6,100115170,189,77,41,112,59,12,6,11,6,20,11,18,10,29,15,23,12,22,12,54,29,6,3,9,12,14,9,12,12,6,8,11,6,15,14,10,42
2011,6,100115218,42,20,48,22,52,1,2,4,10,9,21,6,14,8,19,3,7,4,10,7,17,0,2,6,2,5,1,1,3,1,2,3,4,3,2,3,4
2011,6,100115242,260,127,49,133,51,20,8,22,8,42,16,34,13,44,17,36,14,26,10,36,14,13,11,24,15,20,20,12,12,7,11,18,19,24,16,14,24
2011,6,100115275,1307,577,44,730,56,82,6,103,8,197,15,150,11,174,13,166,13,178,14,257,20,41,41,80,88,77,86,73,91,41,62,117,62,97,80,105,166
2011,6,100115314,205,101,49,104,51,16,8,16,8,31,15,27,13,29,14,38,19,25,12,23,11,8,9,19,9,14,20,12,10,8,7,12,18,15,18,13,13
2011,6,100115548,303,140,46,163,54,27,9,27,9,44,15,27,9,38,13,47,16,37,12,56,18,17,11,20,14,18,29,12,19,10,16,24,13,20,18,25,37
2011,6,100115556,76,38,50,38,50,9,12,7,9,18,24,8,11,9,12,10,13,7,9,8,11,6,4,7,5,5,4,3,4,3,3,11,3,4,6,4,4
2011,6,100115636,43,23,53,20,47,4,9,4,9,7,16,7,16,5,12,6,14,1,2,9,21,3,3,4,4,2,3,1,3,1,1,3,3,3,3,0,6
2011,6,100115660,106,48,45,58,55,5,5,6,6,16,15,15,14,14,13,14,13,13,12,23,22,2,3,9,9,6,7,7,5,3,3,7,6,8,7,6,18
2011,6,100115677,373,176,47,197,53,26,7,39,10,77,21,52,14,45,12,54,14,35,9,45,12,14,20,48,26,19,25,13,11,12,19,29,26,26,29,22,34
2011,6,100115716,136,62,46,74,54,15,11,8,6,16,12,13,10,17,13,13,10,18,13,36,26,9,5,8,6,9,8,8,9,6,3,8,7,8,5,10,27
2011,6,100115724,492,236,48,256,52,30,6,41,8,84,17,63,13,64,13,79,16,53,11,78,16,17,20,40,38,29,39,27,26,13,21,44,25,35,40,26,52
2011,6,100115740,37,19,51,18,49,3,8,4,11,6,16,6,16,5,14,9,24,4,11,0,0,1,2,4,3,2,4,3,0,2,2,2,3,3,5,1,0
2011,6,100115894,420,206,49,214,51,18,4,33,8,84,20,45,11,46,11,82,20,45,11,67,16,11,21,46,21,22,38,21,26,7,12,38,24,24,44,24,41
2011,6,100115982,133,66,50,67,50,11,8,13,10,27,20,11,8,28,21,18,14,9,7,16,12,5,10,14,7,14,10,5,1,6,3,13,4,14,8,4,15
2011,6,100116084,24,11,46,13,54,2,8,5,21,5,21,2,8,3,13,3,13,2,8,2,8,1,2,3,1,0,1,2,1,1,3,2,1,3,2,0,1
2011,6,100116092,341,170,50,171,50,25,7,32,9,70,21,34,10,41,12,65,19,34,10,40,12,18,20,38,15,21,32,18,8,7,12,32,19,20,33,16,32
2011,6,100116131,22,10,45,12,55,4,18,2,9,3,14,3,14,5,23,1,5,3,14,1,5,3,1,1,1,2,1,1,0,1,1,2,2,3,0,2,1
2011,6,100116203,544,251,46,293,54,28,5,43,8,87,16,55,10,69,13,93,17,61,11,108,20,15,20,48,29,33,46,23,37,13,23,39,26,36,47,38,71
2011,6,100116590,159,74,47,85,53,10,6,16,10,23,14,22,14,14,9,32,20,23,14,19,12,5,9,10,13,5,15,8,9,5,7,13,9,9,17,15,10
2011,6,100116613,24,12,50,12,50,3,13,1,4,3,13,3,13,2,8,6,25,3,13,3,13,2,1,2,0,1,4,1,1,1,0,1,3,1,2,2,2
2011,6,100116695,320,162,51,158,49,16,5,24,8,58,18,35,11,47,15,43,13,34,11,63,20,12,17,33,20,21,21,18,20,4,7,25,15,26,22,16,43
2011,6,100116718,15,7,47,8,53,0,0,0,0,1,7,1,7,1,7,2,13,1,7,9,60,0,0,1,0,0,1,1,4,0,0,0,1,1,1,0,5
2011,6,100116896,199,92,46,107,54,22,11,23,12,30,15,17,9,31,16,23,12,18,9,35,18,9,17,13,8,18,12,7,8,13,6,17,9,13,11,11,27
2011,6,100116984,35,16,46,19,54,1,3,2,6,5,14,5,14,4,11,10,29,2,6,6,17,1,1,2,3,1,5,2,1,0,1,3,2,3,5,0,5
2011,6,100117527,258,115,45,143,55,22,9,22,9,39,15,31,12,32,12,44,17,25,10,43,17,10,9,21,17,12,22,14,10,12,13,18,14,20,22,11,33
2011,6,100117584,405,193,48,212,52,17,4,25,6,57,14,55,14,38,9,73,18,56,14,84,21,10,10,32,33,23,32,22,31,7,15,25,22,15,41,34,53
2011,6,100117631,88,43,49,45,51,4,5,6,7,19,22,8,9,11,13,9,10,10,11,21,24,2,4,11,3,7,4,4,8,2,2,8,5,4,5,6,13
2011,6,100117953,180,86,48,94,52,9,5,10,6,28,16,13,7,29,16,26,14,41,23,24,13,5,6,17,6,12,14,20,6,4,4,11,7,17,12,21,18
2011,6,100118071,37,19,51,18,49,2,5,2,5,3,8,6,16,6,16,5,14,6,16,7,19,1,2,2,5,3,1,5,0,1,0,1,1,3,4,1,7
2011,6,100118110,5,,,,,,,,,,,,,,,,,,,,,,,,,,,,,,,,,,,,
2011,6,100118135,66,29,44,37,56,11,17,6,9,7,11,8,12,14,21,6,9,4,6,10,15,5,3,4,1,8,3,1,4,6,3,3,7,6,3,3,6
2011,6,100118223,294,149,51,145,49,21,7,25,9,56,19,32,11,45,15,55,19,34,12,26,9,10,14,33,20,19,29,16,8,11,11,23,12,26,26,18,18
2011,6,100118633,400,185,46,215,54,23,6,34,9,59,15,61,15,49,12,82,21,51,13,41,10,9,14,32,31,23,39,26,11,14,20,27,30,26,43,25,30
2011,6,100118674,248,114,46,134,54,13,5,15,6,32,13,19,8,24,10,48,19,38,15,59,24,2,10,20,11,12,25,17,17,11,5,12,8,12,23,21,42
2011,6,100118834,25,15,60,10,40,1,4,2,8,3,12,2,8,3,12,10,40,0,0,4,16,0,2,2,1,2,6,0,2,1,0,1,1,1,4,0,2
2011,6,100118883,415,182,44,233,56,32,8,25,6,57,14,40,10,54,13,73,18,51,12,83,20,16,8,26,24,26,38,21,23,16,17,31,16,28,35,30,60
2011,6,100118914,92,41,45,51,55,8,9,14,15,11,12,11,12,12,13,15,16,9,10,12,13,2,6,5,6,5,6,7,4,6,8,6,5,7,9,2,8
2011,6,100118922,15,9,60,6,40,4,27,0,0,2,13,0,0,6,40,1,7,1,7,1,7,2,0,2,0,3,1,0,1,2,0,0,0,3,0,1,0
2011,6,100118955,119,62,52,57,48,13,11,6,5,16,13,15,13,15,13,16,13,18,15,20,17,9,2,10,10,8,8,10,5,4,4,6,5,7,8,8,15
2011,6,100118963,30,14,47,16,53,1,3,2,7,3,10,6,20,6,20,5,17,3,10,4,13,0,0,1,4,3,3,1,2,1,2,2,2,3,2,2,2
2011,6,100119008,994,484,49,510,51,94,9,101,10,169,17,112,11,108,11,142,14,126,13,142,14,53,52,88,55,57,67,59,53,41,49,81,57,51,75,67,89
2011,6,100119032,450,218,48,232,52,30,7,25,6,62,14,44,10,51,11,92,20,69,15,77,17,17,14,37,23,23,49,29,26,13,11,25,21,28,43,40,51
2011,6,100119040,12,8,67,4,33,0,0,2,17,0,0,1,8,1,8,2,17,3,25,3,25,0,1,0,0,1,2,2,2,0,1,0,1,0,0,1,1
2011,6,100119057,15,8,53,7,47,1,7,0,0,0,0,3,20,2,13,5,33,0,0,4,27,1,0,0,0,1,3,0,3,0,0,0,3,1,2,0,1
2011,6,100119098,5,,,,,,,,,,,,,,,,,,,,,,,,,,,,,,,,,,,,
2011,6,100119506,674,338,50,336,50,20,3,35,5,74,11,94,14,90,13,102,15,111,16,148,22,12,22,40,57,47,51,56,53,8,13,34,37,43,51,55,95
2011,6,100119643,96,50,52,46,48,3,3,10,10,8,8,6,6,19,20,10,10,18,19,22,23,3,6,7,2,12,4,8,8,0,4,1,4,7,6,10,14
2011,6,100119651,210,107,51,103,49,15,7,24,11,34,16,28,13,25,12,30,14,27,13,27,13,7,15,19,12,15,15,14,10,8,9,15,16,10,15,13,17
2011,6,100119668,5,,,,,,,,,,,,,,,,,,,,,,,,,,,,,,,,,,,,
2011,6,100119684,426,210,49,216,51,31,7,35,8,56,13,55,13,65,15,74,17,57,13,53,12,13,18,36,30,31,40,26,16,18,17,20,25,34,34,31,37
2011,6,100119707,91,50,55,41,45,1,1,6,7,11,12,11,12,13,14,18,20,12,13,19,21,1,5,8,5,6,10,6,9,0,1,3,6,7,8,6,10
2011,6,100119756,92,47,51,45,49,7,8,4,4,10,11,9,10,12,13,13,14,10,11,27,29,5,1,4,6,6,10,5,10,2,3,6,3,6,3,5,17
2011,6,100119940,276,142,51,134,49,15,5,23,8,53,19,39,14,39,14,41,15,39,14,27,10,9,16,23,28,19,18,21,8,6,7,30,11,20,23,18,19
2011,6,100120260,36,19,53,17,47,3,8,1,3,4,11,6,17,7,19,3,8,4,11,8,22,2,0,2,3,5,2,1,4,1,1,2,3,2,1,3,4
2011,6,100120293,5,,,,,,,,,,,,,,,,,,,,,,,,,,,,,,,,,,,,
2011,6,100120308,51,19,37,32,63,0,0,2,4,7,14,2,4,10,20,4,8,9,18,17,33,0,0,4,0,5,3,2,5,0,2,3,2,5,1,7,12
2011,6,100120324,5,,,,,,,,,,,,,,,,,,,,,,,,,,,,,,,,,,,,
2011,6,100120412,218,106,49,112,51,16,7,11,5,24,11,32,15,26,12,43,20,27,12,39,18,7,5,13,20,14,20,15,12,9,6,11,12,12,23,12,27
2011,6,100120461,5,,,,,,,,,,,,,,,,,,,,,,,,,,,,,,,,,,,,
2011,6,100120517,5,,,,,,,,,,,,,,,,,,,,,,,,,,,,,,,,,,,,
2011,6,100120558,362,176,49,186,51,23,6,30,8,50,14,38,10,51,14,63,17,40,11,67,19,14,19,30,16,26,28,19,24,9,11,20,22,25,35,21,43
2011,6,100120687,5,,,,,,,,,,,,,,,,,,,,,,,,,,,,,,,,,,,,
2011,6,100120695,559,256,46,303,54,19,3,38,7,79,14,69,12,74,13,105,19,61,11,114,20,8,23,39,39,31,51,33,32,11,15,40,30,43,54,28,82
2011,6,100120863,14,7,50,7,50,1,7,1,7,1,7,2,14,0,0,4,29,1,7,4,29,0,0,1,1,0,3,0,2,1,1,0,1,0,1,1,2
2011,6,100120871,13,5,38,8,62,2,15,0,0,0,0,1,8,2,15,2,15,1,8,5,38,0,0,0,1,1,1,1,1,2,0,0,0,1,1,0,4
2011,6,100120888,38,19,50,19,50,2,5,2,5,7,18,1,3,4,11,7,18,8,21,7,18,2,0,5,1,1,4,4,2,0,2,2,0,3,3,4,5
2011,6,100120896,18,8,44,10,56,2,11,1,6,2,11,2,11,2,11,2,11,1,6,6,33,1,1,2,1,1,1,0,1,1,0,0,1,1,1,1,5
2011,6,100120902,23,14,61,9,39,1,4,2,9,2,9,1,4,3,13,7,30,2,9,5,22,1,2,0,1,1,5,1,3,0,0,2,0,2,2,1,2
2011,6,100120910,28,13,46,15,54,0,0,1,4,3,11,1,4,4,14,3,11,6,21,10,36,0,0,2,1,2,1,3,4,0,1,1,0,2,2,3,6
2011,6,100120927,5,,,,,,,,,,,,,,,,,,,,,,,,,,,,,,,,,,,,
2011,6,100120935,29,15,52,14,48,4,14,3,10,4,14,2,7,7,24,5,17,1,3,3,10,1,3,2,2,3,3,0,1,3,0,2,0,4,2,1,2
2011,6,100120943,12,3,25,9,75,0,0,0,0,1,8,2,17,2,17,3,25,0,0,4,33,0,0,0,1,1,1,0,0,0,0,1,1,1,2,0,4
2011,6,100120951,124,58,47,66,53,8,6,4,3,16,13,10,8,26,21,16,13,13,10,31,25,7,1,6,5,14,7,6,12,1,3,10,5,12,9,7,19
2011,6,100120968,414,185,45,229,55,29,7,32,8,62,15,64,15,60,14,63,15,49,12,55,13,12,12,33,32,29,29,17,21,17,20,29,32,31,34,32,34
2011,6,100120992,51,26,51,25,49,5,10,4,8,9,18,8,16,6,12,10,20,5,10,4,8,0,3,6,6,4,5,1,1,5,1,3,2,2,5,4,3
2011,6,100121004,20,12,60,8,40,3,15,1,5,2,10,3,15,1,5,0,0,4,20,6,30,2,1,2,1,1,0,1,4,1,0,0,2,0,0,3,2
2011,6,100121012,5,,,,,,,,,,,,,,,,,,,,,,,,,,,,,,,,,,,,
2011,6,100121020,5,,,,,,,,,,,,,,,,,,,,,,,,,,,,,,,,,,,,
2011,6,100121037,37,20,54,17,46,3,8,2,5,3,8,6,16,5,14,3,8,6,16,9,24,2,1,0,5,3,0,4,5,1,1,3,1,2,3,2,4
2011,6,100121045,15,8,53,7,47,2,13,2,13,2,13,2,13,2,13,1,7,1,7,3,20,2,0,1,2,1,0,0,2,0,2,1,0,1,1,1,1
2011,6,100121053,5,,,,,,,,,,,,,,,,,,,,,,,,,,,,,,,,,,,,
2011,6,100121061,14,6,43,8,57,1,7,0,0,3,21,1,7,1,7,3,21,0,0,5,36,0,0,2,0,0,2,0,2,1,0,1,1,1,1,0,3
2011,6,100121078,5,,,,,,,,,,,,,,,,,,,,,,,,,,,,,,,,,,,,
2011,6,100121086,17,8,47,9,53,3,18,1,6,2,12,2,12,3,18,3,18,0,0,3,18,2,0,1,1,1,2,0,1,1,1,1,1,2,1,0,2
2011,6,100121100,71,38,54,33,46,4,6,6,8,9,13,7,10,8,11,8,11,9,13,20,28,0,4,7,4,5,3,5,10,4,2,2,3,3,5,4,10
2011,6,100121117,28,16,57,12,43,0,0,1,4,2,7,3,11,3,11,4,14,5,18,10,36,0,1,1,3,1,1,5,4,0,0,1,0,2,3,0,6
2011,6,100121125,5,,,,,,,,,,,,,,,,,,,,,,,,,,,,,,,,,,,,
2011,6,100121133,66,37,56,29,44,2,3,3,5,5,8,9,14,9,14,11,17,13,20,14,21,0,3,3,6,6,5,8,6,2,0,2,3,3,6,5,8
2011,6,100121141,1653,739,45,914,55,106,6,113,7,196,12,221,13,243,15,245,15,233,14,296,18,49,60,94,106,122,112,92,104,57,53,102,115,121,133,141,192
2011,6,100121158,60,28,47,32,53,3,5,5,8,7,12,4,7,10,17,7,12,7,12,17,28,0,3,3,2,6,5,3,6,3,2,4,2,4,2,4,11
2011,6,100121166,5,,,,,,,,,,,,,,,,,,,,,,,,,,,,,,,,,,,,
2011,6,100121174,47,27,57,20,43,4,9,1,2,6,13,8,17,5,11,7,15,5,11,11,23,2,1,5,4,3,5,3,4,2,0,1,4,2,2,2,7
2011,6,100121190,5,,,,,,,,,,,,,,,,,,,,,,,,,,,,,,,,,,,,
2011,6,100121205,5,,,,,,,,,,,,,,,,,,,,,,,,,,,,,,,,,,,,
2011,6,100121213,140,65,46,75,54,5,4,9,6,16,11,10,7,28,20,25,18,19,14,28,20,1,4,9,6,13,11,9,12,4,5,7,4,15,14,10,16
2011,6,100121221,5,,,,,,,,,,,,,,,,,,,,,,,,,,,,,,,,,,,,
2011,6,100121238,24,12,50,12,50,3,13,1,4,5,21,4,17,1,4,4,17,2,8,4,17,2,1,1,2,1,3,1,1,1,0,4,2,0,1,1,3
2011,6,100121246,15,8,53,7,47,1,7,1,7,4,27,0,0,4,27,1,7,3,20,1,7,0,1,1,0,2,1,2,1,1,0,3,0,2,0,1,0
2011,6,100121254,5,,,,,,,,,,,,,,,,,,,,,,,,,,,,,,,,,,,,
2011,6,100121262,29,10,34,19,66,1,3,2,7,4,14,3,10,8,28,3,10,2,7,6,21,1,1,0,0,4,1,1,2,0,1,4,3,4,2,1,4
2011,6,100121270,40,17,43,23,58,4,10,6,15,2,5,3,8,4,10,8,20,8,20,5,13,2,4,0,1,1,5,4,0,2,2,2,2,3,3,4,5
2011,6,100121295,14,8,57,6,43,0,0,0,0,1,7,0,0,0,0,3,21,4,29,6,43,0,0,1,0,0,2,2,3,0,0,0,0,0,1,2,3
2011,6,100121301,983,461,47,522,53,63,6,96,10,120,12,121,12,132,13,146,15,112,11,193,20,29,49,71,62,60,65,57,68,34,47,49,59,72,81,55,125
2011,6,100121326,23,10,43,13,57,4,17,1,4,1,4,5,22,1,4,3,13,3,13,5,22,2,1,0,1,1,2,2,1,2,0,1,4,0,1,1,4
2011,6,100121334,5,,,,,,,,,,,,,,,,,,,,,,,,,,,,,,,,,,,,
2011,6,100121342,18,9,50,9,50,0,0,0,0,0,0,2,11,1,6,2,11,2,11,11,61,0,0,0,1,1,2,1,4,0,0,0,1,0,0,1,7
2011,6,100121350,30,18,60,12,40,0,0,3,10,6,20,2,7,6,20,3,10,5,17,5,17,0,1,5,1,4,2,2,3,0,2,1,1,2,1,3,2
2011,6,100121367,5,,,,,,,,,,,,,,,,,,,,,,,,,,,,,,,,,,,,
2011,6,100121375,16,10,63,6,38,1,6,3,19,0,0,1,6,4,25,0,0,3,19,4,25,1,3,0,1,2,0,1,2,0,0,0,0,2,0,2,2
2011,6,100121383,31,20,65,11,35,0,0,2,6,2,6,3,10,4,13,9,29,4,13,7,23,0,2,2,1,3,5,4,3,0,0,0,2,1,4,0,4
2011,6,100121391,14,5,36,9,64,2,14,3,21,0,0,1,7,1,7,4,29,1,7,2,14,0,1,0,0,1,2,0,1,2,2,0,1,0,2,1,1
2011,6,100121414,1160,507,44,653,56,72,6,108,9,171,15,159,14,221,19,143,12,121,10,165,14,33,53,88,66,109,62,39,57,39,55,83,93,112,81,82,108
2011,6,100121447,18,10,56,8,44,0,0,0,0,3,17,3,17,0,0,6,33,4,22,2,11,0,0,1,3,0,3,1,2,0,0,2,0,0,3,3,0
2011,6,100121455,11,4,36,7,64,0,0,1,9,0,0,0,0,3,27,2,18,2,18,3,27,0,0,0,0,1,1,1,1,0,1,0,0,2,1,1,2
2011,6,100121471,364,163,45,201,55,40,11,23,6,41,11,43,12,46,13,56,15,51,14,64,18,24,11,18,25,22,23,22,18,16,12,23,18,24,33,29,46
2011,6,100121728,135,67,50,68,50,10,7,10,7,30,22,8,6,22,16,25,19,6,4,24,18,4,3,19,3,12,14,3,9,6,7,11,5,10,11,3,15
2011,6,100121840,177,88,50,89,50,9,5,25,14,31,18,20,11,38,21,23,13,9,5,22,12,5,15,17,8,20,12,5,6,4,10,14,12,18,11,4,16
2011,6,100121961,198,90,45,108,55,7,4,8,4,37,19,15,8,27,14,38,19,24,12,42,21,2,3,19,10,11,21,9,15,5,5,18,5,16,17,15,27
2011,6,100122063,20,10,50,10,50,0,0,0,0,1,5,0,0,4,20,5,25,3,15,7,35,0,0,0,0,3,3,2,2,0,0,1,0,1,2,1,5
2011,6,100122096,150,68,45,82,55,5,3,15,10,16,11,13,9,21,14,23,15,20,13,37,25,2,4,8,7,10,13,8,16,3,11,8,6,11,10,12,21
2011,6,100122184,659,319,48,340,52,34,5,46,7,88,13,74,11,98,15,94,14,87,13,138,21,24,22,47,37,57,52,37,43,10,24,41,37,41,42,50,95
2011,6,100122248,35,17,49,18,51,2,6,3,9,7,20,2,6,4,11,7,20,2,6,8,23,2,0,4,1,2,3,1,4,0,3,3,1,2,4,1,4
2011,6,100122352,549,237,43,312,57,29,5,44,8,72,13,52,9,85,15,84,15,61,11,122,22,17,18,38,29,36,45,18,36,12,26,34,23,49,39,43,86
2011,6,100122360,5,,,,,,,,,,,,,,,,,,,,,,,,,,,,,,,,,,,,
2011,6,100122432,5,,,,,,,,,,,,,,,,,,,,,,,,,,,,,,,,,,,,
2011,6,100122504,5,,,,,,,,,,,,,,,,,,,,,,,,,,,,,,,,,,,,
2011,6,100122633,5,,,,,,,,,,,,,,,,,,,,,,,,,,,,,,,,,,,,
2011,6,100122641,5,,,,,,,,,,,,,,,,,,,,,,,,,,,,,,,,,,,,
2011,6,100122666,5,,,,,,,,,,,,,,,,,,,,,,,,,,,,,,,,,,,,
2011,6,100122713,47,24,51,23,49,2,4,3,6,9,19,0,0,11,23,8,17,7,15,7,15,1,2,5,0,5,6,3,2,1,1,4,0,6,2,4,5
2011,6,100122721,242,112,46,130,54,8,3,32,13,39,16,21,9,35,14,34,14,31,13,42,17,4,10,24,12,14,20,12,16,4,22,15,9,21,14,19,26
2011,6,100122795,263,117,44,146,56,21,8,22,8,29,11,31,12,24,9,35,13,50,19,51,19,9,8,17,13,15,20,17,18,12,14,12,18,9,15,33,33
2011,6,100122801,33,18,55,15,45,1,3,5,15,1,3,6,18,7,21,4,12,5,15,4,12,1,2,0,3,5,3,3,1,0,3,1,3,2,1,2,3
2011,6,100122875,281,132,47,149,53,20,7,30,11,30,11,34,12,49,17,32,11,43,15,43,15,9,16,18,15,25,13,21,15,11,14,12,19,24,19,22,28
2011,6,100122883,86,46,53,40,47,4,5,8,9,17,20,13,15,14,16,8,9,11,13,11,13,4,5,12,6,9,2,5,3,0,3,5,7,5,6,6,8
2011,6,100122891,5,,,,,,,,,,,,,,,,,,,,,,,,,,,,,,,,,,,,
2011,6,100122963,5,,,,,,,,,,,,,,,,,,,,,,,,,,,,,,,,,,,,
2011,6,100123057,69,33,48,36,52,4,6,7,10,8,12,6,9,13,19,6,9,10,14,15,22,3,3,3,2,8,2,6,6,1,4,5,4,5,4,4,9
2011,6,100123217,197,88,45,109,55,6,3,20,10,38,19,10,5,28,14,25,13,25,13,45,23,2,11,17,7,14,13,9,15,4,9,21,3,14,12,16,30
2011,6,100123973,104,53,51,51,49,10,10,9,9,7,7,23,22,15,14,13,13,16,15,11,11,6,4,5,14,7,6,7,4,4,5,2,9,8,7,9,7
2011,6,100123981,507,207,41,300,59,26,5,44,9,58,11,51,10,51,10,71,14,68,13,138,27,12,26,21,23,22,29,25,49,14,18,37,28,29,42,43,89
2011,6,100123998,194,94,48,100,52,7,4,11,6,26,13,13,7,26,13,27,14,24,12,60,31,5,4,15,9,13,17,13,18,2,7,11,4,13,10,11,42
2011,6,100124042,278,119,43,159,57,17,6,18,6,44,16,27,10,40,14,39,14,39,14,54,19,11,8,20,15,16,18,15,16,6,10,24,12,24,21,24,38
2011,6,100124516,540,232,43,308,57,35,6,31,6,80,15,51,9,81,15,62,11,78,14,122,23,21,16,37,27,36,24,34,37,14,15,43,24,45,38,44,85
2011,6,100124532,80,43,54,37,46,0,0,8,10,10,13,6,8,15,19,9,11,12,15,20,25,0,2,9,3,10,5,6,8,0,6,1,3,5,4,6,12
2011,6,100124565,470,215,46,255,54,40,9,33,7,61,13,63,13,57,12,62,13,53,11,101,21,24,15,35,32,31,27,21,30,16,18,26,31,26,35,32,71
2011,6,100124598,500,220,44,280,56,30,6,44,9,77,15,57,11,55,11,67,13,84,17,86,17,18,20,38,29,23,29,39,24,12,24,39,28,32,38,45,62
2011,6,100124612,104,51,49,53,51,6,6,7,7,16,15,10,10,9,9,19,18,10,10,27,26,2,4,11,6,4,10,6,8,4,3,5,4,5,9,4,19
2011,6,100124661,158,72,46,86,54,13,8,8,5,28,18,18,11,19,12,25,16,25,16,22,14,4,4,14,11,10,8,13,8,9,4,14,7,9,17,12,14
2011,6,100124678,248,133,54,115,46,9,4,9,4,27,11,36,15,27,11,33,13,44,18,63,25,3,3,15,13,15,24,29,31,6,6,12,23,12,9,15,32
2011,6,100124686,272,140,51,132,49,16,6,13,5,34,13,34,13,30,11,52,19,37,14,56,21,7,5,22,23,18,27,18,20,9,8,12,11,12,25,19,36
2011,6,100124700,1306,581,44,725,56,135,10,178,14,196,15,186,14,214,16,151,12,125,10,121,9,64,82,91,88,102,69,53,32,71,96,105,98,112,82,72,89
2011,6,100124717,247,113,46,134,54,11,4,17,7,34,14,32,13,26,11,39,16,37,15,51,21,8,10,17,19,13,18,13,15,3,7,17,13,13,21,24,36
2011,6,100124733,1492,686,46,806,54,89,6,120,8,220,15,159,11,197,13,203,14,172,12,332,22,40,57,110,85,103,102,77,112,49,63,110,74,94,101,95,220
2011,6,100124766,71,30,42,41,58,4,6,6,8,10,14,8,11,12,17,6,8,15,21,10,14,2,4,5,2,8,3,3,3,2,2,5,6,4,3,12,7
2011,6,100124782,342,153,45,189,55,20,6,26,8,42,12,38,11,52,15,42,12,39,11,83,24,8,12,21,21,32,17,17,25,12,14,21,17,20,25,22,58
2011,6,100124790,498,239,48,259,52,34,7,34,7,75,15,60,12,54,11,86,17,64,13,91,18,18,17,45,34,27,37,31,30,16,17,30,26,27,49,33,61
2011,6,100124854,258,123,48,135,52,22,9,24,9,42,16,34,13,38,15,30,12,25,10,43,17,7,11,26,19,17,14,10,19,15,13,16,15,21,16,15,24
2011,6,100124887,247,113,46,134,54,15,6,21,9,38,15,36,15,22,9,38,15,29,12,48,19,7,10,19,22,12,16,12,15,8,11,19,14,10,22,17,33
2011,6,100124975,208,108,52,100,48,16,8,24,12,30,14,28,13,24,12,33,16,20,10,33,16,13,12,19,16,15,15,8,10,3,12,11,12,9,18,12,23
2011,6,100124983,407,184,45,223,55,23,6,36,9,68,17,42,10,55,14,71,17,36,9,76,19,13,17,34,17,29,38,17,19,10,19,34,25,26,33,19,57
2011,6,100124991,214,103,48,111,52,8,4,17,8,45,21,22,10,22,10,35,16,30,14,35,16,4,10,21,13,11,18,12,14,4,7,24,9,11,17,18,21
2011,6,100125028,653,283,43,370,57,51,8,58,9,97,15,97,15,72,11,100,15,62,9,116,18,25,29,45,49,36,45,24,30,26,29,52,48,36,55,38,86
2011,6,100125036,430,214,50,216,50,27,6,54,13,72,17,57,13,64,15,57,13,29,7,70,16,15,28,40,31,33,32,12,23,12,26,32,26,31,25,17,47
2011,6,100125077,157,74,47,83,53,9,6,13,8,30,19,25,16,24,15,16,10,19,12,21,13,5,8,16,12,11,9,9,4,4,5,14,13,13,7,10,17
2011,6,100125116,65,35,54,30,46,2,3,4,6,14,22,9,14,15,23,7,11,9,14,5,8,2,2,8,6,10,3,4,0,0,2,6,3,5,4,5,5
2011,6,100125124,42,24,57,18,43,2,5,6,14,5,12,3,7,7,17,7,17,4,10,8,19,1,4,2,2,5,4,2,4,1,2,3,1,2,3,2,4
2011,6,100125132,276,138,50,138,50,17,6,31,11,56,20,24,9,41,15,42,15,30,11,35,13,11,17,31,11,24,20,14,10,6,14,25,13,17,22,16,25
2011,6,100125140,165,76,46,89,54,12,7,16,10,31,19,19,12,22,13,25,15,15,9,25,15,6,7,16,11,9,11,6,10,6,9,15,8,13,14,9,15
2011,6,100125173,310,147,47,163,53,15,5,23,7,62,20,28,9,53,17,36,12,44,14,49,16,6,11,28,19,27,17,20,19,9,12,34,9,26,19,24,30
2011,6,100125245,318,160,50,158,50,21,7,27,8,54,17,41,13,44,14,46,14,39,12,46,14,14,16,28,25,25,20,21,11,7,11,26,16,19,26,18,35
2011,6,100125317,365,173,47,192,53,30,8,28,8,68,19,41,11,63,17,38,10,31,8,66,18,19,16,41,22,27,17,13,18,11,12,27,19,36,21,18,48
2011,6,100125325,317,151,48,166,52,27,9,28,9,53,17,53,17,33,10,55,17,27,9,41,13,11,16,27,30,17,30,12,8,16,12,26,23,16,25,15,33
2011,6,100125333,504,216,43,288,57,23,5,44,9,102,20,48,10,73,14,90,18,52,10,72,14,11,20,50,22,29,40,24,20,12,24,52,26,44,50,28,52
2011,6,100125358,71,37,52,34,48,7,10,8,11,7,10,10,14,4,6,11,15,7,10,17,24,4,2,5,6,2,7,4,7,3,6,2,4,2,4,3,10
2011,6,100125366,144,67,47,77,53,5,3,6,4,16,11,12,8,18,13,24,17,24,17,39,27,2,3,10,5,10,13,11,13,3,3,6,7,8,11,13,26
2011,6,100125405,288,138,48,150,52,29,10,34,12,54,19,35,12,42,15,29,10,25,9,40,14,15,22,27,18,20,12,13,11,14,12,27,17,22,17,12,29
2011,6,100125421,172,77,45,95,55,16,9,9,5,27,16,19,11,16,9,25,15,23,13,37,22,5,6,16,10,9,10,10,11,11,3,11,9,7,15,13,26
2011,6,100125454,256,124,48,132,52,21,8,24,9,43,17,22,9,33,13,37,14,29,11,47,18,13,11,19,10,16,20,15,20,8,13,24,12,17,17,14,27
2011,6,100125470,110,52,47,58,53,3,3,5,5,12,11,3,3,11,10,18,16,14,13,44,40,1,4,5,2,7,8,6,19,2,1,7,1,4,10,8,25
2011,6,100125501,180,90,50,90,50,19,11,21,12,23,13,25,14,17,9,25,14,19,11,31,17,13,11,14,13,10,11,10,8,6,10,9,12,7,14,9,23
2011,6,100125518,242,117,48,125,52,12,5,21,9,56,23,26,11,30,12,39,16,24,10,34,14,9,13,33,11,14,17,12,8,3,8,23,15,16,22,12,26
2011,6,100125614,146,72,49,74,51,12,8,15,10,19,13,17,12,16,11,25,17,13,9,29,20,7,9,11,9,7,14,8,7,5,6,8,8,9,11,5,22
2011,6,100125671,89,47,53,42,47,5,6,6,7,24,27,9,10,16,18,16,18,5,6,8,9,4,2,14,4,9,9,2,3,1,4,10,5,7,7,3,5
2011,6,100125702,285,124,44,161,56,18,6,20,7,49,17,31,11,28,10,57,20,32,11,50,18,8,9,22,16,13,28,15,13,10,11,27,15,15,29,17,37
2011,6,100125743,57,31,54,26,46,5,9,6,11,5,9,8,14,11,19,10,18,7,12,5,9,2,3,4,4,8,5,4,1,3,3,1,4,3,5,3,4
2011,6,100125936,236,114,48,122,52,13,6,30,13,48,20,22,9,26,11,34,14,22,9,41,17,8,20,26,10,11,19,9,11,5,10,22,12,15,15,13,30
2011,6,100126005,88,47,53,41,47,6,7,6,7,17,19,5,6,8,9,18,20,7,8,21,24,4,5,8,5,4,9,4,8,2,1,9,0,4,9,3,13
2011,6,100126038,192,84,44,108,56,12,6,23,12,31,16,19,10,20,10,27,14,24,13,36,19,6,8,16,12,12,11,11,8,6,15,15,7,8,16,13,28
2011,6,100126070,497,224,45,273,55,33,7,46,9,77,15,56,11,74,15,66,13,57,11,88,18,17,25,42,32,34,28,24,22,16,21,35,24,40,38,33,66
2011,6,100126087,103,48,47,55,53,2,2,9,9,14,14,11,11,10,10,15,15,14,14,28,27,1,3,7,4,5,11,7,10,1,6,7,7,5,4,7,18
2011,6,100126327,515,232,45,283,55,21,4,34,7,83,16,45,9,69,13,80,16,57,11,126,24,10,17,44,21,39,43,26,32,11,17,39,24,30,37,31,94
2011,6,100126456,208,105,50,103,50,23,11,15,7,35,17,26,13,25,12,27,13,22,11,35,17,15,12,15,14,12,14,10,13,8,3,20,12,13,13,12,22
2011,6,100126503,659,327,50,332,50,25,4,26,4,65,10,102,15,113,17,97,15,97,15,134,20,12,12,30,54,73,53,48,45,13,14,35,48,40,44,49,89
2011,6,100126593,115,54,47,61,53,5,4,8,7,14,12,11,10,11,10,26,23,19,17,21,18,2,2,9,6,6,14,11,4,3,6,5,5,5,12,8,17
2011,6,100126624,632,303,48,329,52,36,6,48,8,126,20,71,11,71,11,110,17,69,11,101,16,20,25,75,35,31,56,29,32,16,23,51,36,40,54,40,69
2011,6,100126737,163,84,52,79,48,7,4,10,6,25,15,18,11,28,17,28,17,16,10,31,19,4,6,16,10,17,14,8,9,3,4,9,8,11,14,8,22
2011,6,100126786,172,85,49,87,51,11,6,20,12,21,12,26,15,29,17,19,11,16,9,30,17,6,10,11,14,16,12,7,9,5,10,10,12,13,7,9,21
2011,6,100126858,140,71,51,69,49,14,10,6,4,29,21,21,15,15,11,25,18,15,11,15,11,9,3,16,12,7,13,6,5,5,3,13,9,8,12,9,10
2011,6,100126954,510,227,45,283,55,42,8,45,9,83,16,73,14,66,13,75,15,49,10,77,15,20,24,46,32,28,32,26,19,22,21,37,41,38,43,23,58
2011,6,100127056,268,122,46,146,54,22,8,18,7,40,15,36,13,37,14,45,17,31,12,39,15,12,10,18,17,19,24,13,9,10,8,22,19,18,21,18,30
2011,6,100127080,164,78,48,86,52,10,6,13,8,24,15,19,12,19,12,24,15,20,12,35,21,5,9,13,11,10,11,7,12,5,4,11,8,9,13,13,23
2011,6,100127136,177,89,50,88,50,10,6,18,10,32,18,17,10,28,16,29,16,10,6,33,19,6,12,14,9,15,17,4,12,4,6,18,8,13,12,6,21
2011,6,100127185,107,49,46,58,54,9,8,13,12,14,13,11,10,23,21,10,9,17,16,10,9,4,7,6,6,13,3,8,2,5,6,8,5,10,7,9,8
2011,6,100127208,39,18,46,21,54,1,3,5,13,5,13,1,3,8,21,5,13,2,5,12,31,0,4,3,0,4,1,0,6,1,1,2,1,4,4,2,6
2011,6,100127232,507,235,46,272,54,43,8,45,9,68,13,69,14,78,15,72,14,52,10,80,16,22,23,40,37,36,34,16,27,21,22,28,32,42,38,36,53
2011,6,100127240,193,90,47,103,53,11,6,13,7,40,21,18,9,30,16,29,15,24,12,28,15,3,7,21,9,12,19,10,9,8,6,19,9,18,10,14,19
2011,6,100127257,423,195,46,228,54,32,8,44,10,65,15,62,15,55,13,68,16,54,13,43,10,17,22,32,31,28,31,21,13,15,22,33,31,27,37,33,30
2011,6,100127546,57,22,39,35,61,6,11,2,4,12,21,6,11,10,18,8,14,1,2,12,21,3,1,5,2,5,3,0,3,3,1,7,4,5,5,1,9
2011,6,100127570,269,119,44,150,56,9,3,20,7,52,19,28,10,34,13,35,13,27,10,64,24,1,9,25,20,13,18,12,21,8,11,27,8,21,17,15,43
2011,6,100127601,68,34,50,34,50,2,3,1,1,10,15,6,9,7,10,13,19,7,10,22,32,1,0,6,5,4,9,2,7,1,1,4,1,3,4,5,15
2011,6,100127675,64,27,42,37,58,4,6,6,9,10,16,7,11,8,13,11,17,11,17,7,11,0,2,6,2,4,5,6,2,4,4,4,5,4,6,5,5
2011,6,100127683,213,108,51,105,49,18,8,15,7,21,10,34,16,31,15,25,12,31,15,38,18,12,6,12,17,16,17,14,14,6,9,9,17,15,8,17,24
2011,6,100127691,102,42,41,60,59,7,7,7,7,12,12,23,23,12,12,11,11,16,16,14,14,0,3,6,11,7,6,5,4,7,4,6,12,5,5,11,10
2011,6,100127706,1333,599,45,734,55,112,8,112,8,176,13,191,14,179,13,224,17,152,11,187,14,61,58,93,91,85,97,69,45,51,54,83,100,94,127,83,142
2011,6,100127714,931,434,47,497,53,84,9,68,7,139,15,130,14,135,15,131,14,112,12,132,14,43,34,76,60,77,60,45,39,41,34,63,70,58,71,67,93
2011,6,100127722,312,149,48,163,52,14,4,30,10,42,13,32,10,37,12,51,16,45,14,61,20,7,15,23,19,19,22,19,25,7,15,19,13,18,29,26,36
2011,6,100127771,1757,819,47,938,53,128,7,152,9,240,14,226,13,238,14,251,14,211,12,311,18,65,84,140,118,117,117,90,88,63,68,100,108,121,134,121,223
2011,6,100127835,248,115,46,133,54,20,8,24,10,40,16,42,17,31,13,35,14,16,6,40,16,8,10,21,22,16,18,5,15,12,14,19,20,15,17,11,25
2011,6,100127876,834,378,45,456,55,54,6,52,6,119,14,109,13,96,12,140,17,126,15,138,17,30,25,57,54,48,64,55,45,24,27,62,55,48,76,71,93
2011,6,100127915,247,117,47,130,53,15,6,20,8,34,14,42,17,30,12,38,15,21,9,47,19,6,11,19,24,14,16,9,18,9,9,15,18,16,22,12,29
2011,6,100127923,247,112,45,135,55,11,4,16,6,36,15,20,8,31,13,52,21,32,13,49,20,7,10,13,14,13,26,14,15,4,6,23,6,18,26,18,34
2011,6,100127948,168,81,48,87,52,21,13,12,7,25,15,31,18,13,8,27,16,20,12,19,11,9,6,12,15,9,12,11,7,12,6,13,16,4,15,9,12
2011,6,100127964,513,245,48,268,52,43,8,53,10,76,15,78,15,80,16,56,11,47,9,80,16,21,26,46,40,37,26,28,21,22,27,30,38,43,30,19,59
2011,6,100127997,254,119,47,135,53,23,9,17,7,46,18,31,12,36,14,38,15,37,15,26,10,8,9,24,17,20,17,17,7,15,8,22,14,16,21,20,19
2011,6,100128074,793,372,47,421,53,70,9,63,8,105,13,107,13,110,14,117,15,92,12,129,16,26,35,52,55,52,59,46,47,44,28,53,52,58,58,46,82
2011,6,100128082,363,171,47,192,53,34,9,26,7,47,13,49,13,46,13,61,17,34,9,66,18,14,13,23,29,25,33,14,20,20,13,24,20,21,28,20,46
2011,6,100128105,128,64,50,64,50,10,8,13,10,17,13,18,14,15,12,14,11,17,13,24,19,4,6,12,10,7,7,9,9,6,7,5,8,8,7,8,15
2011,6,100128138,359,160,45,199,55,33,9,31,9,36,10,59,16,54,15,52,14,47,13,47,13,13,12,16,32,26,26,20,15,20,19,20,27,28,26,27,32
2011,6,100128146,91,41,45,50,55,8,9,3,3,10,11,12,13,6,7,13,14,9,10,30,33,1,0,9,6,3,8,4,10,7,3,1,6,3,5,5,20
2011,6,100128187,977,437,45,540,55,81,8,66,7,150,15,136,14,119,12,147,15,110,11,168,17,37,31,73,73,59,72,42,50,44,35,77,63,60,75,68,118
2011,6,100128275,3851,1785,46,2066,54,395,10,283,7,432,11,648,17,568,15,444,12,377,10,704,18,189,142,216,320,277,210,176,255,206,141,216,328,291,234,201,449
2011,6,100128322,354,174,49,180,51,22,6,26,7,43,12,48,14,38,11,65,18,49,14,63,18,11,13,26,27,20,34,22,21,11,13,17,21,18,31,27,42
2011,6,100128330,295,128,43,167,57,13,4,26,9,53,18,31,11,44,15,57,19,29,10,42,14,4,14,21,17,23,27,12,10,9,12,32,14,21,30,17,32
2011,6,100128347,155,76,49,79,51,14,9,15,10,17,11,20,13,18,12,22,14,17,11,32,21,6,8,9,11,11,12,9,10,8,7,8,9,7,10,8,22
2011,6,100128363,343,167,49,176,51,22,6,13,4,63,18,44,13,52,15,46,13,50,15,53,15,12,7,33,29,26,24,24,12,10,6,30,15,26,22,26,41
2011,6,100128443,460,223,48,237,52,18,4,38,8,82,18,54,12,54,12,75,16,57,12,82,18,6,21,47,35,22,38,31,23,12,17,35,19,32,37,26,59
2011,6,100128476,333,160,48,173,52,23,7,22,7,67,20,46,14,40,12,60,18,32,10,43,13,7,15,35,28,20,28,14,13,16,7,32,18,20,32,18,30
2011,6,100128484,20,10,50,10,50,0,0,1,5,2,10,0,0,4,20,4,20,2,10,7,35,0,1,1,0,3,1,1,3,0,0,1,0,1,3,1,4
2011,6,100128523,292,139,48,153,52,21,7,21,7,59,20,21,7,47,16,43,15,23,8,57,20,9,13,31,10,21,24,8,23,12,8,28,11,26,19,15,34
2011,6,100128556,321,146,45,175,55,33,10,26,8,32,10,65,20,41,13,31,10,37,12,56,17,15,11,15,34,20,15,19,17,18,15,17,31,21,16,18,39
2011,6,100128580,609,284,47,325,53,48,8,51,8,97,16,84,14,86,14,90,15,52,9,101,17,20,25,46,45,44,50,18,36,28,26,51,39,42,40,34,65
2011,6,100128611,213,104,49,109,51,14,7,27,13,25,12,28,13,37,17,31,15,21,10,30,14,5,12,15,17,19,17,7,12,9,15,10,11,18,14,14,18
2011,6,100128660,564,271,48,293,52,47,8,40,7,87,15,89,16,75,13,76,13,68,12,82,15,21,21,51,47,35,37,29,30,26,19,36,42,40,39,39,52
2011,6,100128677,347,163,47,184,53,29,8,31,9,61,18,43,12,41,12,64,18,30,9,48,14,11,17,34,22,19,36,12,12,18,14,27,21,22,28,18,36
2011,6,100128685,221,106,48,115,52,7,3,12,5,29,13,25,11,23,10,45,20,31,14,49,22,4,6,19,14,10,24,15,14,3,6,10,11,13,21,16,35
2011,6,100128757,256,122,48,134,52,17,7,15,6,34,13,42,16,27,11,39,15,37,14,45,18,10,6,17,26,15,21,14,13,7,9,17,16,12,18,23,32
2011,6,100128765,175,87,50,88,50,14,8,13,7,36,21,24,14,23,13,27,15,18,10,20,11,8,8,15,16,12,12,6,10,6,5,21,8,11,15,12,10
2011,6,100128853,205,91,44,114,56,22,11,9,4,24,12,36,18,13,6,28,14,24,12,49,24,9,3,11,21,9,14,9,15,13,6,13,15,4,14,15,34
2011,6,100128861,202,95,47,107,53,8,4,24,12,39,19,28,14,33,16,31,15,11,5,28,14,3,12,18,15,19,16,5,7,5,12,21,13,14,15,6,21
2011,6,100128878,304,146,48,158,52,26,9,32,11,37,12,52,17,39,13,35,12,44,14,39,13,11,18,19,29,19,17,20,13,15,14,18,23,20,18,24,26
2011,6,100128900,633,287,45,346,55,54,9,58,9,98,15,82,13,76,12,86,14,67,11,112,18,30,32,53,44,38,31,24,35,24,26,45,38,38,55,43,77
2011,6,100129236,109,57,52,52,48,8,7,3,3,20,18,11,10,8,7,23,21,15,14,21,19,5,0,14,5,5,11,6,11,3,3,6,6,3,12,9,10
2011,6,100129252,162,84,52,78,48,16,10,24,15,26,16,14,9,33,20,19,12,10,6,20,12,11,13,15,9,16,9,4,7,5,11,11,5,17,10,6,13
2011,6,100129533,308,131,43,177,57,11,4,26,8,67,22,20,6,42,14,51,17,33,11,58,19,7,9,34,11,19,23,13,15,4,17,33,9,23,28,20,43
2011,6,100129574,68,33,49,35,51,2,3,7,10,10,15,9,13,8,12,16,24,6,9,10,15,2,4,6,4,4,8,3,2,0,3,4,5,4,8,3,8
2011,6,100129605,57,27,47,30,53,2,4,2,4,8,14,3,5,7,12,11,19,12,21,12,21,0,2,4,3,4,5,5,4,2,0,4,0,3,6,7,8
2011,6,100129621,378,179,47,199,53,28,7,29,8,54,14,48,13,43,11,62,16,51,13,63,17,9,17,27,25,22,38,20,21,19,12,27,23,21,24,31,42
2011,6,100129701,243,108,44,135,56,16,7,24,10,56,23,27,11,31,13,40,16,17,7,32,13,7,7,31,16,14,17,10,6,9,17,25,11,17,23,7,26
2011,6,100129775,107,57,53,50,47,3,3,16,15,12,11,14,13,9,8,23,21,10,9,20,19,1,10,8,7,6,13,5,7,2,6,4,7,3,10,5,13
2011,6,100129871,137,64,47,73,53,7,5,8,6,16,12,13,9,21,15,23,17,17,12,32,23,3,3,9,8,11,15,4,11,4,5,7,5,10,8,13,21
2011,6,100129888,61,32,52,29,48,3,5,2,3,10,16,7,11,6,10,7,11,10,16,16,26,3,2,6,2,5,3,5,6,0,0,4,5,1,4,5,10
2011,6,100129896,164,73,45,91,55,10,6,15,9,34,21,16,10,24,15,25,15,10,6,30,18,4,8,17,9,9,14,3,9,6,7,17,7,15,11,7,21
2011,6,100129968,451,260,58,191,42,9,2,8,2,30,7,57,13,76,17,80,18,104,23,87,19,5,4,23,34,45,50,64,35,4,4,7,23,31,30,40,52
2011,6,100129984,233,113,48,120,52,8,3,19,8,45,19,15,6,31,13,58,25,29,12,28,12,3,9,25,11,15,28,13,9,5,10,20,4,16,30,16,19
2011,6,100130046,112,50,45,62,55,10,9,5,4,22,20,8,7,18,16,21,19,12,11,16,14,3,1,10,4,10,11,6,5,7,4,12,4,8,10,6,11
2011,6,100130101,73,40,55,33,45,3,4,4,5,15,21,7,10,5,7,16,22,14,19,9,12,3,0,8,5,4,9,7,4,0,4,7,2,1,7,7,5
2011,6,100130302,81,33,41,48,59,5,6,9,11,11,14,7,9,10,12,6,7,12,15,21,26,0,4,4,0,7,3,5,10,5,5,7,7,3,3,7,11
2011,6,100130310,255,122,48,133,52,19,7,12,5,45,18,24,9,36,14,48,19,20,8,51,20,11,7,24,12,19,26,7,16,8,5,21,12,17,22,13,35
2011,6,100130415,222,105,47,117,53,20,9,22,10,42,19,32,14,27,12,33,15,17,8,29,13,10,14,18,19,12,15,8,9,10,8,24,13,15,18,9,20
2011,6,100130665,55,29,53,26,47,2,4,2,4,10,18,5,9,6,11,14,25,3,5,13,24,2,1,5,5,3,7,2,4,0,1,5,0,3,7,1,9
2011,6,100130946,281,124,44,157,56,22,8,30,11,36,13,36,13,34,12,36,13,46,16,41,15,11,9,23,16,13,20,23,9,11,21,13,20,21,16,23,32
2011,6,100131466,239,118,49,121,51,21,9,27,11,29,12,30,13,25,10,31,13,35,15,41,17,12,14,17,16,13,17,16,13,9,13,12,14,12,14,19,28
2011,6,100131554,99,45,45,54,55,1,1,5,5,16,16,9,9,11,11,14,14,16,16,27,27,1,2,9,4,5,7,7,10,0,3,7,5,6,7,9,17
2011,6,100131562,107,50,47,57,53,8,7,13,12,21,20,2,2,20,19,16,15,13,12,14,13,5,8,4,2,8,13,5,5,3,5,17,0,12,3,8,9
2011,6,100131810,371,179,48,192,52,22,6,29,8,69,19,41,11,66,18,65,18,41,11,38,10,12,15,34,22,34,33,20,9,10,14,35,19,32,32,21,29
2011,6,100132113,195,95,49,100,51,12,6,21,11,34,17,15,8,29,15,35,18,21,11,28,14,7,15,17,8,17,13,9,9,5,6,17,7,12,22,12,19
2011,6,100132170,76,37,49,39,51,5,7,9,12,9,12,7,9,13,17,7,9,8,11,18,24,2,4,6,2,7,3,4,9,3,5,3,5,6,4,4,9
2011,6,100132242,65,37,57,28,43,1,2,4,6,11,17,11,17,4,6,11,17,12,18,11,17,1,1,11,6,2,6,9,1,0,3,0,5,2,5,3,10
2011,6,100132322,1465,686,47,779,53,104,7,113,8,238,16,185,13,253,17,254,17,144,10,174,12,53,71,116,103,123,106,60,54,51,42,122,82,130,148,84,120
2011,6,100132363,184,92,50,92,50,13,7,19,10,29,16,18,10,24,13,34,18,20,11,27,15,6,8,18,11,9,22,10,8,7,11,11,7,15,12,10,19
2011,6,100132443,578,296,51,282,49,49,8,51,9,99,17,71,12,72,12,89,15,77,13,70,12,28,28,62,43,39,40,41,15,21,23,37,28,33,49,36,55
2011,6,100132597,162,70,43,92,57,12,7,5,3,30,19,16,10,21,13,29,18,28,17,21,13,7,2,10,9,10,14,10,8,5,3,20,7,11,15,18,13
2011,6,100133180,63,28,44,35,56,4,6,3,5,10,16,8,13,8,13,12,19,10,16,8,13,1,2,6,5,5,6,3,0,3,1,4,3,3,6,7,8
2011,6,100133285,64,29,45,35,55,5,8,9,14,9,14,6,9,15,23,7,11,4,6,9,14,1,4,4,4,8,4,1,3,4,5,5,2,7,3,3,6
2011,6,100133293,237,108,46,129,54,24,10,14,6,50,21,39,16,22,9,35,15,23,10,30,13,10,10,21,21,9,17,11,9,14,4,29,18,13,18,12,21
2011,6,100133638,226,117,52,109,48,14,6,20,9,60,27,15,7,38,17,40,18,14,6,25,11,6,15,32,11,20,19,5,9,8,5,28,4,18,21,9,16
2011,6,100133742,55,29,53,26,47,0,0,2,4,6,11,4,7,6,11,8,15,12,22,17,31,0,1,4,3,3,4,6,8,0,1,2,1,3,4,6,9
2011,6,100133750,372,171,46,201,54,25,7,23,6,78,21,40,11,41,11,69,19,33,9,63,17,12,16,38,26,17,33,11,18,13,7,40,14,24,36,22,45
2011,6,100134061,119,57,48,62,52,6,5,10,8,23,19,14,12,20,17,18,15,8,7,20,17,4,6,11,5,9,11,3,8,2,4,12,9,11,7,5,12
2011,6,100134270,305,150,49,155,51,19,6,19,6,52,17,38,12,32,10,59,19,27,9,59,19,8,11,31,23,15,28,15,19,11,8,21,15,17,31,12,40
2011,6,100134672,272,134,49,138,51,16,6,22,8,35,13,21,8,46,17,53,19,25,9,54,20,10,10,16,13,26,29,14,16,6,12,19,8,20,24,11,38
2011,6,100135014,71,35,49,36,51,10,14,3,4,18,25,5,7,14,20,6,8,5,7,10,14,6,1,8,4,7,4,2,3,4,2,10,1,7,2,3,7
2011,6,100135127,283,128,45,155,55,12,4,31,11,38,13,26,9,38,13,52,18,29,10,57,20,3,15,21,11,18,25,14,21,9,16,17,15,20,27,15,36
2011,6,100135561,157,76,48,81,52,10,6,7,4,33,21,12,8,29,18,28,18,18,11,20,13,4,5,21,4,12,16,9,5,6,2,12,8,17,12,9,15
2011,6,100135738,185,89,48,96,52,5,3,13,7,22,12,16,9,26,14,45,24,29,16,29,16,3,6,15,7,15,23,15,5,2,7,7,9,11,22,14,24
2011,6,100135746,69,39,57,30,43,4,6,5,7,9,13,9,13,8,12,14,20,8,12,12,17,4,2,7,7,5,7,3,4,0,3,2,2,3,7,5,8
2011,6,100136186,180,79,44,101,56,11,6,19,11,18,10,16,9,26,14,39,22,24,13,27,15,3,12,7,6,13,19,12,7,8,7,11,10,13,20,12,20
2011,6,100136233,129,55,43,74,57,11,9,11,9,20,16,15,12,17,13,22,17,19,15,14,11,6,5,8,6,6,10,7,7,5,6,12,9,11,12,12,7
2011,6,100136602,309,148,48,161,52,17,6,19,6,37,12,25,8,34,11,58,19,42,14,77,25,9,11,20,16,20,27,22,23,8,8,17,9,14,31,20,54
2011,6,100137155,165,82,50,83,50,5,3,11,7,18,11,8,5,19,12,37,22,32,19,35,21,4,5,10,4,11,18,14,16,1,6,8,4,8,19,18,19
2011,6,100137372,43,21,49,22,51,4,9,3,7,8,19,1,2,9,21,5,12,4,9,9,21,2,2,4,1,6,3,2,1,2,1,4,0,3,2,2,8
2011,6,100137653,609,288,47,321,53,30,5,40,7,63,10,49,8,72,12,106,17,91,15,158,26,14,25,35,32,37,49,51,45,16,15,28,17,35,57,40,113
2011,6,100138028,288,127,44,161,56,19,7,27,9,51,18,25,9,35,12,43,15,31,11,57,20,11,10,29,12,15,20,17,13,8,17,22,13,20,23,14,44
2011,6,100138663,210,106,50,104,50,17,8,18,9,30,14,28,13,22,10,45,21,23,11,27,13,7,10,19,17,11,23,12,7,10,8,11,11,11,22,11,20
2011,6,100138872,48,22,46,26,54,0,0,2,4,10,21,4,8,8,17,12,25,1,2,11,23,0,0,5,2,4,8,1,2,0,2,5,2,4,4,0,9
2011,6,100139005,175,93,53,82,47,10,6,12,7,26,15,19,11,29,17,32,18,23,13,24,14,3,8,12,13,19,16,10,12,7,4,14,6,10,16,13,12
2011,6,100139062,262,125,48,137,52,20,8,20,8,47,18,22,8,33,13,43,16,39,15,38,15,11,11,25,11,13,24,21,9,9,9,22,11,20,19,18,29
2011,6,100140040,212,103,49,109,51,10,5,12,6,33,16,10,5,30,14,37,17,24,11,56,26,7,8,16,6,14,20,11,21,3,4,17,4,16,17,13,35
2011,6,100140313,143,74,52,69,48,11,8,10,7,25,17,17,12,11,8,27,19,26,18,16,11,6,7,16,9,5,13,12,6,5,3,9,8,6,14,14,10
2011,6,100140651,35,22,63,13,37,2,6,0,0,7,20,4,11,8,23,5,14,9,26,0,0,2,0,3,3,6,3,5,0,0,0,4,1,2,2,4,0
2011,6,100140723,65,36,55,29,45,3,5,6,9,15,23,8,12,14,22,7,11,7,11,5,8,2,4,8,7,7,3,3,2,1,2,7,1,7,4,4,3
2011,6,100140860,115,58,50,57,50,5,4,9,8,8,7,18,16,8,7,25,22,18,16,24,21,3,6,6,10,5,13,7,8,2,3,2,8,3,12,11,16
2011,6,100140940,114,57,50,57,50,4,4,4,4,18,16,16,14,15,13,26,23,12,11,19,17,1,1,11,9,7,15,7,6,3,3,7,7,8,11,5,13
2011,6,100141188,306,149,49,157,51,21,7,28,9,46,15,32,10,39,13,69,23,28,9,43,14,16,13,25,19,16,35,13,12,5,15,21,13,23,34,15,31
2011,6,100141202,183,82,45,101,55,12,7,13,7,14,8,20,11,13,7,25,14,15,8,71,39,3,8,6,9,7,14,9,26,9,5,8,11,6,11,6,45
2011,6,100141645,186,84,45,102,55,16,9,13,7,26,14,23,12,17,9,47,25,17,9,27,15,8,7,10,13,10,22,10,4,8,6,16,10,7,25,7,23
2011,6,100142325,240,107,45,133,55,12,5,21,9,45,19,13,5,35,15,42,18,35,15,37,15,5,9,24,4,17,22,13,13,7,12,21,9,18,20,22,24
2011,6,100142671,311,150,48,161,52,18,6,22,7,46,15,33,11,51,16,62,20,44,14,35,11,8,9,26,16,31,32,20,8,10,13,20,17,20,30,24,27
2011,6,100143038,196,95,48,101,52,8,4,15,8,29,15,17,9,27,14,39,20,22,11,39,20,6,9,16,9,11,22,9,13,2,6,13,8,16,17,13,26
2011,6,100143528,23,12,52,11,48,0,0,1,4,1,4,2,9,1,4,5,22,6,26,7,30,0,1,1,1,0,2,4,3,0,0,0,1,1,3,2,4
2011,6,100143560,439,195,44,244,56,36,8,33,8,69,16,45,10,65,15,68,15,48,11,75,17,18,17,26,26,29,25,22,32,18,16,43,19,36,43,26,43
2011,6,100143616,112,52,46,60,54,5,4,9,8,12,11,12,11,19,17,12,11,12,11,31,28,3,5,5,7,14,5,5,8,2,4,7,5,5,7,7,23
2011,6,100143681,81,35,43,46,57,2,2,5,6,11,14,9,11,12,15,13,16,11,14,18,22,0,1,6,5,7,4,6,6,2,4,5,4,5,9,5,12
2011,6,100143720,58,27,47,31,53,2,3,5,9,9,16,7,12,13,22,6,10,7,12,9,16,1,0,4,4,8,2,5,3,1,5,5,3,5,4,2,6
2011,6,100143817,253,115,45,138,55,34,13,28,11,44,17,31,12,26,10,38,15,23,9,29,11,12,11,27,14,15,19,7,10,22,17,17,17,11,19,16,19
2011,6,100143841,45,24,53,21,47,2,4,1,2,3,7,7,16,2,4,13,29,10,22,7,16,2,0,1,6,1,7,4,3,0,1,2,1,1,6,6,4
2011,6,100143874,179,93,52,86,48,18,10,16,9,32,18,26,15,30,17,21,12,21,12,15,8,6,10,16,16,17,13,10,5,12,6,16,10,13,8,11,10
2011,6,100143890,96,47,49,49,51,8,8,9,9,13,14,6,6,20,21,10,10,6,6,24,25,4,4,7,4,11,5,2,10,4,5,6,2,9,5,4,14
2011,6,100143962,48,27,56,21,44,3,6,4,8,2,4,4,8,5,10,5,10,7,15,18,38,3,2,2,3,4,3,4,6,0,2,0,1,1,2,3,12
2011,6,100143987,765,333,44,432,56,42,5,66,9,112,15,77,10,85,11,121,16,103,13,159,21,22,27,61,37,47,50,46,43,20,39,51,40,38,71,57,116
2011,6,100144015,420,188,45,232,55,28,7,42,10,77,18,46,11,49,12,71,17,42,10,65,15,15,21,32,27,26,31,18,18,13,21,45,19,23,40,24,47
2011,6,100144056,158,83,53,75,47,6,4,10,6,16,10,14,9,24,15,32,20,25,16,31,20,2,7,9,7,13,18,12,15,4,3,7,7,11,14,13,16
2011,6,100144064,64,32,50,32,50,2,3,6,9,18,28,6,9,14,22,4,6,7,11,7,11,0,5,10,4,7,1,3,2,2,1,8,2,7,3,4,5
2011,6,100144103,92,50,54,42,46,6,7,7,8,21,23,9,10,8,9,13,14,11,12,17,18,1,5,14,6,6,5,5,8,5,2,7,3,2,8,6,9
2011,6,100144185,351,159,45,192,55,17,5,34,10,50,14,35,10,48,14,48,14,40,11,79,23,9,16,25,17,25,28,17,22,8,18,25,18,23,20,23,57
2011,6,100144232,239,111,46,128,54,15,6,29,12,39,16,33,14,29,12,28,12,20,8,46,19,8,12,24,18,15,13,10,11,7,17,15,15,14,15,10,35
2011,6,100144257,931,437,47,494,53,81,9,85,9,127,14,163,18,101,11,150,16,119,13,105,11,39,46,67,85,53,64,54,29,42,39,60,78,48,86,65,76
2011,6,100144304,225,111,49,114,51,10,4,33,15,48,21,20,9,43,19,31,14,21,9,19,8,5,19,24,11,24,15,8,5,5,14,24,9,19,16,13,14
2011,6,100144320,232,116,50,116,50,16,7,14,6,55,24,23,10,24,10,47,20,24,10,29,13,9,4,30,17,10,24,12,10,7,10,25,6,14,23,12,19
2011,6,100144337,71,29,41,42,59,5,7,12,17,13,18,7,10,3,4,13,18,9,13,9,13,1,4,6,2,1,7,5,3,4,8,7,5,2,6,4,6
2011,6,100144345,28,14,50,14,50,0,0,3,11,4,14,1,4,3,11,3,11,3,11,11,39,0,2,2,1,1,2,2,4,0,1,2,0,2,1,1,7
2011,6,100144353,35,12,34,23,66,3,9,1,3,4,11,3,9,5,14,3,9,4,11,12,34,2,0,2,2,2,1,1,2,1,1,2,1,3,2,3,10
2011,6,100144378,391,197,50,194,50,35,9,42,11,70,18,63,16,39,10,60,15,36,9,46,12,15,30,40,32,19,27,14,20,20,12,30,31,20,33,22,26
2011,6,100144417,43,20,47,23,53,2,5,2,5,5,12,3,7,7,16,7,16,4,9,13,30,0,2,2,1,4,4,2,5,2,0,3,2,3,3,2,8
2011,6,100144425,29,8,28,21,72,3,10,5,17,6,21,3,10,6,21,0,0,3,10,3,10,0,2,1,2,2,0,0,1,3,3,5,1,4,0,3,2
2011,6,100144433,69,31,45,38,55,6,9,6,9,11,16,8,12,10,14,13,19,2,3,13,19,4,2,5,4,5,4,2,5,2,4,6,4,5,9,0,8
2011,6,100144458,234,113,48,121,52,25,11,26,11,26,11,42,18,23,10,38,16,21,9,33,14,10,13,16,19,12,21,11,11,15,13,10,23,11,17,10,22
2011,6,100144513,436,206,47,230,53,34,8,37,8,78,18,64,15,50,11,79,18,44,10,50,11,17,16,48,36,25,37,17,10,17,21,30,28,25,42,27,40
2011,6,100144521,141,70,50,71,50,6,4,11,8,12,9,15,11,19,13,27,19,24,17,27,19,4,5,7,8,10,15,11,10,2,6,5,7,9,12,13,17
2011,6,100144546,30,14,47,16,53,2,7,2,7,7,23,5,17,0,0,2,7,5,17,7,23,2,2,3,2,0,2,1,2,0,0,4,3,0,0,4,5
2011,6,100144562,185,86,46,99,54,12,6,13,7,43,23,23,12,27,15,28,15,19,10,20,11,3,6,22,13,14,15,9,4,9,7,21,10,13,13,10,16
2011,6,100144595,75,32,43,43,57,8,11,10,13,11,15,7,9,3,4,9,12,9,12,18,24,6,3,8,3,1,4,2,5,2,7,3,4,2,5,7,13
2011,6,100144642,336,152,45,184,55,13,4,23,7,49,15,33,10,49,15,46,14,43,13,80,24,6,15,22,19,20,23,22,25,7,8,27,14,29,23,21,55
2011,6,100144683,435,204,47,231,53,23,5,51,12,56,13,59,14,47,11,64,15,53,12,82,19,11,29,33,32,23,32,19,25,12,22,23,27,24,32,34,57
2011,6,100144810,375,186,50,189,50,38,10,30,8,68,18,41,11,59,16,38,10,44,12,57,15,22,17,36,23,28,17,19,24,16,13,32,18,31,21,25,33
2011,6,100144827,32,16,50,16,50,3,9,2,6,2,6,4,13,4,13,6,19,4,13,7,22,1,2,1,2,2,3,2,3,2,0,1,2,2,3,2,4
2011,6,100144843,362,171,47,191,53,26,7,39,11,63,17,45,12,48,13,55,15,36,10,50,14,12,18,34,26,25,22,14,20,14,21,29,19,23,33,22,30
2011,6,100144907,306,135,44,171,56,27,9,22,7,61,20,45,15,27,9,52,17,31,10,41,13,14,10,24,23,11,25,14,14,13,12,37,22,16,27,17,27
2011,6,100144972,146,70,48,76,52,12,8,17,12,30,21,18,12,16,11,21,14,16,11,16,11,5,10,11,13,7,8,11,5,7,7,19,5,9,13,5,11
2011,6,100145025,310,155,50,155,50,27,9,31,10,54,17,46,15,36,12,46,15,28,9,42,14,15,17,31,26,19,21,11,15,12,14,23,20,17,25,17,27
2011,6,100145066,500,240,48,260,52,39,8,44,9,101,20,56,11,70,14,80,16,43,9,67,13,20,21,57,27,37,41,14,23,19,23,44,29,33,39,29,44
2011,6,100145154,134,65,49,69,51,9,7,14,10,23,17,14,10,20,15,13,10,15,11,26,19,1,10,15,8,9,4,9,9,8,4,8,6,11,9,6,17
2011,6,100145250,295,139,47,156,53,38,13,29,10,44,15,43,15,28,9,46,16,27,9,40,14,18,12,28,22,11,24,10,14,20,17,16,21,17,22,17,26
2011,6,100145267,93,46,49,47,51,8,9,12,13,10,11,5,5,11,12,19,20,11,12,17,18,5,8,5,2,6,10,5,5,3,4,5,3,5,9,6,12
2011,6,100145275,179,77,43,102,57,16,9,17,9,29,16,11,6,29,16,23,13,15,8,39,22,9,6,14,3,16,11,7,11,7,11,15,8,13,12,8,28
2011,6,100145283,189,90,48,99,52,21,11,15,8,26,14,26,14,21,11,29,15,23,12,28,15,11,7,13,13,9,15,12,10,10,8,13,13,12,14,11,18
2011,6,100145291,62,32,52,30,48,8,13,4,6,10,16,7,11,7,11,9,15,9,15,8,13,3,2,9,3,3,4,5,3,5,2,1,4,4,5,4,5
2011,6,100145330,521,231,44,290,56,43,8,52,10,82,16,59,11,63,12,92,18,52,10,78,15,22,28,42,29,27,42,24,17,21,24,40,30,36,50,28,61
2011,6,100145347,245,119,49,126,51,28,11,18,7,49,20,30,12,31,13,42,17,26,11,21,9,12,13,23,15,18,20,13,5,16,5,26,15,13,22,13,16
2011,6,100145363,31,14,45,17,55,1,3,3,10,4,13,2,6,6,19,4,13,2,6,9,29,0,1,1,2,2,3,1,4,1,2,3,0,4,1,1,5
2011,6,100145402,240,120,50,120,50,25,10,21,9,42,18,26,11,37,15,35,15,19,8,35,15,10,13,23,15,18,17,10,14,15,8,19,11,19,18,9,21
2011,6,100145451,33,23,70,10,30,0,0,8,24,5,15,2,6,4,12,1,3,4,12,9,27,0,6,4,2,3,1,3,4,0,2,1,0,1,0,1,5
2011,6,100145468,21,11,52,10,48,1,5,1,5,3,14,3,14,1,5,5,24,5,24,2,10,1,0,2,2,1,2,3,0,0,1,1,1,0,3,2,2
2011,6,100145484,276,132,48,144,52,17,6,13,5,57,21,25,9,36,13,46,17,26,9,56,20,9,7,32,16,18,20,11,19,8,6,25,9,18,26,15,37
2011,6,100145531,240,115,48,125,52,18,8,22,9,50,21,32,13,20,8,42,18,20,8,36,15,10,14,27,14,8,21,8,13,8,8,23,18,12,21,12,23
2011,6,100145597,267,131,49,136,51,23,9,28,10,50,19,34,13,43,16,43,16,17,6,29,11,15,16,25,16,23,19,6,11,8,12,25,18,20,24,11,18
2011,6,100145603,23,11,48,12,52,0,0,3,13,4,17,4,17,3,13,1,4,3,13,5,22,0,0,3,3,2,0,1,2,0,3,1,1,1,1,2,3
2011,6,100145636,103,56,54,47,46,0,0,1,1,4,4,13,13,17,17,23,22,23,22,22,21,0,0,3,8,12,14,10,9,0,1,1,5,5,9,13,13
2011,6,100145740,317,143,45,174,55,19,6,28,9,39,12,50,16,37,12,39,12,43,14,62,20,12,12,19,24,20,15,21,20,7,16,20,26,17,24,22,42
2011,6,100145757,503,222,44,281,56,50,10,54,11,53,11,65,13,64,13,54,11,84,17,79,16,28,28,27,30,34,27,30,18,22,26,26,35,30,27,54,61
2011,6,100145781,72,36,50,36,50,4,6,10,14,11,15,8,11,12,17,10,14,10,14,7,10,2,7,5,4,8,3,5,2,2,3,6,4,4,7,5,5
2011,6,100145798,266,122,46,144,54,21,8,29,11,45,17,35,13,29,11,49,18,19,7,39,15,9,15,26,20,11,23,8,10,12,14,19,15,18,26,11,29
2011,6,100145820,42,21,50,21,50,3,7,2,5,6,14,5,12,4,10,8,19,6,14,8,19,1,1,4,3,3,3,3,3,2,1,2,2,1,5,3,5
2011,6,100145837,250,120,48,130,52,21,8,23,9,39,16,25,10,33,13,40,16,33,13,36,14,13,14,19,13,16,18,14,13,8,9,20,12,17,22,19,23
2011,6,100145878,47,24,51,23,49,1,2,2,4,8,17,4,9,6,13,11,23,3,6,12,26,1,1,6,2,2,6,2,4,0,1,2,2,4,5,1,8
2011,6,100145900,26,14,54,12,46,3,12,0,0,4,15,0,0,1,4,5,19,4,15,9,35,2,0,1,0,1,3,3,4,1,0,3,0,0,2,1,5
2011,6,100145933,585,279,48,306,52,53,9,52,9,99,17,59,10,64,11,85,15,77,13,96,16,31,27,47,29,31,42,37,35,22,25,52,30,33,43,40,61
2011,6,100145958,118,54,46,64,54,0,0,0,0,0,0,4,3,1,1,1,1,20,17,92,78,0,0,0,4,1,0,14,35,0,0,0,0,0,1,6,57
2011,6,100145966,69,34,49,35,51,12,17,11,16,8,12,6,9,6,9,5,7,10,14,11,16,4,9,5,2,4,3,4,3,8,2,3,4,2,2,6,8
2011,6,100146002,28,17,61,11,39,1,4,4,14,4,14,1,4,4,14,2,7,3,11,9,32,0,3,3,1,2,1,2,5,1,1,1,0,2,1,1,4
2011,6,100146010,27,12,44,15,56,3,11,1,4,1,4,3,11,2,7,5,19,5,19,7,26,0,0,1,2,2,3,1,3,3,1,0,1,0,2,4,4
2011,6,100146027,83,46,55,37,45,4,5,8,10,13,16,9,11,9,11,11,13,15,18,14,17,2,6,7,5,4,4,10,8,2,2,6,4,5,7,5,6
2011,6,100146043,81,46,57,35,43,4,5,5,6,6,7,10,12,5,6,6,7,16,20,29,36,3,3,3,6,3,4,10,14,1,2,3,4,2,2,6,15
2011,6,100146084,512,243,47,269,53,53,10,56,11,71,14,99,19,67,13,71,14,44,9,51,10,28,26,37,50,35,31,19,17,25,30,34,49,32,40,25,34
2011,6,100146115,39,26,67,13,33,2,5,6,15,6,15,2,5,8,21,4,10,6,15,5,13,2,4,5,2,5,2,4,2,0,2,1,0,3,2,2,3
2011,6,100146156,86,41,48,45,52,5,6,4,5,12,14,5,6,11,13,15,17,9,10,25,29,1,2,6,2,7,8,5,10,4,2,6,3,4,7,4,15
2011,6,100146172,1146,530,46,616,54,88,8,103,9,168,15,155,14,156,14,169,15,112,10,195,17,45,51,95,71,74,83,47,64,43,52,73,84,82,86,65,131
2011,6,100146197,71,35,49,36,51,6,8,7,10,9,13,12,17,3,4,10,14,13,18,11,15,5,4,5,6,2,4,6,3,1,3,4,6,1,6,7,8
2011,6,100146211,309,153,50,156,50,23,7,21,7,47,15,33,11,51,17,35,11,35,11,64,21,12,10,28,16,24,18,22,23,11,11,19,17,27,17,13,41
2011,6,100146285,234,125,53,109,47,23,10,12,5,36,15,32,14,31,13,32,14,30,13,38,16,15,6,22,17,20,16,12,17,8,6,14,15,11,16,18,21
2011,6,100146308,128,64,50,64,50,4,3,8,6,11,9,12,9,15,12,19,15,18,14,41,32,3,3,7,8,9,11,7,16,1,5,4,4,6,8,11,25
2011,6,100146340,70,32,46,38,54,4,6,7,10,9,13,7,10,5,7,10,14,10,14,18,26,2,4,5,4,1,5,4,7,2,3,4,3,4,5,6,11
2011,6,100146381,246,108,44,138,56,21,9,14,6,40,16,32,13,32,13,41,17,31,13,35,14,11,6,14,20,13,17,11,16,10,8,26,12,19,24,20,19
2011,6,100146478,74,34,46,40,54,8,11,4,5,13,18,11,15,7,9,8,11,11,15,12,16,6,2,4,5,4,3,6,4,2,2,9,6,3,5,5,8
2011,6,100146500,86,43,50,43,50,6,7,7,8,6,7,8,9,12,14,13,15,17,20,17,20,4,4,2,4,6,9,9,5,2,3,4,4,6,4,8,12
2011,6,100146517,65,35,54,30,46,9,14,12,18,8,12,7,11,9,14,6,9,7,11,7,11,6,7,5,2,6,3,4,2,3,5,3,5,3,3,3,5
2011,6,100146525,34,17,50,17,50,2,6,4,12,1,3,2,6,3,9,4,12,4,12,14,41,0,4,1,1,1,4,1,5,2,0,0,1,2,0,3,9
2011,6,100146590,543,250,46,293,54,44,8,38,7,75,14,50,9,64,12,67,12,60,11,145,27,30,17,42,25,30,34,26,46,14,21,33,25,34,33,34,99
2011,6,100146718,5,,,,,,,,,,,,,,,,,,,,,,,,,,,,,,,,,,,,
2011,6,100146734,74,38,51,36,49,3,4,1,1,12,16,11,15,12,16,12,16,13,18,10,14,2,1,6,7,7,5,8,2,1,0,6,4,5,7,5,8
2011,6,100146767,27,13,48,14,52,1,4,3,11,2,7,5,19,2,7,4,15,3,11,7,26,1,2,1,2,1,2,2,2,0,1,1,3,1,2,1,5
2011,6,100146783,63,28,44,35,56,7,11,5,8,10,16,4,6,13,21,4,6,5,8,15,24,2,1,6,1,7,3,2,6,5,4,4,3,6,1,3,9
2011,6,100146791,5,,,,,,,,,,,,,,,,,,,,,,,,,,,,,,,,,,,,
2011,6,100146814,34,22,65,12,35,1,3,5,15,5,15,4,12,3,9,3,9,7,21,6,18,0,5,4,3,1,3,3,3,1,0,1,1,2,0,4,3
2011,6,100146902,406,186,46,220,54,28,7,29,7,68,17,58,14,60,15,58,14,44,11,61,15,16,14,35,29,32,22,18,20,12,15,33,29,28,36,26,41
2011,6,100146943,1707,786,46,921,54,124,7,155,9,227,13,201,12,223,13,194,11,206,12,377,22,59,83,117,100,127,91,89,120,65,72,110,101,96,103,117,257
2011,6,100147061,128,57,45,71,55,16,13,6,5,19,15,17,13,10,8,10,8,12,9,38,30,7,5,7,10,7,4,5,12,9,1,12,7,3,6,7,26
2011,6,100147086,218,108,50,110,50,8,4,19,9,35,16,24,11,30,14,36,17,24,11,42,19,3,4,19,16,20,17,15,14,5,15,16,8,10,19,9,28
2011,6,100147094,302,138,46,164,54,23,8,15,5,46,15,56,19,30,10,62,21,31,10,39,13,13,6,20,30,16,26,16,11,10,9,26,26,14,36,15,28
2011,6,100147100,159,72,45,87,55,12,8,11,7,15,9,13,8,19,12,26,16,17,11,46,29,8,2,9,6,10,12,8,17,4,9,6,7,9,14,9,29
2011,6,100147125,112,54,48,58,52,11,10,17,15,18,16,16,14,16,14,16,14,3,3,15,13,8,7,8,8,9,11,0,3,3,10,10,8,7,5,3,12
2011,6,100147141,129,64,50,65,50,5,4,6,5,27,21,10,8,14,11,21,16,18,14,28,22,4,3,18,5,6,11,7,10,1,3,9,5,8,10,11,18
2011,6,100147158,103,46,45,57,55,10,10,5,5,22,21,12,12,14,14,12,12,7,7,21,20,4,2,16,6,7,3,2,6,6,3,6,6,7,9,5,15
2011,6,100147166,65,32,49,33,51,7,11,5,8,9,14,8,12,6,9,10,15,5,8,15,23,5,4,5,3,3,4,2,6,2,1,4,5,3,6,3,9
2011,6,100147205,275,132,48,143,52,15,5,19,7,37,13,37,13,29,11,45,16,37,13,56,20,5,11,16,28,14,22,19,17,10,8,21,9,15,23,18,39
2011,6,100147262,136,57,42,79,58,8,6,13,10,28,21,14,10,13,10,25,18,15,11,20,15,4,3,10,11,5,13,7,4,4,10,18,3,8,12,8,16
2011,6,100147287,53,28,53,25,47,4,8,2,4,8,15,1,2,8,15,10,19,9,17,11,21,1,2,6,1,3,6,6,3,3,0,2,0,5,4,3,8
2011,6,100147326,60,31,52,29,48,2,3,4,7,1,2,6,10,11,18,13,22,8,13,15,25,1,3,0,5,8,5,4,5,1,1,1,1,3,8,4,10
2011,6,100147334,307,152,50,155,50,22,7,28,9,48,16,39,13,51,17,33,11,37,12,49,16,12,15,25,22,23,16,20,19,10,13,23,17,28,17,17,30
2011,6,100147367,185,82,44,103,56,11,6,15,8,47,25,9,5,28,15,30,16,12,6,33,18,6,11,26,3,11,14,2,9,5,4,21,6,17,16,10,24
2011,6,100147391,254,123,48,131,52,20,8,17,7,29,11,35,14,23,9,39,15,29,11,62,24,13,8,11,21,13,22,12,23,7,9,18,14,10,17,17,39
2011,6,100147406,59,29,49,30,51,3,5,2,3,8,14,5,8,7,12,15,25,6,10,13,22,2,1,5,3,3,7,5,3,1,1,3,2,4,8,1,10
2011,6,100147471,132,68,52,64,48,6,5,6,5,18,14,18,14,19,14,20,15,11,8,34,26,1,5,12,11,13,9,6,11,5,1,6,7,6,11,5,23
2011,6,100147488,596,290,49,306,51,41,7,47,8,108,18,86,14,76,13,89,15,65,11,84,14,23,28,48,54,35,43,33,26,18,19,60,32,41,46,32,58
2011,6,100147568,143,70,49,73,51,7,5,15,10,20,14,12,8,24,17,15,10,19,13,31,22,4,8,10,6,14,5,9,14,3,7,10,6,10,10,10,17
2011,6,100147584,49,23,47,26,53,7,14,5,10,6,12,5,10,8,16,2,4,7,14,9,18,5,3,0,3,5,1,3,3,2,2,6,2,3,1,4,6
2011,6,100147592,319,134,42,185,58,17,5,15,5,55,17,36,11,33,10,60,19,38,12,65,20,6,8,30,15,14,25,17,19,11,7,25,21,19,35,21,46
2011,6,100147648,309,154,50,155,50,12,4,18,6,28,9,36,12,28,9,58,19,52,17,77,25,7,13,11,22,17,31,27,26,5,5,17,14,11,27,25,51
2011,6,100147672,698,341,49,357,51,70,10,46,7,104,15,98,14,80,11,93,13,99,14,108,15,41,19,48,53,43,45,51,41,29,27,56,45,37,48,48,67
2011,6,100147697,351,180,51,171,49,25,7,35,10,77,22,43,12,53,15,55,16,26,7,37,11,13,18,45,21,30,27,13,13,12,17,32,22,23,28,13,24
2011,6,100147703,37,19,51,18,49,0,0,3,8,10,27,5,14,3,8,6,16,4,11,6,16,0,2,7,4,0,3,2,1,0,1,3,1,3,3,2,5
2011,6,100147777,212,91,43,121,57,16,8,11,5,42,20,26,12,17,8,51,24,12,6,37,17,6,5,24,10,8,21,7,10,10,6,18,16,9,30,5,27
2011,6,100147785,56,32,57,24,43,4,7,2,4,8,14,10,18,5,9,9,16,6,11,12,21,1,1,7,7,3,7,3,3,3,1,1,3,2,2,3,9
2011,6,100147808,381,174,46,207,54,23,6,22,6,74,19,55,14,41,11,88,23,31,8,47,12,10,11,40,31,21,37,16,8,13,11,34,24,20,51,15,39
2011,6,100147824,11,6,55,5,45,0,0,0,0,2,18,0,0,2,18,0,0,1,9,6,55,0,0,1,0,1,0,1,3,0,0,1,0,1,0,0,3
2011,6,100147898,192,92,48,100,52,11,6,14,7,34,18,21,11,26,14,27,14,29,15,30,16,5,9,20,12,12,11,13,10,6,5,14,9,14,16,16,20
2011,6,100147920,210,103,49,107,51,19,9,14,7,34,16,29,14,30,14,30,14,19,9,35,17,11,7,21,15,18,12,8,11,8,7,13,14,12,18,11,24
2011,6,100147961,109,53,49,56,51,4,4,4,4,9,8,6,6,9,8,12,11,16,15,49,45,2,1,5,5,1,10,9,20,2,3,4,1,8,2,7,29
2011,6,100147994,80,41,51,39,49,8,10,9,11,16,20,6,8,12,15,12,15,8,10,9,11,3,4,9,3,6,8,3,5,5,5,7,3,6,4,5,4
2011,6,100148006,89,47,53,42,47,3,3,1,1,14,16,4,4,13,15,14,16,12,13,28,31,2,0,7,3,6,10,6,13,1,1,7,1,7,4,6,15
2011,6,100148014,294,147,50,147,50,18,6,19,6,47,16,40,14,36,12,50,17,28,10,56,19,10,12,24,25,20,26,11,19,8,7,23,15,16,24,17,37
2011,6,100148088,431,203,47,228,53,40,9,21,5,39,9,53,12,55,13,55,13,36,8,132,31,22,11,18,25,30,30,16,51,18,10,21,28,25,25,20,81
2011,6,100148110,495,228,46,267,54,42,8,40,8,71,14,57,12,70,14,54,11,53,11,108,22,17,20,43,25,32,29,26,36,25,20,28,32,38,25,27,72
2011,6,100148207,43,22,51,21,49,4,9,4,9,6,14,8,19,6,14,8,19,3,7,4,9,3,1,3,5,3,4,2,1,1,3,3,3,3,4,1,3
2011,6,100148215,146,62,42,84,58,8,5,13,9,14,10,23,16,18,12,23,16,19,13,28,19,4,3,10,10,11,8,11,5,4,10,4,13,7,15,8,23
2011,6,100148223,318,151,47,167,53,26,8,28,9,56,18,34,11,46,14,51,16,31,10,46,14,17,15,33,18,21,21,15,11,9,13,23,16,25,30,16,35
2011,6,100148248,23,12,52,11,48,0,0,0,0,7,30,1,4,1,4,8,35,3,13,3,13,0,0,3,1,0,6,1,1,0,0,4,0,1,2,2,2
2011,6,100148256,77,40,52,37,48,4,5,9,12,9,12,10,13,7,9,12,16,10,13,16,21,1,6,5,7,7,2,5,7,3,3,4,3,0,10,5,9
2011,6,100148264,482,216,45,266,55,25,5,31,6,80,17,58,12,59,12,80,17,45,9,104,22,16,15,36,33,27,40,18,31,9,16,44,25,32,40,27,73
2011,6,100148303,13,6,46,7,54,1,8,0,0,1,8,1,8,4,31,1,8,1,8,4,31,1,0,0,1,2,1,1,0,0,0,1,0,2,0,0,4
2011,6,100148481,148,70,47,78,53,6,4,8,5,34,23,5,3,26,18,27,18,16,11,26,18,4,2,18,4,11,16,7,8,2,6,16,1,15,11,9,18
2011,6,100148795,254,122,48,132,52,22,9,28,11,52,20,28,11,43,17,23,9,27,11,31,12,11,18,30,12,21,11,10,9,11,10,22,16,22,12,17,22
2011,6,100149073,250,119,48,131,52,13,5,17,7,32,13,29,12,35,14,55,22,23,9,46,18,6,8,16,17,17,29,13,13,7,9,16,12,18,26,10,33
2011,6,100149098,190,86,45,104,55,8,4,11,6,35,18,15,8,35,18,30,16,21,11,35,18,4,5,15,8,17,17,10,10,4,6,20,7,18,13,11,25
2011,6,100149596,287,141,49,146,51,16,6,16,6,56,20,40,14,48,17,51,18,32,11,28,10,10,11,33,24,19,27,14,3,6,5,23,16,29,24,18,25
2011,6,100149780,222,96,43,126,57,14,6,17,8,43,19,23,10,34,15,36,16,11,5,44,20,6,9,21,10,20,12,6,12,8,8,22,13,14,24,5,32
2011,6,100150308,306,157,51,149,49,14,5,18,6,47,15,39,13,50,16,55,18,41,13,42,14,7,14,24,25,26,26,23,12,7,4,23,14,24,29,18,30
2011,6,100150558,313,146,47,167,53,14,4,24,8,41,13,31,10,40,13,61,19,33,11,69,22,10,11,23,17,19,33,12,21,4,13,18,14,21,28,21,48
2011,6,100151174,223,103,46,120,54,9,4,31,14,47,21,13,6,26,12,25,11,36,16,36,16,5,19,21,9,11,15,15,8,4,12,26,4,15,10,21,28
2011,6,100151455,75,40,53,35,47,1,1,2,3,9,12,7,9,14,19,13,17,13,17,16,21,1,1,7,4,10,4,8,5,0,1,2,3,4,9,5,11
2011,6,100151744,407,173,43,234,57,21,5,18,4,57,14,43,11,41,10,77,19,60,15,90,22,9,13,33,20,20,31,25,22,12,5,24,23,21,46,35,68
2011,6,100151953,78,28,36,50,64,3,4,4,5,12,15,6,8,9,12,8,10,13,17,23,29,0,3,6,2,2,3,7,5,3,1,6,4,7,5,6,18
2011,6,100152721,190,79,42,111,58,20,11,12,6,32,17,22,12,29,15,36,19,16,8,23,12,10,6,14,10,10,14,9,6,10,6,18,12,19,22,7,17
2011,6,100152770,82,37,45,45,55,7,9,9,11,16,20,10,12,10,12,18,22,1,1,11,13,3,3,9,5,3,11,1,2,4,6,7,5,7,7,0,9
2011,6,100152883,65,23,35,42,65,3,5,3,5,3,5,8,12,5,8,10,15,13,20,20,31,1,1,2,2,2,2,6,7,2,2,1,6,3,8,7,13
2011,6,100153153,318,160,50,158,50,18,6,24,8,60,19,35,11,42,13,60,19,31,10,48,15,10,11,39,23,20,34,12,11,8,13,21,12,22,26,19,37
2011,6,100153338,91,51,56,40,44,5,5,5,5,17,19,10,11,19,21,15,16,8,9,12,13,3,4,7,6,11,9,7,4,2,1,10,4,8,6,1,8
2011,6,100153506,297,135,45,162,55,17,6,22,7,60,20,33,11,48,16,58,20,17,6,42,14,11,11,32,19,22,25,5,10,6,11,28,14,26,33,12,32
2011,6,100153530,126,59,47,67,53,6,5,7,6,24,19,11,9,19,15,17,13,15,12,27,21,3,2,13,7,11,8,7,8,3,5,11,4,8,9,8,19
2011,6,100154171,145,70,48,75,52,3,2,11,8,29,20,13,9,30,21,37,26,10,7,12,8,2,5,17,7,11,21,3,4,1,6,12,6,19,16,7,8
2011,6,100154532,190,94,49,96,51,11,6,8,4,28,15,27,14,18,9,46,24,23,12,29,15,7,3,14,15,10,25,13,7,4,5,14,12,8,21,10,22
2011,6,100154805,294,137,47,157,53,16,5,32,11,48,16,35,12,40,14,53,18,32,11,38,13,5,18,25,18,19,26,16,10,11,14,23,17,21,27,16,28
2011,6,100154862,63,32,51,31,49,1,2,5,8,11,17,10,16,12,19,8,13,9,14,7,11,0,3,6,7,7,4,3,2,1,2,5,3,5,4,6,5
2011,6,100155702,273,124,45,149,55,14,5,26,10,46,17,19,7,47,17,36,13,35,13,50,18,9,10,28,9,21,19,13,15,5,16,18,10,26,17,22,35
2011,6,100156046,65,33,51,32,49,0,0,3,5,12,18,4,6,11,17,13,20,7,11,15,23,0,1,7,2,6,7,4,6,0,2,5,2,5,6,3,9
2011,6,100156167,208,99,48,109,52,9,4,24,12,36,17,21,10,23,11,31,15,23,11,41,20,6,13,22,11,12,14,13,8,3,11,14,10,11,17,10,33
2011,6,100156577,213,100,47,113,53,13,6,19,9,32,15,21,10,28,13,48,23,17,8,35,16,9,5,16,13,14,28,8,7,4,14,16,8,14,20,9,28
2011,6,100156970,222,107,48,115,52,9,4,23,10,38,17,25,11,27,12,39,18,18,8,43,19,6,12,19,14,13,23,9,11,3,11,19,11,14,16,9,32
2011,6,100157634,72,36,50,36,50,5,7,1,1,6,8,7,10,12,17,12,17,12,17,17,24,3,1,4,6,7,7,3,5,2,0,2,1,5,5,9,12
2011,6,100158082,34,16,47,18,53,3,9,1,3,6,18,5,15,1,3,3,9,8,24,7,21,0,1,4,3,0,2,3,3,3,0,2,2,1,1,5,4
2011,6,100158396,156,76,49,80,51,6,4,17,11,25,16,16,10,38,24,16,10,15,10,23,15,2,7,16,12,19,6,6,8,4,10,9,4,19,10,9,15
2011,6,100158611,43,24,56,19,44,1,2,13,30,13,30,4,9,1,2,5,12,3,7,3,7,1,7,6,4,0,4,2,0,0,6,7,0,1,1,1,3
2011,6,100158693,23,13,57,10,43,1,4,0,0,5,22,3,13,1,4,5,22,2,9,6,26,1,0,3,2,1,3,0,3,0,0,2,1,0,2,2,3
2011,6,100158724,101,46,46,55,54,6,6,13,13,12,12,8,8,18,18,13,13,9,9,22,22,2,8,7,2,10,7,5,5,4,5,5,6,8,6,4,17
2011,6,100158740,21,11,52,10,48,0,0,1,5,1,5,4,19,2,10,6,29,2,10,5,24,0,1,1,3,1,3,1,1,0,0,0,1,1,3,1,4
2011,6,100158861,559,263,47,296,53,37,7,63,11,95,17,65,12,86,15,76,14,57,10,80,14,22,35,50,29,38,37,24,28,15,28,45,36,48,39,33,52
2011,6,100158941,109,53,49,56,51,5,5,6,6,10,9,19,17,10,9,23,21,13,12,23,21,2,4,7,10,6,12,8,4,3,2,3,9,4,11,5,19
2011,6,100159027,92,47,51,45,49,5,5,8,9,14,15,14,15,8,9,18,20,12,13,13,14,4,6,9,6,5,8,5,4,1,2,5,8,3,10,7,9
2011,6,100159092,774,337,44,437,56,46,6,50,6,116,15,99,13,96,12,126,16,97,13,144,19,19,22,55,51,52,58,40,40,27,28,61,48,44,68,57,104
2011,6,100159203,589,286,49,303,51,51,9,50,8,86,15,79,13,81,14,86,15,59,10,97,16,33,26,51,38,37,44,22,35,18,24,35,41,44,42,37,62
2011,6,100159211,365,176,48,189,52,24,7,20,5,63,17,44,12,54,15,76,21,35,10,49,13,13,9,35,28,22,38,12,19,11,11,28,16,32,38,23,30
2011,6,100159357,243,113,47,130,53,15,6,25,10,26,11,33,14,34,14,25,10,33,14,52,21,10,10,15,17,17,12,17,15,5,15,11,16,17,13,16,37
2011,6,100159445,353,150,42,203,58,17,5,34,10,62,18,37,10,51,14,54,15,28,8,70,20,10,21,28,17,23,23,12,16,7,13,34,20,28,31,16,54
2011,6,100159494,1955,870,45,1085,55,126,6,142,7,300,15,179,9,252,13,265,14,222,11,469,24,56,68,155,89,126,124,105,147,70,74,145,90,126,141,117,322
2011,6,100159566,40,23,58,17,43,3,8,1,3,3,8,4,10,6,15,7,18,7,18,9,23,2,1,1,3,5,4,3,4,1,0,2,1,1,3,4,5
2011,6,100159621,125,62,50,63,50,9,7,12,10,30,24,13,10,17,14,18,14,10,8,16,13,4,6,18,7,7,10,4,6,5,6,12,6,10,8,6,10
2011,6,100159742,95,47,49,48,51,2,2,3,3,22,23,5,5,9,9,21,22,13,14,20,21,0,1,16,2,4,13,5,6,2,2,6,3,5,8,8,14
2011,6,100159902,60,28,47,32,53,8,13,6,10,10,17,12,20,4,7,5,8,5,8,10,17,4,3,3,7,3,4,1,3,4,3,7,5,1,1,4,7
2011,6,100159910,723,320,44,403,56,38,5,66,9,122,17,83,11,112,15,105,15,83,11,114,16,22,35,56,40,51,47,37,32,16,31,66,43,61,58,46,82
2011,6,100159976,272,122,45,150,55,13,5,13,5,37,14,27,10,33,12,38,14,42,15,69,25,9,6,19,14,18,19,13,24,4,7,18,13,15,19,29,45
2011,6,100160013,584,264,45,320,55,35,6,51,9,96,16,65,11,89,15,76,13,80,14,92,16,17,21,53,33,41,36,35,28,18,30,43,32,48,40,45,64
2011,6,100160070,311,145,47,166,53,30,10,27,9,50,16,34,11,39,13,37,12,36,12,58,19,14,17,30,19,17,17,15,16,16,10,20,15,22,20,21,42
2011,6,100160407,188,81,43,107,57,10,5,9,5,39,21,15,8,28,15,30,16,27,14,30,16,5,2,16,11,16,13,10,8,5,7,23,4,12,17,17,22
2011,6,100160593,649,307,47,342,53,37,6,50,8,115,18,58,9,88,14,84,13,68,10,149,23,23,26,60,31,50,35,34,48,14,24,55,27,38,49,34,101
2011,6,100160745,638,312,49,326,51,46,7,49,8,99,16,71,11,97,15,84,13,82,13,110,17,23,33,50,37,57,44,33,35,23,16,49,34,40,40,49,75
2011,6,100160905,351,161,46,190,54,21,6,26,7,59,17,48,14,43,12,53,15,38,11,63,18,10,12,30,27,21,25,19,17,11,14,29,21,22,28,19,46
2011,6,100161216,287,132,46,155,54,25,9,27,9,50,17,36,13,36,13,37,13,30,10,46,16,12,15,25,20,20,16,13,11,13,12,25,16,16,21,17,35
2011,6,100161265,100,51,51,49,49,5,5,7,7,19,19,15,15,14,14,14,14,9,9,17,17,3,3,9,9,9,8,4,6,2,4,10,6,5,6,5,11
2011,6,100161378,248,117,47,131,53,18,7,12,5,44,18,38,15,34,14,27,11,29,12,46,19,9,5,21,22,22,9,15,14,9,7,23,16,12,18,14,32
2011,6,100161505,463,228,49,235,51,33,7,31,7,86,19,44,10,63,14,92,20,51,11,63,14,21,21,40,25,35,44,25,17,12,10,46,19,28,48,26,46
2011,6,100161521,157,73,46,84,54,15,10,15,10,25,16,11,7,34,22,17,11,13,8,27,17,6,7,11,7,17,9,6,10,9,8,14,4,17,8,7,17
2011,6,100161691,49,22,45,27,55,1,2,2,4,10,20,1,2,3,6,12,24,6,12,14,29,0,1,6,0,2,5,4,4,1,1,4,1,1,7,2,10
2011,6,100161755,61,27,44,34,56,2,3,7,11,7,11,5,8,12,20,8,13,6,10,14,23,1,4,3,2,6,5,1,5,1,3,4,3,6,3,5,9
2011,6,100161810,451,231,51,220,49,27,6,31,7,93,21,51,11,77,17,84,19,39,9,49,11,15,17,55,33,33,43,24,11,12,14,38,18,44,41,15,38
2011,6,100161892,128,62,48,66,52,8,6,13,10,35,27,11,9,22,17,19,15,4,3,16,13,4,5,15,8,13,11,3,3,4,8,20,3,9,8,1,13
2011,6,100161907,86,45,52,41,48,3,3,5,6,18,21,11,13,7,8,15,17,19,22,8,9,1,4,11,5,5,7,8,4,2,1,7,6,2,8,11,4
2011,6,100161956,34,16,47,18,53,1,3,2,6,4,12,9,26,1,3,7,21,5,15,5,15,1,1,1,7,0,4,2,0,0,1,3,2,1,3,3,5
2011,6,100162041,134,64,48,70,52,14,10,8,6,27,20,11,8,20,15,18,13,13,10,23,17,9,5,15,5,9,9,5,7,5,3,12,6,11,9,8,16
2011,6,100162283,81,38,47,43,53,1,1,6,7,10,12,9,11,8,10,16,20,6,7,25,31,0,3,7,6,3,9,4,6,1,3,3,3,5,7,2,19
2011,6,100162468,296,141,48,155,52,15,5,30,10,51,17,25,8,57,19,36,12,27,9,55,19,6,16,28,13,32,17,11,18,9,14,23,12,25,19,16,37
2011,6,100162564,92,48,52,44,48,11,12,11,12,10,11,16,17,18,20,10,11,10,11,6,7,7,5,4,10,8,5,6,3,4,6,6,6,10,5,4,3
2011,6,100162572,387,194,50,193,50,34,9,29,7,63,16,56,14,59,15,53,14,23,6,70,18,19,17,32,31,30,30,10,25,15,12,31,25,29,23,13,45
2011,6,100162611,46,21,46,25,54,3,7,1,2,8,17,6,13,5,11,12,26,7,15,4,9,1,0,3,3,1,7,2,4,2,1,5,3,4,5,5,0
2011,6,100162644,82,44,54,38,46,8,10,6,7,7,9,17,21,14,17,13,16,9,11,8,10,2,2,6,7,7,10,5,5,6,4,1,10,7,3,4,3
2011,6,100162660,93,40,43,53,57,1,1,6,6,24,26,9,10,14,15,18,19,3,3,18,19,1,3,10,6,5,8,2,5,0,3,14,3,9,10,1,13
2011,6,100162685,107,47,44,60,56,6,6,8,7,20,19,20,19,9,8,19,18,12,11,13,12,5,1,10,11,4,7,4,5,1,7,10,9,5,12,8,8
2011,6,100162716,139,71,51,68,49,6,4,9,6,22,16,13,9,22,16,29,21,20,14,18,13,3,6,8,8,13,14,12,7,3,3,14,5,9,15,8,11
2011,6,100162724,56,25,45,31,55,3,5,3,5,5,9,12,21,8,14,11,20,5,9,9,16,1,1,1,7,3,7,1,4,2,2,4,5,5,4,4,5
2011,6,100162740,13,6,46,7,54,1,8,1,8,3,23,3,23,0,0,2,15,0,0,3,23,1,0,1,2,0,1,0,1,0,1,2,1,0,1,0,2
2011,6,100162757,35,15,43,20,57,1,3,0,0,7,20,2,6,5,14,7,20,6,17,7,20,1,0,2,0,3,3,4,2,0,0,5,2,2,4,2,5
2011,6,100162765,49,31,63,18,37,2,4,4,8,10,20,5,10,9,18,7,14,5,10,7,14,1,4,6,4,4,4,3,5,1,0,4,1,5,3,2,2
2011,6,100162798,270,143,53,127,47,28,10,13,5,48,18,37,14,28,10,43,16,30,11,43,16,20,6,28,21,15,26,13,14,8,7,20,16,13,17,17,29
2011,6,100162886,739,362,49,377,51,51,7,64,9,114,15,87,12,104,14,114,15,77,10,128,17,30,37,70,39,53,56,37,40,21,27,44,48,51,58,40,88
2011,6,100162917,1099,481,44,618,56,74,7,76,7,165,15,148,13,131,12,160,15,146,13,199,18,35,34,81,76,65,68,58,64,39,42,84,72,66,92,88,135
2011,6,100162982,503,220,44,283,56,32,6,34,7,90,18,55,11,62,12,69,14,69,14,92,18,15,12,49,28,30,32,26,28,17,22,41,27,32,37,43,64
2011,6,100163002,370,165,45,205,55,25,7,48,13,61,16,38,10,39,11,49,13,44,12,66,18,10,25,29,24,18,20,21,18,15,23,32,14,21,29,23,48
2011,6,100163068,641,300,47,341,53,54,8,50,8,95,15,88,14,80,12,93,15,81,13,100,16,24,30,48,50,41,44,38,25,30,20,47,38,39,49,43,75
2011,6,100163164,869,380,44,489,56,57,7,76,9,135,16,86,10,97,11,133,15,77,9,208,24,28,37,65,43,46,54,38,69,29,39,70,43,51,79,39,139
2011,6,100163180,301,147,49,154,51,20,7,11,4,64,21,32,11,48,16,41,14,35,12,50,17,11,4,33,20,26,21,15,17,9,7,31,12,22,20,20,33
2011,6,100163228,280,142,51,138,49,14,5,17,6,45,16,33,12,38,14,51,18,33,12,49,18,10,10,28,19,22,25,15,13,4,7,17,14,16,26,18,36
2011,6,100163308,930,431,46,499,54,67,7,66,7,143,15,116,12,130,14,128,14,120,13,160,17,35,26,65,59,75,55,59,57,32,40,78,57,55,73,61,103
2011,6,100163324,1381,649,47,732,53,122,9,111,8,189,14,196,14,205,15,180,13,134,10,244,18,61,54,102,99,111,83,63,76,61,57,87,97,94,97,71,168
2011,6,100163357,558,276,49,282,51,37,7,47,8,81,15,72,13,65,12,97,17,61,11,98,18,18,28,44,40,33,55,26,32,19,19,37,32,32,42,35,66
2011,6,100163365,65,34,52,31,48,5,8,9,14,2,3,11,17,11,17,4,6,12,18,11,17,5,4,2,3,8,2,4,6,0,5,0,8,3,2,8,5
2011,6,100163373,79,36,46,43,54,5,6,3,4,11,14,12,15,7,9,15,19,5,6,21,27,3,2,3,6,4,9,3,6,2,1,8,6,3,6,2,15
2011,6,100163412,86,42,49,44,51,7,8,8,9,12,14,13,15,8,9,14,16,9,10,15,17,3,6,6,9,3,6,6,3,4,2,6,4,5,8,3,12
2011,6,100163420,27,15,56,12,44,3,11,1,4,4,15,5,19,2,7,5,19,4,15,3,11,0,0,3,3,2,3,2,2,3,1,1,2,0,2,2,1
2011,6,100163437,89,44,49,45,51,10,11,5,6,10,11,8,9,16,18,12,13,11,12,17,19,5,4,5,4,11,5,5,5,5,1,5,4,5,7,6,12
2011,6,100163453,814,363,45,451,55,67,8,59,7,131,16,97,12,112,14,132,16,82,10,134,16,26,33,61,60,51,53,40,39,41,26,70,37,61,79,42,95
2011,6,100163486,215,97,45,118,55,16,7,12,6,44,20,21,10,28,13,38,18,21,10,35,16,9,9,16,12,14,16,10,11,7,3,28,9,14,22,11,24
2011,6,100164117,907,395,44,512,56,59,7,78,9,160,18,75,8,107,12,156,17,95,10,177,20,31,28,85,34,47,71,53,46,28,50,75,41,60,85,42,131
2011,6,100164133,184,88,48,96,52,5,3,7,4,38,21,23,13,19,10,43,23,21,11,28,15,2,2,19,11,9,24,9,12,3,5,19,12,10,19,12,16
2011,6,100164623,172,77,45,95,55,10,6,5,3,31,18,18,10,14,8,43,25,15,9,36,21,6,3,13,6,6,21,10,12,4,2,18,12,8,22,5,24
2011,6,100165096,325,149,46,176,54,20,6,27,8,67,21,36,11,30,9,64,20,24,7,57,18,8,19,35,20,15,27,10,15,12,8,32,16,15,37,14,42
2011,6,100165248,159,72,45,87,55,11,7,9,6,27,17,23,14,14,9,31,19,20,13,24,15,3,4,12,14,6,16,10,7,8,5,15,9,8,15,10,17
2011,6,100165272,71,34,48,37,52,2,3,7,10,6,8,5,7,8,11,9,13,14,20,20,28,0,5,4,2,4,5,7,7,2,2,2,3,4,4,7,13
2011,6,100165641,87,44,51,43,49,8,9,7,8,11,13,12,14,11,13,16,18,7,8,15,17,3,3,7,7,8,9,2,5,5,4,4,5,3,7,5,10
2011,6,100165658,184,84,46,100,54,11,6,19,10,25,14,15,8,27,15,40,22,20,11,27,15,6,8,13,7,16,19,9,6,5,11,12,8,11,21,11,21
2011,6,100166434,306,139,45,167,55,26,8,31,10,39,13,38,12,47,15,49,16,40,13,36,12,10,15,21,22,18,22,19,12,16,16,18,16,29,27,21,24
2011,6,100167042,71,31,44,40,56,2,3,5,7,6,8,7,10,8,11,13,18,10,14,20,28,0,3,2,5,4,7,4,6,2,2,4,2,4,6,6,14
2011,6,100167091,812,378,47,434,53,41,5,72,9,121,15,77,9,123,15,137,17,81,10,160,20,24,37,66,39,59,68,34,51,17,35,55,38,64,69,47,109
2011,6,100167315,103,46,45,57,55,11,11,16,16,16,16,14,14,14,14,8,8,6,6,18,17,7,6,8,10,6,3,1,5,4,10,8,4,8,5,5,13
2011,6,100168108,236,109,46,127,54,25,11,20,8,36,15,21,9,28,12,36,15,32,14,38,16,12,10,20,8,13,18,16,12,13,10,16,13,15,18,16,26
2011,6,100168583,295,144,49,151,51,20,7,24,8,60,20,35,12,51,17,41,14,30,10,34,12,11,14,28,18,27,21,13,12,9,10,32,17,24,20,17,22
2011,6,100168630,141,66,47,75,53,7,5,10,7,22,16,8,6,19,13,21,15,10,7,44,31,4,3,14,4,6,14,7,14,3,7,8,4,13,7,3,30
2011,6,100168911,89,38,43,51,57,3,3,5,6,10,11,10,11,10,11,10,11,16,18,25,28,2,2,5,7,4,4,5,9,1,3,5,3,6,6,11,16
2011,6,100169005,156,77,49,79,51,9,6,20,13,19,12,24,15,24,15,13,8,21,13,26,17,6,10,11,15,12,5,10,8,3,10,8,9,12,8,11,18
2011,6,100169021,204,103,50,101,50,14,7,17,8,41,20,21,10,29,14,34,17,22,11,26,13,11,9,20,11,17,19,9,7,3,8,21,10,12,15,13,19
2011,6,100170032,200,93,47,107,54,6,3,11,6,45,23,14,7,22,11,42,21,19,10,41,21,2,5,21,13,7,21,13,11,4,6,24,1,15,21,6,30
2011,6,100170104,112,45,40,67,60,6,5,8,7,23,21,13,12,8,7,25,22,8,7,21,19,4,5,6,7,3,10,5,5,2,3,17,6,5,15,3,16
2011,6,100170112,59,30,51,29,49,3,5,5,8,11,19,3,5,7,12,13,22,2,3,15,25,1,1,7,3,3,7,2,6,2,4,4,0,4,6,0,9
2011,6,100170186,104,42,40,62,60,2,2,13,13,14,13,9,9,11,11,21,20,18,17,16,15,1,5,9,3,6,7,7,4,1,8,5,6,5,14,11,12
2011,6,100170530,69,34,49,35,51,1,1,7,10,15,22,2,3,16,23,12,17,7,10,9,13,1,3,7,1,6,9,3,4,0,4,8,1,10,3,4,5
2011,6,100170723,254,130,51,124,49,15,6,24,9,44,17,32,13,24,9,53,21,28,11,34,13,6,13,25,20,13,28,14,11,9,11,19,12,11,25,14,23
2011,6,100171227,165,67,41,98,59,11,7,12,7,34,21,18,11,20,12,38,23,7,4,25,15,3,4,15,7,9,17,4,8,8,8,19,11,11,21,3,17
2011,6,100171524,151,73,48,78,52,11,7,12,8,31,21,24,16,17,11,27,18,17,11,12,8,7,7,15,15,8,12,7,2,4,5,16,9,9,15,10,10
2011,6,100171612,47,24,51,23,49,2,4,5,11,2,4,4,9,8,17,6,13,10,21,10,21,0,4,1,3,5,4,4,3,2,1,1,1,3,2,6,7
2011,6,100171975,131,58,44,73,56,7,5,16,12,31,24,8,6,15,11,19,15,14,11,21,16,3,7,14,7,4,11,6,6,4,9,17,1,11,8,8,15
2011,6,100172052,199,93,47,106,53,12,6,17,9,34,17,21,11,21,11,42,21,20,10,32,16,3,14,20,11,9,21,8,7,9,3,14,10,12,21,12,25
2011,6,100172550,183,81,44,102,56,9,5,19,10,28,15,28,15,16,9,35,19,21,11,27,15,2,10,12,13,7,17,9,11,7,9,16,15,9,18,12,16
2011,6,100172655,33,16,48,17,52,0,0,3,9,1,3,0,0,3,9,3,9,9,27,14,42,0,2,1,0,2,1,4,6,0,1,0,0,1,2,5,8
2011,6,100172702,5,,,,,,,,,,,,,,,,,,,,,,,,,,,,,,,,,,,,
2011,6,100172710,47,27,57,20,43,4,9,3,6,5,11,8,17,8,17,9,19,4,9,6,13,2,2,3,4,6,4,4,2,2,1,2,4,2,5,0,4
2011,6,100172743,5,,,,,,,,,,,,,,,,,,,,,,,,,,,,,,,,,,,,
2011,6,100172751,11,7,64,4,36,0,0,1,9,3,27,1,9,3,27,1,9,0,0,2,18,0,1,2,1,1,1,0,1,0,0,1,0,2,0,0,1
2011,6,100172768,5,,,,,,,,,,,,,,,,,,,,,,,,,,,,,,,,,,,,
2011,6,100172776,14,6,43,8,57,1,7,1,7,0,0,3,21,1,7,1,7,4,29,3,21,1,1,0,1,0,1,2,0,0,0,0,2,1,0,2,3
2011,6,100172784,5,,,,,,,,,,,,,,,,,,,,,,,,,,,,,,,,,,,,
2011,6,100172792,5,,,,,,,,,,,,,,,,,,,,,,,,,,,,,,,,,,,,
2011,6,100172807,14,9,64,5,36,1,7,1,7,1,7,2,14,3,21,2,14,1,7,3,21,0,1,1,1,2,1,0,3,1,0,0,1,1,1,1,0
2011,6,100172815,14,8,57,6,43,0,0,2,14,1,7,0,0,3,21,1,7,3,21,4,29,0,1,1,0,1,1,2,2,0,1,0,0,2,0,1,2
2011,6,100172823,5,,,,,,,,,,,,,,,,,,,,,,,,,,,,,,,,,,,,
2011,6,100172831,5,,,,,,,,,,,,,,,,,,,,,,,,,,,,,,,,,,,,
2011,6,100172848,13,7,54,6,46,0,0,1,8,1,8,2,15,4,31,1,8,1,8,3,23,0,1,1,1,3,0,0,1,0,0,0,1,1,1,1,2
2011,6,100172856,15,8,53,7,47,3,20,0,0,0,0,5,33,0,0,2,13,2,13,3,20,3,0,0,3,0,1,1,0,0,0,0,2,0,1,1,3
2011,6,100172864,19,10,53,9,47,0,0,2,11,1,5,2,11,6,32,1,5,3,16,4,21,0,0,1,2,3,1,1,2,0,2,0,0,3,0,2,2
2011,6,100172872,19,6,32,13,68,2,11,0,0,1,5,4,21,1,5,1,5,3,16,7,37,1,0,1,2,1,0,1,0,1,0,0,2,0,1,2,7
2011,6,100172880,27,11,41,16,59,0,0,0,0,4,15,3,11,5,19,7,26,3,11,5,19,0,0,2,2,2,4,0,1,0,0,2,1,3,3,3,4
2011,6,100172897,21,12,57,9,43,2,10,2,10,4,19,1,5,3,14,6,29,1,5,2,10,1,0,3,1,1,4,1,1,1,2,1,0,2,2,0,1
2011,6,100172911,16,10,63,6,38,0,0,0,0,1,6,1,6,0,0,2,13,5,31,7,44,0,0,1,1,0,1,4,3,0,0,0,0,0,1,1,4
2011,6,100172928,5,,,,,,,,,,,,,,,,,,,,,,,,,,,,,,,,,,,,
2011,6,100172936,13,7,54,6,46,2,15,2,15,0,0,2,15,0,0,0,0,3,23,4,31,2,1,0,1,0,0,1,2,0,1,0,1,0,0,2,2
2011,6,100172944,5,,,,,,,,,,,,,,,,,,,,,,,,,,,,,,,,,,,,
2011,6,100172960,14,5,36,9,64,2,14,2,14,2,14,3,21,2,14,2,14,1,7,0,0,0,1,1,1,1,1,0,0,2,1,1,2,1,1,1,0
2011,6,100172977,23,11,48,12,52,1,4,2,9,1,4,3,13,0,0,5,22,4,17,7,30,1,1,0,2,0,2,2,3,0,1,1,1,0,3,2,4
2011,6,100172985,5,,,,,,,,,,,,,,,,,,,,,,,,,,,,,,,,,,,,
2011,6,100172993,14,6,43,8,57,0,0,2,14,1,7,1,7,0,0,3,21,3,21,4,29,0,2,0,0,0,1,1,2,0,0,1,1,0,2,2,2
2011,6,100173005,21,9,43,12,57,2,10,0,0,2,10,2,10,3,14,3,14,2,10,7,33,2,0,0,1,2,1,1,2,0,0,2,1,1,2,1,5
2011,6,100173013,5,,,,,,,,,,,,,,,,,,,,,,,,,,,,,,,,,,,,
2011,6,100173021,474,213,45,261,55,49,10,38,8,74,16,61,13,57,12,72,15,59,12,64,14,24,17,33,32,29,35,25,18,25,21,41,29,28,37,34,46
2011,6,100173038,22,11,50,11,50,1,5,2,9,4,18,1,5,5,23,1,5,4,18,4,18,0,2,2,0,3,1,2,1,1,0,2,1,2,0,2,3
2011,6,100173046,5,,,,,,,,,,,,,,,,,,,,,,,,,,,,,,,,,,,,
2011,6,100173054,19,10,53,9,47,0,0,2,11,1,5,2,11,2,11,2,11,3,16,7,37,0,1,0,1,2,1,2,3,0,1,1,1,0,1,1,4
2011,6,100173062,77,38,49,39,51,4,5,5,6,13,17,5,6,8,10,10,13,19,25,13,17,0,2,8,3,5,6,9,5,4,3,5,2,3,4,10,8
2011,6,100173070,5,,,,,,,,,,,,,,,,,,,,,,,,,,,,,,,,,,,,
2011,6,100173087,5,,,,,,,,,,,,,,,,,,,,,,,,,,,,,,,,,,,,
2011,6,100173095,5,,,,,,,,,,,,,,,,,,,,,,,,,,,,,,,,,,,,
2011,6,100173118,51,27,53,24,47,3,6,3,6,7,14,3,6,10,20,8,16,6,12,11,22,2,2,4,2,5,5,5,2,1,1,3,1,5,3,1,9
2011,6,100173126,5,,,,,,,,,,,,,,,,,,,,,,,,,,,,,,,,,,,,
2011,6,100173134,70,32,46,38,54,6,9,6,9,5,7,11,16,4,6,13,19,12,17,13,19,4,3,2,5,3,6,5,4,2,3,3,6,1,7,7,9
2011,6,100173456,295,142,48,153,52,20,7,31,11,54,18,32,11,50,17,46,16,24,8,38,13,10,16,29,17,26,20,11,13,10,15,25,15,24,26,13,25
2011,6,100173681,284,134,47,150,53,22,8,26,9,48,17,41,14,44,15,42,15,26,9,35,12,10,14,24,20,22,23,13,8,12,12,24,21,22,19,13,27
2011,6,100173921,302,143,47,159,53,27,9,35,12,36,12,51,17,40,13,46,15,30,10,37,12,14,17,21,24,24,21,11,11,13,18,15,27,16,25,19,26
2011,6,100174320,225,104,46,121,54,7,3,19,8,34,15,30,13,25,11,38,17,31,14,41,18,4,9,16,15,12,21,14,13,3,10,18,15,13,17,17,28
2011,6,100174466,337,156,46,181,54,17,5,38,11,56,17,33,10,54,16,54,16,41,12,44,13,6,19,31,20,24,24,18,14,11,19,25,13,30,30,23,30
2011,6,100175515,311,153,49,158,51,22,7,21,7,44,14,41,13,45,14,55,18,32,10,51,16,7,13,32,24,26,25,15,11,15,8,12,17,19,30,17,40
2011,6,100175933,251,121,48,130,52,15,6,19,8,49,20,27,11,39,16,48,19,18,7,36,14,10,10,29,16,20,19,9,8,5,9,20,11,19,29,9,28
2011,6,100176228,330,150,45,180,55,23,7,37,11,41,12,47,14,49,15,60,18,38,12,35,11,11,19,22,23,16,33,18,8,12,18,19,24,33,27,20,27
2011,6,100176558,188,92,49,96,51,15,8,13,7,24,13,33,18,25,13,25,13,23,12,30,16,8,7,12,18,13,12,10,12,7,6,12,15,12,13,13,18
2011,6,100177053,203,98,48,105,52,13,6,18,9,28,14,36,18,25,12,34,17,17,8,32,16,7,7,13,22,13,16,9,11,6,11,15,14,12,18,8,21
2011,6,100177205,219,115,53,104,47,15,7,18,8,43,20,27,12,27,12,47,21,21,10,21,10,8,12,28,17,10,23,8,9,7,6,15,10,17,24,13,12
2011,6,100177898,199,93,47,106,53,17,9,19,10,41,21,17,9,31,16,28,14,10,5,36,18,9,10,18,10,15,15,3,13,8,9,23,7,16,13,7,23
2011,6,100178143,509,241,47,268,53,30,6,42,8,81,16,47,9,71,14,93,18,48,9,97,19,16,21,51,24,36,47,22,24,14,21,30,23,35,46,26,73
2011,6,100178578,192,97,51,95,49,13,7,19,10,38,20,25,13,17,9,28,15,21,11,31,16,8,11,20,15,9,13,12,9,5,8,18,10,8,15,9,22
2011,6,100178641,60,32,53,28,47,2,3,3,5,11,18,1,2,11,18,11,18,8,13,13,22,1,1,8,0,6,8,3,5,1,2,3,1,5,3,5,8
2011,6,100178738,83,36,43,47,57,3,4,3,4,10,12,9,11,11,13,17,20,12,14,18,22,2,2,7,4,4,6,6,5,1,1,3,5,7,11,6,13
2011,6,100178770,54,24,44,30,56,3,6,5,9,4,7,5,9,8,15,9,17,6,11,14,26,2,2,3,3,3,4,3,4,1,3,1,2,5,5,3,10
2011,6,100178867,348,159,46,189,54,28,8,27,8,47,14,51,15,49,14,51,15,45,13,50,14,14,19,20,22,21,27,22,14,14,8,27,29,28,24,23,36
2011,6,100178996,2440,1112,46,1328,54,185,8,170,7,319,13,257,11,353,14,385,16,312,13,459,19,104,92,159,132,158,190,141,136,81,78,160,125,195,195,171,323
2011,6,100179370,245,121,49,124,51,15,6,11,4,53,22,21,9,38,16,44,18,24,10,39,16,9,6,26,18,20,23,8,11,6,5,27,3,18,21,16,28
2011,6,100179627,26,13,50,13,50,0,0,4,15,2,8,2,8,7,27,3,12,3,12,5,19,0,3,1,1,4,2,1,1,0,1,1,1,3,1,2,4
2011,6,100179715,5,,,,,,,,,,,,,,,,,,,,,,,,,,,,,,,,,,,,
2011,6,100179828,303,147,49,156,51,22,7,14,5,51,17,37,12,38,13,40,13,47,16,54,18,9,6,29,24,19,17,24,19,13,8,22,13,19,23,23,35
2011,6,100179998,312,138,44,174,56,26,8,23,7,43,14,51,16,46,15,54,17,41,13,28,9,9,11,21,19,26,25,16,11,17,12,22,32,20,29,25,17
2011,6,100180236,232,98,42,134,58,17,7,23,10,43,19,32,14,34,15,34,15,24,10,25,11,8,6,15,21,16,18,7,7,9,17,28,11,18,16,17,18
2011,6,100180412,192,90,47,102,53,18,9,2,1,30,16,25,13,14,7,39,20,33,17,31,16,9,0,14,14,10,19,16,8,9,2,16,11,4,20,17,23
2011,6,100180646,343,168,49,175,51,22,6,26,8,58,17,42,12,46,13,55,16,40,12,54,16,12,15,34,26,24,23,21,13,10,11,24,16,22,32,19,41
2011,6,100181037,191,82,43,109,57,8,4,10,5,32,17,20,10,32,17,28,15,25,13,36,19,3,5,14,11,16,13,8,12,5,5,18,9,16,15,17,24
2011,6,100181125,256,125,49,131,51,14,5,27,11,57,22,30,12,39,15,46,18,20,8,23,9,7,12,25,18,16,26,13,8,7,15,32,12,23,20,7,15
2011,6,100181287,152,75,49,77,51,6,4,15,10,14,9,14,9,20,13,25,16,20,13,38,25,4,6,9,8,11,11,14,12,2,9,5,6,9,14,6,26
2011,6,100181535,91,45,49,46,51,3,3,13,14,14,15,13,14,17,19,6,7,11,12,14,15,1,8,7,7,9,3,5,5,2,5,7,6,8,3,6,9
2011,6,100181711,353,176,50,177,50,23,7,39,11,68,19,31,9,55,16,50,14,40,11,47,13,11,25,41,18,26,23,18,14,12,14,27,13,29,27,22,33
2011,6,100181752,114,50,44,64,56,8,7,8,7,11,10,14,12,12,11,27,24,12,11,22,19,3,4,5,7,6,15,6,4,5,4,6,7,6,12,6,18
2011,6,100181785,264,135,51,129,49,26,10,27,10,56,21,23,9,40,15,35,13,21,8,36,14,16,11,31,15,19,17,8,18,10,16,25,8,21,18,13,18
2011,6,100181840,259,128,49,131,51,29,11,23,9,52,20,36,14,25,10,45,17,35,14,14,5,18,12,26,19,12,21,18,2,11,11,26,17,13,24,17,12
2011,6,100182215,292,132,45,160,55,13,4,19,7,49,17,43,15,39,13,54,18,29,10,46,16,5,8,24,25,22,24,14,10,8,11,25,18,17,30,15,36
2011,6,100182473,71,36,51,35,49,7,10,5,7,15,21,8,11,8,11,13,18,8,11,7,10,6,2,9,4,4,6,4,1,1,3,6,4,4,7,4,6
2011,6,100182512,277,137,49,140,51,20,7,23,8,44,16,23,8,44,16,46,17,37,13,40,14,8,15,25,13,25,20,22,9,12,8,19,10,19,26,15,31
2011,6,100182754,784,365,47,419,53,46,6,69,9,98,13,79,10,95,12,123,16,87,11,187,24,25,42,47,45,51,55,45,55,21,27,51,34,44,68,42,132
2011,6,100182826,397,182,46,215,54,19,5,22,6,76,19,54,14,58,15,77,19,40,10,51,13,3,13,42,34,29,27,15,19,16,9,34,20,29,50,25,32
2011,6,100183057,76,31,41,45,59,2,3,4,5,16,21,7,9,11,14,15,20,5,7,16,21,2,2,6,4,4,6,2,5,0,2,10,3,7,9,3,11
2011,6,100183153,32,13,41,19,59,3,9,1,3,5,16,0,0,5,16,6,19,7,22,5,16,2,1,1,0,2,2,3,2,1,0,4,0,3,4,4,3
2011,6,100183797,1253,573,46,680,54,95,8,92,7,146,12,181,14,194,15,141,11,195,16,209,17,55,38,76,85,94,68,72,85,40,54,70,96,100,73,123,124
2011,6,100183803,143,72,50,71,50,11,8,13,9,26,18,22,15,21,15,30,21,10,7,10,7,8,5,15,14,13,14,3,0,3,8,11,8,8,16,7,10
2011,6,100183924,655,295,45,360,55,37,6,36,5,86,13,109,17,100,15,133,20,87,13,67,10,18,13,45,47,49,59,41,23,19,23,41,62,51,74,46,44
2011,6,100183998,55,26,47,29,53,5,9,2,4,13,24,0,0,9,16,13,24,6,11,7,13,3,0,8,0,3,6,3,3,2,2,5,0,6,7,3,4
2011,6,100184001,27,15,56,12,44,3,11,0,0,2,7,4,15,3,11,5,19,2,7,8,30,2,0,2,4,0,2,1,4,1,0,0,0,3,3,1,4
2011,6,100184018,16,10,63,6,38,1,6,1,6,3,19,0,0,4,25,2,13,0,0,5,31,1,0,2,0,2,2,0,3,0,1,1,0,2,0,0,2
2011,6,100184026,13,7,54,6,46,0,0,3,23,1,8,0,0,2,15,4,31,3,23,0,0,0,2,0,0,0,4,1,0,0,1,1,0,2,0,2,0
2011,6,100184034,1902,866,46,1036,54,125,7,143,8,248,13,192,10,274,14,274,14,212,11,434,23,64,72,135,100,133,126,95,141,61,71,113,92,141,148,117,293
2011,6,100184067,5,,,,,,,,,,,,,,,,,,,,,,,,,,,,,,,,,,,,
2011,6,100184075,646,304,47,342,53,54,8,61,9,82,13,112,17,77,12,106,16,71,11,83,13,25,30,45,57,41,42,34,30,29,31,37,55,36,64,37,53
2011,6,100184083,104,46,44,58,56,7,7,9,9,14,13,16,15,12,12,13,13,13,13,20,19,3,3,6,6,7,6,6,9,4,6,8,10,5,7,7,11
2011,6,100184091,51,28,55,23,45,1,2,1,2,2,4,5,10,5,10,12,24,8,16,17,33,1,0,2,4,4,7,1,9,0,1,0,1,1,5,7,8
2011,6,100184114,259,131,51,128,49,2,1,5,2,12,5,8,3,28,11,56,22,59,23,89,34,1,2,8,3,17,32,38,30,1,3,4,5,11,24,21,59
2011,6,100184130,48,24,50,24,50,1,2,4,8,3,6,11,23,4,8,12,25,6,13,7,15,1,2,0,6,2,7,2,4,0,2,3,5,2,5,4,3
2011,6,100184196,455,223,49,232,51,48,11,40,9,49,11,66,15,87,19,55,12,47,10,63,14,22,23,26,30,49,28,22,23,26,17,23,36,38,27,25,40
2011,6,100184202,695,332,48,363,52,51,7,54,8,85,12,78,11,103,15,115,17,82,12,127,18,24,28,43,42,50,64,37,44,27,26,42,36,53,51,45,83
2011,6,100184210,53,22,42,31,58,11,21,4,8,3,6,10,19,10,19,5,9,3,6,7,13,1,2,2,3,6,4,2,2,10,2,1,7,4,1,1,5
2011,6,100184227,5773,2672,46,3101,54,629,11,458,8,696,12,1145,20,788,14,732,13,664,12,661,11,317,238,345,555,382,336,284,215,312,220,351,590,406,396,380,446
2011,6,100184235,102,54,53,48,47,11,11,10,10,14,14,14,14,17,17,13,13,11,11,12,12,7,6,9,8,8,6,5,5,4,4,5,6,9,7,6,7
2011,6,100184243,220,104,47,116,53,20,9,18,8,32,15,23,10,41,19,29,13,18,8,39,18,12,10,12,7,24,16,9,14,8,8,20,16,17,13,9,25
2011,6,100184251,2005,923,46,1082,54,234,12,213,11,233,12,367,18,398,20,237,12,164,8,159,8,122,110,116,165,187,106,68,49,112,103,117,202,211,131,96,110
2011,6,100184268,92,47,51,45,49,14,15,10,11,5,5,15,16,20,22,3,3,12,13,13,14,9,4,5,6,9,3,5,6,5,6,0,9,11,0,7,7
2011,6,100184284,3099,1423,46,1676,54,328,11,266,9,362,12,528,17,517,17,417,13,343,11,338,11,167,121,193,257,254,194,131,106,161,145,169,271,263,223,212,232
2011,6,100184292,388,181,47,207,53,44,11,28,7,52,13,43,11,70,18,69,18,27,7,55,14,22,15,27,17,32,37,8,23,22,13,25,26,38,32,19,32
2011,6,100184307,270,137,51,133,49,31,11,40,15,27,10,40,15,49,18,45,17,15,6,23,9,14,30,14,16,22,25,6,10,17,10,13,24,27,20,9,13
2011,6,100184315,95,40,42,55,58,10,11,7,7,17,18,13,14,13,14,11,12,8,8,16,17,2,3,6,6,9,4,3,7,8,4,11,7,4,7,5,9
2011,6,100184323,56,29,52,27,48,7,13,3,5,7,13,6,11,12,21,10,18,7,13,4,7,3,2,4,4,5,6,5,0,4,1,3,2,7,4,2,4
2011,6,100184331,259,126,49,133,51,23,9,32,12,37,14,31,12,49,19,45,17,20,8,22,8,12,13,21,16,21,23,10,10,11,19,16,15,28,22,10,12
2011,6,100184348,741,349,47,392,53,96,13,79,11,89,12,118,16,163,22,102,14,44,6,50,7,48,31,45,47,84,56,23,15,48,48,44,71,79,46,21,35
2011,6,100184364,66,35,53,31,47,2,3,7,11,10,15,11,17,7,11,7,11,7,11,15,23,2,4,8,6,1,5,5,4,0,3,2,5,6,2,2,11
2011,6,100184372,77,43,56,34,44,2,3,9,12,8,10,3,4,16,21,12,16,11,14,16,21,0,8,5,3,9,5,7,6,2,1,3,0,7,7,4,10
2011,6,100184397,42,21,50,21,50,2,5,2,5,10,24,9,21,5,12,7,17,1,2,6,14,1,1,6,3,3,4,0,3,1,1,4,6,2,3,1,3
2011,6,100184403,203,95,47,108,53,22,11,29,14,28,14,22,11,41,20,28,14,17,8,16,8,9,13,15,10,18,15,8,7,13,16,13,12,23,13,9,9
2011,6,100184428,1238,561,45,677,55,99,8,98,8,152,12,167,13,172,14,154,12,144,12,252,20,46,54,80,80,83,68,62,88,53,44,72,87,89,86,82,164
2011,6,100184444,29,17,59,12,41,2,7,4,14,5,17,1,3,5,17,6,21,0,0,6,21,1,3,3,1,2,4,0,3,1,1,2,0,3,2,0,3
2011,6,100184460,815,406,50,409,50,60,7,66,8,97,12,100,12,112,14,145,18,91,11,144,18,32,37,60,51,53,75,48,50,28,29,37,49,59,70,43,94
2011,6,100184477,203,104,51,99,49,14,7,13,6,22,11,32,16,34,17,27,13,25,12,36,18,7,7,13,17,18,16,13,13,7,6,9,15,16,11,12,23
2011,6,100184485,134,66,49,68,51,14,10,7,5,22,16,9,7,30,22,19,14,17,13,16,12,9,1,12,4,18,10,7,5,5,6,10,5,12,9,10,11
2011,6,100184493,901,431,48,470,52,68,8,54,6,118,13,121,13,141,16,150,17,105,12,144,16,36,31,62,59,62,75,43,63,32,23,56,62,79,75,62,81
2011,6,100184508,570,285,50,285,50,38,7,23,4,60,11,44,8,79,14,93,16,83,15,150,26,17,13,32,28,37,53,38,67,21,10,28,16,42,40,45,83
2011,6,100184532,3892,1792,46,2100,54,322,8,246,6,439,11,540,14,531,14,522,13,529,14,763,20,156,134,221,271,265,249,220,276,166,112,218,269,266,273,309,487
2011,6,100184540,94,50,53,44,47,4,4,4,4,6,6,10,11,13,14,23,24,18,19,16,17,4,2,2,5,7,13,9,8,0,2,4,5,6,10,9,8
2011,6,100184557,733,349,48,384,52,65,9,68,9,79,11,119,16,86,12,119,16,76,10,121,17,30,30,49,61,49,56,30,44,35,38,30,58,37,63,46,77
2011,6,100184573,1116,539,48,577,52,131,12,92,8,164,15,174,16,203,18,146,13,106,9,100,9,70,50,88,83,98,69,50,31,61,42,76,91,105,77,56,69
2011,6,100184581,270,135,50,135,50,33,12,17,6,33,12,48,18,37,14,46,17,29,11,27,10,14,8,16,24,21,25,15,12,19,9,17,24,16,21,14,15
2011,6,100184598,1759,824,47,935,53,213,12,144,8,199,11,260,15,312,18,232,13,183,10,216,12,112,70,101,111,170,106,85,69,101,74,98,149,142,126,98,147
2011,6,100184620,159,81,51,78,49,24,15,12,8,19,12,31,19,20,13,17,11,22,14,14,9,12,6,10,15,10,9,13,6,12,6,9,16,10,8,9,8
2011,6,100184637,263,130,49,133,51,17,6,32,12,36,14,30,11,40,15,48,18,26,10,34,13,9,16,20,15,13,27,18,12,8,16,16,15,27,21,8,22
2011,6,100184653,105,49,47,56,53,13,12,5,5,15,14,17,16,9,9,17,16,14,13,15,14,9,3,7,7,4,8,6,5,4,2,8,10,5,9,8,10
2011,6,100184661,742,357,48,385,52,81,11,61,8,77,10,123,17,129,17,82,11,83,11,106,14,39,34,38,57,65,42,36,46,42,27,39,66,64,40,47,60
2011,6,100184686,495,251,51,244,49,48,10,38,8,61,12,60,12,86,17,62,13,54,11,86,17,33,21,30,32,48,28,23,36,15,17,31,28,38,34,31,50
2011,6,100184700,1130,552,49,578,51,97,9,119,11,157,14,131,12,203,18,167,15,119,11,137,12,45,65,88,64,94,78,58,60,52,54,69,67,109,89,61,77
2011,6,100184717,676,339,50,337,50,69,10,56,8,71,11,90,13,121,18,110,16,73,11,86,13,38,31,41,38,62,53,31,45,31,25,30,52,59,57,42,41
2011,6,100184741,49,23,47,26,53,5,10,2,4,1,2,6,12,8,16,13,27,5,10,9,18,2,2,0,4,4,6,3,2,3,0,1,2,4,7,2,7
2011,6,100184774,160,79,49,81,51,23,14,11,7,16,10,19,12,23,14,19,12,22,14,27,17,10,9,8,10,10,11,11,10,13,2,8,9,13,8,11,17
2011,6,100184782,1781,850,48,931,52,148,8,120,7,237,13,301,17,245,14,244,14,190,11,296,17,78,59,131,152,130,115,85,100,70,61,106,149,115,129,105,196
2011,6,100184805,131,62,47,69,53,14,11,4,3,18,14,22,17,14,11,21,16,15,11,23,18,7,2,8,13,6,12,7,7,7,2,10,9,8,9,8,16
2011,6,100184813,266,120,45,146,55,17,6,15,6,21,8,27,10,35,13,24,9,47,18,80,30,7,7,9,14,15,14,21,33,10,8,12,13,20,10,26,47
2011,6,100184854,247,121,49,126,51,22,9,18,7,30,12,30,12,38,15,42,17,27,11,40,16,7,10,15,18,19,22,16,14,15,8,15,12,19,20,11,26
2011,6,100184887,895,399,45,496,55,70,8,61,7,101,11,149,17,101,11,111,12,130,15,172,19,39,27,50,67,49,59,60,48,31,34,51,82,52,52,70,124
2011,6,100184934,256,121,47,135,53,11,4,24,9,37,14,26,10,36,14,54,21,22,9,46,18,7,9,22,14,17,33,6,13,4,15,15,12,19,21,16,33
2011,6,100184942,51,26,51,25,49,3,6,2,4,2,4,7,14,4,8,7,14,5,10,21,41,2,1,1,5,2,2,4,9,1,1,1,2,2,5,1,12
2011,6,100184967,1199,574,48,625,52,92,8,87,7,193,16,205,17,141,12,179,15,145,12,157,13,48,52,103,111,63,72,70,55,44,35,90,94,78,107,75,102
2011,6,100184983,641,302,47,339,53,54,8,45,7,93,15,100,16,88,14,98,15,79,12,84,13,27,25,49,55,38,49,28,31,27,20,44,45,50,49,51,53
2011,6,100185028,118,54,46,64,54,7,6,17,14,10,8,18,15,12,10,17,14,11,9,26,22,2,6,8,6,5,10,5,12,5,11,2,12,7,7,6,14
2011,6,100185036,197,85,43,112,57,15,8,7,4,28,14,26,13,24,12,36,18,27,14,34,17,7,2,13,13,14,16,11,9,8,5,15,13,10,20,16,25
2011,6,100185044,374,166,44,208,56,50,13,30,8,49,13,46,12,74,20,36,10,33,9,56,15,21,13,26,19,38,16,13,20,29,17,23,27,36,20,20,36
2011,6,100185077,63,31,49,32,51,8,13,6,10,10,16,8,13,12,19,11,17,6,10,2,3,3,3,4,5,6,7,2,1,5,3,6,3,6,4,4,1
2011,6,100185085,339,173,51,166,49,37,11,22,6,21,6,56,17,44,13,59,17,43,13,57,17,20,11,10,29,22,36,18,27,17,11,11,27,22,23,25,30
2011,6,100185116,1951,872,45,1079,55,139,7,111,6,222,11,324,17,234,12,266,14,268,14,387,20,65,52,100,168,114,116,110,147,74,59,122,156,120,150,158,240
2011,6,100185132,1122,535,48,587,52,142,13,89,8,137,12,198,18,196,17,150,13,90,8,120,11,76,43,70,93,93,75,42,43,66,46,67,105,103,75,48,77
2011,6,100185140,5178,2298,44,2880,56,503,10,437,8,598,12,874,17,793,15,579,11,573,11,821,16,258,206,315,417,383,233,218,268,245,231,283,457,410,346,355,553
2011,6,100185157,479,231,48,248,52,49,10,39,8,73,15,57,12,83,17,75,16,44,9,59,12,26,22,40,22,42,36,22,21,23,17,33,35,41,39,22,38
2011,6,100185173,1822,887,49,935,51,220,12,143,8,230,13,286,16,275,15,263,14,193,11,212,12,123,80,121,132,143,124,81,83,97,63,109,154,132,139,112,129
2011,6,100185181,182,85,47,97,53,36,20,19,10,17,9,28,15,40,22,11,6,14,8,17,9,17,11,8,11,21,7,7,3,19,8,9,17,19,4,7,14
2011,6,100185198,440,199,45,241,55,47,11,46,10,52,12,61,14,88,20,56,13,35,8,55,13,23,22,21,26,45,30,12,20,24,24,31,35,43,26,23,35
2011,6,100185220,1962,901,46,1061,54,136,7,166,8,279,14,249,13,298,15,272,14,242,12,320,16,78,86,140,127,140,124,106,100,58,80,139,122,158,148,136,220
2011,6,100185237,358,172,48,186,52,28,8,33,9,57,16,39,11,59,16,47,13,43,12,52,15,18,19,29,20,34,19,17,16,10,14,28,19,25,28,26,36
2011,6,100185245,117,55,47,62,53,6,5,7,6,16,14,16,14,14,12,13,11,19,16,26,22,5,2,9,10,9,7,7,6,1,5,7,6,5,6,12,20
2011,6,100185261,2671,1247,47,1424,53,298,11,242,9,359,13,482,18,390,15,346,13,263,10,291,11,153,121,183,242,178,159,107,104,145,121,176,240,212,187,156,187
2011,6,100185278,9539,4546,48,4993,52,1388,15,883,9,1139,12,2062,22,1682,18,1045,11,536,6,804,8,681,485,548,966,853,510,242,261,707,398,591,1096,829,535,294,543
2011,6,100185325,1302,576,44,726,56,102,8,90,7,172,13,154,12,230,18,170,13,150,12,234,18,46,43,88,65,111,81,57,85,56,47,84,89,119,89,93,149
2011,6,100185333,1407,653,46,754,54,125,9,113,8,173,12,198,14,234,17,190,14,153,11,221,16,55,65,82,98,119,95,69,70,70,48,91,100,115,95,84,151
2011,6,100185341,221,112,51,109,49,34,15,25,11,25,11,37,17,48,22,22,10,8,4,22,10,16,20,11,15,24,14,4,8,18,5,14,22,24,8,4,14
2011,6,100185382,280,135,48,145,52,18,6,25,9,26,9,35,13,40,14,33,12,48,17,55,20,8,11,10,19,22,16,22,27,10,14,16,16,18,17,26,28
2011,6,100185405,173,84,49,89,51,15,9,11,6,17,10,30,17,27,16,15,9,30,17,28,16,8,6,9,12,18,6,11,14,7,5,8,18,9,9,19,14
2011,6,100185413,157,75,48,82,52,12,8,15,10,17,11,25,16,19,12,25,16,20,13,24,15,6,6,11,11,10,13,11,7,6,9,6,14,9,12,9,17
2011,6,100185446,1124,547,49,577,51,115,10,84,7,121,11,167,15,194,17,175,16,140,12,128,11,54,39,66,87,104,82,64,51,61,45,55,80,90,93,76,77
2011,6,100185462,267,129,48,138,52,22,8,19,7,35,13,33,12,28,10,45,17,27,10,58,22,15,8,23,16,17,21,12,17,7,11,12,17,11,24,15,41
2011,6,100185470,3049,1408,46,1641,54,252,8,213,7,393,13,500,16,431,14,492,16,381,12,387,13,136,115,192,256,210,218,169,112,116,98,201,244,221,274,212,275
2011,6,100185495,615,301,49,314,51,47,8,48,8,56,9,93,15,89,14,89,14,94,15,99,16,17,21,30,53,45,48,48,39,30,27,26,40,44,41,46,60
2011,6,100185526,127,61,48,66,52,9,7,7,6,11,9,19,15,14,11,33,26,15,12,19,15,3,4,4,8,9,17,10,6,6,3,7,11,5,16,5,13
2011,6,100185614,467,225,48,242,52,47,10,43,9,70,15,85,18,55,12,58,12,59,13,50,11,24,25,35,44,25,27,26,19,23,18,35,41,30,31,33,31
2011,6,100185630,37,16,43,21,57,5,14,4,11,6,16,5,14,4,11,6,16,4,11,3,8,3,2,2,2,2,3,2,0,2,2,4,3,2,3,2,3
2011,6,100185647,61,30,49,31,51,5,8,2,3,4,7,12,20,8,13,7,11,12,20,11,18,3,1,2,5,6,5,6,2,2,1,2,7,2,2,6,9
2011,6,100185663,161,86,53,75,47,9,6,14,9,26,16,20,12,28,17,31,19,17,11,16,10,6,9,18,11,12,15,9,6,3,5,8,9,16,16,8,10
2011,6,100185671,47,24,51,23,49,6,13,1,2,8,17,6,13,10,21,4,9,3,6,9,19,3,1,3,3,6,3,1,4,3,0,5,3,4,1,2,5
2011,6,100185688,261,135,52,126,48,21,8,17,7,52,20,34,13,29,11,44,17,20,8,44,17,11,11,31,18,17,24,10,13,10,6,21,16,12,20,10,31
2011,6,100185702,162,81,50,81,50,17,10,13,8,21,13,28,17,20,12,23,14,20,12,20,12,12,5,11,15,10,12,9,7,5,8,10,13,10,11,11,13
2011,6,100185710,700,326,47,374,53,53,8,64,9,112,16,103,15,153,22,96,14,74,11,45,6,24,33,58,54,77,43,26,11,29,31,54,49,76,53,48,34
2011,6,100185727,971,439,45,532,55,93,10,85,9,129,13,147,15,143,15,125,13,101,10,148,15,42,40,56,75,77,56,47,46,51,45,73,72,66,69,54,102
2011,6,100185735,104,49,47,55,53,4,4,7,7,11,11,17,16,11,11,7,7,20,19,27,26,1,5,6,8,3,2,10,14,3,2,5,9,8,5,10,13
2011,6,100185743,1512,700,46,812,54,106,7,108,7,187,12,234,15,209,14,239,16,195,13,234,15,41,53,95,122,106,116,91,76,65,55,92,112,103,123,104,158
2011,6,100185768,1262,557,44,705,56,139,11,76,6,148,12,233,18,196,16,163,13,159,13,148,12,68,37,72,118,98,67,57,40,71,39,76,115,98,96,102,108
2011,6,100185776,54,26,48,28,52,8,15,1,2,4,7,9,17,10,19,4,7,3,6,15,28,5,0,2,5,4,2,0,8,3,1,2,4,6,2,3,7
2011,6,100185792,73,37,51,36,49,5,7,6,8,7,10,16,22,12,16,13,18,8,11,6,8,4,4,3,8,8,4,3,3,1,2,4,8,4,9,5,3
2011,6,100185807,24,10,42,14,58,4,17,5,21,6,25,1,4,4,17,2,8,1,4,1,4,3,1,2,1,1,2,0,0,1,4,4,0,3,0,1,1
2011,6,100185815,73,33,45,40,55,7,10,6,8,10,14,10,14,6,8,12,16,12,16,10,14,4,2,4,6,3,6,6,2,3,4,6,4,3,6,6,8
2011,6,100185823,160,74,46,86,54,12,8,9,6,22,14,28,18,23,14,18,11,21,13,27,17,4,3,11,16,11,10,10,9,8,6,11,12,12,8,11,18
2011,6,100185831,43,23,53,20,47,2,5,1,2,7,16,6,14,6,14,5,12,5,12,11,26,0,1,3,5,3,2,3,6,2,0,4,1,3,3,2,5
2011,6,100185864,83,39,47,44,53,5,6,5,6,15,18,8,10,15,18,11,13,10,12,14,17,2,2,8,4,7,5,5,6,3,3,7,4,8,6,5,8
2011,6,100185880,57,35,61,22,39,2,4,3,5,8,14,9,16,13,23,7,12,7,12,8,14,2,1,7,6,9,6,3,1,0,2,1,3,4,1,4,7
2011,6,100185897,594,273,46,321,54,37,6,44,7,71,12,97,16,75,13,113,19,67,11,90,15,20,20,35,46,40,52,28,32,17,24,36,51,35,61,39,58
2011,6,100185903,96,51,53,45,47,8,8,11,11,9,9,14,15,17,18,15,16,13,14,9,9,5,8,4,8,8,8,6,4,3,3,5,6,9,7,7,5
2011,6,100185911,33,14,42,19,58,1,3,6,18,3,9,4,12,4,12,5,15,3,9,7,21,0,2,3,1,2,2,1,3,1,4,0,3,2,3,2,4
2011,6,100185928,106,50,47,56,53,7,7,10,9,19,18,13,12,14,13,18,17,7,7,18,17,3,5,11,6,11,7,3,4,4,5,8,7,3,11,4,14
2011,6,100185936,24,13,54,11,46,0,0,0,0,1,4,1,4,4,17,2,8,9,38,7,29,0,0,1,0,3,1,4,4,0,0,0,1,1,1,5,3
2011,6,100185944,5,,,,,,,,,,,,,,,,,,,,,,,,,,,,,,,,,,,,
2011,6,100185952,47,21,45,26,55,2,4,4,9,7,15,5,11,9,19,5,11,7,15,8,17,0,1,5,2,6,3,2,2,2,3,2,3,3,2,5,6
2011,6,100185977,331,151,46,180,54,29,9,24,7,55,17,53,16,41,12,56,17,34,10,39,12,9,14,28,29,18,26,16,11,20,10,27,24,23,30,18,28
2011,6,100185985,346,174,50,172,50,29,8,19,5,36,10,49,14,54,16,50,14,47,14,62,18,14,7,19,29,30,27,24,24,15,12,17,20,24,23,23,38
2011,6,100185993,394,179,45,215,55,34,9,35,9,53,13,65,16,46,12,60,15,42,11,59,15,15,20,22,34,21,26,21,20,19,15,31,31,25,34,21,39
2011,6,100186046,26,10,38,16,62,3,12,1,4,4,15,4,15,3,12,1,4,8,31,2,8,0,1,1,2,1,1,3,1,3,0,3,2,2,0,5,1
2011,6,100186054,226,105,46,121,54,23,10,23,10,28,12,32,14,26,12,23,10,25,11,46,20,12,14,14,15,12,12,12,14,11,9,14,17,14,11,13,32
2011,6,100186062,2845,1305,46,1540,54,242,9,220,8,360,13,426,15,410,14,435,15,331,12,421,15,120,119,183,195,208,192,145,143,122,101,177,231,202,243,186,278
2011,6,100186070,216,95,44,121,56,16,7,21,10,35,16,29,13,36,17,43,20,18,8,18,8,7,10,16,14,18,21,6,3,9,11,19,15,18,22,12,15
2011,6,100186087,1766,865,49,901,51,184,10,207,12,205,12,257,15,340,19,272,15,168,10,133,8,100,100,111,128,157,140,79,50,84,107,94,129,183,132,89,83
2011,6,100186118,733,351,48,382,52,78,11,74,10,83,11,106,14,122,17,85,12,86,12,99,14,35,37,45,45,67,47,35,40,43,37,38,61,55,38,51,59
2011,6,100186126,1593,716,45,877,55,141,9,111,7,174,11,303,19,219,14,204,13,213,13,228,14,71,53,83,150,105,97,86,71,70,58,91,153,114,107,127,157
2011,6,100186134,1240,539,43,701,57,126,10,67,5,122,10,250,20,160,13,129,10,162,13,224,18,56,33,64,130,82,52,59,63,70,34,58,120,78,77,103,161
2011,6,100186167,343,166,48,177,52,23,7,29,8,46,13,51,15,53,15,49,14,29,8,63,18,9,19,29,21,31,24,14,19,14,10,17,30,22,25,15,44
2011,6,100186206,276,136,49,140,51,18,7,31,11,28,10,34,12,40,14,29,11,40,14,56,20,9,20,13,19,20,12,24,19,9,11,15,15,20,17,16,37
2011,6,100186230,356,171,48,185,52,26,7,34,10,57,16,46,13,45,13,40,11,49,14,59,17,13,15,35,25,21,18,18,26,13,19,22,21,24,22,31,33
2011,6,100186247,66,35,53,31,47,0,0,3,5,13,20,4,6,11,17,12,18,9,14,14,21,0,1,9,4,7,6,4,4,0,2,4,0,4,6,5,10
2011,6,100186255,355,165,46,190,54,24,7,32,9,72,20,42,12,30,8,72,20,28,8,55,15,9,19,36,24,11,34,13,19,15,13,36,18,19,38,15,36
2011,6,100186263,36,20,56,16,44,6,17,5,14,6,17,4,11,6,17,3,8,5,14,1,3,3,1,4,3,4,2,2,1,3,4,2,1,2,1,3,0
2011,6,100186271,575,259,45,316,55,34,6,61,11,88,15,56,10,73,13,84,15,86,15,93,16,13,30,50,33,31,35,36,31,21,31,38,23,42,49,50,62
2011,6,100186351,48,19,40,29,60,5,10,0,0,7,15,10,21,9,19,7,15,5,10,5,10,1,0,2,4,4,4,2,2,4,0,5,6,5,3,3,3
2011,6,100186368,5,,,,,,,,,,,,,,,,,,,,,,,,,,,,,,,,,,,,
2011,6,100186376,233,114,49,119,51,20,9,17,7,37,16,29,12,23,10,38,16,34,15,35,15,10,11,19,18,10,22,14,10,10,6,18,11,13,16,20,25
2011,6,100186384,26,12,46,14,54,4,15,2,8,3,12,3,12,5,19,1,4,3,12,5,19,2,1,1,2,2,0,1,3,2,1,2,1,3,1,2,2
2011,6,100186415,156,78,50,78,50,14,9,11,7,21,13,21,13,16,10,21,13,22,14,30,19,8,5,13,11,5,11,14,11,6,6,8,10,11,10,8,19
2011,6,100186448,321,154,48,167,52,33,10,29,9,64,20,36,11,46,14,45,14,32,10,36,11,21,15,32,19,20,23,13,11,12,14,32,17,26,22,19,25
2011,6,100186456,72,36,50,36,50,9,13,6,8,12,17,9,13,9,13,9,13,5,7,13,18,4,6,4,5,6,4,2,5,5,0,8,4,3,5,3,8
2011,6,100186480,384,191,50,193,50,34,9,37,10,68,18,52,14,53,14,54,14,40,10,46,12,16,25,33,28,24,26,22,17,18,12,35,24,29,28,18,29
2011,6,100186511,529,247,47,282,53,43,8,61,12,87,16,67,13,54,10,79,15,43,8,95,18,22,25,47,35,29,36,20,33,21,36,40,32,25,43,23,62
2011,6,100186528,339,161,47,178,53,31,9,40,12,39,12,55,16,39,12,32,9,56,17,47,14,16,24,15,27,19,14,30,16,15,16,24,28,20,18,26,31
2011,6,100186560,570,254,45,316,55,44,8,63,11,98,17,63,11,76,13,85,15,77,14,64,11,23,26,49,33,34,41,29,19,21,37,49,30,42,44,48,45
2011,6,100186585,441,200,45,241,55,29,7,44,10,78,18,49,11,59,13,66,15,57,13,59,13,13,16,48,24,32,30,19,18,16,28,30,25,27,36,38,41
2011,6,100186632,140,71,51,69,49,8,6,9,6,25,18,18,13,14,10,21,15,22,16,23,16,2,6,12,12,8,10,12,9,6,3,13,6,6,11,10,14
2011,6,100186640,60,25,42,35,58,7,12,3,5,12,20,6,10,7,12,10,17,5,8,10,17,2,1,9,2,3,4,2,2,5,2,3,4,4,6,3,8
2011,6,100186657,295,138,47,157,53,19,6,20,7,40,14,31,11,52,18,39,13,32,11,62,21,11,9,22,14,30,20,12,20,8,11,18,17,22,19,20,42
2011,6,100186681,136,76,56,60,44,17,13,13,10,22,16,31,23,9,7,22,16,12,9,10,7,8,7,16,19,4,13,5,4,9,6,6,12,5,9,7,6
2011,6,100186704,457,220,48,237,52,31,7,44,10,89,19,43,9,63,14,73,16,47,10,67,15,16,21,50,22,30,37,20,24,15,23,39,21,33,36,27,43
2011,6,100186778,358,170,47,188,53,18,5,26,7,61,17,33,9,39,11,53,15,30,8,98,27,12,15,38,19,19,25,14,28,6,11,23,14,20,28,16,70
2011,6,100186825,286,127,44,159,56,9,3,26,9,44,15,32,11,33,12,49,17,36,13,57,20,4,13,27,18,15,21,14,15,5,13,17,14,18,28,22,42
2011,6,100186841,1084,505,47,579,53,64,6,95,9,192,18,120,11,152,14,188,17,140,13,133,12,26,47,106,57,68,89,60,52,38,48,86,63,84,99,80,81
2011,6,100186913,256,120,47,136,53,31,12,30,12,34,13,36,14,27,11,35,14,22,9,41,16,12,10,23,18,14,20,10,13,19,20,11,18,13,15,12,28
2011,6,100186946,218,108,50,110,50,15,7,20,9,35,16,23,11,26,12,29,13,28,13,42,19,9,12,20,8,11,18,13,17,6,8,15,15,15,11,15,25
2011,6,100186987,209,93,44,116,56,15,7,27,13,53,25,17,8,28,13,29,14,14,7,26,12,7,15,23,10,12,15,6,5,8,12,30,7,16,14,8,21
2011,6,100187031,85,38,45,47,55,8,9,6,7,17,20,7,8,12,14,12,14,12,14,11,13,6,1,7,2,5,7,5,5,2,5,10,5,7,5,7,6
2011,6,100187080,259,116,45,143,55,24,9,18,7,47,18,30,12,41,16,36,14,23,9,40,15,14,6,26,12,20,16,9,13,10,12,21,18,21,20,14,27
2011,6,100187097,267,128,48,139,52,13,5,23,9,48,18,40,15,39,15,43,16,25,9,36,13,7,12,25,18,20,22,12,12,6,11,23,22,19,21,13,24
2011,6,100187136,60,27,45,33,55,6,10,8,13,8,13,10,17,8,13,11,18,3,5,6,10,6,4,1,4,4,4,1,3,0,4,7,6,4,7,2,3
2011,6,100187160,31,15,48,16,52,1,3,2,6,3,10,3,10,3,10,8,26,7,23,4,13,0,1,1,3,1,5,2,2,1,1,2,0,2,3,5,2
2011,6,100187177,21,12,57,9,43,0,0,2,10,3,14,2,10,2,10,4,19,4,19,4,19,0,1,2,1,1,2,2,3,0,1,1,1,1,2,2,1
2011,6,100187193,23,12,52,11,48,0,0,1,4,5,22,1,4,5,22,2,9,7,30,2,9,0,1,4,0,1,2,4,0,0,0,1,1,4,0,3,2
2011,6,100187216,222,105,47,117,53,22,10,12,5,27,12,25,11,26,12,24,11,28,13,58,26,11,7,13,12,18,10,10,24,11,5,14,13,8,14,18,34
2011,6,100187224,51,26,51,25,49,5,10,4,8,5,10,7,14,9,18,6,12,5,10,10,20,3,2,3,4,6,3,2,3,2,2,2,3,3,3,3,7
2011,6,100187281,56,27,48,29,52,2,4,2,4,11,20,2,4,4,7,12,21,5,9,18,32,2,1,5,2,1,8,1,7,0,1,6,0,3,4,4,11
2011,6,100187304,38,16,42,22,58,5,13,4,11,8,21,7,18,3,8,5,13,4,11,2,5,3,0,4,5,1,2,1,0,2,4,4,2,2,3,3,2
2011,6,100187337,62,32,52,30,48,5,8,3,5,12,19,12,19,6,10,10,16,5,8,9,15,2,3,8,7,2,6,2,2,3,0,4,5,4,4,3,7
2011,6,100187353,36,20,56,16,44,4,11,3,8,8,22,6,17,5,14,4,11,4,11,2,6,1,2,4,3,3,2,4,1,3,1,4,3,2,2,0,1
2011,6,100187386,41,19,46,22,54,4,10,4,10,7,17,5,12,4,10,3,7,6,15,8,20,2,2,4,3,2,1,3,2,2,2,3,2,2,2,3,6
2011,6,100187400,226,108,48,118,52,3,1,21,9,95,42,50,22,18,8,15,7,12,5,12,5,3,11,54,23,7,4,3,3,0,10,41,27,11,11,9,9
2011,6,100187474,357,168,47,189,53,29,8,40,11,60,17,48,13,47,13,48,13,39,11,46,13,17,23,26,29,24,20,16,13,12,17,34,19,23,28,23,33
2011,6,100187505,78,41,53,37,47,7,9,0,0,16,21,13,17,6,8,18,23,4,5,14,18,2,0,10,11,4,7,2,5,5,0,6,2,2,11,2,9
2011,6,100187538,43,15,35,28,65,2,5,2,5,6,14,4,9,8,19,4,9,7,16,10,23,0,0,2,2,3,1,4,3,2,2,4,2,5,3,3,7
2011,6,100187683,42,20,48,22,52,1,2,2,5,11,26,3,7,2,5,2,5,14,33,7,17,0,0,5,2,1,1,8,3,1,2,6,1,1,1,6,4
2011,6,100187771,73,37,51,36,49,7,10,4,5,15,21,11,15,9,12,8,11,9,12,10,14,5,2,6,9,3,4,5,3,2,2,9,2,6,4,4,7
2011,6,100187827,1754,821,47,933,53,108,6,143,8,264,15,160,9,243,14,254,14,230,13,352,20,61,76,141,88,116,129,99,111,47,67,123,72,127,125,131,241
2011,6,100187843,300,144,48,156,52,12,4,28,9,36,12,40,13,32,11,49,16,37,12,66,22,9,12,21,23,13,26,20,20,3,16,15,17,19,23,17,46
2011,6,100187851,50,29,58,21,42,3,6,5,10,8,16,7,14,11,22,6,12,0,0,10,20,2,5,6,5,5,4,0,2,1,0,2,2,6,2,0,8
2011,6,100187868,29,15,52,14,48,0,0,2,7,8,28,3,10,1,3,4,14,4,14,7,24,0,2,4,2,1,2,2,2,0,0,4,1,0,2,2,5
2011,6,100187876,148,81,55,67,45,9,6,12,8,19,13,16,11,22,15,25,17,16,11,29,20,6,10,11,8,10,15,9,12,3,2,8,8,12,10,7,17
2011,6,100187892,27,12,44,15,56,3,11,1,4,6,22,3,11,0,0,7,26,4,15,3,11,1,1,2,2,0,3,2,1,2,0,4,1,0,4,2,2
2011,6,100187907,20,9,45,11,55,4,20,1,5,0,0,4,20,3,15,2,10,0,0,6,30,1,0,0,2,2,1,0,3,3,1,0,2,1,1,0,3
2011,6,100187915,11,6,55,5,45,0,0,1,9,1,9,2,18,0,0,2,18,1,9,4,36,0,0,1,2,0,1,1,1,0,1,0,0,0,1,0,3
2011,6,100187923,25,13,52,12,48,3,12,3,12,2,8,3,12,5,20,2,8,3,12,4,16,3,1,1,1,3,1,1,2,0,2,1,2,2,1,2,2
2011,6,100187948,21,12,57,9,43,4,19,1,5,3,14,2,10,1,5,2,10,6,29,2,10,4,0,1,1,1,1,3,1,0,1,2,1,0,1,3,1
2011,6,100187956,690,299,43,391,57,56,8,51,7,118,17,84,12,86,12,117,17,79,11,99,14,25,22,55,43,37,62,27,28,31,29,63,41,49,55,52,71
2011,6,100187964,57,29,51,28,49,3,5,7,12,2,4,5,9,15,26,8,14,4,7,13,23,2,4,0,2,11,4,1,5,1,3,2,3,4,4,3,8
2011,6,100187972,5,,,,,,,,,,,,,,,,,,,,,,,,,,,,,,,,,,,,
2011,6,100187997,31,16,52,15,48,1,3,2,6,4,13,5,16,5,16,2,6,6,19,6,19,1,1,2,1,5,1,3,2,0,1,2,4,0,1,3,4
2011,6,100188025,20,10,50,10,50,0,0,2,10,1,5,4,20,4,20,3,15,2,10,4,20,0,1,1,1,3,1,1,2,0,1,0,3,1,2,1,2
2011,6,100188041,254,124,49,130,51,25,10,25,10,56,22,20,8,33,13,36,14,20,8,39,15,16,14,26,10,16,21,8,13,9,11,30,10,17,15,12,26
2011,6,100188058,23,9,39,14,61,5,22,3,13,2,9,1,4,6,26,3,13,0,0,3,13,2,0,0,0,4,2,0,1,3,3,2,1,2,1,0,2
2011,6,100188066,746,354,47,392,53,34,5,56,8,135,18,59,8,121,16,105,14,93,12,143,19,13,33,82,36,56,60,36,38,21,23,53,23,65,45,57,105
2011,6,100188074,5,,,,,,,,,,,,,,,,,,,,,,,,,,,,,,,,,,,,
2011,6,100188082,5,,,,,,,,,,,,,,,,,,,,,,,,,,,,,,,,,,,,
2011,6,100188090,5,,,,,,,,,,,,,,,,,,,,,,,,,,,,,,,,,,,,
2011,6,100188105,16,10,63,6,38,1,6,2,13,0,0,1,6,2,13,3,19,4,25,3,19,1,2,0,0,1,2,2,2,0,0,0,1,1,1,2,1
2011,6,100188113,42,15,36,27,64,1,2,5,12,9,21,2,5,4,10,2,5,3,7,16,38,0,2,4,1,1,1,2,4,1,3,5,1,3,1,1,12
2011,6,100188121,5,,,,,,,,,,,,,,,,,,,,,,,,,,,,,,,,,,,,
2011,6,100188138,106,44,42,62,58,3,3,1,1,9,8,9,8,12,11,25,24,17,16,30,28,2,1,3,5,8,9,7,9,1,0,6,4,4,16,10,21
2011,6,100188146,249,131,53,118,47,11,4,12,5,62,25,31,12,42,17,35,14,19,8,37,15,8,5,39,20,23,15,9,12,3,7,23,11,19,20,10,25
2011,6,100188154,40,19,48,21,53,3,8,4,10,5,13,4,10,6,15,5,13,6,15,7,18,1,3,2,1,3,3,3,3,2,1,3,3,3,2,3,4
2011,6,100188162,56,26,46,30,54,1,2,6,11,8,14,7,13,7,13,11,20,6,11,10,18,1,2,4,4,3,5,3,4,0,4,4,3,4,6,3,6
2011,6,100188195,20,9,45,11,55,0,0,1,5,3,15,5,25,1,5,2,10,3,15,5,25,0,0,1,4,0,0,1,3,0,1,2,1,1,2,2,2
2011,6,100188201,256,117,46,139,54,25,10,26,10,35,14,32,13,47,18,31,12,26,10,34,13,16,11,18,15,25,15,9,8,9,15,17,17,22,16,17,26
2011,6,100188218,143,77,54,66,46,4,3,4,3,11,8,17,12,21,15,18,13,33,23,35,24,2,2,5,11,11,11,21,14,2,2,6,6,10,7,12,21
2011,6,100188234,81,37,46,44,54,9,11,3,4,12,15,11,14,9,11,13,16,10,12,14,17,4,2,8,3,5,6,4,5,5,1,4,8,4,7,6,9
2011,6,100188242,50,28,56,22,44,4,8,4,8,5,10,8,16,12,24,5,10,6,12,6,12,2,3,3,6,7,3,2,2,2,1,2,2,5,2,4,4
2011,6,100188250,642,297,46,345,54,49,8,74,12,109,17,86,13,84,13,101,16,58,9,81,13,22,38,53,41,39,51,27,26,27,36,56,45,45,50,31,55
2011,6,100188275,163,80,49,83,51,11,7,20,12,30,18,21,13,25,15,18,11,17,10,21,13,5,9,12,11,15,8,10,10,6,11,18,10,10,10,7,11
2011,6,100188371,33,14,42,19,58,5,15,1,3,5,15,3,9,0,0,6,18,2,6,11,33,2,0,2,2,0,4,1,3,3,1,3,1,0,2,1,8
2011,6,100188410,817,357,44,460,56,55,7,50,6,108,13,89,11,86,11,98,12,91,11,240,29,20,22,52,48,38,46,39,92,35,28,56,41,48,52,52,148
2011,6,100188476,56,26,46,30,54,3,5,5,9,8,14,7,13,6,11,10,18,6,11,11,20,1,2,5,4,3,6,2,3,2,3,3,3,3,4,4,8
2011,6,100188492,26,12,46,14,54,0,0,0,0,5,19,3,12,7,27,3,12,2,8,6,23,0,0,3,1,4,2,0,2,0,0,2,2,3,1,2,4
2011,6,100188507,13,8,62,5,38,1,8,1,8,2,15,1,8,2,15,2,15,3,23,1,8,1,0,1,1,1,1,2,1,0,1,1,0,1,1,1,0
2011,6,100188515,78,35,45,43,55,10,13,8,10,13,17,4,5,15,19,8,10,9,12,11,14,6,2,6,1,6,5,4,5,4,6,7,3,9,3,5,6
2011,6,100188523,478,233,49,245,51,38,8,52,11,68,14,71,15,56,12,81,17,40,8,72,15,18,34,32,40,25,41,17,26,20,18,36,31,31,40,23,46
2011,6,100188531,70,34,49,36,51,3,4,5,7,11,16,11,16,6,9,14,20,7,10,13,19,2,1,8,6,4,7,3,3,1,4,3,5,2,7,4,10
2011,6,100188564,18,7,39,11,61,1,6,1,6,7,39,1,6,2,11,4,22,0,0,2,11,0,1,3,0,1,2,0,0,1,0,4,1,1,2,0,2
2011,6,100188572,17,8,47,9,53,0,0,0,0,2,12,3,18,0,0,3,18,8,47,1,6,0,0,2,0,0,2,4,0,0,0,0,3,0,1,4,1
2011,6,100188580,40,16,40,24,60,3,8,3,8,4,10,5,13,5,13,7,18,4,10,9,23,2,2,0,2,4,3,2,1,1,1,4,3,1,4,2,8
2011,6,100188597,403,192,48,211,52,32,8,31,8,50,12,51,13,49,12,58,14,65,16,67,17,18,15,26,24,27,34,28,20,14,16,24,27,22,24,37,47
2011,6,100188611,51,28,55,23,45,7,14,3,6,9,18,8,16,5,10,3,6,9,18,7,14,6,1,4,3,4,1,6,3,1,2,5,5,1,2,3,4
2011,6,100188628,69,31,45,38,55,3,4,3,4,7,10,8,12,9,13,10,14,4,6,25,36,0,1,3,5,5,5,2,10,3,2,4,3,4,5,2,15
2011,6,100188644,14,8,57,6,43,2,14,0,0,4,29,1,7,4,29,2,14,0,0,1,7,1,0,3,0,2,1,0,1,1,0,1,1,2,1,0,0
2011,6,100188740,228,104,46,124,54,13,6,17,7,44,19,33,14,21,9,33,14,37,16,30,13,7,7,25,16,10,14,17,8,6,10,19,17,11,19,20,22
2011,6,100188781,1464,681,47,783,53,83,6,113,8,182,12,175,12,184,13,214,15,181,12,332,23,48,58,91,96,94,107,77,110,35,55,91,79,90,107,104,222
2011,6,100188798,99,48,48,51,52,5,5,3,3,7,7,13,13,10,10,11,11,19,19,31,31,3,2,6,7,7,7,7,9,2,1,1,6,3,4,12,22
2011,6,100188804,347,163,47,184,53,16,5,24,7,58,17,37,11,41,12,61,18,36,10,74,21,8,12,26,20,21,28,16,32,8,12,32,17,20,33,20,42
2011,6,100188812,31,19,61,12,39,0,0,0,0,3,10,6,19,1,3,8,26,4,13,9,29,0,0,1,3,1,5,3,6,0,0,2,3,0,3,1,3
2011,6,100188820,130,61,47,69,53,6,5,8,6,18,14,10,8,19,15,26,20,8,6,35,27,4,4,9,5,10,15,2,12,2,4,9,5,9,11,6,23
2011,6,100188837,554,262,47,292,53,36,6,50,9,99,18,64,12,83,15,85,15,49,9,88,16,19,21,54,38,36,38,23,33,17,29,45,26,47,47,26,55
2011,6,100188845,2394,1066,45,1328,55,147,6,154,6,362,15,266,11,309,13,392,16,264,11,500,21,66,72,186,137,150,185,107,163,81,82,176,129,159,207,157,337
2011,6,100188853,164,78,48,86,52,10,6,13,8,31,19,18,11,22,13,25,15,14,9,31,19,6,7,13,12,14,12,6,8,4,6,18,6,8,13,8,23
2011,6,100188861,83,36,43,47,57,1,1,6,7,8,10,4,5,13,16,12,14,12,14,27,33,0,3,5,3,6,6,5,8,1,3,3,1,7,6,7,19
2011,6,100188886,27,13,48,14,52,3,11,2,7,2,7,5,19,1,4,2,7,4,15,8,30,3,1,2,2,1,1,2,1,0,1,0,3,0,1,2,7
2011,6,100188894,38,20,53,18,47,4,11,4,11,5,13,2,5,7,18,2,5,5,13,9,24,3,2,4,0,4,2,2,3,1,2,1,2,3,0,3,6
2011,6,100188933,49,21,43,28,57,11,22,8,16,13,27,1,2,1,2,5,10,1,2,9,18,4,3,8,0,1,2,1,2,7,5,5,1,0,3,0,7
2011,6,100188958,132,67,51,65,49,8,6,10,8,23,17,16,12,20,15,19,14,15,11,21,16,5,5,15,8,9,10,10,5,3,5,8,8,11,9,5,16
2011,6,100188966,118,56,47,62,53,9,8,21,18,16,14,16,14,16,14,15,13,10,8,15,13,5,10,8,5,9,8,3,8,4,11,8,11,7,7,7,7
2011,6,100188974,79,40,51,39,49,5,6,7,9,15,19,8,10,8,10,18,23,10,13,8,10,4,4,6,4,3,11,6,2,1,3,9,4,5,7,4,6
2011,6,100188990,489,234,48,255,52,40,8,49,10,90,18,60,12,65,13,73,15,42,9,70,14,22,24,48,33,35,36,17,19,18,25,42,27,30,37,25,51
2011,6,100189027,31,13,42,18,58,0,0,3,10,5,16,2,6,7,23,4,13,3,10,7,23,0,1,1,0,4,3,2,2,0,2,4,2,3,1,1,5
2011,6,100189043,48,24,50,24,50,7,15,5,10,4,8,12,25,5,10,3,6,5,10,7,15,2,5,2,3,4,2,4,2,5,0,2,9,1,1,1,5
2011,6,100189051,103,43,42,60,58,4,4,7,7,14,14,19,18,12,12,19,18,13,13,15,15,3,5,6,7,7,7,5,3,1,2,8,12,5,12,8,12
2011,6,100189068,115,57,50,58,50,8,7,13,11,11,10,11,10,16,14,11,10,17,15,28,24,5,7,5,6,8,6,9,11,3,6,6,5,8,5,8,17
2011,6,100189084,583,270,46,313,54,38,7,54,9,103,18,70,12,73,13,96,16,64,11,85,15,22,23,54,36,35,48,27,25,16,31,49,34,38,48,37,60
2011,6,100189092,37,18,49,19,51,7,19,4,11,6,16,6,16,2,5,4,11,3,8,5,14,2,3,3,3,1,3,2,1,5,1,3,3,1,1,1,4
2011,6,100189164,451,216,48,235,52,33,7,39,9,70,16,54,12,65,14,59,13,50,11,81,18,13,21,43,30,32,31,21,25,20,18,27,24,33,28,29,56
2011,6,100189172,71,37,52,34,48,1,1,5,7,12,17,7,10,13,18,7,10,8,11,18,25,0,4,6,6,8,4,4,5,1,1,6,1,5,3,4,13
2011,6,100189180,146,64,44,82,56,13,9,15,10,23,16,16,11,14,10,20,14,16,11,29,20,8,8,7,9,6,9,8,9,5,7,16,7,8,11,8,20
2011,6,100189228,51,29,57,22,43,3,6,6,12,7,14,7,14,9,18,7,14,4,8,8,16,1,4,5,3,4,6,3,3,2,2,2,4,5,1,1,5
2011,6,100189252,290,138,48,152,52,17,6,25,9,45,16,43,15,38,13,41,14,32,11,49,17,8,15,21,24,21,24,9,16,9,10,24,19,17,17,23,33
2011,6,100189308,191,81,42,110,58,19,10,11,6,34,18,20,10,32,17,14,7,23,12,38,20,9,4,15,11,13,9,11,9,10,7,19,9,19,5,12,29
2011,6,100189324,248,117,47,131,53,12,5,29,12,44,18,28,11,48,19,23,9,20,8,44,18,10,15,20,17,23,16,6,10,2,14,24,11,25,7,14,34
2011,6,100189332,396,192,48,204,52,23,6,29,7,57,14,38,10,39,10,83,21,47,12,80,20,14,16,30,20,24,40,23,25,9,13,27,18,15,43,24,55
2011,6,100189357,20,10,50,10,50,1,5,0,0,1,5,1,5,2,10,4,20,0,0,11,55,0,0,1,0,2,3,0,4,1,0,0,1,0,1,0,7
2011,6,100189365,186,82,44,104,56,12,6,7,4,21,11,17,9,26,14,29,16,30,16,44,24,7,4,6,9,12,16,15,13,5,3,15,8,14,13,15,31
2011,6,100189373,214,102,48,112,52,16,7,11,5,28,13,20,9,29,14,32,15,23,11,55,26,9,6,11,10,16,18,11,21,7,5,17,10,13,14,12,34
2011,6,100189381,1371,638,47,733,53,75,5,122,9,185,13,153,11,171,12,210,15,177,13,278,20,44,57,97,78,85,104,76,97,31,65,88,75,86,106,101,181
2011,6,100189404,229,121,53,108,47,15,7,22,10,38,17,22,10,30,13,35,15,25,11,42,18,10,13,24,14,14,19,11,16,5,9,14,8,16,16,14,26
2011,6,100189412,200,88,44,112,56,16,8,12,6,26,13,21,11,26,13,31,16,23,12,45,23,6,5,13,13,10,14,11,16,10,7,13,8,16,17,12,29
2011,6,100189420,159,76,48,83,52,6,4,6,4,21,13,23,14,17,11,29,18,24,15,33,21,4,2,10,12,6,17,13,12,2,4,11,11,11,12,11,21
2011,6,100189437,518,257,50,261,50,41,8,53,10,94,18,55,11,64,12,67,13,59,11,85,16,18,32,52,34,31,34,25,31,23,21,42,21,33,33,34,54
2011,6,100189461,181,85,47,96,53,11,6,20,11,25,14,22,12,23,13,30,17,21,12,29,16,7,9,12,10,15,16,8,8,4,11,13,12,8,14,13,21
2011,6,100189486,96,48,50,48,50,7,7,7,7,10,10,16,17,16,17,9,9,16,17,15,16,4,4,4,9,9,6,5,7,3,3,6,7,7,3,11,8
2011,6,100189500,813,367,45,446,55,56,7,64,8,144,18,97,12,83,10,124,15,88,11,157,19,26,30,70,58,41,51,40,51,30,34,74,39,42,73,48,106
2011,6,100189517,69,32,46,37,54,7,10,4,6,5,7,6,9,9,13,9,13,11,16,18,26,1,1,4,2,6,4,5,9,6,3,1,4,3,5,6,9
2011,6,100189541,262,136,52,126,48,23,9,33,13,44,17,30,11,31,12,35,13,32,12,34,13,10,19,31,17,15,21,13,10,13,14,13,13,16,14,19,24
2011,6,100189646,148,71,48,77,52,15,10,11,7,19,13,20,14,20,14,24,16,15,10,24,16,8,3,10,13,11,10,8,8,7,8,9,7,9,14,7,16
2011,6,100189750,163,82,50,81,50,12,7,9,6,30,18,24,15,23,14,19,12,19,12,27,17,6,3,13,17,12,11,11,9,6,6,17,7,11,8,8,18
2011,6,100189830,31,17,55,14,45,3,10,1,3,5,16,2,6,5,16,4,13,7,23,4,13,1,1,2,2,2,1,5,3,2,0,3,0,3,3,2,1
2011,6,100189847,566,260,46,306,54,38,7,37,7,85,15,62,11,80,14,94,17,74,13,96,17,19,22,36,34,38,48,32,31,19,15,49,28,42,46,42,65
2011,6,100189855,1247,589,47,658,53,76,6,58,5,171,14,153,12,171,14,191,15,165,13,262,21,30,34,107,74,90,96,62,96,46,24,64,79,81,95,103,166
2011,6,100189863,485,235,48,250,52,35,7,40,8,54,11,64,13,57,12,59,12,57,12,119,25,21,19,29,33,34,27,22,50,14,21,25,31,23,32,35,69
2011,6,100189871,5,,,,,,,,,,,,,,,,,,,,,,,,,,,,,,,,,,,,
2011,6,100189902,258,130,50,128,50,24,9,22,9,48,19,24,9,33,13,33,13,35,14,39,15,17,14,27,11,19,13,19,10,7,8,21,13,14,20,16,29
2011,6,100189935,247,117,47,130,53,12,5,18,7,41,17,32,13,25,10,44,18,34,14,41,17,6,8,17,22,12,21,18,13,6,10,24,10,13,23,16,28
2011,6,100189968,88,43,49,45,51,6,7,4,5,20,23,10,11,11,13,13,15,11,13,13,15,4,4,11,8,5,6,5,0,2,0,9,2,6,7,6,13
2011,6,100189976,650,301,46,349,54,51,8,44,7,103,16,87,13,87,13,86,13,63,10,129,20,31,24,55,43,40,41,19,48,20,20,48,44,47,45,44,81
2011,6,100190005,145,62,43,83,57,12,8,13,9,19,13,16,11,18,12,18,12,20,14,29,20,6,3,7,8,10,6,11,11,6,10,12,8,8,12,9,18
2011,6,100190013,336,157,47,179,53,29,9,40,12,60,18,50,15,43,13,47,14,32,10,35,10,15,17,32,24,23,24,12,10,14,23,28,26,20,23,20,25
2011,6,100190038,106,54,51,52,49,11,10,10,9,21,20,11,10,17,16,20,19,9,8,7,7,3,7,13,3,9,10,5,4,8,3,8,8,8,10,4,3
2011,6,100190101,158,71,45,87,55,6,4,12,8,32,20,15,9,29,18,25,16,14,9,25,16,3,8,13,8,13,12,6,8,3,4,19,7,16,13,8,17
2011,6,100190167,799,368,46,431,54,65,8,72,9,97,12,113,14,97,12,90,11,102,13,163,20,36,41,47,59,55,35,43,52,29,31,50,54,42,55,59,111
2011,6,100190183,396,170,43,226,57,3,1,5,1,12,3,16,4,21,5,35,9,49,12,255,64,2,0,6,12,13,25,30,82,1,5,6,4,8,10,19,173
2011,6,100190222,672,313,47,359,53,44,7,40,6,105,16,82,12,97,14,94,14,75,11,135,20,31,18,54,42,44,44,31,49,13,22,51,40,53,50,44,86
2011,6,100190255,391,194,50,197,50,30,8,24,6,49,13,54,14,42,11,54,14,63,16,75,19,18,11,29,31,21,24,33,27,12,13,20,23,21,30,30,48
2011,6,100190310,585,282,48,303,52,39,7,41,7,98,17,68,12,76,13,97,17,61,10,105,18,22,19,51,37,40,44,33,36,17,22,47,31,36,53,28,69
2011,6,100190415,267,127,48,140,52,23,9,32,12,39,15,36,13,38,14,39,15,23,9,37,14,13,14,25,20,16,20,8,11,10,18,14,16,22,19,15,26
2011,6,100190511,290,151,52,139,48,31,11,30,10,53,18,32,11,33,11,40,14,31,11,40,14,17,16,30,20,19,21,17,11,14,14,23,12,14,19,14,29
2011,6,100190528,82,42,51,40,49,3,4,9,11,17,21,5,6,10,12,12,15,10,12,16,20,3,5,7,4,5,7,4,7,0,4,10,1,5,5,6,9
2011,6,100190536,237,117,49,120,51,14,6,19,8,41,17,28,12,39,16,34,14,22,9,40,17,8,11,15,16,22,16,11,18,6,8,26,12,17,18,11,22
2011,6,100190552,173,89,51,84,49,14,8,9,5,31,18,16,9,22,13,22,13,27,16,32,18,8,6,15,8,15,12,12,13,6,3,16,8,7,10,15,19
2011,6,100190624,186,87,47,99,53,17,9,19,10,41,22,17,9,21,11,35,19,8,4,28,15,10,12,18,8,8,21,3,7,7,7,23,9,13,14,5,21
2011,6,100190673,248,109,44,139,56,17,7,19,8,52,21,23,9,35,14,36,15,20,8,46,19,7,8,25,13,16,18,11,11,10,11,27,10,19,18,9,35
2011,6,100190704,254,124,49,130,51,12,5,20,8,44,17,22,9,40,16,47,19,19,7,50,20,9,11,22,15,16,24,11,16,3,9,22,7,24,23,8,34
2011,6,100190800,193,95,49,98,51,13,7,24,12,37,19,17,9,30,16,23,12,24,12,25,13,5,10,27,9,13,11,10,10,8,14,10,8,17,12,14,15
2011,6,100190841,94,50,53,44,47,2,2,6,6,19,20,10,11,12,13,14,15,12,13,19,20,1,4,14,6,4,8,5,8,1,2,5,4,8,6,7,11
2011,6,100190866,33,18,55,15,45,0,0,3,9,4,12,1,3,6,18,2,6,7,21,10,30,0,2,2,1,3,2,5,3,0,1,2,0,3,0,2,7
2011,6,100190890,313,152,49,161,51,29,9,22,7,55,18,40,13,38,12,53,17,26,8,50,16,18,9,32,21,17,27,15,13,11,13,23,19,21,26,11,37
2011,6,100190954,231,101,44,130,56,15,6,19,8,33,14,19,8,36,16,38,16,28,12,43,19,7,9,14,9,17,18,12,15,8,10,19,10,19,20,16,28
2011,6,100190970,31,16,52,15,48,2,6,2,6,6,19,2,6,6,19,5,16,3,10,5,16,0,1,4,1,2,4,1,3,2,1,2,1,4,1,2,2
2011,6,100191007,384,201,52,183,48,22,6,33,9,70,18,37,10,65,17,65,17,28,7,64,17,12,22,45,19,33,35,12,23,10,11,25,18,32,30,16,41
2011,6,100191056,33,16,48,17,52,2,6,3,9,3,9,4,12,5,15,5,15,3,9,8,24,1,1,2,2,2,4,1,3,1,2,1,2,3,1,2,5
2011,6,100191080,164,78,48,86,52,6,4,5,3,32,20,12,7,22,13,32,20,16,10,39,24,5,2,18,6,9,13,8,17,1,3,14,6,13,19,8,22
2011,6,100191111,26,10,38,16,62,0,0,0,0,3,12,2,8,3,12,3,12,7,27,8,31,0,0,1,1,2,2,2,2,0,0,2,1,1,1,5,6
2011,6,100191136,27,14,52,13,48,1,4,0,0,6,22,3,11,2,7,7,26,3,11,5,19,1,0,1,3,2,5,0,2,0,0,5,0,0,2,3,3
2011,6,100191144,355,176,50,179,50,21,6,31,9,47,13,41,12,41,12,59,17,38,11,77,22,12,15,25,25,24,32,14,29,9,16,22,16,17,27,24,48
2011,6,100191152,5,,,,,,,,,,,,,,,,,,,,,,,,,,,,,,,,,,,,
2011,6,100191193,416,189,45,227,55,23,6,33,8,59,14,59,14,48,12,73,18,49,12,72,17,8,18,30,30,18,36,23,26,15,15,29,29,30,37,26,46
2011,6,100191208,53,29,55,24,45,8,15,6,11,4,8,11,21,11,21,2,4,8,15,3,6,5,4,2,5,8,2,2,1,3,2,2,6,3,0,6,2
2011,6,100191265,166,78,47,88,53,10,6,13,8,30,18,24,14,19,11,38,23,14,8,18,11,5,5,14,14,8,18,7,7,5,8,16,10,11,20,7,11
2011,6,100191320,547,257,47,290,53,47,9,38,7,113,21,59,11,71,13,93,17,46,8,80,15,27,20,61,30,32,43,23,21,20,18,52,29,39,50,23,59
2011,6,100191337,47,22,47,25,53,4,9,4,9,4,9,8,17,3,6,8,17,8,17,8,17,1,1,2,4,2,3,6,3,3,3,2,4,1,5,2,5
2011,6,100191400,150,71,47,79,53,10,7,21,14,25,17,11,7,26,17,16,11,20,13,21,14,3,7,15,4,13,10,9,10,7,14,10,7,13,6,11,11
2011,6,100191466,98,50,51,48,49,4,4,5,5,17,17,7,7,16,16,16,16,14,14,19,19,4,2,8,6,7,8,8,7,0,3,9,1,9,8,6,12
2011,6,100191505,107,54,50,53,50,14,13,8,7,16,15,22,21,10,9,16,15,8,7,13,12,9,5,9,12,6,6,3,4,5,3,7,10,4,10,5,9
2011,6,100191595,20,11,55,9,45,7,35,0,0,5,25,2,10,1,5,2,10,3,15,0,0,5,0,2,1,0,1,2,0,2,0,3,1,1,1,1,0
2011,6,100191601,239,118,49,121,51,10,4,16,7,42,18,28,12,26,11,43,18,29,12,45,19,6,8,28,17,13,18,9,19,4,8,14,11,13,25,20,26
2011,6,100191626,5,,,,,,,,,,,,,,,,,,,,,,,,,,,,,,,,,,,,
2011,6,100191691,327,146,45,181,55,22,7,30,9,40,12,45,14,46,14,37,11,47,14,60,18,11,13,16,28,22,16,23,17,11,17,24,17,24,21,24,43
2011,6,100191747,259,115,44,144,56,16,6,19,7,28,11,43,17,30,12,35,14,36,14,52,20,6,8,12,21,19,16,18,15,10,11,16,22,11,19,18,37
2011,6,100191771,250,144,58,106,42,12,5,22,9,48,19,29,12,31,12,54,22,31,12,23,9,8,15,34,16,19,34,12,6,4,7,14,13,12,20,19,17
2011,6,100191876,425,194,46,231,54,26,6,34,8,71,17,59,14,57,13,63,15,45,11,70,16,12,19,32,29,26,31,27,18,14,15,39,30,31,32,18,52
2011,6,100192000,301,142,47,159,53,21,7,17,6,62,21,30,10,37,12,51,17,25,8,58,19,10,9,30,16,19,26,13,19,11,8,32,14,18,25,12,39
2011,6,100192090,134,70,52,64,48,4,3,12,9,25,19,13,10,19,14,23,17,12,9,26,19,2,8,14,11,10,14,1,10,2,4,11,2,9,9,11,16
2011,6,100192170,270,127,47,143,53,24,9,29,11,49,18,32,12,37,14,41,15,19,7,39,14,10,17,24,20,19,18,10,9,14,12,25,12,18,23,9,30
2011,6,100192314,433,191,44,242,56,24,6,36,8,62,14,52,12,63,15,57,13,47,11,92,21,8,19,30,33,31,22,25,23,16,17,32,19,32,35,22,69
2011,6,100192388,129,58,45,71,55,7,5,8,6,23,18,12,9,12,9,22,17,21,16,24,19,2,5,11,7,4,12,9,8,5,3,12,5,8,10,12,16
2011,6,100192402,419,192,46,227,54,18,4,25,6,66,16,42,10,53,13,72,17,44,11,99,24,10,11,39,25,22,33,21,31,8,14,27,17,31,39,23,68
2011,6,100192410,71,36,51,35,49,8,11,6,8,9,13,9,13,7,10,13,18,8,11,11,15,4,3,6,6,3,6,5,3,4,3,3,3,4,7,3,8
2011,6,100192443,350,160,46,190,54,22,6,29,8,65,19,34,10,56,16,44,13,31,9,69,20,8,13,38,14,25,22,14,26,14,16,27,20,31,22,17,43
2011,6,100192451,381,189,50,192,50,6,2,9,2,24,6,91,24,73,19,70,18,46,12,62,16,4,7,15,39,36,44,20,24,2,2,9,52,37,26,26,38
2011,6,100192468,30,13,43,17,57,1,3,3,10,2,7,3,10,3,10,6,20,6,20,6,20,1,0,2,2,2,2,4,0,0,3,0,1,1,4,2,6
2011,6,100192476,38,19,50,19,50,0,0,2,5,2,5,5,13,2,5,5,13,8,21,14,37,0,2,1,4,1,1,4,6,0,0,1,1,1,4,4,8
2011,6,100192507,461,233,51,228,49,40,9,28,6,77,17,78,17,58,13,66,14,51,11,63,14,24,13,49,41,33,30,23,20,16,15,28,37,25,36,28,43
2011,6,100192515,63,30,48,33,52,3,5,4,6,10,16,7,11,16,25,7,11,4,6,12,19,3,2,4,3,11,3,1,3,0,2,6,4,5,4,3,9
2011,6,100192523,79,30,38,49,62,4,5,9,11,12,15,6,8,11,14,17,22,12,15,8,10,0,2,6,2,3,11,3,3,4,7,6,4,8,6,9,5
2011,6,100192652,404,193,48,211,52,31,8,34,8,68,17,58,14,48,12,70,17,34,8,61,15,18,16,36,23,28,35,10,27,13,18,32,35,20,35,24,34
2011,6,100192716,937,442,47,495,53,72,8,80,9,145,15,121,13,136,15,150,16,87,9,146,16,35,38,74,72,66,72,39,46,37,42,71,49,70,78,48,100
2011,6,100192732,207,95,46,112,54,10,5,17,8,31,15,19,9,31,15,30,14,22,11,47,23,5,9,15,11,13,14,10,18,5,8,16,8,18,16,12,29
2011,6,100192798,132,58,44,74,56,15,11,15,11,18,14,17,13,16,12,18,14,12,9,21,16,8,8,7,7,8,6,6,8,7,7,11,10,8,12,6,13
2011,6,100192812,22,11,50,11,50,2,9,1,5,3,14,2,9,3,14,4,18,1,5,6,27,0,1,2,2,1,3,0,2,2,0,1,0,2,1,1,4
2011,6,100192820,151,85,56,66,44,5,3,6,4,16,11,22,15,14,9,32,21,21,14,35,23,2,4,12,16,7,17,12,15,3,2,4,6,7,15,9,20
2011,6,100192837,462,207,45,255,55,32,7,33,7,56,12,46,10,51,11,81,18,41,9,122,26,18,14,25,25,25,46,19,35,14,19,31,21,26,35,22,87
2011,6,100192925,138,61,44,77,56,11,8,7,5,27,20,24,17,18,13,20,14,16,12,15,11,8,2,12,13,7,8,5,6,3,5,15,11,11,12,11,9
2011,6,100192933,67,22,33,45,67,3,4,4,6,11,16,6,9,4,6,13,19,8,12,18,27,0,0,4,1,2,6,4,5,3,4,7,5,2,7,4,13
2011,6,100192941,193,88,46,105,54,14,7,21,11,23,12,19,10,26,13,40,21,20,10,30,16,11,15,7,8,12,19,7,9,3,6,16,11,14,21,13,21
2011,6,100192974,502,226,45,276,55,38,8,30,6,71,14,66,13,60,12,78,16,71,14,88,18,19,14,38,31,31,37,33,23,19,16,33,35,29,41,38,65
2011,6,100193027,17,11,65,6,35,0,0,0,0,2,12,0,0,2,12,3,18,0,0,10,59,0,0,1,0,2,2,0,6,0,0,1,0,0,1,0,4
2011,6,100193051,140,70,50,70,50,4,3,11,8,24,17,16,11,22,16,18,13,25,18,20,14,2,9,13,8,9,9,12,8,2,2,11,8,13,9,13,12
2011,6,100193068,281,123,44,158,56,19,7,13,5,49,17,35,12,30,11,58,21,22,8,55,20,5,5,23,19,13,28,11,19,14,8,26,16,17,30,11,36
2011,6,100193148,426,207,49,219,51,19,4,28,7,71,17,49,12,52,12,95,22,39,9,73,17,15,13,36,29,26,44,23,21,4,15,35,20,26,51,16,52
2011,6,100193180,3142,1876,60,1266,40,185,6,166,5,583,19,644,20,500,16,443,14,288,9,333,11,96,82,394,493,315,236,131,129,89,84,189,151,185,207,157,204
2011,6,100193203,109,51,47,58,53,7,6,9,8,25,23,14,13,15,14,10,9,10,9,19,17,4,5,13,7,7,4,5,6,3,4,12,7,8,6,5,13
2011,6,100193277,143,66,46,77,54,5,3,13,9,26,18,18,13,15,10,22,15,22,15,22,15,2,6,11,9,7,11,12,8,3,7,15,9,8,11,10,14
2011,6,100193285,171,79,46,92,54,11,6,17,10,21,12,20,12,17,10,32,19,25,15,28,16,5,12,10,5,10,15,11,11,6,5,11,15,7,17,14,17
2011,6,100193316,187,91,49,96,51,20,11,22,12,29,16,30,16,17,9,30,16,18,10,21,11,11,11,15,14,11,13,9,7,9,11,14,16,6,17,9,14
2011,6,100193324,100,44,44,56,56,3,3,8,8,21,21,9,9,8,8,20,20,16,16,15,15,2,5,10,4,1,8,9,5,1,3,11,5,7,12,7,10
2011,6,100193332,759,358,47,401,53,47,6,80,11,97,13,97,13,98,13,114,15,79,10,147,19,28,44,44,48,57,66,29,42,19,36,53,49,41,48,50,105
2011,6,100193373,58,31,53,27,47,2,3,1,2,6,10,6,10,8,14,13,22,9,16,13,22,1,0,5,4,5,9,1,6,1,1,1,2,3,4,8,7
2011,6,100193404,28,17,61,11,39,2,7,5,18,5,18,5,18,4,14,3,11,3,11,1,4,2,4,2,4,1,1,2,1,0,1,3,1,3,2,1,0
2011,6,100193420,46,22,48,24,52,9,20,2,4,13,28,5,11,6,13,2,4,3,7,6,13,4,1,7,3,3,0,1,3,5,1,6,2,3,2,2,3
2011,6,100193445,5,,,,,,,,,,,,,,,,,,,,,,,,,,,,,,,,,,,,
2011,6,100193453,30,12,40,18,60,2,7,1,3,5,17,4,13,1,3,5,17,4,13,8,27,1,1,0,3,1,1,3,2,1,0,5,1,0,4,1,6
2011,6,100193461,5,,,,,,,,,,,,,,,,,,,,,,,,,,,,,,,,,,,,
2011,6,100193478,51,28,55,23,45,6,12,9,18,5,10,4,8,6,12,9,18,6,12,6,12,4,5,3,2,3,7,3,1,2,4,2,2,3,2,3,5
2011,6,100193486,25,12,48,13,52,1,4,4,16,2,8,3,12,5,20,3,12,3,12,4,16,0,1,1,2,1,3,2,2,1,3,1,1,4,0,1,2
2011,6,100193494,327,158,48,169,52,26,8,21,6,55,17,41,13,39,12,49,15,36,11,60,18,11,15,29,23,19,26,19,16,15,6,26,18,20,23,17,44
2011,6,100193500,184,80,43,104,57,12,7,22,12,26,14,24,13,23,13,27,15,22,12,28,15,4,9,14,11,11,15,12,4,8,13,12,13,12,12,10,24
2011,6,100193517,553,256,46,297,54,45,8,38,7,83,15,87,16,58,10,83,15,75,14,84,15,17,17,51,46,25,38,39,23,28,21,32,41,33,45,36,61
2011,6,100193525,5,,,,,,,,,,,,,,,,,,,,,,,,,,,,,,,,,,,,
2011,6,100193533,65,35,54,30,46,8,12,11,17,3,5,12,18,8,12,3,5,6,9,14,22,6,6,3,6,5,1,2,6,2,5,0,6,3,2,4,8
2011,6,100193566,129,55,43,74,57,4,3,29,22,36,28,9,7,4,3,13,10,11,9,23,18,3,14,18,4,2,5,3,6,1,15,18,5,2,8,8,17
2011,6,100193574,39,23,59,16,41,1,3,4,10,5,13,3,8,4,10,7,18,6,15,9,23,1,4,4,2,2,5,1,4,0,0,1,1,2,2,5,5
2011,6,100193621,88,41,47,47,53,10,11,11,13,12,14,16,18,6,7,13,15,8,9,12,14,3,5,7,7,2,9,4,4,7,6,5,9,4,4,4,8
2011,6,100193638,399,195,49,204,51,32,8,18,5,57,14,64,16,40,10,70,18,60,15,58,15,18,8,29,36,21,37,26,20,14,10,28,28,19,33,34,38
2011,6,100193646,41,20,49,21,51,1,2,2,5,2,5,2,5,7,17,7,17,11,27,9,22,0,0,0,2,5,4,6,3,1,2,2,0,2,3,5,6
2011,6,100193670,5,,,,,,,,,,,,,,,,,,,,,,,,,,,,,,,,,,,,
2011,6,100193687,11,5,45,6,55,1,9,0,0,1,9,1,9,4,36,1,9,1,9,2,18,0,0,0,1,1,1,1,1,1,0,1,0,3,0,0,1
2011,6,100193695,5,,,,,,,,,,,,,,,,,,,,,,,,,,,,,,,,,,,,
2011,6,100193718,18,9,50,9,50,0,0,0,0,6,33,0,0,3,17,4,22,3,17,2,11,0,0,3,0,3,2,0,1,0,0,3,0,0,2,3,1
2011,6,100193726,57,31,54,26,46,2,4,3,5,11,19,11,19,5,9,8,14,5,9,12,21,2,3,5,8,4,5,0,4,0,0,6,3,1,3,5,8
2011,6,100193767,61,34,56,27,44,7,11,6,10,7,11,9,15,13,21,10,16,5,8,4,7,4,6,5,4,7,5,2,1,3,0,2,5,6,5,3,3
2011,6,100193775,553,264,48,289,52,38,7,57,10,85,15,77,14,83,15,82,15,63,11,68,12,21,24,42,46,38,37,29,27,17,33,43,31,45,45,34,41
2011,6,100193806,76,38,50,38,50,6,8,10,13,13,17,4,5,6,8,14,18,7,9,16,21,4,6,5,4,2,7,4,6,2,4,8,0,4,7,3,10
2011,6,100193822,5,,,,,,,,,,,,,,,,,,,,,,,,,,,,,,,,,,,,
2011,6,100193847,19,10,53,9,47,1,5,1,5,1,5,4,21,4,21,4,21,2,11,2,11,0,0,0,2,2,2,2,2,1,1,1,2,2,2,0,0
2011,6,100193888,5,,,,,,,,,,,,,,,,,,,,,,,,,,,,,,,,,,,,
2011,6,100193896,5,,,,,,,,,,,,,,,,,,,,,,,,,,,,,,,,,,,,
2011,6,100193927,19,10,53,9,47,0,0,0,0,3,16,1,5,0,0,5,26,4,21,6,32,0,0,2,0,0,3,3,2,0,0,1,1,0,2,1,4
2011,6,100193935,199,99,50,100,50,13,7,14,7,37,19,17,9,22,11,46,23,20,10,30,15,7,7,20,9,10,28,7,11,6,7,17,8,12,18,13,19
2011,6,100193976,1706,817,48,889,52,104,6,118,7,242,14,204,12,217,13,243,14,229,13,349,20,55,64,124,111,116,114,101,132,49,54,118,93,101,129,128,217
2011,6,100193992,53,24,45,29,55,3,6,4,8,7,13,3,6,7,13,4,8,10,19,15,28,1,2,6,2,5,2,4,2,2,2,1,1,2,2,6,13
2011,6,100194020,5,,,,,,,,,,,,,,,,,,,,,,,,,,,,,,,,,,,,
2011,6,100194053,223,104,47,119,53,12,5,12,5,40,18,19,9,41,18,36,16,30,13,33,15,4,7,20,11,21,13,16,12,8,5,20,8,20,23,14,21
2011,6,100194117,358,173,48,185,52,25,7,30,8,64,18,37,10,53,15,55,15,40,11,54,15,10,10,42,17,27,28,21,18,15,20,22,20,26,27,19,36
2011,6,100194158,50,27,54,23,46,3,6,8,16,5,10,7,14,7,14,4,8,4,8,12,24,2,5,2,5,5,1,2,5,1,3,3,2,2,3,2,7
2011,6,100194166,327,153,47,174,53,25,8,21,6,51,16,32,10,46,14,55,17,46,14,51,16,13,11,29,13,26,24,23,14,12,10,22,19,20,31,23,37
2011,6,100194174,322,160,50,162,50,17,5,16,5,52,16,33,10,50,16,42,13,46,14,66,20,12,5,29,19,26,21,20,28,5,11,23,14,24,21,26,38
2011,6,100194213,36,18,50,18,50,1,3,0,0,8,22,5,14,2,6,6,17,6,17,8,22,0,0,4,3,2,3,2,4,1,0,4,2,0,3,4,4
2011,6,100194238,43,23,53,20,47,6,14,3,7,1,2,10,23,2,5,4,9,9,21,8,19,2,3,0,8,0,1,5,4,4,0,1,2,2,3,4,4
2011,6,100194262,36,16,44,20,56,4,11,3,8,4,11,3,8,3,8,6,17,9,25,4,11,2,0,1,0,3,2,5,3,2,3,3,3,0,4,4,1
2011,6,100194318,395,179,45,216,55,30,8,29,7,72,18,50,13,47,12,75,19,39,10,53,13,12,18,32,27,20,35,20,15,18,11,40,23,27,40,19,38
2011,6,100194334,201,90,45,111,55,16,8,12,6,36,18,25,12,10,5,50,25,24,12,28,14,7,7,16,13,3,25,13,6,9,5,20,12,7,25,11,22
2011,6,100194430,261,140,54,121,46,27,10,34,13,37,14,40,15,37,14,29,11,22,8,35,13,17,21,24,22,21,15,7,13,10,13,13,18,16,14,15,22
2011,6,100195055,45,25,56,20,44,2,4,1,2,12,27,4,9,7,16,10,22,7,16,2,4,1,0,8,3,3,5,5,0,1,1,4,1,4,5,2,2
2011,6,100195071,203,94,46,109,54,17,8,19,9,38,19,21,10,29,14,24,12,28,14,27,13,8,9,20,11,12,13,13,8,9,10,18,10,17,11,15,19
2011,6,100195096,318,138,43,180,57,13,4,18,6,40,13,41,13,37,12,44,14,36,11,89,28,8,8,20,29,17,22,14,20,5,10,20,12,20,22,22,69
2011,6,100195393,99,48,48,51,52,7,7,11,11,11,11,14,14,14,14,13,13,7,7,22,22,3,7,5,8,8,4,4,9,4,4,6,6,6,9,3,13
2011,6,100195762,148,61,41,87,59,13,9,15,10,26,18,18,12,13,9,21,14,14,9,28,19,6,7,14,9,5,8,5,7,7,8,12,9,8,13,9,21
2011,6,100195795,5,,,,,,,,,,,,,,,,,,,,,,,,,,,,,,,,,,,,
2011,6,100195801,67,38,57,29,43,4,6,9,13,9,13,10,15,8,12,12,18,6,9,9,13,3,6,5,5,6,6,4,3,1,3,4,5,2,6,2,6
2011,6,100195818,130,62,48,68,52,4,3,9,7,29,22,8,6,17,13,25,19,23,18,15,12,2,3,15,5,6,12,12,7,2,6,14,3,11,13,11,8
2011,6,100195826,27,12,44,15,56,0,0,1,4,1,4,2,7,3,11,7,26,3,11,10,37,0,1,0,2,1,4,2,2,0,0,1,0,2,3,1,8
2011,6,100195906,14,8,57,6,43,1,7,1,7,4,29,1,7,1,7,5,36,1,7,0,0,1,1,2,1,0,2,1,0,0,0,2,0,1,3,0,0
2011,6,100195988,46,22,48,24,52,2,4,2,4,4,9,6,13,5,11,14,30,8,17,5,11,1,1,2,2,2,8,4,2,1,1,2,4,3,6,4,3
2011,6,100196483,152,76,50,76,50,14,9,16,11,23,15,13,9,26,17,18,12,16,11,26,17,9,11,12,8,14,9,6,7,5,5,11,5,12,9,10,19
2011,6,100196588,47,27,57,20,43,3,6,3,6,7,15,4,9,10,21,2,4,7,15,11,23,2,2,4,2,8,1,5,3,1,1,3,2,2,1,2,8
2011,6,100196635,263,122,46,141,54,16,6,18,7,36,14,30,11,34,13,33,13,27,10,69,26,4,9,20,18,17,11,16,27,12,9,16,12,17,22,11,42
2011,6,100196643,127,62,49,65,51,6,5,7,6,20,16,5,4,20,16,11,9,19,15,39,31,3,4,13,3,12,7,11,9,3,3,7,2,8,4,8,30
2011,6,100196676,799,387,48,412,52,49,6,49,6,129,16,105,13,95,12,120,15,103,13,149,19,21,27,73,60,45,54,49,58,28,22,56,45,50,66,54,91
2011,6,100196723,121,54,45,67,55,4,3,3,2,21,17,16,13,10,8,32,26,13,11,22,18,1,1,13,5,5,15,6,8,3,2,8,11,5,17,7,14
2011,6,100196780,62,32,52,30,48,3,5,6,10,6,10,6,10,10,16,10,16,3,5,18,29,2,4,3,4,6,6,3,4,1,2,3,2,4,4,0,14
2011,6,100196797,639,298,47,341,53,54,8,70,11,94,15,70,11,124,19,84,13,66,10,77,12,26,36,42,33,57,43,31,30,28,34,52,37,67,41,35,47
2011,6,100196803,609,304,50,305,50,88,14,61,10,66,11,116,19,130,21,60,10,44,7,44,7,49,31,38,55,65,31,19,16,39,30,28,61,65,29,25,28
2011,6,100196916,39,20,51,19,49,2,5,3,8,7,18,1,3,11,28,5,13,4,10,6,15,2,2,2,1,6,3,2,2,0,1,5,0,5,2,2,4
2011,6,100196973,217,110,51,107,49,16,7,26,12,33,15,25,12,31,14,25,12,29,13,32,15,10,17,16,14,21,6,15,11,6,9,17,11,10,19,14,21
2011,6,100196981,247,121,49,126,51,21,9,25,10,28,11,36,15,31,13,34,14,24,10,48,19,11,18,14,17,18,17,12,14,10,7,14,19,13,17,12,34
2011,6,100196998,67,31,46,36,54,5,7,4,6,8,12,7,10,10,15,10,15,12,18,11,16,3,0,4,5,6,5,5,3,2,4,4,2,4,5,7,8
2011,6,100197091,125,57,46,68,54,6,5,23,18,18,14,16,13,25,20,16,13,11,9,10,8,2,11,11,7,12,6,5,3,4,12,7,9,13,10,6,7
2011,6,100197114,167,78,47,89,53,14,8,5,3,20,12,17,10,22,13,27,16,21,13,41,25,6,3,8,9,14,14,8,16,8,2,12,8,8,13,13,25
2011,6,100197122,74,32,43,42,57,8,11,12,16,8,11,14,19,11,15,4,5,8,11,9,12,4,0,3,7,8,2,4,4,4,12,5,7,3,2,4,5
2011,6,100197130,103,54,52,49,48,16,16,5,5,8,8,21,20,17,17,11,11,15,15,10,10,10,4,5,12,8,6,5,4,6,1,3,9,9,5,10,6
2011,6,100197251,80,41,51,39,49,1,1,8,10,8,10,4,5,7,9,17,21,14,18,21,26,0,6,4,3,3,7,8,10,1,2,4,1,4,10,6,11
2011,6,100197276,89,49,55,40,45,6,7,5,6,15,17,13,15,12,13,11,12,12,13,15,17,5,2,10,9,5,6,5,7,1,3,5,4,7,5,7,8
2011,6,100197284,24,10,42,14,58,0,0,3,13,1,4,3,13,5,21,3,13,2,8,7,29,0,1,1,1,3,2,0,2,0,2,0,2,2,1,2,5
2011,6,100197307,63,30,48,33,52,3,5,12,19,9,14,8,13,9,14,7,11,6,10,9,14,1,6,5,6,4,3,2,3,2,6,4,2,5,4,4,6
2011,6,100197403,241,114,47,127,53,11,5,22,9,41,17,20,8,33,14,43,18,35,15,36,15,5,10,24,11,14,19,20,11,6,12,17,9,19,24,15,25
2011,6,100197493,35,21,60,14,40,2,6,4,11,9,26,1,3,6,17,6,17,4,11,3,9,2,3,6,1,5,2,0,2,0,1,3,0,1,4,4,1
2011,6,100197516,27,12,44,15,56,0,0,3,11,3,11,4,15,4,15,3,11,6,22,4,15,0,0,2,4,2,0,3,1,0,3,1,0,2,3,3,3
2011,6,100197557,49,25,51,24,49,1,2,3,6,7,14,5,10,15,31,3,6,4,8,11,22,1,2,5,3,6,1,3,4,0,1,2,2,9,2,1,7
2011,6,100197565,133,70,53,63,47,22,17,13,10,14,11,17,13,20,15,19,14,15,11,13,10,11,7,8,6,12,14,7,5,11,6,6,11,8,5,8,8
2011,6,100197573,1252,601,48,651,52,115,9,84,7,156,12,220,18,199,16,186,15,141,11,151,12,60,46,76,111,112,94,57,45,55,38,80,109,87,92,84,106
2011,6,100197598,13,3,23,10,77,3,23,1,8,1,8,3,23,2,15,3,23,0,0,0,0,0,0,0,1,1,1,0,0,3,1,1,2,1,2,0,0
2011,6,100197934,18,8,44,10,56,2,11,0,0,1,6,3,17,0,0,5,28,3,17,4,22,2,0,0,1,0,1,3,1,0,0,1,2,0,4,0,3
2011,6,100198237,19,8,42,11,58,3,16,0,0,4,21,3,16,2,11,1,5,2,11,4,21,0,0,3,2,1,0,1,1,3,0,1,1,1,1,1,3
2011,6,100198374,27,11,41,16,59,2,7,5,19,7,26,2,7,4,15,6,22,1,4,0,0,0,2,2,0,2,4,1,0,2,3,5,2,2,2,0,0
2011,6,100198405,57,27,47,30,53,3,5,3,5,10,18,9,16,4,7,16,28,5,9,7,12,1,1,4,6,1,7,2,5,2,2,6,3,3,9,3,2
2011,6,100198413,31,13,42,18,58,1,3,2,6,3,10,3,10,3,10,10,32,0,0,9,29,1,0,3,0,0,5,0,4,0,2,0,3,3,5,0,5
2011,6,100198421,46,22,48,24,52,5,11,8,17,5,11,3,7,13,28,3,7,3,7,6,13,0,4,4,1,9,1,1,2,5,4,1,2,4,2,2,4
2011,6,100198702,168,85,51,83,49,9,5,18,11,38,23,24,14,14,8,30,18,23,14,12,7,4,10,21,13,10,10,13,4,5,8,17,11,4,20,10,8
2011,6,100199054,17,9,53,8,47,3,18,0,0,0,0,4,24,1,6,3,18,1,6,5,29,1,0,0,3,1,2,0,2,2,0,0,1,0,1,1,3
2011,6,100199062,29,16,55,13,45,4,14,1,3,2,7,7,24,2,7,5,17,5,17,3,10,3,0,1,4,0,3,4,1,1,1,1,3,2,2,1,2
2011,6,100199070,5,,,,,,,,,,,,,,,,,,,,,,,,,,,,,,,,,,,,
2011,6,100199087,32,17,53,15,47,2,6,1,3,2,6,5,16,3,9,3,9,4,13,12,38,1,1,1,3,2,1,3,5,1,0,1,2,1,2,1,7
2011,6,100199095,50,26,52,24,48,3,6,2,4,5,10,4,8,4,8,9,18,4,8,19,38,2,1,4,3,2,4,2,8,1,1,1,1,2,5,2,11
2011,6,100199101,57,26,46,31,54,6,11,5,9,5,9,11,19,7,12,6,11,11,19,6,11,4,2,2,5,5,3,2,3,2,3,3,6,2,3,9,3
2011,6,100199126,12,6,50,6,50,1,8,1,8,0,0,2,17,2,17,0,0,2,17,4,33,1,1,0,1,1,0,1,1,0,0,0,1,1,0,1,3
2011,6,100199134,30,14,47,16,53,1,3,2,7,1,3,1,3,5,17,2,7,6,20,12,40,1,1,0,1,3,1,2,5,0,1,1,0,2,1,4,7
2011,6,100199142,14,6,43,8,57,0,0,0,0,1,7,1,7,2,14,1,7,2,14,7,50,0,0,1,0,1,0,1,3,0,0,0,1,1,1,1,4
2011,6,100199150,28,14,50,14,50,1,4,1,4,1,4,5,18,5,18,5,18,7,25,3,11,1,1,1,2,2,3,4,0,0,0,0,3,3,2,3,3
2011,6,100199175,36,18,50,18,50,2,6,1,3,5,14,3,8,6,17,5,14,10,28,4,11,1,1,3,2,4,2,5,0,1,0,2,1,2,3,5,4
2011,6,100199183,35,16,46,19,54,1,3,5,14,4,11,6,17,6,17,4,11,3,9,6,17,1,2,3,3,2,2,2,1,0,3,1,3,4,2,1,5
2011,6,100199191,62,34,55,28,45,2,3,8,13,11,18,7,11,9,15,8,13,7,11,10,16,1,4,6,6,4,4,4,5,1,4,5,1,5,4,3,5
2011,6,100199206,41,21,51,20,49,2,5,2,5,2,5,7,17,0,0,8,20,5,12,15,37,1,0,2,4,0,4,3,7,1,2,0,3,0,4,2,8
2011,6,100199222,22,11,50,11,50,2,9,0,0,2,9,2,9,5,23,2,9,2,9,7,32,1,0,2,0,4,1,0,3,1,0,0,2,1,1,2,4
2011,6,100199230,15,5,33,10,67,0,0,0,0,0,0,1,7,2,13,3,20,3,20,6,40,0,0,0,0,1,1,1,2,0,0,0,1,1,2,2,4
2011,6,100199247,30,13,43,17,57,4,13,2,7,4,13,7,23,1,3,6,20,3,10,3,10,2,1,1,4,0,3,1,1,2,1,3,3,1,3,2,2
2011,6,100199255,27,9,33,18,67,1,4,2,7,2,7,2,7,3,11,4,15,3,11,10,37,0,1,1,1,1,2,0,3,1,1,1,1,2,2,3,7
2011,6,100199263,132,57,43,75,57,11,8,14,11,8,6,19,14,18,14,24,18,12,9,26,20,2,10,3,8,10,12,6,6,9,4,5,11,8,12,6,20
2011,6,100199271,16,6,38,10,63,4,25,3,19,1,6,5,31,3,19,0,0,0,0,0,0,2,1,0,2,1,0,0,0,2,2,1,3,2,0,0,0
2011,6,100199288,12,6,50,6,50,1,8,0,0,2,17,1,8,1,8,6,50,1,8,0,0,0,0,1,1,0,3,1,0,1,0,1,0,1,3,0,0
2011,6,100199296,25,13,52,12,48,1,4,3,12,4,16,4,16,5,20,1,4,3,12,4,16,1,1,2,2,3,0,2,2,0,2,2,2,2,1,1,2
2011,6,100199302,28,13,46,15,54,5,18,1,4,1,4,6,21,5,18,0,0,3,11,7,25,3,1,0,3,3,0,1,2,2,0,1,3,2,0,2,5
2011,6,100199351,5,,,,,,,,,,,,,,,,,,,,,,,,,,,,,,,,,,,,
2011,6,100199376,47,25,53,22,47,4,9,2,4,5,11,6,13,5,11,7,15,7,15,11,23,3,0,4,3,3,5,3,4,1,2,1,3,2,2,4,7
2011,6,100199392,191,86,45,105,55,11,6,27,14,31,16,21,11,28,15,23,12,19,10,31,16,5,13,16,9,13,11,9,10,6,14,15,12,15,12,10,21
2011,6,100199616,34,17,50,17,50,3,9,1,3,6,18,5,15,4,12,6,18,5,15,4,12,2,0,3,2,2,3,3,2,1,1,3,3,2,3,2,2
2011,6,100200020,11,5,45,6,55,1,9,0,0,2,18,0,0,4,36,0,0,0,0,4,36,1,0,0,0,2,0,0,2,0,0,2,0,2,0,0,2
2011,6,100200502,5,,,,,,,,,,,,,,,,,,,,,,,,,,,,,,,,,,,,
2011,6,100200744,148,64,43,84,57,12,8,14,9,27,18,19,13,21,14,19,13,16,11,20,14,6,8,11,8,10,9,7,5,6,6,16,11,11,10,9,15
2011,6,100201088,47,22,47,25,53,6,13,2,4,8,17,5,11,10,21,7,15,6,13,3,6,1,1,5,3,6,4,2,0,5,1,3,2,4,3,4,3
2011,6,100201096,5,,,,,,,,,,,,,,,,,,,,,,,,,,,,,,,,,,,,
2011,6,100201102,37,16,43,21,57,4,11,2,5,4,11,7,19,6,16,3,8,7,19,4,11,0,0,1,3,5,3,3,1,4,2,3,4,1,0,4,3
2011,6,100201658,22,16,73,6,27,0,0,0,0,6,27,2,9,5,23,4,18,1,5,4,18,0,0,6,2,3,2,1,2,0,0,0,0,2,2,0,2
2011,6,100202506,41,19,46,22,54,2,5,4,10,8,20,2,5,10,24,4,10,4,10,7,17,0,3,4,1,6,2,0,3,2,1,4,1,4,2,4,4
2011,6,100203637,53,27,51,26,49,2,4,9,17,5,9,6,11,8,15,5,9,8,15,10,19,2,7,4,2,3,2,3,4,0,2,1,4,5,3,5,6
2011,6,100203741,44,20,45,24,55,5,11,2,5,6,14,7,16,7,16,7,16,3,7,7,16,4,2,1,3,4,1,3,2,1,0,5,4,3,6,0,5
2011,6,100203774,73,41,56,32,44,7,10,6,8,12,16,10,14,12,16,7,10,10,14,9,12,7,4,5,6,6,4,6,3,0,2,7,4,6,3,4,6
2011,6,100204647,382,180,47,202,53,27,7,28,7,63,16,48,13,45,12,60,16,53,14,58,15,16,20,29,26,22,28,19,20,11,8,34,22,23,32,34,38
2011,6,100204848,157,77,49,80,51,8,5,12,8,20,13,10,6,24,15,31,20,20,13,32,20,5,7,8,6,14,14,10,13,3,5,12,4,10,17,10,19
2011,6,100204864,49,26,53,23,47,5,10,5,10,7,14,8,16,6,12,7,14,5,10,6,12,2,4,6,6,2,3,2,1,3,1,1,2,4,4,3,5
2011,6,100204944,79,37,47,42,53,5,6,7,9,16,20,6,8,14,18,10,13,12,15,9,11,4,6,6,2,7,6,5,1,1,1,10,4,7,4,7,8
2011,6,100204952,26,11,42,15,58,2,8,1,4,3,12,3,12,1,4,4,15,2,8,10,38,1,1,1,3,0,2,1,2,1,0,2,0,1,2,1,8
2011,6,100204960,27,13,48,14,52,2,7,1,4,9,33,2,7,5,19,4,15,0,0,4,15,1,1,3,2,1,3,0,2,1,0,6,0,4,1,0,2
2011,6,100204977,22,11,50,11,50,1,5,4,18,1,5,4,18,2,9,3,14,3,14,4,18,1,1,0,2,2,0,3,2,0,3,1,2,0,3,0,2
2011,6,100205070,36,19,53,17,47,5,14,1,3,5,14,3,8,5,14,4,11,2,6,11,31,3,0,3,1,3,3,1,5,2,1,2,2,2,1,1,6
2011,6,100205087,5,,,,,,,,,,,,,,,,,,,,,,,,,,,,,,,,,,,,
2011,6,100205206,52,20,38,32,62,3,6,4,8,7,13,4,8,7,13,9,17,8,15,10,19,1,1,2,1,4,4,4,3,2,3,5,3,3,5,4,7
2011,6,100205351,25,8,32,17,68,3,12,1,4,2,8,4,16,1,4,1,4,1,4,12,48,1,0,0,1,1,1,1,3,2,1,2,3,0,0,0,9
2011,6,100205392,47,21,45,26,55,3,6,2,4,11,23,8,17,4,9,5,11,7,15,7,15,0,1,6,5,2,3,2,2,3,1,5,3,2,2,5,5
2011,6,100205544,59,23,39,36,61,5,8,6,10,10,17,6,10,9,15,10,17,3,5,10,17,1,3,4,3,6,3,1,2,4,3,6,3,3,7,2,8
2011,6,100205938,12,5,42,7,58,1,8,0,0,2,17,0,0,1,8,1,8,0,0,7,58,0,0,1,0,0,1,0,3,1,0,1,0,1,0,0,4
2011,6,100205946,31,14,45,17,55,1,3,0,0,3,10,2,6,3,10,7,23,6,19,9,29,0,0,1,2,2,4,3,2,1,0,2,0,1,3,3,7
2011,6,100206312,228,110,48,118,52,17,7,14,6,32,14,31,14,25,11,45,20,26,11,38,17,13,8,13,15,12,23,11,15,4,6,19,16,13,22,15,23
2011,6,100206763,39,22,56,17,44,3,8,8,21,5,13,7,18,2,5,7,18,2,5,5,13,1,5,4,3,2,4,1,2,2,3,1,4,0,3,1,3
2011,6,100206851,179,86,48,93,52,21,12,24,13,25,14,22,12,46,26,23,13,10,6,8,4,11,14,12,8,23,12,4,2,10,10,13,14,23,11,6,6
2011,6,100206868,596,282,47,314,53,49,8,68,11,83,14,61,10,129,22,112,19,49,8,45,8,19,38,42,25,61,57,23,17,30,30,41,36,68,55,26,28
2011,6,100207025,104,59,57,45,43,10,10,7,7,29,28,11,11,20,19,9,9,8,8,10,10,6,4,19,8,9,7,4,2,4,3,10,3,11,2,4,8
2011,6,100207058,87,33,38,54,62,4,5,10,11,12,14,11,13,9,10,11,13,16,18,14,16,1,3,4,6,5,4,6,4,3,7,8,5,4,7,10,10
2011,6,100207187,19,11,58,8,42,0,0,0,0,1,5,4,21,1,5,3,16,7,37,3,16,0,0,0,3,1,2,4,1,0,0,1,1,0,1,3,2
2011,6,100207218,911,439,48,472,52,87,10,91,10,113,12,114,13,175,19,125,14,84,9,122,13,40,51,60,51,81,74,36,46,47,40,53,63,94,51,48,76
2011,6,100207242,72,37,51,35,49,5,7,7,10,9,13,6,8,9,13,10,14,4,6,22,31,2,5,5,2,6,8,2,7,3,2,4,4,3,2,2,15
2011,6,100207306,93,47,51,46,49,7,8,10,11,19,20,4,4,19,20,13,14,12,13,9,10,2,7,10,2,11,8,5,2,5,3,9,2,8,5,7,7
2011,6,100207355,193,93,48,100,52,15,8,10,5,37,19,25,13,28,15,29,15,24,12,25,13,6,6,18,16,15,16,10,6,9,4,19,9,13,13,14,19
2011,6,100207363,5,,,,,,,,,,,,,,,,,,,,,,,,,,,,,,,,,,,,
2011,6,100207371,659,320,49,339,51,65,10,53,8,83,13,86,13,98,15,90,14,83,13,101,15,31,29,48,42,50,41,38,41,34,24,35,44,48,49,45,60
2011,6,100207468,220,114,52,106,48,38,17,23,10,25,11,37,17,52,24,17,8,15,7,13,6,17,13,15,15,32,8,7,7,21,10,10,22,20,9,8,6
2011,6,100207476,20,11,55,9,45,2,10,0,0,4,20,3,15,2,10,5,25,2,10,2,10,0,0,1,3,2,4,1,0,2,0,3,0,0,1,1,2
2011,6,100207484,5,,,,,,,,,,,,,,,,,,,,,,,,,,,,,,,,,,,,
2011,6,100207507,290,146,50,144,50,17,6,24,8,37,13,31,11,47,16,49,17,39,13,46,16,8,15,20,18,24,25,16,20,9,9,17,13,23,24,23,26
2011,6,100207886,102,51,50,51,50,20,20,11,11,5,5,26,25,20,20,7,7,5,5,8,8,10,7,3,10,13,1,3,4,10,4,2,16,7,6,2,4
2011,6,100207894,29,13,45,16,55,4,14,3,10,1,3,4,14,4,14,7,24,4,14,2,7,2,1,1,2,2,3,2,0,2,2,0,2,2,4,2,2
2011,6,100208236,494,237,48,257,52,50,10,45,9,89,18,68,14,84,17,80,16,29,6,49,10,22,25,52,28,44,41,12,13,28,20,37,40,40,39,17,36
2011,6,100208244,51,29,57,22,43,4,8,6,12,8,16,6,12,5,10,16,31,0,0,6,12,2,6,4,4,3,8,0,2,2,0,4,2,2,8,0,4
2011,6,100208252,77,32,42,45,58,2,3,8,10,11,14,7,9,16,21,7,9,10,13,16,21,1,5,4,3,6,5,4,4,1,3,7,4,10,2,6,12
2011,6,100208260,44,22,50,22,50,4,9,3,7,12,27,4,9,5,11,7,16,4,9,5,11,2,2,5,2,4,3,3,1,2,1,7,2,1,4,1,4
2011,6,100208277,51,29,57,22,43,2,4,2,4,3,6,8,16,7,14,6,12,15,29,8,16,2,2,3,4,4,3,7,4,0,0,0,4,3,3,8,4
2011,6,100208293,91,44,48,47,52,12,13,4,4,22,24,10,11,14,15,14,15,2,2,13,14,7,0,11,6,6,9,2,3,5,4,11,4,8,5,0,10
2011,6,100208324,309,161,52,148,48,45,15,40,13,28,9,52,17,67,22,37,12,18,6,22,7,28,24,14,20,37,20,8,10,17,16,14,32,30,17,10,12
2011,6,100208398,16,9,56,7,44,3,19,2,13,0,0,4,25,6,38,0,0,0,0,1,6,3,2,0,1,3,0,0,0,0,0,0,3,3,0,0,1
2011,6,100208404,158,72,46,86,54,34,22,16,10,12,8,32,20,27,17,21,13,10,6,6,4,16,6,5,15,13,11,5,1,18,10,7,17,14,10,5,5
2011,6,100208662,711,333,47,378,53,66,9,58,8,103,14,105,15,110,15,90,13,81,11,98,14,36,29,46,59,44,46,36,37,30,29,57,46,66,44,45,61
2011,6,100208670,5,,,,,,,,,,,,,,,,,,,,,,,,,,,,,,,,,,,,
2011,6,100208687,33,19,58,14,42,3,9,2,6,1,3,4,12,3,9,5,15,10,30,5,15,2,2,1,3,1,3,5,2,1,0,0,1,2,2,5,3
2011,6,100208726,5,,,,,,,,,,,,,,,,,,,,,,,,,,,,,,,,,,,,
2011,6,100208734,62,34,55,28,45,13,21,7,11,8,13,14,23,10,16,3,5,4,6,3,5,8,6,6,6,5,1,2,0,5,1,2,8,5,2,2,3
2011,6,100208775,224,114,51,110,49,27,12,18,8,27,12,30,13,40,18,27,12,17,8,38,17,16,13,16,12,25,10,9,13,11,5,11,18,15,17,8,25
2011,6,100208855,13,7,54,6,46,0,0,1,8,3,23,0,0,2,15,2,15,0,0,5,38,0,1,2,0,1,1,0,2,0,0,1,0,1,1,0,3
2011,6,100208863,5,,,,,,,,,,,,,,,,,,,,,,,,,,,,,,,,,,,,
2011,6,100208888,24,12,50,12,50,4,17,3,13,2,8,4,17,6,25,2,8,0,0,3,13,4,1,1,2,3,1,0,0,0,2,1,2,3,1,0,3
2011,6,100208896,15,9,60,6,40,1,7,0,0,2,13,5,33,1,7,2,13,2,13,2,13,1,0,2,3,0,1,1,1,0,0,0,2,1,1,1,1
2011,6,100208902,5,,,,,,,,,,,,,,,,,,,,,,,,,,,,,,,,,,,,
2011,6,100208910,18,7,39,11,61,2,11,0,0,2,11,3,17,4,22,3,17,1,6,3,17,0,0,1,1,2,2,1,0,2,0,1,2,2,1,0,3
2011,6,100208927,24,13,54,11,46,1,4,2,8,6,25,3,13,3,13,2,8,3,13,4,17,1,0,5,1,1,1,1,3,0,2,1,2,2,1,2,1
2011,6,100208943,45,23,51,22,49,1,2,4,9,9,20,5,11,9,20,6,13,8,18,3,7,1,2,6,2,5,2,5,0,0,2,3,3,4,4,3,3
2011,6,100209125,290,136,47,154,53,19,7,23,8,56,19,44,15,34,12,45,16,31,11,38,13,10,13,26,24,15,23,16,9,9,10,30,20,19,22,15,29
2011,6,100209133,89,41,46,48,54,8,9,10,11,11,12,13,15,14,16,6,7,10,11,17,19,5,3,6,6,10,2,2,7,3,7,5,7,4,4,8,10
2011,6,100209141,1944,885,46,1059,54,132,7,139,7,247,13,264,14,226,12,318,16,227,12,391,20,72,73,136,132,106,151,96,119,60,66,111,132,120,167,131,272
2011,6,100209182,421,215,51,206,49,43,10,41,10,36,9,64,15,64,15,50,12,60,14,63,15,22,21,21,29,37,29,26,30,21,20,15,35,27,21,34,33
2011,6,100209213,125,60,48,65,52,19,15,8,6,10,8,23,18,20,16,15,12,12,10,18,14,9,6,5,11,10,8,4,7,10,2,5,12,10,7,8,11
2011,6,100209221,44,24,55,20,45,4,9,0,0,5,11,6,14,4,9,5,11,2,5,18,41,1,0,4,2,2,4,1,10,3,0,1,4,2,1,1,8
2011,6,100209238,263,142,54,121,46,29,11,27,10,30,11,52,20,38,14,39,15,26,10,22,8,17,14,23,30,21,18,11,8,12,13,7,22,17,21,15,14
2011,6,100209262,5,,,,,,,,,,,,,,,,,,,,,,,,,,,,,,,,,,,,
2011,6,100209270,129,65,50,64,50,6,5,10,8,16,12,19,15,17,13,26,20,14,11,21,16,4,7,10,13,8,10,8,5,2,3,6,6,9,16,6,16
2011,6,100209287,169,84,50,85,50,7,4,12,7,28,17,19,11,23,14,27,16,17,10,36,21,6,9,16,13,11,10,7,12,1,3,12,6,12,17,10,24
2011,6,100209295,32,19,59,13,41,4,13,3,9,6,19,3,9,6,19,4,13,4,13,2,6,3,2,3,2,3,4,2,0,1,1,3,1,3,0,2,2
2011,6,100209326,41,23,56,18,44,4,10,5,12,6,15,6,15,4,10,6,15,4,10,6,15,3,2,4,3,2,3,3,3,1,3,2,3,2,3,1,3
2011,6,100209391,711,344,48,367,52,34,5,59,8,149,21,70,10,101,14,137,19,62,9,99,14,20,31,85,41,48,65,27,27,14,28,64,29,53,72,35,72
2011,6,100209414,5,,,,,,,,,,,,,,,,,,,,,,,,,,,,,,,,,,,,
2011,6,100209422,17,7,41,10,59,1,6,3,18,2,12,1,6,2,12,2,12,1,6,5,29,0,2,1,0,1,1,0,2,1,1,1,1,1,1,1,3
2011,6,100209447,51,25,49,26,51,11,22,6,12,3,6,11,22,15,29,2,4,1,2,2,4,3,4,3,4,9,1,0,1,8,2,0,7,6,1,1,1
2011,6,100209455,153,74,48,79,52,15,10,13,8,22,14,19,12,16,10,25,16,21,14,22,14,7,11,12,9,10,11,9,5,8,2,10,10,6,14,12,17
2011,6,100209463,303,135,45,168,55,13,4,15,5,58,19,21,7,48,16,62,20,29,10,57,19,7,8,28,13,20,34,12,13,6,7,30,8,28,28,17,44
2011,6,100209488,39,21,54,18,46,5,13,4,10,2,5,6,15,2,5,6,15,11,28,3,8,3,2,1,3,1,4,7,0,2,2,1,3,1,2,4,3
2011,6,100209510,495,232,47,263,53,28,6,53,11,83,17,34,7,72,15,71,14,52,11,102,21,14,30,43,23,31,37,21,33,14,23,40,11,41,34,31,69
2011,7,LVDPA0001,668807,295371,44,373436,56,48206,7,40599,6,80291,12,106034,16,92292,14,95079,14,83806,13,122500,18,24670,20867,39580,51836,43956,42279,33860,38323,23536,19732,40711,54198,48336,52800,49946,84177
2011,7,LVDPA0002,60075,27383,46,32692,54,4634,8,4413,7,7979,13,9069,15,8549,14,8327,14,6867,11,10237,17,2331,2203,4014,4632,4204,3872,2825,3302,2303,2210,3965,4437,4345,4455,4042,6935
2011,7,LVDPA0003,47016,20951,45,26065,55,3416,7,3198,7,5417,12,6238,13,6653,14,6903,15,6355,14,8836,19,1785,1653,2737,3014,3203,3192,2635,2732,1631,1545,2680,3224,3450,3711,3720,6104
2011,7,LVDPA0004,6272,2854,46,3418,54,423,7,399,6,759,12,732,12,799,13,906,14,735,12,1519,24,211,202,379,379,403,436,314,530,212,197,380,353,396,470,421,989
2011,7,LVDPA0005,87808,39241,45,48567,55,5634,6,5525,6,11164,13,11451,13,12775,15,13500,15,11668,13,16091,18,2922,2827,5641,5876,6157,6163,4641,5014,2712,2698,5523,5575,6618,7337,7027,11077
2011,7,LVDPA0006,33926,15239,45,18687,55,2360,7,2439,7,4198,12,4560,13,4794,14,5378,16,4328,13,5869,17,1229,1274,2129,2274,2265,2458,1826,1784,1131,1165,2069,2286,2529,2920,2502,4085
2011,7,LVDPA0007,74927,33522,45,41405,55,5826,8,5677,8,9644,13,10028,13,10236,14,10376,14,8908,12,14232,19,2941,2916,4820,5023,4930,4746,3587,4559,2885,2761,4824,5005,5306,5630,5321,9673
2011,7,LVDPA0008,38701,17429,45,21272,55,2701,7,2867,7,4813,12,5002,13,5512,14,5611,14,5097,13,7098,18,1361,1420,2453,2484,2651,2625,2078,2357,1340,1447,2360,2518,2861,2986,3019,4741
2011,7,LVDPA0009,24171,11120,46,13051,54,1804,7,1853,8,3286,14,3275,14,3434,14,3565,15,2915,12,4039,17,904,951,1709,1757,1698,1628,1202,1271,900,902,1577,1518,1736,1937,1713,2768
2011,7,LVDPA0010,17126,7628,45,9498,55,1181,7,1238,7,2446,14,2263,13,2252,13,2436,14,1959,11,3351,20,580,635,1262,1128,1069,1056,825,1073,601,603,1184,1135,1183,1380,1134,2278
2011,7,LVDPA0011,28093,12972,46,15121,54,2037,7,1932,7,4167,15,3992,14,3889,14,3955,14,3261,12,4860,17,1075,980,2167,2159,1888,1733,1384,1586,962,952,2000,1833,2001,2222,1877,3274
2011,7,LVDPA0012,26646,11895,45,14751,55,2195,8,1857,7,3221,12,3992,15,3833,14,3358,13,3477,13,4713,18,1148,942,1628,2002,1873,1432,1305,1565,1047,915,1593,1990,1960,1926,2172,3148
2011,7,LVDPA0013,12595,5770,46,6825,54,946,8,1028,8,1893,15,1558,12,1750,14,1738,14,1436,11,2246,18,490,515,989,792,817,805,602,760,456,513,904,766,933,933,834,1486
2011,7,LVDPA0014,17799,8001,45,9798,55,1474,8,1506,8,2568,14,2404,14,2496,14,2330,13,1981,11,3040,17,770,781,1240,1176,1173,1051,822,988,704,725,1328,1228,1323,1279,1159,2052
2011,7,LVDPA0015,13315,5956,45,7359,55,1001,8,1109,8,1873,14,1700,13,1802,14,1818,14,1560,12,2452,18,506,566,904,853,855,809,670,793,495,543,969,847,947,1009,890,1659
2011,7,LVDPA0016,12873,5773,45,7100,55,1003,8,968,8,1860,14,1728,13,1767,14,1912,15,1550,12,2085,16,503,459,935,849,857,838,660,672,500,509,925,879,910,1074,890,1413
2011,7,LVDPA0017,12895,5823,45,7072,55,1126,9,953,7,1827,14,1991,15,1742,14,1731,13,1358,11,2167,17,579,473,909,982,801,787,573,719,547,480,918,1009,941,944,785,1448
2011,7,LVDPA0018,9664,4242,44,5422,56,570,6,735,8,1265,13,1049,11,1245,13,1619,17,1409,15,1772,18,279,370,652,518,565,724,579,555,291,365,613,531,680,895,830,1217
2011,7,LVDPA0019,8573,3822,45,4751,55,569,7,665,8,1252,15,1018,12,1219,14,1279,15,1074,13,1497,17,291,363,617,482,590,580,459,440,278,302,635,536,629,699,615,1057
2011,7,LVDPA0020,10813,4886,45,5927,55,798,7,838,8,1623,15,1365,13,1506,14,1510,14,1369,13,1804,17,420,425,864,677,678,673,568,581,378,413,759,688,828,837,801,1223
2011,7,LVDPA0021,673,332,49,341,51,53,8,56,8,64,10,99,15,100,15,93,14,104,15,104,15,22,26,33,55,52,49,52,43,31,30,31,44,48,44,52,61
2011,7,LVDPA0022,8086,3506,43,4580,57,519,6,607,8,1172,14,930,12,1097,14,1194,15,1042,13,1525,19,247,293,580,473,494,540,429,450,272,314,592,457,603,654,613,1075
2011,7,LVDPA0023,6309,2901,46,3408,54,536,8,507,8,881,14,851,13,977,15,817,13,695,11,1045,17,284,251,451,414,474,361,293,373,252,256,430,437,503,456,402,672
2011,7,LVDPA0024,4564,2138,47,2426,53,371,8,284,6,499,11,612,13,651,14,626,14,611,13,910,20,180,160,255,311,326,309,259,338,191,124,244,301,325,317,352,572
2011,7,LVDPA0025,10068,4515,45,5553,55,723,7,741,7,1495,15,1226,12,1345,13,1501,15,1239,12,1798,18,390,402,744,597,625,652,512,593,333,339,751,629,720,849,727,1205
2011,7,LVDPA0026,8034,3651,45,4383,55,826,10,676,8,963,12,1274,16,1257,16,962,12,869,11,1207,15,430,335,495,606,610,416,347,412,396,341,468,668,647,546,522,795
2011,7,LVDPA0027,5059,2322,46,2737,54,333,7,390,8,694,14,519,10,652,13,686,14,648,13,1137,22,160,216,380,279,301,305,306,375,173,174,314,240,351,381,342,762
2011,7,LVDPA0028,9046,3972,44,5074,56,556,6,627,7,1171,13,1101,12,1358,15,1380,15,1184,13,1669,18,261,331,590,563,636,619,460,512,295,296,581,538,722,761,724,1157
2011,7,LVDPA0029,8060,3626,45,4434,55,526,7,633,8,1177,15,981,12,1048,13,1178,15,949,12,1568,19,261,302,616,514,497,545,386,505,265,331,561,467,551,633,563,1063
2011,7,LVDPA0030,6006,2773,46,3233,54,406,7,481,8,887,15,755,13,768,13,861,14,739,12,1109,18,203,250,479,397,368,390,330,356,203,231,408,358,400,471,409,753
2011,7,LVDPA0031,8538,3882,45,4656,55,614,7,600,7,1274,15,1082,13,1122,13,1225,14,1067,12,1554,18,329,305,610,553,549,533,475,528,285,295,664,529,573,692,592,1026
2011,7,LVDPA0032,6389,2873,45,3516,55,419,7,479,7,863,14,757,12,841,13,1018,16,890,14,1122,18,238,243,430,375,420,454,378,335,181,236,433,382,421,564,512,787
2011,7,LVDPA0033,8303,3690,44,4613,56,546,7,621,7,1085,13,1029,12,1037,12,1326,16,1211,15,1448,17,261,310,549,519,524,575,503,449,285,311,536,510,513,751,708,999
2011,7,LVDPA0034,509,248,49,261,51,33,6,37,7,73,14,52,10,78,15,72,14,73,14,91,18,17,17,39,28,37,36,43,31,16,20,34,24,41,36,30,60
2011,7,LVDPA0035,2970,1343,45,1627,55,200,7,204,7,441,15,347,12,387,13,421,14,334,11,636,21,99,99,204,179,194,198,146,224,101,105,237,168,193,223,188,412
2011,7,LVDPA0036,3533,1588,45,1945,55,188,5,288,8,466,13,362,10,502,14,520,15,492,14,715,20,83,138,238,194,240,237,224,234,105,150,228,168,262,283,268,481
2011,7,LVDPA0037,6616,3091,47,3525,53,675,10,559,8,832,13,987,15,1031,16,847,13,647,10,1038,16,354,263,445,482,494,384,285,384,321,296,387,505,537,463,362,654
2011,7,LVDPA0038,2780,1247,45,1533,55,172,6,182,7,378,14,301,11,331,12,434,16,306,11,676,24,91,91,196,155,157,197,142,218,81,91,182,146,174,237,164,458
2011,7,LVDPA0039,2286,1078,47,1208,53,147,6,134,6,308,13,277,12,308,13,341,15,296,13,475,21,69,74,171,140,162,170,116,176,78,60,137,137,146,171,180,299
2011,7,LVDPA0040,2502,1141,46,1361,54,192,8,173,7,329,13,260,10,363,15,399,16,318,13,468,19,108,93,166,133,162,197,144,138,84,80,163,127,201,202,174,330
2011,7,LVDPA0041,2321,1041,45,1280,55,160,7,198,9,296,13,245,11,329,14,329,14,265,11,499,21,79,111,152,123,163,164,110,139,81,87,144,122,166,165,155,360
2011,7,LVDPA0042,5323,2342,44,2981,56,304,6,357,7,713,13,540,10,655,12,828,16,699,13,1227,23,168,183,367,296,303,358,279,388,136,174,346,244,352,470,420,839
2011,7,LVDPA0043,2222,956,43,1266,57,145,7,160,7,351,16,234,11,274,12,290,13,216,10,552,25,79,80,165,114,132,137,96,153,66,80,186,120,142,153,120,399
2011,7,LVDPA0044,3543,1634,46,1909,54,310,9,290,8,483,14,514,15,467,13,495,14,374,11,610,17,169,148,253,264,221,233,171,175,141,142,230,250,246,262,203,435
2011,7,LVDPA0045,1523,683,45,840,55,78,5,134,9,199,13,168,11,195,13,236,15,198,13,315,21,39,71,100,92,104,110,95,72,39,63,99,76,91,126,103,243
2011,7,LVDPA0046,2814,1307,46,1507,54,176,6,224,8,433,15,330,12,378,13,408,14,305,11,560,20,91,123,225,165,186,197,139,181,85,101,208,165,192,211,166,379
2011,7,LVDPA0047,3903,1778,46,2125,54,294,8,341,9,592,15,459,12,526,13,510,13,439,11,742,19,150,174,295,248,246,221,204,240,144,167,297,211,280,289,235,502
2011,7,LVDPA0048,4126,1891,46,2235,54,324,8,311,8,589,14,534,13,557,13,523,13,528,13,760,18,157,154,296,278,281,226,238,261,167,157,293,256,276,297,290,499
2011,7,LVDPA0050,2747,1277,46,1470,54,168,6,225,8,319,12,273,10,390,14,426,16,339,12,607,22,78,123,177,137,180,216,159,207,90,102,142,136,210,210,180,400
2011,7,LVDPA0051,3263,1438,44,1825,56,239,7,255,8,454,14,338,10,400,12,467,14,405,12,705,22,118,127,206,175,183,206,183,240,121,128,248,163,217,261,222,465
2011,7,LVDPA0052,1709,786,46,923,54,107,6,130,8,216,13,195,11,239,14,262,15,245,14,315,18,58,67,112,111,117,118,111,92,49,63,104,84,122,144,134,223
2011,7,LVDPA0053,7374,3277,44,4097,56,485,7,487,7,1091,15,862,12,992,13,1321,18,908,12,1228,17,250,239,580,429,454,566,384,375,235,248,511,433,538,755,524,853
2011,7,LVDPA0054,2072,954,46,1118,54,137,7,158,8,293,14,256,12,224,11,288,14,279,13,437,21,76,66,146,147,113,139,122,145,61,92,147,109,111,149,157,292
2011,7,LVDPA0055,2248,1024,46,1224,54,146,6,168,7,339,15,207,9,304,14,327,15,292,13,465,21,75,76,184,109,143,157,131,149,71,92,155,98,161,170,161,316
2011,7,LVDPA0056,3156,1486,47,1670,53,246,8,256,8,426,13,375,12,376,12,471,15,432,14,574,18,130,129,238,175,195,227,187,205,116,127,188,200,181,244,245,369
2011,7,LVDPA0057,1357,624,46,733,54,77,6,104,8,170,13,159,12,172,13,200,15,169,12,306,23,42,52,81,88,88,100,72,101,35,52,89,71,84,100,97,205
2011,7,LVDPA0059,6173,2861,46,3312,54,675,11,497,8,761,12,1199,19,866,14,784,13,683,11,708,11,335,260,383,576,422,365,289,231,340,237,378,623,444,419,394,477
2011,7,LVDPA0060,5496,2507,46,2989,54,453,8,476,9,776,14,747,14,791,14,711,13,637,12,905,16,236,228,413,359,398,327,255,291,217,248,363,388,393,384,382,614
2011,7,LVDPA0061,21961,9774,45,12187,55,1400,6,1419,6,2718,12,3201,15,2935,13,3525,16,3042,14,3721,17,709,739,1389,1623,1407,1582,1183,1142,691,680,1329,1578,1528,1943,1859,2579
2011,7,LVDPA0062,3172,1431,45,1741,55,193,6,223,7,462,15,355,11,397,13,496,16,380,12,666,21,85,115,247,186,194,234,167,203,108,108,215,169,203,262,213,463
2011,7,LVDPA0063,2227,988,44,1239,56,131,6,165,7,298,13,234,11,287,13,335,15,293,13,484,22,56,74,157,117,143,164,129,148,75,91,141,117,144,171,164,336
2011,7,LVDPA0064,2470,1130,46,1340,54,144,6,178,7,354,14,263,11,340,14,380,15,304,12,507,21,74,85,187,144,164,178,131,167,70,93,167,119,176,202,173,340
2011,7,LVDPA0065,1577,715,45,862,55,125,8,119,8,250,16,238,15,175,11,243,15,172,11,255,16,61,57,122,128,86,103,77,81,64,62,128,110,89,140,95,174
2011,7,LVDPA0066,1847,809,44,1038,56,112,6,122,7,238,13,173,9,213,12,248,13,213,12,528,29,52,63,127,88,109,120,96,154,60,59,111,85,104,128,117,374
2011,7,LVDPA0067,1320,612,46,708,54,97,7,115,9,169,13,156,12,176,13,169,13,144,11,294,22,50,65,87,80,103,75,62,90,47,50,82,76,73,94,82,204
2011,7,LVDPA0068,579,268,46,311,54,48,8,38,7,78,13,57,10,66,11,75,13,63,11,154,27,33,17,43,30,31,39,27,48,15,21,35,27,35,36,36,106
2011,7,LVDPA0069,1415,637,45,778,55,90,6,113,8,209,15,167,12,190,13,181,13,191,13,274,19,45,49,88,99,86,95,78,97,45,64,121,68,104,86,113,177
2011,7,LVDPA0070,2132,980,46,1152,54,168,8,168,8,292,14,307,14,273,13,301,14,236,11,387,18,79,90,146,170,133,140,92,130,89,78,146,137,140,161,144,257
2011,7,LVDPA0071,562,281,50,281,50,57,10,32,6,52,9,77,14,79,14,78,14,77,14,110,20,26,17,27,44,42,41,40,44,31,15,25,33,37,37,37,66
2011,7,LVDPA0072,1935,861,44,1074,56,126,7,139,7,297,15,180,9,249,13,260,13,220,11,464,24,56,65,154,90,126,122,103,145,70,74,143,90,123,138,117,319
2011,7,LVDPA0073,1498,700,47,798,53,96,6,129,9,246,16,137,9,208,14,212,14,182,12,288,19,55,66,130,72,98,107,78,94,41,63,116,65,110,105,104,194
2011,7,LVDPA0074,1789,822,46,967,54,99,6,131,7,295,16,171,10,231,13,264,15,201,11,397,22,43,53,173,90,121,124,92,126,56,78,122,81,110,140,109,271
2011,7,LVDPA0075,988,445,45,543,55,60,6,82,8,173,18,99,10,133,13,129,13,123,12,189,19,26,33,98,51,63,65,55,54,34,49,75,48,70,64,68,135
2011,7,LVDPA0076,3788,1701,45,2087,55,261,7,283,7,462,12,428,11,536,14,557,15,526,14,735,19,131,143,235,210,267,244,230,241,130,140,227,218,269,313,296,494
2011,7,LVDPA0077,929,446,48,483,52,64,7,86,9,111,12,121,13,121,13,127,14,119,13,180,19,28,40,65,70,57,75,52,59,36,46,46,51,64,52,67,121
2011,7,LVDPA0078,2558,1132,44,1426,56,143,6,203,8,307,12,283,11,339,13,356,14,350,14,577,23,72,92,157,146,163,174,150,178,71,111,150,137,176,182,200,399
2011,7,LVDPA0079,1724,798,46,926,54,129,7,124,7,261,15,201,12,228,13,191,11,243,14,347,20,61,64,126,108,122,85,108,124,68,60,135,93,106,106,135,223
2011,7,LVDPA0080,8126,3635,45,4491,55,515,6,604,7,1124,14,1135,14,1094,13,1239,15,1068,13,1347,17,263,318,548,599,503,542,429,433,252,286,576,536,591,697,639,914
2011,7,LVDPA0081,111,57,51,54,49,7,6,6,5,11,10,11,10,21,19,15,14,12,11,28,25,3,2,4,6,11,9,6,16,4,4,7,5,10,6,6,12
2011,7,LVDPA0082,2633,1178,45,1455,55,157,6,173,7,400,15,289,11,337,13,434,16,293,11,550,21,71,83,201,152,162,206,120,183,86,90,199,137,175,228,173,367
2011,7,LVDPA0083,1371,638,47,733,53,75,5,122,9,185,13,153,11,171,12,210,15,177,13,278,20,44,57,97,78,85,104,76,97,31,65,88,75,86,106,101,181
2011,7,LVDPA0084,649,305,47,344,53,32,5,48,7,74,11,53,8,77,12,111,17,93,14,161,25,16,28,40,33,39,52,52,45,16,20,34,20,38,59,41,116
2011,7,LVDPA0085,1152,537,47,615,53,73,6,89,8,174,15,128,11,137,12,184,16,135,12,232,20,39,48,94,69,65,92,66,64,34,41,80,59,72,92,69,168
2011,7,LVDPA0086,1390,667,48,723,52,88,6,81,6,173,12,149,11,189,14,215,15,177,13,318,23,46,37,97,85,106,120,81,95,42,44,76,64,83,95,96,223
2011,7,LVDPA0087,1852,827,45,1025,55,143,8,156,8,266,14,202,11,226,12,260,14,231,12,368,20,64,71,139,108,107,119,105,114,79,85,127,94,119,141,126,254
2011,7,LVDPA0088,2265,1056,47,1209,53,130,6,152,7,310,14,301,13,313,14,374,17,278,12,407,18,76,71,158,150,155,173,118,155,54,81,152,151,158,201,160,252
2011,7,LVDPA0089,1994,918,46,1076,54,137,7,169,8,280,14,253,13,306,15,272,14,248,12,329,16,78,89,141,126,146,124,109,105,59,80,139,127,160,148,139,224
2011,7,LVDPA0090,2783,1304,47,1479,53,310,11,256,9,369,13,499,18,413,15,357,13,274,10,305,11,159,130,189,250,190,166,113,107,151,126,180,249,223,191,161,198
2011,7,LVDPA0091,1780,850,48,930,52,149,8,121,7,234,13,302,17,246,14,241,14,193,11,294,17,78,60,130,153,131,112,87,99,71,61,104,149,115,129,106,195
2011,7,LVDPA0092,114,56,49,58,51,4,4,4,4,11,10,6,5,9,8,11,10,17,15,52,46,2,1,7,5,1,8,10,22,2,3,4,1,8,3,7,30
2011,7,LVDPA0093,828,392,47,436,53,49,6,74,9,118,14,82,10,110,13,125,15,101,12,169,20,22,48,64,47,45,68,41,57,27,26,54,35,65,57,60,112
2011,7,LVDPA0094,1209,544,45,665,55,73,6,92,8,173,14,105,9,142,12,152,13,169,14,303,25,37,51,93,61,67,69,73,93,36,41,80,44,75,83,96,210
2011,7,LVDPA0095,1761,821,47,940,53,126,7,153,9,242,14,224,13,239,14,254,14,213,12,310,18,64,85,140,119,116,119,90,88,62,68,102,105,123,135,123,222
2011,7,LVDPA0096,705,330,47,375,53,33,5,44,6,138,20,54,8,102,14,97,14,76,11,161,23,15,26,70,28,56,44,35,56,18,18,68,26,46,53,41,105
2011,7,LVDPA0097,1029,471,46,558,54,54,5,71,7,163,16,117,11,140,14,141,14,123,12,220,21,21,37,77,67,67,71,56,75,33,34,86,50,73,70,67,145
2011,7,LVDPA0098,919,399,43,520,57,59,6,80,9,164,18,75,8,112,12,156,17,95,10,178,19,31,29,86,34,49,71,53,46,28,51,78,41,63,85,42,132
2011,7,LVDPA0099,1210,583,48,627,52,92,8,87,7,194,16,207,17,143,12,181,15,146,12,160,13,48,52,103,113,65,74,70,58,44,35,91,94,78,107,76,102
2011,7,LVDPA0100,1999,908,45,1091,55,135,7,142,7,253,13,276,14,230,12,326,16,241,12,396,20,74,74,138,137,108,154,101,122,61,68,115,139,122,172,140,274
2011,7,LVDPA0102,2337,1054,45,1283,55,146,6,209,9,331,14,252,11,371,16,353,15,240,10,435,19,81,104,169,119,179,172,101,129,65,105,162,133,192,181,139,306
2011,7,LVDPA0103,3508,1652,47,1856,53,375,11,243,7,369,11,699,20,519,15,499,14,401,11,403,11,191,135,185,334,266,244,177,120,184,108,184,365,253,255,224,283
2011,7,LVDPA0104,2475,1112,45,1363,55,186,8,186,8,328,13,346,14,330,13,374,15,290,12,435,18,90,96,165,175,146,167,143,130,96,90,163,171,184,207,147,305
2011,7,LVDPA0105,813,405,50,408,50,60,7,66,8,96,12,100,12,111,14,145,18,91,11,144,18,32,37,59,51,53,75,48,50,28,29,37,49,58,70,43,94
2011,7,LVDPA0106,1054,496,47,558,53,65,6,66,6,151,14,138,13,142,13,188,18,119,11,185,18,33,36,75,67,72,94,55,64,32,30,76,71,70,94,64,121
2011,7,LVDPA0107,1510,688,46,822,54,100,7,110,7,247,16,150,10,200,13,216,14,198,13,289,19,53,62,128,70,94,99,91,91,47,48,119,80,106,117,107,198
2011,7,LVDPA0108,1621,754,47,867,53,182,11,134,8,188,12,228,14,280,17,218,13,178,11,213,13,96,65,95,99,149,99,83,68,86,69,93,129,131,119,95,145
2011,7,LVDPA0109,786,339,43,447,57,45,6,71,9,112,14,81,10,89,11,121,15,103,13,164,21,22,28,61,39,49,50,46,44,23,43,51,42,40,71,57,120
2011,7,LVDPA0110,1259,570,45,689,55,75,6,83,7,180,14,136,11,171,14,167,13,150,12,297,24,39,47,92,70,85,73,68,96,36,36,88,66,86,94,82,201
2011,7,LVDPA0111,2501,1158,46,1343,54,227,9,210,8,311,12,322,13,408,16,346,14,253,10,424,17,106,114,161,148,191,177,105,156,121,96,150,174,217,169,148,268
2011,7,LVDPA0112,829,371,45,458,55,69,8,58,7,136,16,100,12,114,14,130,16,86,10,136,16,28,31,65,61,52,52,42,40,41,27,71,39,62,78,44,96
2011,7,LVDPA0113,14960,6669,45,8291,55,1091,7,1090,7,1840,12,2304,15,2195,15,2219,15,1885,13,2336,16,533,550,945,1170,1099,946,723,703,558,540,895,1134,1096,1273,1162,1633
2011,7,LVDPA0114,435,198,46,237,54,30,7,32,7,81,19,56,13,50,11,73,17,37,9,76,17,15,16,40,32,25,31,15,24,15,16,41,24,25,42,22,52
2011,7,LVDPA0115,1975,978,50,997,50,128,6,154,8,266,13,243,12,249,13,293,15,264,13,378,19,69,85,139,131,137,144,129,144,59,69,127,112,112,149,135,234
2011,7,LVDPA0116,518,236,46,282,54,20,4,37,7,83,16,43,8,69,13,93,18,73,14,100,19,11,16,48,23,37,43,35,23,9,21,35,20,32,50,38,77
2011,7,LVDPA0117,1378,634,46,744,54,94,7,121,9,228,17,147,11,184,13,200,15,167,12,237,17,51,65,119,78,88,86,74,73,43,56,109,69,96,114,93,164
2011,7,LVDPA0118,1200,560,47,640,53,109,9,94,8,181,15,159,13,165,14,177,15,138,12,177,15,43,49,90,83,79,88,66,62,66,45,91,76,86,89,72,115
2011,7,LVDPA0119,1126,514,46,612,54,60,5,75,7,137,12,128,11,114,10,159,14,143,13,310,28,35,41,79,72,51,79,60,97,25,34,58,56,63,80,83,213
2011,7,LVDPA0120,1217,577,47,640,53,74,6,100,8,174,14,148,12,150,12,185,15,134,11,252,21,37,56,96,76,76,87,64,85,37,44,78,72,74,98,70,167
2011,7,LVDPA0121,474,213,45,261,55,37,8,29,6,64,14,49,10,59,12,83,18,60,13,93,20,18,11,30,31,28,41,27,27,19,18,34,18,31,42,33,66
2011,7,LVDPA0122,901,431,48,470,52,68,8,54,6,118,13,121,13,141,16,150,17,105,12,144,16,36,31,62,59,62,75,43,63,32,23,56,62,79,75,62,81
2011,7,LVDPA0123,427,194,45,233,55,20,5,35,8,66,15,46,11,61,14,62,15,55,13,82,19,10,21,35,22,31,27,24,24,10,14,31,24,30,35,31,58
2011,7,LVDPA0124,1194,565,47,629,53,80,7,101,8,181,15,173,14,114,10,239,20,161,13,145,12,41,59,103,90,51,101,84,36,39,42,78,83,63,138,77,109
2011,7,LVDPA0125,1099,482,44,617,56,74,7,76,7,165,15,148,13,131,12,160,15,147,13,198,18,35,34,81,76,65,68,59,64,39,42,84,72,66,92,88,134
2011,7,LVDPA0126,1492,686,46,806,54,89,6,120,8,220,15,159,11,197,13,203,14,172,12,332,22,40,57,110,85,103,102,77,112,49,63,110,74,94,101,95,220
2011,7,LVDPA0128,549,265,48,284,52,35,6,58,11,91,17,38,7,80,15,81,15,55,10,111,20,19,34,49,24,36,41,24,38,16,24,42,14,44,40,31,73
2011,7,LVDPA0129,649,316,49,333,51,33,5,42,6,85,13,74,11,96,15,94,14,87,13,138,21,24,22,45,37,57,51,37,43,9,20,40,37,39,43,50,95
2011,7,LVDPA0130,490,240,49,250,51,24,5,31,6,71,14,57,12,70,14,88,18,72,15,77,16,15,16,32,30,37,45,29,36,9,15,39,27,33,43,43,41
2011,7,LVDPA0131,594,263,44,331,56,34,6,41,7,121,20,59,10,73,12,109,18,45,8,112,19,20,21,59,29,35,51,22,26,14,20,62,30,38,58,23,86
2011,7,LVDPA0132,614,296,48,318,52,35,6,34,6,69,11,64,10,81,13,101,16,95,15,135,22,18,15,39,37,38,55,51,43,17,19,30,27,43,46,44,92
2011,7,LVDPA0133,807,375,46,432,54,41,5,71,9,121,15,77,10,122,15,136,17,81,10,158,20,24,36,66,39,59,67,34,50,17,35,55,38,63,69,47,108
2011,7,LVDPA0134,627,305,49,322,51,44,7,52,8,110,18,89,14,80,13,91,15,70,11,91,15,23,30,49,55,38,44,36,30,21,22,61,34,42,47,34,61
2011,7,LVDPA0135,410,194,47,216,53,32,8,39,10,53,13,60,15,51,12,49,12,58,14,68,17,14,20,30,32,24,23,28,23,18,19,23,28,27,26,30,45
2011,7,LVDPA0136,600,261,44,339,57,46,8,39,7,88,15,61,10,79,13,72,12,72,12,143,24,21,17,46,31,41,30,28,47,25,22,42,30,38,42,44,96
2011,7,LVDPA0137,1002,473,47,529,53,81,8,69,7,169,17,112,11,116,12,125,12,109,11,221,22,37,34,102,58,59,64,48,71,44,35,67,54,57,61,61,150
2011,7,LVDPA0138,2229,1059,48,1170,52,161,7,183,8,311,14,279,13,332,15,336,15,239,11,388,17,80,100,167,150,154,158,106,144,81,83,144,129,178,178,133,244
2011,7,LVDPA0139,544,256,47,288,53,46,8,38,7,110,20,57,10,73,13,90,17,48,9,82,15,26,19,58,29,34,43,24,23,20,19,52,28,39,47,24,59
2011,7,LVDPA0140,755,333,44,422,56,39,5,69,9,128,17,84,11,115,15,110,15,89,12,121,16,23,35,59,41,52,50,41,32,16,34,69,43,63,60,48,89
2011,7,LVDPA0141,675,311,46,364,54,54,8,46,7,104,15,91,13,88,13,90,13,67,10,135,20,33,26,53,45,40,42,21,51,21,20,51,46,48,48,46,84
2011,7,LVDPA0142,1179,535,45,644,55,75,6,76,6,160,14,151,13,147,12,183,16,167,14,220,19,39,36,79,78,79,81,73,70,36,40,81,73,68,102,94,150
2011,7,LVDPA0143,348,168,48,180,52,19,5,29,8,49,14,38,11,48,14,60,17,38,11,67,19,13,19,28,17,24,26,17,24,6,10,21,21,24,34,21,43
2011,7,LVDPA0144,736,351,48,385,52,47,6,52,7,143,19,85,12,87,12,127,17,77,10,118,16,26,27,84,43,39,64,31,37,21,25,59,42,48,63,46,81
2011,7,LVDPA0146,605,282,47,323,53,48,8,35,6,101,17,93,15,64,11,86,14,78,13,100,17,25,20,47,44,33,48,36,29,23,15,54,49,31,38,42,71
2011,7,LVDPA0147,4841,2298,47,2543,53,638,13,367,8,530,11,1062,22,748,15,625,13,431,9,440,9,330,184,267,500,372,294,189,162,308,183,263,562,376,331,242,278
2011,7,LVDPA0148,744,372,50,372,50,23,3,37,5,91,12,107,14,98,13,113,15,117,16,158,21,15,22,46,66,51,55,59,58,8,15,45,41,47,58,58,100
2011,7,LVDPA0149,455,220,48,235,52,33,7,35,8,80,18,55,12,55,12,79,17,44,10,74,16,22,19,45,32,25,35,21,21,11,16,35,23,30,44,23,53
2011,7,LVDPA0150,356,169,47,187,53,21,6,22,6,42,12,32,9,40,11,64,18,53,15,82,23,11,12,21,20,24,30,26,25,10,10,21,12,16,34,27,57
2011,7,LVDPA0151,476,209,44,267,56,29,6,50,11,44,9,39,8,76,16,62,13,55,12,121,25,14,24,19,22,40,31,21,38,15,26,25,17,36,31,34,83
2011,7,LVDPA0152,1031,489,47,542,53,101,10,83,8,157,15,153,15,145,14,143,14,96,9,153,15,49,43,86,80,74,68,49,40,52,40,71,73,71,75,47,113
2011,7,LVDPA0153,981,449,46,532,54,77,8,82,8,153,16,136,14,132,13,150,15,92,9,159,16,39,40,83,64,61,72,35,55,38,42,70,72,71,78,57,104
2011,7,LVDPA0154,553,261,47,292,53,37,7,51,9,58,10,62,11,69,12,72,13,72,13,132,24,24,26,33,34,35,33,36,40,13,25,25,28,34,39,36,92
2011,7,LVDPA0155,1266,599,47,667,53,89,7,90,7,187,15,150,12,156,12,187,15,170,13,237,19,46,48,95,83,78,91,76,82,43,42,92,67,78,96,94,155
2011,7,LVDPA0156,513,233,45,280,55,38,7,30,6,72,14,66,13,66,13,78,15,73,14,90,18,19,14,39,31,36,37,33,24,19,16,33,35,30,41,40,66
2011,7,LVDPA0157,356,173,49,183,51,21,6,27,8,66,19,39,11,45,13,64,18,32,9,62,17,11,12,41,24,22,36,12,15,10,15,25,15,23,28,20,47
2011,7,LVDPA0158,383,171,45,212,55,26,7,42,11,58,15,48,13,54,14,44,11,38,10,73,19,11,17,35,22,28,28,11,19,15,25,23,26,26,16,27,54
2011,7,LVDPA0159,658,289,44,369,56,35,5,35,5,86,13,57,9,65,10,110,17,95,14,175,27,21,13,48,32,31,49,50,45,14,22,38,25,34,61,45,130
2011,7,LVDPA0160,296,135,46,161,54,15,5,23,8,39,13,25,8,24,8,56,19,42,14,72,24,3,14,24,14,12,29,18,21,12,9,15,11,12,27,24,51
2011,7,LVDPA0161,549,243,44,306,56,40,7,56,10,95,17,54,10,66,12,86,16,64,12,88,16,21,29,45,28,31,41,27,21,19,27,50,26,35,45,37,67
2011,7,LVDPA0162,377,189,50,188,50,25,7,42,11,77,20,38,10,55,15,56,15,38,10,46,12,11,28,47,22,25,25,17,14,14,14,30,16,30,31,21,32
2011,7,LVDPA0163,634,283,45,351,55,35,6,67,11,102,16,60,9,80,13,98,15,89,14,103,16,14,31,56,34,34,42,37,35,21,36,46,26,46,56,52,68
2011,7,LVDPA0164,502,238,47,264,53,32,6,57,11,71,14,48,10,74,15,63,13,50,10,107,21,18,33,37,28,34,30,24,34,14,24,34,20,40,33,26,73
2011,7,LVDPA0165,515,247,48,268,52,32,6,45,9,88,17,64,12,69,13,80,16,56,11,81,16,18,22,42,39,31,40,28,27,14,23,46,25,38,40,28,54
2011,7,LVDPA0166,1050,492,47,558,53,90,9,75,7,172,16,124,12,125,12,147,14,156,15,161,15,46,38,84,68,63,70,72,51,44,37,88,56,62,77,84,110
2011,7,LVDPA0167,1469,689,47,780,53,106,7,113,8,238,16,187,13,251,17,256,17,141,10,177,12,55,71,117,104,122,107,58,55,51,42,121,83,129,149,83,122
2011,7,LVDPA0169,463,208,45,255,55,28,6,36,8,100,22,52,11,52,11,71,15,47,10,77,17,11,19,46,30,24,33,23,22,17,17,54,22,28,38,24,55
2011,7,LVDPA0170,240,110,46,130,54,5,2,18,8,47,20,25,10,30,13,33,14,26,11,56,23,1,8,25,18,12,16,12,18,4,10,22,7,18,17,14,38
2011,7,LVDPA0171,688,323,47,365,53,57,8,61,9,112,16,87,13,105,15,104,15,52,8,110,16,26,30,53,46,52,57,19,40,31,31,59,41,53,47,33,70
2011,7,LVDPA0172,1014,480,47,534,53,65,6,97,10,127,13,126,12,135,13,146,14,114,11,204,20,29,50,76,66,63,64,59,73,36,47,51,60,72,82,55,131
2011,7,LVDPA0173,722,350,48,372,52,36,5,59,8,151,21,71,10,102,14,139,19,63,9,101,14,21,31,86,42,49,66,27,28,15,28,65,29,53,73,36,73
2011,7,LVDPA0174,535,253,47,282,53,38,7,50,9,87,16,68,13,75,14,80,15,67,13,70,13,20,29,36,36,41,38,28,25,18,21,51,32,34,42,39,45
2011,7,LVDPA0175,378,189,50,189,50,22,6,29,8,68,18,42,11,54,14,52,14,39,10,72,19,15,18,38,25,24,26,20,23,7,11,30,17,30,26,19,49
2011,7,LVDPA0176,538,246,46,292,54,19,4,36,7,77,14,65,12,71,13,99,18,60,11,111,21,8,22,39,36,29,48,33,31,11,14,38,29,42,51,27,80
2011,7,LVDPA0177,712,306,43,406,57,33,5,56,8,85,12,65,9,78,11,100,14,95,13,200,28,17,31,36,33,35,47,39,68,16,25,49,32,43,53,56,132
2011,7,LVDPA0178,348,160,46,188,54,10,3,31,9,56,16,40,11,41,12,57,16,46,13,67,19,5,17,34,23,18,24,20,19,5,14,22,17,23,33,26,48
2011,7,LVDPA0179,746,354,47,392,53,34,5,56,8,135,18,59,8,121,16,105,14,93,12,143,19,13,33,82,36,56,60,36,38,21,23,53,23,65,45,57,105
2011,7,LVDPA0180,3009,1368,45,1641,55,229,8,267,9,380,13,374,12,395,13,416,14,345,11,603,20,109,147,206,183,188,204,148,183,120,120,174,191,207,212,197,420
2011,7,LVDPA0181,285,143,50,142,50,24,8,22,8,33,12,42,15,39,14,42,15,33,12,50,18,12,10,18,25,19,25,15,19,12,12,15,17,20,17,18,31
2011,7,LVDPA0182,348,160,46,188,54,20,6,30,9,71,20,36,10,33,9,68,20,25,7,65,19,8,22,37,20,17,28,11,17,12,8,34,16,16,40,14,48
2011,7,LVDPA0183,256,127,50,129,50,10,4,19,7,39,15,31,12,33,13,41,16,39,15,44,17,9,11,22,19,15,18,19,14,1,8,17,12,18,23,20,30
2011,7,LVDPA0184,417,197,47,220,53,17,4,25,6,58,14,58,14,38,9,76,18,59,14,86,21,10,10,32,34,23,33,23,32,7,15,26,24,15,43,36,54
2011,7,LVDPA0185,3048,1392,46,1656,54,323,11,225,7,368,12,541,18,462,15,390,13,267,9,472,15,145,112,181,269,221,183,116,165,178,113,187,272,241,207,151,307
2011,7,LVDPA0186,526,243,46,283,54,44,8,35,7,80,15,85,16,56,11,79,15,67,13,80,15,16,15,49,45,23,36,36,23,28,20,31,40,33,43,31,57
2011,7,LVDPA0187,657,318,48,339,52,43,7,53,8,108,16,78,12,81,12,114,17,69,11,111,17,18,29,59,45,41,55,33,38,25,24,49,33,40,59,36,73
2011,7,LVDPA0188,144,64,44,80,56,10,7,7,5,19,13,17,12,24,17,18,13,20,14,29,20,5,2,10,10,13,10,8,6,5,5,9,7,11,8,12,23
2011,7,LVDPA0189,869,395,45,474,55,54,6,71,8,134,15,79,9,111,13,133,15,87,10,200,23,28,35,68,46,59,63,42,54,26,36,66,33,52,70,45,146
2011,7,LVDPA0190,1120,519,46,601,54,68,6,99,9,198,18,127,11,154,14,194,17,142,13,138,12,28,49,110,59,69,89,61,54,40,50,88,68,85,105,81,84
2011,7,LVDPA0191,234,111,47,123,53,13,6,25,11,36,15,15,6,33,14,43,18,25,11,44,19,7,17,17,8,20,17,10,15,6,8,19,7,13,26,15,29
2011,7,LVDPA0192,526,251,48,275,52,31,6,42,8,82,16,49,9,75,14,94,18,51,10,102,19,17,21,51,26,39,47,23,27,14,21,31,23,36,47,28,75
2011,7,LVDPA0193,489,218,45,271,55,42,9,45,9,79,16,72,15,68,14,70,14,47,10,66,13,20,24,43,31,29,30,25,16,22,21,36,41,39,40,22,50
2011,7,LVDPA0194,200,92,46,108,54,8,4,18,9,22,11,23,12,24,12,31,16,31,16,43,22,4,5,10,15,13,15,13,17,4,13,12,8,11,16,18,26
2011,7,LVDPA0196,393,179,46,214,54,27,7,39,10,56,14,48,12,46,12,28,7,63,16,86,22,10,19,30,22,24,15,28,31,17,20,26,26,22,13,35,55
2011,7,LVDPA0197,823,373,45,450,55,56,7,66,8,144,17,97,12,85,10,125,15,90,11,160,19,26,31,70,58,42,51,42,53,30,35,74,39,43,74,48,107
2011,7,LVDPA0198,472,211,45,261,55,33,7,49,10,84,18,49,10,61,13,76,16,46,10,74,16,15,25,34,29,34,33,21,20,18,24,50,20,27,43,25,54
2011,7,LVDPA0199,382,188,49,194,51,14,4,23,6,50,13,50,13,53,14,49,13,53,14,90,24,8,12,27,26,33,20,22,40,6,11,23,24,20,29,31,50
2011,7,LVDPA0200,278,144,52,134,48,21,8,27,10,52,19,30,11,42,15,35,13,34,12,37,13,10,13,28,18,25,17,17,16,11,14,24,12,17,18,17,21
2011,7,LVDPA0201,357,168,47,189,53,26,7,21,6,72,20,37,10,46,13,57,16,32,9,66,18,13,10,34,20,24,27,17,23,13,11,38,17,22,30,15,43
2011,7,LVDPA0202,262,113,43,149,57,15,6,19,7,48,18,28,11,38,15,44,17,14,5,56,21,6,11,23,13,23,15,8,14,9,8,25,15,15,29,6,42
2011,7,LVDPA0203,572,264,46,308,54,35,6,52,9,96,17,64,11,67,12,76,13,89,16,93,16,20,27,52,31,29,36,42,27,15,25,44,33,38,40,47,66
2011,7,LVDPA0204,512,223,44,289,56,47,9,46,9,67,13,68,13,89,17,62,12,54,11,79,15,17,23,36,27,45,31,23,21,30,23,31,41,44,31,31,58
2011,7,LVDPA0205,252,118,47,134,53,9,4,14,6,33,13,27,11,29,12,49,19,35,14,56,22,4,7,20,15,13,26,16,17,5,7,13,12,16,23,19,39
2011,7,LVDPA0206,307,150,49,157,51,29,9,21,7,54,18,40,13,37,12,52,17,26,8,48,16,18,9,31,21,16,27,15,13,11,12,23,19,21,25,11,35
2011,7,LVDPA0207,434,215,50,219,50,31,7,35,8,57,13,56,13,65,15,80,18,57,13,53,12,13,18,37,31,31,43,26,16,18,17,20,25,34,37,31,37
2011,7,LVDPA0208,521,234,45,287,55,21,4,34,7,84,16,45,9,69,13,82,16,59,11,127,24,10,17,44,21,39,45,26,32,11,17,40,24,30,37,33,95
2011,7,LVDPA0209,234,107,46,127,54,17,7,22,9,30,13,34,15,26,11,42,18,30,13,33,14,8,7,14,22,14,18,15,9,9,15,16,12,12,24,15,24
2011,7,LVDPA0210,306,146,48,160,52,12,4,26,8,35,11,44,14,32,10,49,16,40,13,68,22,9,11,20,25,14,25,22,20,3,15,15,19,18,24,18,48
2011,7,LVDPA0211,472,214,45,258,55,33,7,33,7,56,12,47,10,52,11,83,18,44,9,124,26,19,14,25,26,25,48,21,36,14,19,31,21,27,35,23,88
2011,7,LVDPA0212,328,150,46,178,54,26,8,31,9,41,13,38,12,50,15,52,16,41,13,49,15,10,15,22,22,20,24,19,18,16,16,19,16,30,28,22,31
2011,7,LVDPA0213,391,192,49,199,51,28,7,29,7,48,12,58,15,44,11,68,17,52,13,64,16,14,14,27,33,22,35,24,23,14,15,21,25,22,33,28,41
2011,7,LVDPA0214,310,152,49,158,51,21,7,29,9,46,15,34,11,40,13,69,22,29,9,42,14,16,13,25,20,17,35,14,12,5,16,21,14,23,34,15,30
2011,7,LVDPA0215,560,260,46,300,54,35,6,41,7,78,14,53,9,76,14,74,13,75,13,128,23,20,19,41,26,34,38,37,45,15,22,37,27,42,36,38,83
2011,7,LVDPA0216,239,115,48,124,52,9,4,18,8,34,14,19,8,32,13,45,19,26,11,56,23,6,10,19,11,12,26,11,20,3,8,15,8,20,19,15,36
2011,7,LVDPA0217,396,183,46,213,54,23,6,34,9,57,14,61,15,49,12,79,20,51,13,42,11,9,14,32,31,23,38,26,10,14,20,25,30,26,41,25,32
2011,7,LVDPA0218,233,115,49,118,51,12,5,12,5,36,15,12,5,35,15,42,18,24,10,60,26,8,8,19,7,16,24,11,22,4,4,17,5,19,18,13,38
2011,7,LVDPA0219,95,49,52,46,48,7,7,11,12,11,12,7,7,20,21,14,15,9,9,16,17,2,8,5,7,9,8,4,6,5,3,6,0,11,6,5,10
2011,7,LVDPA0220,405,180,44,225,56,42,10,24,6,44,11,48,12,56,14,63,16,60,15,68,17,25,11,19,27,27,26,26,19,17,13,25,21,29,37,34,49
2011,7,LVDPA0221,1389,640,46,749,54,96,7,97,7,168,12,209,15,196,14,218,16,183,13,222,16,35,48,85,109,100,104,86,73,61,49,83,100,96,114,97,149
2011,7,LVDPA0222,398,192,48,206,52,23,6,29,7,58,15,38,10,40,10,83,21,47,12,80,20,14,16,30,20,24,40,23,25,9,13,28,18,16,43,24,55
2011,7,LVDPA0223,383,174,45,209,55,22,6,28,7,62,16,53,14,46,12,61,16,42,11,69,18,11,13,30,28,22,29,21,20,11,15,32,25,24,32,21,49
2011,7,LVDPA0224,312,151,48,161,52,22,7,14,4,51,16,38,12,39,13,42,13,49,16,57,18,9,6,29,24,19,18,25,21,13,8,22,14,20,24,24,36
2011,7,LVDPA0225,312,134,43,178,57,11,4,26,8,67,21,20,6,42,13,52,17,33,11,61,20,7,9,34,11,19,24,13,17,4,17,33,9,23,28,20,44
2011,7,LVDPA0226,613,314,51,299,49,53,9,53,9,105,17,73,12,80,13,92,15,83,14,74,12,31,28,66,44,43,42,42,18,22,25,39,29,37,50,41,56
2011,7,LVDPA0227,159,76,48,83,52,6,4,6,4,21,13,23,14,17,11,29,18,24,15,33,21,4,2,10,12,6,17,13,12,2,4,11,11,11,12,11,21
2011,7,LVDPA0228,368,174,47,194,53,26,7,27,7,54,15,48,13,55,15,40,11,42,11,76,21,13,13,30,27,30,21,17,23,13,14,24,21,25,19,25,53
2011,7,LVDPA0229,588,280,48,308,52,53,9,52,9,100,17,59,10,66,11,85,14,77,13,96,16,31,27,47,29,32,42,37,35,22,25,53,30,34,43,40,61
2011,7,LVDPA0230,270,139,51,131,49,27,10,29,11,56,21,25,9,40,15,35,13,22,8,36,13,17,13,31,16,19,17,8,18,10,16,25,9,21,18,14,18
2011,7,LVDPA0231,56,26,46,30,54,1,2,1,2,8,14,6,11,4,7,13,23,4,7,19,34,0,0,6,4,1,8,3,4,1,1,2,2,3,5,1,15
2011,7,LVDPA0232,90,44,49,46,51,5,6,9,10,14,16,7,8,7,8,14,16,13,14,21,23,3,6,8,4,3,7,5,8,2,3,6,3,4,7,8,13
2011,7,LVDPA0233,320,155,48,165,52,22,7,19,6,45,14,46,14,38,12,47,15,42,13,61,19,15,8,21,29,21,26,17,18,7,11,24,17,17,21,25,43
2011,7,LVDPA0234,800,351,44,449,56,48,6,51,6,119,15,101,13,97,12,132,17,103,13,149,19,20,23,56,52,52,61,45,42,28,28,63,49,45,71,58,107
2011,7,LVDPA0235,241,118,49,123,51,13,5,30,12,49,20,23,10,26,11,37,15,22,9,41,17,8,20,27,11,11,21,9,11,5,10,22,12,15,16,13,30
2011,7,LVDPA0236,196,97,49,99,51,20,10,16,8,28,14,29,15,17,9,31,16,23,12,32,16,11,12,17,14,11,13,11,8,9,4,11,15,6,18,12,24
2011,7,LVDPA0237,347,163,47,184,53,20,6,40,12,59,17,34,10,57,16,55,16,40,12,42,12,8,20,32,20,26,24,19,14,12,20,27,14,31,31,21,28
2011,7,LVDPA0238,352,156,44,196,56,32,9,28,8,52,15,54,15,50,14,59,17,44,13,33,9,10,15,26,21,27,28,17,12,22,13,26,33,23,31,27,21
2011,7,LVDPA0239,528,227,43,301,57,24,5,44,8,105,20,51,10,75,14,92,17,59,11,78,15,12,20,51,23,30,41,28,22,12,24,54,28,45,51,31,56
2011,7,LVDPA0240,242,115,48,127,52,13,5,19,8,32,13,21,9,34,14,51,21,22,9,50,21,9,5,16,13,18,29,13,12,4,14,16,8,16,22,9,38
2011,7,LVDPA0241,196,91,46,105,54,9,5,12,6,29,15,14,7,31,16,27,14,44,22,30,15,5,6,17,7,12,15,21,8,4,6,12,7,19,12,23,22
2011,7,LVDPA0242,396,187,47,209,53,17,4,22,6,47,12,38,10,48,12,58,15,51,13,115,29,11,9,32,22,26,30,23,34,6,13,15,16,22,28,28,81
2011,7,LVDPA0243,696,301,43,395,57,56,8,52,7,118,17,86,12,86,12,117,17,80,11,101,15,25,23,55,44,37,62,27,28,31,29,63,42,49,55,53,73
2011,7,LVDPA0244,676,308,46,368,54,37,5,56,8,86,13,83,12,79,12,125,18,74,11,136,20,16,25,46,46,45,56,35,39,21,31,40,37,34,69,39,97
2011,7,LVDPA0245,168,82,49,86,51,13,8,21,13,21,13,27,16,27,16,15,9,21,13,23,14,9,9,12,16,14,6,10,6,4,12,9,11,13,9,11,17
2011,7,LVDPA0246,211,91,43,120,57,12,6,21,10,26,12,20,9,28,13,28,13,23,11,53,25,5,14,12,9,13,15,12,11,7,7,14,11,15,13,11,42
2011,7,LVDPA0247,350,170,49,180,51,18,5,28,8,62,18,43,12,47,13,61,17,38,11,53,15,10,15,35,22,24,27,18,19,8,13,27,21,23,34,20,34
2011,7,LVDPA0249,296,147,50,149,50,27,9,25,8,47,16,37,13,43,15,51,17,25,8,41,14,16,18,22,21,20,24,13,13,11,7,25,16,23,27,12,28
2011,7,LVDPA0250,193,92,48,101,52,10,5,9,5,39,20,10,5,32,17,34,18,25,13,34,18,5,3,20,8,15,18,12,11,5,6,19,2,17,16,13,23
2011,7,LVDPA0251,316,143,45,173,55,17,5,24,8,60,19,34,11,53,17,59,19,18,6,51,16,11,11,32,19,27,25,6,12,6,13,28,15,26,34,12,39
2011,7,LVDPA0252,337,165,49,172,51,20,6,27,8,59,18,35,10,49,15,62,18,22,7,63,19,12,15,35,19,26,29,11,18,8,12,24,16,23,33,11,45
2011,7,LVDPA0253,71,33,46,38,54,0,0,6,8,7,10,6,8,9,13,10,14,13,18,20,28,0,1,5,4,6,5,5,7,0,5,2,2,3,5,8,13
2011,7,LVDPA0254,764,349,46,415,54,66,9,72,9,91,12,108,14,94,12,83,11,93,12,157,21,37,40,44,56,51,30,40,51,29,32,47,52,43,53,53,106
2011,7,LVDPA0255,274,146,53,128,47,10,4,10,4,31,11,37,14,32,12,37,14,51,19,66,24,3,3,18,14,17,26,33,32,7,7,13,23,15,11,18,34
2011,7,LVDPA0256,677,316,47,361,53,43,6,41,6,107,16,80,12,98,14,93,14,75,11,140,21,31,18,56,41,44,44,31,51,12,23,51,39,54,49,44,89
2011,7,LVDPA0257,367,166,45,201,55,26,7,40,11,45,12,50,14,53,14,66,18,42,11,45,12,12,21,23,23,17,37,19,14,14,19,22,27,36,29,23,31
2011,7,LVDPA0258,3605,1635,45,1970,55,299,8,242,7,473,13,530,15,513,14,559,16,417,12,572,16,151,122,263,253,246,260,173,167,148,120,210,277,267,299,244,405
2011,7,LVDPA0259,219,114,52,105,48,16,7,30,14,42,19,25,11,26,12,26,12,26,12,28,13,8,19,21,13,16,14,11,12,8,11,21,12,10,12,15,16
2011,7,LVDPA0260,88,47,53,41,47,8,9,3,3,12,14,9,10,11,13,13,15,17,19,15,17,3,2,8,5,7,7,10,5,5,1,4,4,4,6,7,10
2011,7,LVDPA0261,171,82,48,89,52,11,6,14,8,24,14,20,12,20,12,24,14,20,12,38,22,5,10,13,12,10,11,7,14,6,4,11,8,10,13,13,24
2011,7,LVDPA0262,229,115,50,114,50,9,4,13,6,26,11,34,15,23,10,51,22,30,13,43,19,4,7,17,19,12,28,14,14,5,6,9,15,11,23,16,29
2011,7,LVDPA0263,486,220,45,266,55,44,9,44,9,73,15,64,13,51,10,90,19,47,10,73,15,26,23,37,33,22,41,22,16,18,21,36,31,29,49,25,57
2011,7,LVDPA0264,283,128,45,155,55,12,4,31,11,38,13,26,9,38,13,52,18,29,10,57,20,3,15,21,11,18,25,14,21,9,16,17,15,20,27,15,36
2011,7,LVDPA0265,366,162,44,204,56,18,5,31,8,59,16,35,10,43,12,62,17,42,11,76,21,9,16,32,17,18,28,19,23,9,15,27,18,25,34,23,53
2011,7,LVDPA0266,219,115,53,104,47,14,6,20,9,37,17,21,10,29,13,33,15,25,11,40,18,10,11,23,13,14,18,11,15,4,9,14,8,15,15,14,25
2011,7,LVDPA0267,329,145,44,184,56,22,7,30,9,42,13,41,12,47,14,39,12,50,15,58,18,10,13,17,24,22,17,26,16,12,17,25,17,25,22,24,42
2011,7,LVDPA0268,567,261,46,306,54,48,8,61,11,116,20,62,11,77,14,98,17,53,9,52,9,24,30,64,29,38,44,19,13,24,31,52,33,39,54,34,39
2011,7,LVDPA0269,168,79,47,89,53,7,4,10,6,24,14,15,9,23,14,33,20,11,7,45,27,5,5,12,7,12,19,3,16,2,5,12,8,11,14,8,29
2011,7,LVDPA0271,297,132,44,165,56,19,6,27,9,55,19,25,8,38,13,45,15,31,10,57,19,11,10,32,12,16,21,17,13,8,17,23,13,22,24,14,44
2011,7,LVDPA0272,194,90,46,104,54,17,9,20,10,42,22,17,9,21,11,37,19,10,5,30,15,10,12,19,8,8,22,4,7,7,8,23,9,13,15,6,23
2011,7,LVDPA0273,643,289,45,354,55,37,6,53,8,108,17,68,11,91,14,89,14,89,14,108,17,17,23,58,35,42,41,41,32,20,30,50,33,49,48,48,76
2011,7,LVDPA0274,321,159,50,162,50,34,11,25,8,58,18,44,14,35,11,52,16,46,14,27,8,21,12,28,23,19,24,25,7,13,13,30,21,16,28,21,20
2011,7,LVDPA0275,1191,578,49,613,51,147,12,99,8,131,11,198,17,219,18,138,12,124,10,135,11,75,55,67,92,109,68,58,54,72,44,64,106,110,70,66,81
2011,7,LVDPA0276,355,176,50,179,50,21,6,31,9,47,13,41,12,42,12,57,16,39,11,77,22,12,15,25,25,25,31,14,29,9,16,22,16,17,26,25,48
2011,7,LVDPA0277,241,112,46,129,54,12,5,22,9,35,15,20,8,34,14,51,21,18,7,49,20,7,7,21,11,16,31,4,15,5,15,14,9,18,20,14,34
2011,7,LVDPA0278,310,146,47,164,53,38,12,31,10,45,15,44,14,29,9,49,16,29,9,45,15,18,13,29,22,11,26,11,16,20,18,16,22,18,23,18,29
2011,7,LVDPA0279,353,184,52,169,48,19,5,32,9,64,18,37,10,57,16,60,17,26,7,58,16,10,21,41,19,29,32,11,21,9,11,23,18,28,28,15,37
2011,7,LVDPA0280,507,230,45,277,55,50,10,41,8,79,16,64,13,65,13,74,15,64,13,70,14,24,20,36,33,34,36,27,20,26,21,43,31,31,38,37,50
2011,7,LVDPA0281,263,117,44,146,56,18,7,22,8,52,20,25,10,38,14,38,14,21,8,49,19,8,8,25,14,18,19,12,13,10,14,27,11,20,19,9,36
2011,7,LVDPA0282,291,144,49,147,51,10,3,17,6,28,10,33,11,28,10,52,18,49,17,74,25,5,13,11,21,17,26,26,25,5,4,17,12,11,26,23,49
2011,7,LVDPA0283,181,84,46,97,54,9,5,19,10,24,13,16,9,26,14,39,22,20,11,28,15,5,8,13,8,15,19,9,7,4,11,11,8,11,20,11,21
2011,7,LVDPA0284,205,94,46,111,54,7,3,8,4,37,18,16,8,29,14,38,19,27,13,43,21,2,3,19,11,12,21,11,15,5,5,18,5,17,17,16,28
2011,7,LVDPA0285,610,296,49,314,51,46,8,49,8,94,15,70,11,93,15,78,13,81,13,99,16,23,33,46,37,54,40,32,31,23,16,48,33,39,38,49,68
2011,7,LVDPA0286,573,277,48,296,52,36,6,39,7,91,16,68,12,74,13,94,16,64,11,107,19,20,17,50,38,39,42,34,37,16,22,41,30,35,52,30,70
2011,7,LVDPA0287,311,154,50,157,50,19,6,19,6,55,18,38,12,32,10,61,20,27,9,60,19,8,11,34,23,15,29,15,19,11,8,21,15,17,32,12,41
2011,7,LVDPA0288,369,169,46,200,54,17,5,35,9,54,15,35,9,49,13,53,14,44,12,82,22,9,17,28,17,25,31,20,22,8,18,26,18,24,22,24,60
2011,7,LVDPA0289,411,195,47,216,53,30,7,40,10,72,18,50,12,37,9,75,18,35,9,72,18,13,25,36,26,17,35,16,27,17,15,36,24,20,40,19,45
2011,7,LVDPA0290,539,234,43,305,57,28,5,43,8,71,13,51,9,85,16,82,15,60,11,119,22,17,18,38,29,36,44,17,35,11,25,33,22,49,38,43,84
2011,7,LVDPA0291,477,232,49,245,51,41,9,29,6,69,14,81,17,59,12,68,14,56,12,74,16,18,14,43,43,31,32,24,27,23,15,26,38,28,36,32,47
2011,7,LVDPA0292,469,218,46,251,54,31,7,39,8,63,13,70,15,59,13,75,16,57,12,75,16,13,22,32,35,26,38,25,27,18,17,31,35,33,37,32,48
2011,7,LVDPA0293,173,81,47,92,53,8,5,16,9,25,14,16,9,30,17,16,9,23,13,39,23,4,8,12,10,16,8,11,12,4,8,13,6,14,8,12,27
2011,7,LVDPA0294,447,204,46,243,54,27,6,35,8,74,17,59,13,62,14,66,15,47,11,77,17,13,20,32,29,30,33,27,20,14,15,42,30,32,33,20,57
2011,7,LVDPA0295,549,240,44,309,56,38,7,38,7,99,18,63,11,67,12,70,13,75,14,99,18,19,15,51,31,32,32,29,31,19,23,48,32,35,38,46,68
2011,7,LVDPA0296,192,90,47,102,53,18,9,2,1,30,16,25,13,14,7,39,20,33,17,31,16,9,0,14,14,10,19,16,8,9,2,16,11,4,20,17,23
2011,7,LVDPA0297,843,399,47,444,53,61,7,70,8,133,16,109,13,127,15,131,16,80,9,132,16,32,35,67,66,61,62,34,42,29,35,66,43,66,69,46,90
2011,7,LVDPA0298,515,222,43,293,57,43,8,36,7,80,16,75,15,56,11,66,13,51,10,108,21,16,17,35,41,26,29,19,39,27,19,45,34,30,37,32,69
2011,7,LVDPA0299,170,85,50,85,50,6,4,15,9,17,10,15,9,20,12,32,19,22,13,43,25,4,6,12,9,11,14,15,14,2,9,5,6,9,18,7,29
2011,7,LVDPA0300,355,155,44,200,56,21,6,24,7,59,17,33,9,54,15,48,14,45,13,71,20,12,10,31,17,22,24,17,22,9,14,28,16,32,24,28,49
2011,7,LVDPA0301,521,248,48,273,52,39,7,47,9,104,20,58,11,70,13,87,17,45,9,71,14,20,22,57,27,37,46,15,24,19,25,47,31,33,41,30,47
2011,7,LVDPA0302,649,296,46,353,54,58,9,60,9,101,16,83,13,78,12,87,13,68,10,114,18,34,33,55,44,38,31,25,36,24,27,46,39,40,56,43,78
2011,7,LVDPA0303,459,225,49,234,51,47,10,39,8,71,15,64,14,73,16,63,14,28,6,74,16,25,20,35,33,37,37,13,25,22,19,36,31,36,26,15,49
2011,7,LVDPA0304,53,30,57,23,43,0,0,0,0,7,13,3,6,10,19,11,21,7,13,15,28,0,0,4,2,7,7,6,4,0,0,3,1,3,4,1,11
2011,7,LVDPA0305,187,82,44,105,56,14,7,14,7,22,12,26,14,19,10,31,17,27,14,34,18,8,4,12,12,11,13,15,7,6,10,10,14,8,18,12,27
2011,7,LVDPA0306,923,431,47,492,53,85,9,69,7,137,15,130,14,134,15,132,14,109,12,127,14,44,34,75,58,77,61,44,38,41,35,62,72,57,71,65,89
2011,7,LVDPA0307,842,369,44,473,56,57,7,72,9,133,16,83,10,94,11,128,15,73,9,202,24,28,36,64,41,45,52,36,67,29,36,69,42,49,76,37,135
2011,7,LVDPA0308,82,36,44,46,56,3,4,12,15,13,16,9,11,14,17,16,20,9,11,6,7,2,3,6,5,7,6,5,2,1,9,7,4,7,10,4,4
2011,7,LVDPA0309,103,53,51,50,49,3,3,10,10,19,18,3,3,21,20,17,17,11,11,19,18,2,6,10,1,10,12,5,7,1,4,9,2,11,5,6,12
2011,7,LVDPA0310,577,267,46,310,54,38,7,53,9,103,18,70,12,73,13,94,16,62,11,84,15,22,22,54,36,35,47,26,25,16,31,49,34,38,47,36,59
2011,7,LVDPA0311,561,269,48,292,52,48,9,59,11,83,15,87,16,87,16,64,11,49,9,84,15,23,28,51,45,40,30,29,23,25,31,32,42,47,34,20,61
2011,7,LVDPA0312,200,88,44,112,56,16,8,12,6,26,13,21,11,26,13,31,16,23,12,45,23,6,5,13,13,10,14,11,16,10,7,13,8,16,17,12,29
2011,7,LVDPA0313,328,154,47,174,53,18,5,21,6,49,15,29,9,43,13,44,13,35,11,89,27,8,11,25,17,26,20,17,30,10,10,24,12,17,24,18,59
2011,7,LVDPA0314,376,175,47,201,53,16,4,23,6,57,15,36,10,51,14,64,17,39,10,90,24,9,11,35,22,22,29,19,28,7,12,22,14,29,35,20,62
2011,7,LVDPA0315,133,65,49,68,51,12,9,7,5,13,10,19,14,12,9,15,11,21,16,34,26,5,5,9,10,8,10,8,10,7,2,4,9,4,5,13,24
2011,7,LVDPA0316,264,131,50,133,50,26,10,21,8,45,17,29,11,38,14,40,15,24,9,41,16,10,13,25,16,19,19,13,16,16,8,20,13,19,21,11,25
2011,7,LVDPA0317,377,182,48,195,52,25,7,20,5,65,17,47,12,55,15,79,21,36,10,50,13,14,9,35,29,22,40,13,20,11,11,30,18,33,39,23,30
2011,7,LVDPA0318,267,131,49,136,51,12,4,22,8,46,17,23,9,41,15,49,18,23,9,51,19,9,13,22,16,16,25,14,16,3,9,24,7,25,24,9,35
2011,7,LVDPA0319,205,95,46,110,54,6,3,8,4,40,20,25,12,20,10,49,24,23,11,34,17,2,3,19,12,9,27,10,13,4,5,21,13,11,22,13,21
2011,7,LVDPA0320,266,131,49,135,51,29,11,19,7,53,20,36,14,31,12,48,18,26,10,24,9,13,13,26,19,18,23,13,6,16,6,27,17,13,25,13,18
2011,7,LVDPA0321,561,266,47,295,53,38,7,63,11,97,17,65,12,87,16,77,14,57,10,77,14,23,36,51,29,38,39,24,26,15,27,46,36,49,38,33,51
2011,7,LVDPA0322,222,113,51,109,49,19,9,20,9,31,14,31,14,22,10,47,21,24,11,28,13,9,11,20,19,11,23,13,7,10,9,11,12,11,24,11,21
2011,7,LVDPA0323,520,239,46,281,54,48,9,43,8,55,11,90,17,59,11,80,15,53,10,92,18,23,18,30,48,29,40,19,32,25,25,25,42,30,40,34,60
2011,7,LVDPA0324,291,133,46,158,54,23,8,29,10,48,16,27,9,37,13,40,14,26,9,61,21,12,13,23,15,16,21,13,20,11,16,25,12,21,19,13,41
2011,7,LVDPA0325,78,32,41,46,59,3,4,1,1,6,8,6,8,11,14,20,26,12,15,19,24,2,1,2,3,7,7,5,5,1,0,4,3,4,13,7,14
2011,7,LVDPA0326,240,120,50,120,50,21,9,22,9,51,21,29,12,38,16,35,15,14,6,30,13,12,15,24,18,18,17,9,7,9,7,27,11,20,18,5,23
2011,7,LVDPA0327,251,111,44,140,56,11,4,21,8,36,14,35,14,29,12,42,17,28,11,49,20,4,11,13,19,13,22,12,17,7,10,23,16,16,20,16,32
2011,7,LVDPA0328,312,146,47,166,53,14,4,24,8,41,13,31,10,40,13,61,20,33,11,68,22,10,11,23,17,19,33,12,21,4,13,18,14,21,28,21,47
2011,7,LVDPA0329,62,29,47,33,53,6,10,3,5,9,15,7,11,9,15,10,16,6,10,12,19,3,0,7,4,3,5,4,3,3,3,2,3,6,5,2,9
2011,7,LVDPA0330,383,181,47,202,53,28,7,29,8,55,14,50,13,43,11,64,17,51,13,63,16,9,17,26,27,22,38,21,21,19,12,29,23,21,26,30,42
2011,7,LVDPA0331,501,240,48,261,52,40,8,42,8,72,14,80,16,57,11,82,16,59,12,69,14,21,27,41,43,27,39,26,16,19,15,31,37,30,43,33,53
2011,7,LVDPA0332,374,162,43,212,57,18,5,35,9,66,18,36,10,57,15,58,16,32,9,72,19,11,22,30,17,28,24,14,16,7,13,36,19,29,34,18,56
2011,7,LVDPA0333,1342,626,47,716,53,93,7,91,7,168,13,205,15,179,13,171,13,187,14,248,18,49,54,86,105,88,71,88,85,44,37,82,100,91,100,99,163
2011,7,LVDPA0334,313,151,48,162,52,18,6,22,7,46,15,33,11,51,16,62,20,45,14,36,12,8,9,26,16,31,32,20,9,10,13,20,17,20,30,25,27
2011,7,LVDPA0335,297,134,45,163,55,16,5,29,10,49,16,22,7,50,17,38,13,37,12,56,19,11,11,29,11,21,20,13,18,5,18,20,11,29,18,24,38
2011,7,LVDPA0336,83,39,47,44,53,3,4,8,10,6,7,5,6,9,11,10,12,21,25,21,25,1,5,4,2,4,5,11,7,2,3,2,3,5,5,10,14
2011,7,LVDPA0337,353,176,50,177,50,23,7,30,8,58,16,42,12,50,14,49,14,47,13,54,15,14,18,30,25,29,22,24,14,9,12,28,17,21,27,23,40
2011,7,LVDPA0338,366,168,46,198,54,23,6,29,8,67,18,37,10,56,15,47,13,36,10,71,19,8,13,39,16,25,24,16,27,15,16,28,21,31,23,20,44
2011,7,LVDPA0339,559,276,49,283,51,37,7,49,9,80,14,70,13,68,12,97,17,62,11,96,17,18,30,44,38,34,54,27,31,19,19,36,32,34,43,35,65
2011,7,LVDPA0340,214,104,49,110,51,7,3,12,6,46,21,15,7,23,11,45,21,20,9,46,21,3,6,22,14,8,23,13,15,4,6,24,1,15,22,7,31
2011,7,LVDPA0341,174,83,48,91,52,18,10,11,6,24,14,22,13,21,12,22,13,24,14,32,18,10,6,10,11,12,11,10,13,8,5,14,11,9,11,14,19
2011,7,LVDPA0342,518,257,50,261,50,41,8,53,10,94,18,55,11,64,12,67,13,59,11,85,16,18,32,52,34,31,34,25,31,23,21,42,21,33,33,34,54
2011,7,LVDPA0343,570,264,46,306,54,36,6,43,8,64,11,95,17,77,14,97,17,67,12,91,16,21,19,32,47,42,45,27,31,15,24,32,48,35,52,40,60
2011,7,LVDPA0344,229,105,46,124,54,8,3,3,1,15,7,16,7,38,17,41,18,41,18,67,29,3,1,9,13,19,23,17,20,5,2,6,3,19,18,24,47
2011,7,LVDPA0345,232,108,47,124,53,9,4,31,13,48,21,13,6,26,11,26,11,38,16,41,18,5,19,22,9,11,15,17,10,4,12,26,4,15,11,21,31
2011,7,LVDPA0346,591,278,47,313,53,49,8,44,7,87,15,95,16,81,14,91,15,75,13,69,12,25,25,45,52,36,44,26,25,24,19,42,43,45,47,49,44
2011,7,LVDPA0347,316,141,45,175,55,21,7,23,7,55,17,33,10,35,11,59,19,35,11,55,17,10,10,27,17,17,28,17,15,11,13,28,16,18,31,18,40
2011,7,LVDPA0348,204,103,50,101,50,22,11,15,7,35,17,24,12,25,12,27,13,20,10,36,18,15,12,15,13,12,14,9,13,7,3,20,11,13,13,11,23
2011,7,LVDPA0349,54,26,48,28,52,2,4,3,6,1,2,8,15,6,11,8,15,7,13,19,35,0,2,1,2,5,4,4,8,2,1,0,6,1,4,3,11
2011,7,LVDPA0350,274,145,53,129,47,28,10,13,5,48,18,37,14,28,10,44,16,33,12,43,16,20,6,28,21,15,26,15,14,8,7,20,16,13,18,18,29
2011,7,LVDPA0351,489,222,45,267,55,27,6,32,7,81,17,59,12,62,13,79,16,45,9,104,21,18,15,36,34,29,40,18,32,9,17,45,25,33,39,27,72
2011,7,LVDPA0352,327,152,46,175,54,30,9,38,12,50,15,39,12,58,18,50,15,27,8,35,11,12,15,24,20,29,23,13,16,18,23,26,19,29,27,14,19
2011,7,LVDPA0353,270,134,50,136,50,16,6,26,10,35,13,32,12,42,16,35,13,30,11,54,20,9,15,25,12,25,20,15,13,7,11,10,20,17,15,15,41
2011,7,LVDPA0354,494,240,49,254,51,34,7,46,9,95,19,48,10,69,14,79,16,48,10,75,15,19,21,53,25,34,41,20,27,15,25,42,23,35,38,28,48
2011,7,LVDPA0355,302,144,48,158,52,24,8,38,13,42,14,37,12,43,14,47,16,27,9,44,15,13,18,28,20,19,23,10,13,11,20,14,17,24,24,17,31
2011,7,LVDPA0356,305,144,47,161,53,22,7,33,11,31,10,36,12,52,17,33,11,48,16,50,16,9,19,19,16,27,14,23,17,13,14,12,20,25,19,25,33
2011,7,LVDPA0357,286,128,45,158,55,24,8,16,6,45,16,40,14,33,12,48,17,34,12,46,16,12,7,17,25,14,21,12,20,12,9,28,15,19,27,22,26
2011,7,LVDPA0358,164,78,48,86,52,10,6,13,8,31,19,18,11,22,13,25,15,14,9,31,19,6,7,13,12,14,12,6,8,4,6,18,6,8,13,8,23
2011,7,LVDPA0359,350,171,49,179,51,25,7,27,8,59,17,45,13,45,13,57,16,39,11,53,15,13,16,35,27,24,23,20,13,12,11,24,18,21,34,19,40
2011,7,LVDPA0360,388,188,48,200,52,22,6,31,8,72,19,41,11,69,18,68,18,45,12,40,10,12,16,35,22,36,36,22,9,10,15,37,19,33,32,23,31
2011,7,LVDPA0361,90,48,53,42,47,5,6,10,11,14,16,8,9,14,16,11,12,12,13,16,18,3,8,9,6,6,5,5,6,2,2,5,2,8,6,7,10
2011,7,LVDPA0362,173,77,45,96,55,9,5,7,4,21,12,15,9,23,13,28,16,28,16,42,24,6,4,6,8,11,16,13,13,3,3,15,7,12,12,15,29
2011,7,LVDPA0363,88,46,52,42,48,3,3,1,1,16,18,11,13,15,17,14,16,16,18,12,14,2,1,9,7,9,6,9,3,1,0,7,4,6,8,7,9
2011,7,LVDPA0364,143,56,39,87,61,11,8,13,9,27,19,12,8,17,12,19,13,15,10,29,20,4,6,13,5,8,7,5,8,7,7,14,7,9,12,10,21
2011,7,LVDPA0365,274,130,47,144,53,23,8,29,11,54,20,30,11,46,17,26,9,28,10,38,14,11,18,32,13,22,12,11,11,12,11,22,17,24,14,17,27
2011,7,LVDPA0366,92,42,46,50,54,5,5,12,13,11,12,12,13,15,16,15,16,9,10,13,14,0,9,4,9,7,9,2,2,5,3,7,3,8,6,7,11
2011,7,LVDPA0367,87,42,48,45,52,9,10,4,5,16,18,6,7,14,16,16,18,14,16,8,9,5,1,6,1,8,9,8,4,4,3,10,5,6,7,6,4
2011,7,LVDPA0368,962,432,45,530,55,80,8,66,7,146,15,135,14,115,12,144,15,110,11,166,17,37,31,72,72,58,71,42,49,43,35,74,63,57,73,68,117
2011,7,LVDPA0369,294,133,45,161,55,13,4,19,6,49,17,43,15,39,13,54,18,29,10,48,16,5,8,24,25,22,24,14,11,8,11,25,18,17,30,15,37
2011,7,LVDPA0370,290,133,46,157,54,22,8,30,10,51,18,36,12,33,11,51,18,21,7,46,16,9,15,30,20,13,24,9,13,13,15,21,16,20,27,12,33
2011,7,LVDPA0371,264,141,53,123,47,27,10,35,13,38,14,39,15,39,15,29,11,22,8,35,13,17,22,24,21,22,15,7,13,10,13,14,18,17,14,15,22
2011,7,LVDPA0372,360,171,48,189,53,39,11,35,10,67,19,44,12,50,14,52,14,35,10,38,11,23,18,32,23,22,27,15,11,16,17,35,21,28,25,20,27
2011,7,LVDPA0373,127,56,44,71,56,9,7,12,9,20,16,18,14,12,9,18,14,18,14,20,16,4,4,9,9,7,8,8,7,5,8,11,9,5,10,10,13
2011,7,LVDPA0374,1790,793,44,997,56,124,7,154,9,259,14,247,14,227,13,345,19,206,12,228,13,57,80,130,117,107,150,85,67,67,74,129,130,120,195,121,161
2011,7,LVDPA0375,321,155,48,166,52,21,7,26,8,63,20,34,11,47,15,50,16,32,10,48,15,9,8,42,15,24,25,17,15,12,18,21,19,23,25,15,33
2011,7,LVDPA0376,185,79,43,106,57,16,9,17,9,30,16,12,6,29,16,26,14,16,9,39,21,9,6,14,4,16,12,7,11,7,11,16,8,13,14,9,28
2011,7,LVDPA0377,210,99,47,111,53,14,7,27,13,34,16,30,14,24,11,29,14,22,10,30,14,6,8,18,17,13,14,12,11,8,19,16,13,11,15,10,19
2011,7,LVDPA0378,257,125,49,132,51,20,8,21,8,44,17,33,13,43,17,35,14,25,10,36,14,13,11,24,14,20,20,12,11,7,10,20,19,23,15,13,25
2011,7,LVDPA0379,180,90,50,90,50,19,11,21,12,23,13,25,14,17,9,25,14,19,11,31,17,13,11,14,13,10,11,10,8,6,10,9,12,7,14,9,23
2011,7,LVDPA0380,1562,706,45,856,55,138,9,111,7,168,11,302,19,212,14,200,13,211,14,220,14,71,53,81,150,103,94,86,68,67,58,87,152,109,106,125,152
2011,7,LVDPA0382,1338,601,45,737,55,113,8,112,8,178,13,191,14,181,14,224,17,152,11,187,14,61,58,94,91,86,97,69,45,52,54,84,100,95,127,83,142
2011,7,LVDPA0383,521,239,46,282,54,28,5,35,7,90,17,71,14,74,14,94,18,53,10,76,15,6,21,49,43,37,34,21,28,22,14,41,28,37,60,32,48
2011,7,LVDPA0384,293,135,46,158,54,28,10,19,6,53,18,34,12,43,15,43,15,24,8,49,17,16,7,30,16,21,19,10,16,12,12,23,18,22,24,14,33
2011,7,LVDPA0385,726,332,46,394,54,47,6,37,5,95,13,98,13,105,14,122,17,94,13,128,18,24,19,47,51,51,54,42,44,23,18,48,47,54,68,52,84
2011,7,LVDPA0386,232,111,48,121,52,13,6,13,6,34,15,21,9,27,12,42,18,33,14,49,21,10,7,20,10,16,22,11,15,3,6,14,11,11,20,22,34
2011,7,LVDPA0387,201,89,44,112,56,9,4,11,5,34,17,21,10,36,18,26,13,25,12,39,19,3,6,16,11,19,13,8,13,6,5,18,10,17,13,17,26
2011,7,LVDPA0388,129,68,53,61,47,7,5,13,10,26,20,5,4,25,19,22,17,15,12,16,12,2,9,14,2,15,14,8,4,5,4,12,3,10,8,7,12
2011,7,LVDPA0389,161,68,42,93,58,5,3,12,7,23,14,20,12,20,12,29,18,19,12,33,20,3,4,10,9,8,14,10,10,2,8,13,11,12,15,9,23
2011,7,LVDPA0390,195,95,49,100,51,12,6,13,7,23,12,26,13,25,13,31,16,28,14,37,19,4,10,15,13,11,13,13,16,8,3,8,13,14,18,15,21
2011,7,LVDPA0391,177,74,42,103,58,12,7,23,13,28,16,17,10,20,11,23,13,21,12,33,19,6,8,13,11,10,9,10,7,6,15,15,6,10,14,11,26
2011,7,LVDPA0392,144,64,44,80,56,15,10,10,7,28,19,17,12,19,13,19,13,10,7,26,18,7,4,19,9,8,7,2,8,8,6,9,8,11,12,8,18
2011,7,LVDPA0393,628,308,49,320,51,52,8,53,8,96,15,82,13,89,14,93,15,61,10,102,16,33,28,58,40,40,49,23,37,19,25,38,42,49,44,38,65
2011,7,LVDPA0394,707,347,49,360,51,47,7,63,9,114,16,82,12,98,14,110,16,74,10,119,17,27,37,70,36,50,54,36,37,20,26,44,46,48,56,38,82
2011,7,LVDPA0395,306,136,44,170,56,13,4,16,5,58,19,21,7,48,16,63,21,30,10,57,19,7,8,28,13,20,35,12,13,6,8,30,8,28,28,18,44
2011,7,LVDPA0396,479,243,51,236,49,42,9,33,7,84,18,78,16,61,13,67,14,51,11,63,13,25,15,54,41,34,31,23,20,17,18,30,37,27,36,28,43
2011,7,LVDPA0397,385,179,46,206,54,25,6,23,6,79,21,41,11,43,11,72,19,35,9,67,17,12,16,38,27,19,35,12,20,13,7,41,14,24,37,23,47
2011,7,LVDPA0398,213,101,47,112,53,22,10,18,8,30,14,27,13,27,13,33,15,26,12,30,14,11,8,15,13,12,18,13,11,11,10,15,14,15,15,13,19
2011,7,LVDPA0399,167,76,46,91,54,15,9,16,10,27,16,20,12,15,9,26,16,16,10,32,19,9,9,10,10,6,14,8,10,6,7,17,10,9,12,8,22
2011,7,LVDPA0400,333,166,50,167,50,24,7,31,9,57,17,40,12,54,16,38,11,38,11,51,15,13,18,30,23,25,18,20,19,11,13,27,17,29,20,18,32
2011,7,LVDPA0401,208,93,45,115,55,10,5,22,11,32,15,32,15,19,9,40,19,23,11,30,14,2,12,15,14,9,19,9,13,8,10,17,18,10,21,14,17
2011,7,LVDPA0402,249,131,53,118,47,11,4,12,5,62,25,31,12,42,17,35,14,19,8,37,15,8,5,39,20,23,15,9,12,3,7,23,11,19,20,10,25
2011,7,LVDPA0403,200,93,47,107,54,16,8,15,8,29,15,23,12,22,11,50,25,17,9,28,14,8,7,13,13,13,24,10,5,8,8,16,10,9,26,7,23
2011,7,LVDPA0404,296,137,46,159,54,24,8,15,5,47,16,54,18,31,10,60,20,30,10,35,12,14,7,19,29,17,26,15,10,10,8,28,25,14,34,15,25
2011,7,LVDPA0405,213,101,47,112,53,16,8,11,5,28,13,20,9,29,14,32,15,23,11,54,25,9,6,11,10,16,18,11,20,7,5,17,10,13,14,12,34
2011,7,LVDPA0406,293,147,50,146,50,21,7,31,11,58,20,28,10,41,14,44,15,34,12,36,12,14,17,32,13,25,20,16,10,7,14,26,15,16,24,18,26
2011,7,LVDPA0407,438,214,49,224,51,32,7,30,7,81,18,45,10,54,12,90,21,48,11,58,13,19,19,39,26,28,42,25,16,13,11,42,19,26,48,23,42
2011,7,LVDPA0408,260,123,47,137,53,25,10,20,8,48,18,33,13,36,14,29,11,24,9,45,17,10,14,26,18,17,13,13,12,15,6,22,15,19,16,11,33
2011,7,LVDPA0409,144,60,42,84,58,12,8,12,8,23,16,17,12,16,11,20,14,20,14,24,17,7,6,10,9,6,8,10,4,5,6,13,8,10,12,10,20
2011,7,LVDPA0410,326,160,49,166,51,30,9,34,10,54,17,39,12,50,15,46,14,32,10,41,13,21,19,29,21,27,19,12,12,9,15,25,18,23,27,20,29
2011,7,LVDPA0411,901,402,45,499,55,70,8,61,7,103,11,149,17,103,11,112,12,130,14,173,19,39,27,51,67,50,60,60,48,31,34,52,82,53,52,70,125
2011,7,LVDPA0412,395,188,48,207,52,20,5,26,7,54,14,30,8,54,14,54,14,72,18,85,22,12,14,30,15,34,25,32,26,8,12,24,15,20,29,40,59
2011,7,LVDPA0413,1329,656,49,673,51,117,9,104,8,177,13,212,16,181,14,190,14,166,12,182,14,64,53,98,115,90,91,76,69,53,51,79,97,91,99,90,113
2011,7,LVDPA0414,65,28,43,37,57,2,3,3,5,8,12,6,9,5,8,10,15,9,14,22,34,2,0,2,5,1,5,7,6,0,3,6,1,4,5,2,16
2011,7,LVDPA0415,299,146,49,153,51,20,7,24,8,62,21,37,12,50,17,40,13,31,10,35,12,11,14,29,20,27,19,14,12,9,10,33,17,23,21,17,23
2011,7,LVDPA0416,541,262,48,279,52,42,8,37,7,78,14,78,14,86,16,96,18,49,9,75,14,20,18,37,41,45,48,23,30,22,19,41,37,41,48,26,45
2011,7,LVDPA0417,240,107,45,133,55,12,5,21,9,45,19,13,5,35,15,42,18,35,15,37,15,5,9,24,4,17,22,13,13,7,12,21,9,18,20,22,24
2011,7,LVDPA0418,159,77,48,82,52,10,6,7,4,33,21,12,8,30,19,28,18,18,11,21,13,4,5,21,4,13,16,9,5,6,2,12,8,17,12,9,16
2011,7,LVDPA0419,197,101,51,96,49,12,6,23,12,34,17,24,12,25,13,29,15,26,13,24,12,7,14,19,10,15,15,13,8,5,9,15,14,10,14,13,16
2011,7,LVDPA0420,74,31,42,43,58,2,3,10,14,10,14,4,5,3,4,10,14,12,16,23,31,0,4,7,2,0,5,6,7,2,6,3,2,3,5,6,16
2011,7,LVDPA0421,2983,1367,46,1616,54,310,10,251,8,350,12,515,17,491,16,397,13,335,11,334,11,158,113,186,255,239,184,126,106,152,138,164,260,252,213,209,228
2011,7,LVDPA0422,511,236,46,275,54,42,8,41,8,73,14,60,12,73,14,58,11,53,10,111,22,17,21,43,28,34,31,26,36,25,20,30,32,39,27,27,75
2011,7,LVDPA0423,114,59,52,55,48,3,3,16,14,14,12,14,12,11,10,24,21,10,9,22,19,1,10,9,7,6,14,5,7,2,6,5,7,5,10,5,15
2011,7,LVDPA0424,877,425,48,452,52,64,7,64,7,106,12,99,11,141,16,128,15,100,11,175,20,33,33,53,55,74,69,41,67,31,31,53,44,67,59,59,108
2011,7,LVDPA0425,630,290,46,340,54,48,8,66,10,108,17,88,14,79,13,101,16,60,10,80,13,22,34,51,42,37,51,28,25,26,32,57,46,42,50,32,55
2011,7,LVDPA0426,174,89,51,85,49,13,7,19,11,27,16,22,13,16,9,27,16,21,12,29,17,5,10,18,11,8,14,12,11,8,9,9,11,8,13,9,18
2011,7,LVDPA0427,393,193,49,200,51,31,8,18,5,54,14,64,16,38,10,67,17,61,16,60,15,18,8,28,36,21,35,26,21,13,10,26,28,17,32,35,39
2011,7,LVDPA0428,77,41,53,36,47,4,5,5,6,10,13,6,8,11,14,10,13,11,14,20,26,2,2,7,4,7,5,5,9,2,3,3,2,4,5,6,11
2011,7,LVDPA0429,260,126,48,134,52,13,5,26,10,43,17,30,12,31,12,49,19,21,8,47,18,8,14,24,14,15,29,9,13,5,12,19,16,16,20,12,34
2011,7,LVDPA0430,289,139,48,150,52,20,7,30,10,52,18,32,11,49,17,45,16,24,8,37,13,10,15,28,17,26,19,11,13,10,15,24,15,23,26,13,24
2011,7,LVDPA0431,357,158,44,199,56,13,4,25,7,52,15,37,10,53,15,48,13,43,12,86,24,6,15,23,21,21,24,22,26,7,10,29,16,32,24,21,60
2011,7,LVDPA0432,264,125,47,139,53,25,9,29,11,42,16,32,12,39,15,29,11,26,10,42,16,9,14,26,16,19,12,11,18,16,15,16,16,20,17,15,24
2011,7,LVDPA0433,213,85,40,128,60,13,6,11,5,22,10,18,8,33,15,29,14,25,12,62,29,6,3,9,12,16,12,13,14,7,8,13,6,17,17,12,48
2011,7,LVDPA0434,117,49,42,68,58,9,8,9,8,19,16,13,11,11,9,19,16,14,12,23,20,4,5,9,3,6,9,6,7,5,4,10,10,5,10,8,16
2011,7,LVDPA0435,150,74,49,76,51,12,8,15,10,19,13,17,11,18,12,25,17,14,9,30,20,7,9,11,9,8,14,9,7,5,6,8,8,10,11,5,23
2011,7,LVDPA0436,56,30,54,26,46,2,4,5,9,5,9,3,5,8,14,6,11,7,13,20,36,0,3,4,3,5,2,4,9,2,2,1,0,3,4,3,11
2011,7,LVDPA0437,275,157,57,118,43,13,5,26,9,49,18,32,12,33,12,55,20,35,13,32,12,9,17,35,18,21,35,12,10,4,9,14,14,12,20,23,22
2011,7,LVDPA0438,377,179,47,198,53,35,9,32,8,62,16,46,12,61,16,51,14,38,10,52,14,17,18,31,15,34,27,17,20,18,14,31,31,27,24,21,32
2011,7,LVDPA0439,73,33,45,40,55,1,1,6,8,7,10,4,5,12,16,12,16,11,15,20,27,0,3,4,3,6,6,5,6,1,3,3,1,6,6,6,14
2011,7,LVDPA0440,443,206,47,237,53,23,5,52,12,57,13,61,14,47,11,64,14,55,12,84,19,11,29,33,32,23,32,20,26,12,23,24,29,24,32,35,58
2011,7,LVDPA0441,353,161,46,192,54,28,8,32,9,58,16,44,12,49,14,51,14,38,11,53,15,16,17,34,25,21,21,15,12,12,15,24,19,28,30,23,41
2011,7,LVDPA0442,226,110,49,116,51,10,4,26,12,41,18,21,9,27,12,31,14,27,12,43,19,7,14,26,11,14,14,15,9,3,12,15,10,13,17,12,34
2011,7,LVDPA0443,76,37,49,39,51,3,4,6,8,12,16,6,8,9,12,17,22,2,3,21,28,1,1,7,5,4,9,2,8,2,5,5,1,5,8,0,13
2011,7,LVDPA0444,221,107,48,114,52,13,6,10,5,34,15,32,14,22,10,50,23,27,12,33,15,8,3,17,17,13,26,16,7,5,7,17,15,9,24,11,26
2011,7,LVDPA0445,164,80,49,84,51,11,7,20,12,30,18,21,13,26,16,18,11,17,10,21,13,5,9,12,11,15,8,10,10,6,11,18,10,11,10,7,11
2011,7,LVDPA0447,97,52,54,45,46,1,1,4,4,10,10,11,11,16,16,16,16,19,20,20,21,1,2,8,8,11,5,10,7,0,2,2,3,5,11,9,13
2011,7,LVDPA0448,242,117,48,125,52,14,6,25,10,50,21,29,12,37,15,38,16,22,9,27,11,6,12,24,15,18,19,14,9,8,13,26,14,19,19,8,18
2011,7,LVDPA0449,227,104,46,123,54,19,8,17,7,36,16,31,14,31,14,35,15,23,10,35,15,12,10,17,16,16,17,9,7,7,7,19,15,15,18,14,28
2011,7,LVDPA0450,82,34,41,48,59,8,10,9,11,8,10,8,10,6,7,16,20,10,12,17,21,5,4,2,4,2,8,4,5,3,5,6,4,4,8,6,12
2011,7,LVDPA0451,247,111,45,136,55,16,6,24,10,57,23,27,11,31,13,41,17,17,7,34,14,7,7,32,16,14,18,10,7,9,17,25,11,17,23,7,27
2011,7,LVDPA0452,104,44,42,60,58,8,8,11,11,14,13,7,7,9,9,25,24,7,7,23,22,2,7,5,2,3,12,3,10,6,4,9,5,6,13,4,13
2011,7,LVDPA0453,397,194,49,203,51,15,4,33,8,77,19,44,11,42,11,77,19,46,12,63,16,10,21,42,21,20,35,21,24,5,12,35,23,22,42,25,39
2011,7,LVDPA0454,99,36,36,63,64,4,4,6,6,8,8,10,10,10,10,14,14,17,17,30,30,2,1,5,2,5,3,7,11,2,5,3,8,5,11,10,19
2011,7,LVDPA0455,821,386,47,435,53,50,6,74,9,104,13,83,10,97,12,128,16,91,11,194,24,27,45,49,48,52,58,48,59,23,29,55,35,45,70,43,135
2011,7,LVDPA0456,196,88,45,108,55,14,7,9,5,34,17,20,10,27,14,34,17,31,16,27,14,9,4,13,11,13,16,12,10,5,5,21,9,14,18,19,17
2011,7,LVDPA0457,264,131,50,133,50,15,6,22,8,33,13,20,8,46,17,50,19,24,9,54,20,10,10,16,12,26,28,13,16,5,12,17,8,20,22,11,38
2011,7,LVDPA0459,205,92,45,113,55,19,9,16,8,33,16,23,11,30,15,40,20,18,9,26,13,10,11,14,11,12,17,11,6,9,5,19,12,18,23,7,20
2011,7,LVDPA0460,217,100,46,117,54,11,5,14,6,31,14,18,8,36,17,41,19,22,10,44,20,5,8,18,9,16,19,11,14,6,6,13,9,20,22,11,30
2011,7,LVDPA0461,244,109,45,135,55,19,8,33,14,32,13,30,12,37,15,30,12,18,7,45,18,7,21,18,18,16,11,7,11,12,12,14,12,21,19,11,34
2011,7,LVDPA0462,397,189,48,208,52,28,7,29,7,63,16,49,12,47,12,65,16,54,14,62,16,17,21,29,27,23,30,20,22,11,8,34,22,24,35,34,40
2011,7,LVDPA0463,156,70,45,86,55,11,7,9,6,28,18,22,14,15,10,30,19,18,12,23,15,3,4,12,13,7,16,9,6,8,5,16,9,8,14,9,17
2011,7,LVDPA0464,227,118,52,109,48,16,7,18,8,44,19,28,12,27,12,50,22,21,9,23,10,8,12,28,18,10,25,8,9,8,6,16,10,17,25,13,14
2011,7,LVDPA0465,181,92,51,89,49,10,6,18,10,33,18,18,10,28,15,31,17,10,6,33,18,6,12,15,10,15,18,4,12,4,6,18,8,13,13,6,21
2011,7,LVDPA0466,288,147,51,141,49,14,5,18,6,48,17,33,11,39,14,53,18,33,11,50,17,10,11,30,19,22,27,15,13,4,7,18,14,17,26,18,37
2011,7,LVDPA0467,91,32,35,59,65,3,3,4,4,12,13,6,7,9,10,11,12,15,16,31,34,0,3,6,2,2,5,7,7,3,1,6,4,7,6,8,24
2011,7,LVDPA0468,262,124,47,138,53,12,5,19,7,43,16,32,12,25,10,45,17,35,13,51,19,6,9,18,22,12,21,18,18,6,10,25,10,13,24,17,33
2011,7,LVDPA0469,295,138,47,157,53,16,5,32,11,48,16,35,12,40,14,54,18,32,11,38,13,5,18,25,18,19,27,16,10,11,14,23,17,21,27,16,28
2011,7,LVDPA0470,192,96,50,96,50,14,7,21,11,32,17,26,14,21,11,30,16,29,15,19,10,7,12,18,16,9,16,13,5,7,9,14,10,12,14,16,14
2011,7,LVDPA0471,145,75,52,70,48,12,8,13,9,34,23,13,9,20,14,20,14,10,7,23,16,6,7,21,7,9,11,4,10,6,6,13,6,11,9,6,13
2011,7,LVDPA0472,270,132,49,138,51,20,7,23,9,43,16,23,9,44,16,44,16,35,13,38,14,8,15,24,13,25,18,21,8,12,8,19,10,19,26,14,30
2011,7,LVDPA0473,227,100,44,127,56,10,4,19,8,40,18,26,11,34,15,33,15,23,10,42,19,3,10,18,15,17,13,10,14,7,9,22,11,17,20,13,28
2011,7,LVDPA0474,466,227,49,239,51,20,4,39,8,82,18,55,12,54,12,75,16,57,12,84,18,8,22,47,35,22,38,31,24,12,17,35,20,32,37,26,60
2011,7,LVDPA0476,116,54,47,62,53,4,3,5,4,13,11,14,12,15,13,20,17,15,13,30,26,1,1,7,8,7,9,9,12,3,4,6,6,8,11,6,18
2011,7,LVDPA0477,194,88,45,106,55,8,4,12,6,36,19,17,9,35,18,30,15,21,11,35,18,4,6,15,9,17,17,10,10,4,6,21,8,18,13,11,25
2011,7,LVDPA0478,222,108,49,114,51,8,4,18,8,45,20,24,11,23,10,36,16,31,14,37,17,4,11,21,15,12,18,12,15,4,7,24,9,11,18,19,22
2011,7,LVDPA0479,258,132,51,126,49,15,6,26,10,45,17,32,12,25,10,53,21,28,11,34,13,6,14,25,20,14,28,14,11,9,12,20,12,11,25,14,23
2011,7,LVDPA0480,249,122,49,127,51,22,9,20,8,33,13,31,12,36,14,41,16,25,10,41,16,7,11,17,19,17,22,15,14,15,9,16,12,19,19,10,27
2011,7,LVDPA0481,242,119,49,123,51,20,8,17,7,37,15,31,13,23,10,40,17,39,16,35,14,10,11,19,20,10,23,16,10,10,6,18,11,13,17,23,25
2011,7,LVDPA0482,150,70,47,80,53,7,5,5,3,27,18,16,11,13,9,37,25,12,8,33,22,4,3,12,6,7,19,8,11,3,2,15,10,6,18,4,22
2011,7,LVDPA0483,110,46,42,64,58,2,2,13,12,15,14,9,8,11,10,23,21,19,17,18,16,1,5,10,3,6,8,8,5,1,8,5,6,5,15,11,13
2011,7,LVDPA0484,262,121,46,141,54,34,13,30,11,45,17,31,12,26,10,39,15,27,10,30,11,12,12,28,14,15,19,10,11,22,18,17,17,11,20,17,19
2011,7,LVDPA0485,234,111,47,123,53,9,4,22,9,31,13,26,11,47,20,28,12,35,15,36,15,5,9,19,13,26,15,13,11,4,13,12,13,21,13,22,25
2011,7,LVDPA0488,196,98,50,98,50,6,3,13,7,29,15,21,11,29,15,31,16,35,18,32,16,3,7,14,16,18,13,18,9,3,6,15,5,11,18,17,23
2011,7,LVDPA0489,181,87,48,94,52,22,12,13,7,26,14,34,19,13,7,30,17,22,12,21,12,9,7,12,17,9,13,12,8,13,6,14,17,4,17,10,13
2011,7,LVDPA0490,132,70,53,62,47,22,17,13,10,14,11,17,13,20,15,19,14,15,11,12,9,11,7,8,6,12,14,7,5,11,6,6,11,8,5,8,7
2011,7,LVDPA0491,451,216,48,235,52,33,7,39,9,70,16,54,12,65,14,59,13,50,11,81,18,13,21,43,30,32,31,21,25,20,18,27,24,33,28,29,56
2011,7,LVDPA0492,167,83,50,84,50,5,3,11,7,18,11,8,5,19,11,38,23,32,19,36,22,4,5,10,4,11,19,14,16,1,6,8,4,8,19,18,20
2011,7,LVDPA0493,91,46,51,45,49,3,3,11,12,18,20,9,10,14,15,19,21,3,3,14,15,2,6,12,5,8,9,2,2,1,5,6,4,6,10,1,12
2011,7,LVDPA0494,53,25,47,28,53,2,4,1,2,12,23,3,6,6,11,12,23,3,6,14,26,0,0,7,3,4,6,2,3,2,1,5,0,2,6,1,11
2011,7,LVDPA0495,128,55,43,73,57,12,9,12,9,27,21,10,8,27,21,13,10,9,7,18,14,4,4,12,6,12,7,5,5,8,8,15,4,15,6,4,13
2011,7,LVDPA0496,360,167,46,193,54,30,8,25,7,54,15,39,11,48,13,59,16,48,13,57,16,14,14,30,17,27,26,23,16,16,11,24,22,21,33,25,41
2011,7,LVDPA0497,201,101,50,100,50,12,6,10,5,28,14,25,12,28,14,21,10,26,13,51,25,9,6,20,14,14,10,11,17,3,4,8,11,14,11,15,34
2011,7,LVDPA0498,85,44,52,41,48,7,8,6,7,11,13,12,14,9,11,15,18,10,12,15,18,3,2,8,7,7,9,3,5,4,4,3,5,2,6,7,10
2011,7,LVDPA0499,1622,703,43,919,57,112,7,87,5,173,11,225,14,207,13,273,17,237,15,308,19,52,41,93,109,111,106,110,81,60,46,80,116,96,167,127,227
2011,7,LVDPA0500,292,133,46,159,54,25,9,27,9,51,17,37,13,36,12,38,13,30,10,48,16,12,15,25,21,20,16,13,11,13,12,26,16,16,22,17,37
2011,7,LVDPA0501,234,120,51,114,49,21,9,16,7,46,20,26,11,28,12,39,17,19,8,39,17,11,10,26,14,17,22,9,11,10,6,20,12,11,17,10,28
2011,7,LVDPA0502,269,133,49,136,51,21,8,27,10,54,20,26,10,36,13,50,19,22,8,33,12,12,11,34,15,17,25,10,9,9,16,20,11,19,25,12,24
2011,7,LVDPA0503,233,110,47,123,53,13,6,14,6,42,18,20,9,44,19,36,15,30,13,34,15,5,9,21,11,23,13,16,12,8,5,21,9,21,23,14,22
2011,7,LVDPA0504,232,109,47,123,53,20,9,22,9,42,18,32,14,28,12,34,15,18,8,36,16,10,14,18,19,12,16,8,12,10,8,24,13,16,18,10,24
2011,7,LVDPA0505,84,37,44,47,56,7,8,4,5,12,14,7,8,5,6,17,20,12,14,20,24,2,2,7,3,2,8,5,8,5,2,5,4,3,9,7,12
2011,7,LVDPA0506,290,134,46,156,54,11,4,18,6,63,22,28,10,33,11,47,16,27,9,63,22,6,12,33,14,15,23,12,19,5,6,30,14,18,24,15,44
2011,7,LVDPA0507,180,93,52,87,48,18,10,14,8,21,12,30,17,22,12,30,17,14,8,31,17,10,7,16,13,13,17,7,10,8,7,5,17,9,13,7,21
2011,7,LVDPA0508,211,112,53,99,47,12,6,15,7,27,13,25,12,32,15,40,19,34,16,26,12,3,10,12,15,21,21,17,13,9,5,15,10,11,19,17,13
2011,7,LVDPA0509,283,127,45,156,55,14,5,24,8,50,18,29,10,41,14,55,19,31,11,39,14,5,14,20,17,22,26,13,10,9,10,30,12,19,29,18,29
2011,7,LVDPA0510,159,82,52,77,48,6,4,14,9,22,14,15,9,26,16,28,18,19,12,29,18,3,7,13,9,14,15,8,13,3,7,9,6,12,13,11,16
2011,7,LVDPA0511,62,28,45,34,55,8,13,8,13,8,13,8,13,8,13,5,8,10,16,7,11,4,3,3,5,5,1,5,2,4,5,5,3,3,4,5,5
2011,7,LVDPA0512,321,167,52,154,48,34,11,34,11,59,18,37,12,35,11,44,14,33,10,45,14,19,18,33,22,20,24,18,13,15,16,26,15,15,20,15,32
2011,7,LVDPA0513,108,50,46,58,54,4,4,7,6,12,11,10,9,11,10,25,23,18,17,21,19,2,2,7,6,6,13,10,4,2,5,5,4,5,12,8,17
2011,7,LVDPA0514,62,32,52,30,48,1,2,5,8,3,5,7,11,10,16,10,16,8,13,18,29,1,3,2,4,5,5,4,8,0,2,1,3,5,5,4,10
2011,7,LVDPA0515,381,173,45,208,55,23,6,21,6,73,19,56,15,39,10,89,23,32,8,48,13,10,10,40,31,20,38,16,8,13,11,33,25,19,51,16,40
2011,7,LVDPA0516,117,56,48,61,52,9,8,3,3,9,8,17,15,13,11,16,14,21,18,29,25,8,2,4,7,7,8,9,11,1,1,5,10,6,8,12,18
2011,7,LVDPA0517,366,174,48,192,52,29,8,40,11,60,16,52,14,48,13,49,13,42,11,46,13,17,23,26,32,25,20,18,13,12,17,34,20,23,29,24,33
2011,7,LVDPA0518,648,308,48,340,52,52,8,64,10,82,13,110,17,79,12,106,16,71,11,84,13,25,33,45,56,42,42,34,31,27,31,37,54,37,64,37,53
2011,7,LVDPA0519,512,247,48,265,52,41,8,54,11,91,18,63,12,68,13,77,15,44,9,74,14,23,27,48,34,37,39,18,21,18,27,43,29,31,38,26,53
2011,7,LVDPA0521,120,62,52,58,48,6,5,4,3,10,8,20,17,9,8,16,13,18,15,37,31,4,3,4,13,7,9,8,14,2,1,6,7,2,7,10,23
2011,7,LVDPA0522,99,43,43,56,57,5,5,5,5,12,12,11,11,11,11,11,11,17,17,27,27,3,2,6,8,5,4,5,10,2,3,6,3,6,7,12,17
2011,7,LVDPA0523,315,146,46,169,54,30,10,27,9,51,16,34,11,39,12,37,12,38,12,59,19,14,17,30,19,17,17,16,16,16,10,21,15,22,20,22,43
2011,7,LVDPA0524,51,25,49,26,51,3,6,5,10,3,6,9,18,8,16,10,20,3,6,10,20,1,1,2,6,4,5,2,4,2,4,1,3,4,5,1,6
2011,7,LVDPA0525,169,81,48,88,52,5,3,11,7,19,11,15,9,23,14,42,25,25,15,29,17,3,5,12,7,13,23,13,5,2,6,7,8,10,19,12,24
2011,7,LVDPA0526,434,201,46,233,54,19,4,31,7,73,17,46,11,53,12,82,19,51,12,79,18,9,15,40,25,26,38,20,28,10,16,33,21,27,44,31,51
2011,7,LVDPA0527,364,172,47,192,53,34,9,26,7,47,13,49,13,48,13,61,17,33,9,66,18,14,13,23,29,26,33,14,20,20,13,24,20,22,28,19,46
2011,7,LVDPA0528,177,81,46,96,54,9,5,15,8,34,19,19,11,33,19,25,14,14,8,28,16,6,9,15,9,15,12,6,9,3,6,19,10,18,13,8,19
2011,7,LVDPA0529,211,101,48,110,52,17,8,10,5,48,23,28,13,24,11,36,17,18,9,30,14,9,6,22,16,13,20,4,11,8,4,26,12,11,16,14,19
2011,7,LVDPA0531,258,121,47,137,53,15,6,21,8,41,16,37,14,27,10,39,15,32,12,46,18,7,10,21,23,15,17,14,14,8,11,20,14,12,22,18,32
2011,7,LVDPA0532,294,127,43,167,57,24,8,21,7,58,20,43,15,28,10,50,17,30,10,40,14,13,9,21,22,11,24,14,13,11,12,37,21,17,26,16,27
2011,7,LVDPA0533,241,118,49,123,51,8,3,20,8,48,20,16,7,31,13,60,25,30,12,28,12,3,9,27,12,15,29,14,9,5,11,21,4,16,31,16,19
2011,7,LVDPA0534,563,270,48,293,52,38,7,57,10,87,15,77,14,82,15,84,15,64,11,74,13,21,24,43,46,38,38,30,30,17,33,44,31,44,46,34,44
2011,7,LVDPA0535,68,35,51,33,49,2,3,3,4,12,18,4,6,10,15,16,24,5,7,16,24,1,2,5,2,5,10,2,8,1,1,7,2,5,6,3,8
2011,7,LVDPA0536,118,55,47,63,53,9,8,12,10,24,20,3,3,22,19,16,14,14,12,18,15,6,8,5,2,9,13,5,7,3,4,19,1,13,3,9,11
2011,7,LVDPA0537,396,168,42,228,58,21,5,18,5,53,13,43,11,40,10,74,19,60,15,87,22,9,13,30,20,20,30,25,21,12,5,23,23,20,44,35,66
2011,7,LVDPA0538,1347,587,44,760,56,76,6,87,6,132,10,143,11,136,10,193,14,224,17,356,26,35,52,68,80,78,80,93,101,41,35,64,63,58,113,131,255
2011,7,LVDPA0539,161,83,52,78,48,7,4,10,6,24,15,18,11,28,17,27,17,16,10,31,19,4,6,15,10,17,13,9,9,3,4,9,8,11,14,7,22
2011,7,LVDPA0540,61,24,39,37,61,3,5,2,3,10,16,8,13,6,10,5,8,11,18,16,26,1,1,2,4,5,2,4,5,2,1,8,4,1,3,7,11
2011,7,LVDPA0541,130,67,52,63,48,4,3,12,9,25,19,11,8,18,14,23,18,11,8,26,20,2,8,14,9,9,14,1,10,2,4,11,2,9,9,10,16
2011,7,LVDPA0542,115,56,49,59,51,14,12,12,10,14,12,13,11,22,19,9,8,13,11,18,16,10,5,6,6,11,5,6,7,4,7,8,7,11,4,7,11
2011,7,LVDPA0543,407,187,46,220,54,28,7,29,7,68,17,58,14,60,15,58,14,45,11,61,15,16,14,35,29,32,22,19,20,12,15,33,29,28,36,26,41
2011,7,LVDPA0544,232,116,50,116,50,28,12,22,9,26,11,28,12,41,18,33,14,21,9,33,14,16,11,18,12,23,16,8,12,12,11,8,16,18,17,13,21
2011,7,LVDPA0545,433,191,44,242,56,24,6,36,8,62,14,52,12,63,15,57,13,47,11,92,21,8,19,30,33,31,22,25,23,16,17,32,19,32,35,22,69
2011,7,LVDPA0546,164,72,44,92,56,11,7,21,13,21,13,22,13,21,13,24,15,20,12,24,15,4,9,11,10,10,13,11,4,7,12,10,12,11,11,9,20
2011,7,LVDPA0547,302,147,49,155,51,33,11,39,13,39,13,41,14,39,13,39,13,26,9,46,15,14,17,25,21,20,24,11,15,19,22,14,20,19,15,15,31
2011,7,LVDPA0548,303,142,47,161,53,25,8,27,9,51,17,38,13,35,12,56,18,25,8,46,15,10,15,29,18,15,32,11,12,15,12,22,20,20,24,14,34
2011,7,LVDPA0549,183,82,45,101,55,12,7,13,7,14,8,20,11,13,7,25,14,15,8,71,39,3,8,6,9,7,14,9,26,9,5,8,11,6,11,6,45
2011,7,LVDPA0550,236,103,44,133,56,17,7,13,6,42,18,30,13,21,9,54,23,17,7,42,18,7,6,24,13,11,22,8,12,10,7,18,17,10,32,9,30
2011,7,LVDPA0551,511,226,44,285,56,50,10,54,11,55,11,66,13,64,13,56,11,85,17,81,16,28,28,28,31,34,27,31,19,22,26,27,35,30,29,54,62
2011,7,LVDPA0553,61,31,51,30,49,6,10,5,8,10,16,3,5,12,20,7,11,7,11,11,18,3,3,5,2,9,4,3,2,3,2,5,1,3,3,4,9
2011,7,LVDPA0554,294,141,48,153,52,27,9,31,11,61,21,33,11,50,17,36,12,26,9,30,10,13,17,31,17,23,19,15,6,14,14,30,16,27,17,11,24
2011,7,LVDPA0555,136,72,53,64,47,8,6,7,5,31,23,14,10,21,15,28,21,5,4,22,16,5,4,20,9,13,14,2,5,3,3,11,5,8,14,3,17
2011,7,LVDPA0556,81,40,49,41,51,10,12,4,5,19,23,5,6,14,17,9,11,6,7,14,17,6,1,9,3,8,6,2,5,4,3,10,2,6,3,4,9
2011,7,LVDPA0557,664,287,43,377,57,52,8,58,9,97,15,99,15,73,11,100,15,66,10,119,18,25,29,45,50,36,45,25,32,27,29,52,49,37,55,41,87
2011,7,LVDPA0558,353,168,48,185,52,18,5,26,7,61,17,32,9,39,11,51,14,30,8,96,27,12,15,38,19,19,24,14,27,6,11,23,13,20,27,16,69
2011,7,LVDPA0559,98,41,42,57,58,4,4,11,11,18,18,9,9,17,17,12,12,8,8,19,19,1,5,8,4,7,8,4,4,3,6,10,5,10,4,4,15
2011,7,LVDPA0560,376,173,46,203,54,33,9,33,9,53,14,60,16,45,12,60,16,36,10,56,15,15,19,22,33,20,26,18,20,18,14,31,27,25,34,18,36
2011,7,LVDPA0561,172,87,51,85,49,11,6,10,6,25,15,24,14,29,17,19,11,20,12,34,20,5,4,16,14,15,10,11,12,6,6,9,10,14,9,9,22
2011,7,LVDPA0562,128,58,45,70,55,10,8,6,5,22,17,10,8,20,16,22,17,14,11,24,19,3,2,10,5,11,11,6,10,7,4,12,5,9,11,8,14
2011,7,LVDPA0563,242,112,46,130,54,8,3,32,13,39,16,21,9,35,14,34,14,31,13,42,17,4,10,24,12,14,20,12,16,4,22,15,9,21,14,19,26
2011,7,LVDPA0565,136,60,44,76,56,5,4,11,8,23,17,14,10,19,14,27,20,12,9,25,18,4,6,11,5,8,13,6,7,1,5,12,9,11,14,6,18
2011,7,LVDPA0566,431,214,50,217,50,27,6,54,13,72,17,57,13,64,15,57,13,29,7,71,16,15,28,40,31,33,32,12,23,12,26,32,26,31,25,17,48
2011,7,LVDPA0567,64,35,55,29,45,6,9,8,13,5,8,3,5,12,19,7,11,12,19,11,17,6,5,2,0,6,6,6,4,0,3,3,3,6,1,6,7
2011,7,LVDPA0568,122,48,39,74,61,7,6,8,7,23,19,15,12,8,7,25,20,13,11,23,19,4,5,6,8,3,10,7,5,3,3,17,7,5,15,6,18
2011,7,LVDPA0569,232,119,51,113,49,17,7,26,11,35,15,28,12,33,14,27,12,29,13,37,16,11,17,18,16,22,7,15,13,6,9,17,12,11,20,14,24
2011,7,LVDPA0570,429,203,47,226,53,34,8,34,8,59,14,58,14,49,11,66,15,41,10,88,21,19,24,34,33,26,24,20,23,15,10,25,25,23,42,21,65
2011,7,LVDPA0571,372,182,49,190,51,23,6,30,8,68,18,49,13,57,15,60,16,32,9,53,14,12,13,40,28,27,27,14,21,11,17,28,21,30,33,18,32
2011,7,LVDPA0572,217,98,45,119,55,16,7,12,6,44,20,22,10,28,13,38,18,21,10,36,17,9,9,16,13,14,16,10,11,7,3,28,9,14,22,11,25
2011,7,LVDPA0573,180,87,48,93,52,14,8,13,7,35,19,24,13,23,13,30,17,19,11,22,12,8,8,14,16,12,14,5,10,6,5,21,8,11,16,14,12
2011,7,LVDPA0574,231,115,50,116,50,14,6,22,10,30,13,38,16,32,14,37,16,22,10,36,16,8,9,14,23,18,18,11,14,6,13,16,15,14,19,11,22
2011,7,LVDPA0575,368,171,46,197,54,28,8,29,8,50,14,53,14,52,14,52,14,50,14,54,15,14,20,22,24,23,27,25,16,14,9,28,29,29,25,25,38
2011,7,LVDPA0577,371,177,48,194,52,28,8,24,6,61,16,53,14,38,10,59,16,42,11,66,18,13,14,35,27,17,31,20,20,15,10,26,26,21,28,22,46
2011,7,LVDPA0578,584,263,45,321,55,44,8,63,11,100,17,64,11,77,13,89,15,80,14,67,11,23,26,51,34,35,42,31,21,21,37,49,30,42,47,49,46
2011,7,LVDPA0579,534,258,48,276,52,53,10,59,11,76,14,101,19,72,13,72,13,46,9,55,10,28,28,40,52,38,32,21,19,25,31,36,49,34,40,25,36
2011,7,LVDPA0580,114,49,43,65,57,8,7,8,7,24,21,9,8,16,14,15,13,17,15,17,15,1,3,14,5,10,7,7,2,7,5,10,4,6,8,10,15
2011,7,LVDPA0581,84,40,48,44,52,7,8,7,8,9,11,11,13,9,11,18,21,8,10,15,18,3,4,4,6,6,9,4,4,4,3,5,5,3,9,4,11
2011,7,LVDPA0582,423,192,45,231,55,27,6,42,10,75,18,45,11,58,14,64,15,56,13,56,13,12,15,46,22,32,30,18,17,15,27,29,23,26,34,38,39
2011,7,LVDPA0583,241,119,49,122,51,11,5,33,14,51,21,22,9,44,18,33,14,22,9,25,10,6,19,26,12,24,16,8,8,5,14,25,10,20,17,14,17
2011,7,LVDPA0584,276,129,47,147,53,18,7,19,7,57,21,20,7,44,16,41,15,22,8,55,20,7,12,29,9,19,23,8,22,11,7,28,11,25,18,14,33
2011,7,LVDPA0585,467,221,47,246,53,41,9,61,13,86,18,64,14,51,11,75,16,37,8,52,11,20,25,44,33,27,33,17,22,21,36,42,31,24,42,20,30
2011,7,LVDPA0586,82,42,51,40,49,3,4,7,9,9,11,10,12,12,15,13,16,12,15,16,20,1,6,6,3,6,7,6,7,2,1,3,7,6,6,6,9
2011,7,LVDPA0587,342,152,44,190,56,27,8,27,8,64,19,44,13,40,12,67,20,31,9,42,12,10,16,28,25,15,32,14,12,17,11,36,19,25,35,17,30
2011,7,LVDPA0588,228,102,45,126,55,17,7,14,6,51,22,20,9,46,20,32,14,17,7,31,14,8,6,27,10,23,13,6,9,9,8,24,10,23,19,11,22
2011,7,LVDPA0589,171,85,50,86,50,13,8,16,9,29,17,14,8,37,22,18,11,17,10,27,16,7,8,16,10,19,11,7,7,6,8,13,4,18,7,10,20
2011,7,LVDPA0590,250,124,50,126,50,15,6,14,6,53,21,22,9,39,16,44,18,24,10,39,16,9,8,26,18,21,23,8,11,6,6,27,4,18,21,16,28
2011,7,LVDPA0591,322,161,50,161,50,19,6,20,6,56,17,44,14,56,17,58,18,37,11,32,10,12,13,33,27,23,32,17,4,7,7,23,17,33,26,20,28
2011,7,LVDPA0592,199,92,46,107,54,22,11,23,12,30,15,17,9,31,16,23,12,18,9,35,18,9,17,13,8,18,12,7,8,13,6,17,9,13,11,11,27
2011,7,LVDPA0593,67,28,42,39,58,3,4,6,9,10,15,8,12,11,16,8,12,5,7,16,24,1,2,5,4,4,6,2,4,2,4,5,4,7,2,3,12
2011,7,LVDPA0594,126,66,52,60,48,1,1,1,1,4,3,17,13,19,15,31,25,26,21,27,21,1,0,3,10,14,17,11,10,0,1,1,7,5,14,15,17
2011,7,LVDPA0595,219,111,51,108,49,21,10,16,7,36,16,30,14,34,16,22,10,34,16,26,12,9,12,17,13,20,9,15,16,12,4,19,17,14,13,19,10
2011,7,LVDPA0596,321,146,45,175,55,30,9,23,7,53,17,54,17,39,12,52,16,30,9,40,12,10,13,27,29,18,24,14,11,20,10,26,25,21,28,16,29
2011,7,LVDPA0597,164,85,52,79,48,8,5,10,6,28,17,20,12,18,11,23,14,23,14,34,21,2,6,14,14,10,12,12,15,6,4,14,6,8,11,11,19
2011,7,LVDPA0598,50,23,46,27,54,1,2,1,2,8,16,4,8,10,20,8,16,7,14,11,22,0,1,5,4,6,4,1,2,1,0,3,0,4,4,6,9
2011,7,LVDPA0599,208,90,43,118,57,23,11,23,11,36,17,27,13,30,14,30,14,14,7,25,12,9,12,14,15,15,13,8,4,14,11,22,12,15,17,6,21
2011,7,LVDPA0600,153,83,54,70,46,9,6,26,17,44,29,14,9,18,12,15,10,18,12,9,6,5,20,23,6,10,10,7,2,4,6,21,8,8,5,11,7
2011,7,LVDPA0601,63,31,49,32,51,3,5,3,5,13,21,5,8,11,17,12,19,7,11,9,14,2,1,5,3,8,5,4,3,1,2,8,2,3,7,3,6
2011,7,LVDPA0602,52,25,48,27,52,4,8,6,12,5,10,4,8,7,13,11,21,3,6,12,23,1,3,2,3,3,6,3,4,3,3,3,1,4,5,0,8
2011,7,LVDPA0603,387,182,47,205,53,30,8,34,9,67,17,56,14,49,13,66,17,32,8,53,14,16,16,36,23,28,32,9,22,14,18,31,33,21,34,23,31
2011,7,LVDPA0604,325,145,45,180,55,27,8,22,7,54,17,48,15,42,13,54,17,35,11,43,13,13,8,29,21,20,27,10,17,14,14,25,27,22,27,25,26
2011,7,LVDPA0605,276,127,46,149,54,19,7,27,10,43,16,42,15,36,13,37,13,31,11,41,15,12,9,22,21,19,13,16,15,7,18,21,21,17,24,15,26
2011,7,LVDPA0606,203,99,49,104,51,12,6,22,11,39,19,16,8,25,12,29,14,19,9,41,20,10,14,24,5,14,11,11,10,2,8,15,11,11,18,8,31
2011,7,LVDPA0607,175,85,49,90,51,9,5,13,7,24,14,10,6,30,17,34,19,22,13,33,19,5,8,10,6,16,16,11,13,4,5,14,4,14,18,11,20
2011,7,LVDPA0608,282,125,44,157,56,22,8,23,8,30,11,31,11,27,10,36,13,55,20,58,21,9,9,17,13,16,21,19,21,13,14,13,18,11,15,36,37
2011,7,LVDPA0609,151,73,48,78,52,3,2,11,7,31,21,13,9,30,20,39,26,10,7,14,9,2,5,18,7,11,22,3,5,1,6,13,6,19,17,7,9
2011,7,LVDPA0610,261,128,49,133,51,25,10,26,10,56,21,20,8,35,13,37,14,21,8,41,16,16,15,26,10,17,21,10,13,9,11,30,10,18,16,11,28
2011,7,LVDPA0611,195,99,51,96,49,22,11,28,14,31,16,16,8,36,18,23,12,11,6,28,14,14,14,18,10,18,11,5,9,8,14,13,6,18,12,6,19
2011,7,LVDPA0612,262,128,49,134,51,23,9,28,11,47,18,34,13,41,16,43,16,17,6,29,11,15,16,24,16,22,19,6,10,8,12,23,18,19,24,11,19
2011,7,LVDPA0613,140,72,51,68,49,14,10,7,5,16,11,17,12,16,11,19,14,23,16,28,20,10,2,10,11,8,10,13,8,4,5,6,6,8,9,10,20
2011,7,LVDPA0614,104,54,52,50,48,10,10,8,8,14,13,16,15,11,11,14,13,11,11,20,19,6,5,9,8,7,5,6,8,4,3,5,8,4,9,5,12
2011,7,LVDPA0615,190,85,45,105,55,5,3,20,11,37,19,10,5,26,14,25,13,24,13,43,23,2,11,17,7,12,13,9,14,3,9,20,3,14,12,15,29
2011,7,LVDPA0616,326,154,47,172,53,27,8,29,9,55,17,53,16,34,10,57,17,27,8,44,13,11,16,27,30,17,32,12,9,16,13,28,23,17,25,15,35
2011,7,LVDPA0617,173,89,51,84,49,11,6,12,7,31,18,21,12,14,8,36,21,32,18,16,9,6,7,20,11,7,16,16,6,5,5,11,10,7,20,16,10
2011,7,LVDPA0618,66,36,55,30,45,2,3,3,5,12,18,2,3,12,18,11,17,9,14,15,23,1,1,9,0,7,8,4,6,1,2,3,2,5,3,5,9
2011,7,LVDPA0619,55,26,47,29,53,3,5,9,16,6,11,5,9,7,13,11,20,5,9,9,16,2,6,2,2,4,5,3,2,1,3,4,3,3,6,2,7
2011,7,LVDPA0620,322,160,50,162,50,17,5,16,5,52,16,33,10,50,16,42,13,46,14,66,20,12,5,29,19,26,21,20,28,5,11,23,14,24,21,26,38
2011,7,LVDPA0621,257,116,45,141,55,11,4,17,7,36,14,33,13,28,11,40,16,37,14,55,21,8,10,17,20,13,19,13,16,3,7,19,13,15,21,24,39
2011,7,LVDPA0622,451,230,51,221,49,27,6,31,7,93,21,51,11,75,17,84,19,40,9,50,11,15,17,55,33,32,43,24,11,12,14,38,18,43,41,16,39
2011,7,LVDPA0623,1026,497,48,529,52,116,11,80,8,87,8,147,14,143,14,78,8,131,13,244,24,63,37,46,73,74,39,69,96,53,43,41,74,69,39,62,148
2011,7,LVDPA0626,154,75,49,79,51,7,5,8,5,22,14,13,8,22,14,27,18,20,13,35,23,3,3,14,8,11,18,5,13,4,5,8,5,11,9,15,22
2011,7,LVDPA0627,88,47,53,41,47,6,7,6,7,17,19,5,6,8,9,18,20,7,8,21,24,4,5,8,5,4,9,4,8,2,1,9,0,4,9,3,13
2011,7,LVDPA0628,308,146,47,162,53,27,9,35,11,41,13,50,16,41,13,50,16,28,9,36,12,15,17,22,23,24,23,10,12,12,18,19,27,17,27,18,24
2011,7,LVDPA0629,64,31,48,33,52,3,5,6,9,13,20,6,9,13,20,9,14,5,8,9,14,0,3,8,3,7,5,2,3,3,3,5,3,6,4,3,6
2011,7,LVDPA0630,157,87,55,70,45,6,4,6,4,18,11,22,14,17,11,32,20,21,13,35,22,2,4,12,16,9,17,12,15,4,2,6,6,8,15,9,20
2011,7,LVDPA0631,305,141,46,164,54,27,9,27,9,44,14,27,9,38,12,47,15,38,12,57,19,17,11,20,14,18,29,13,19,10,16,24,13,20,18,25,38
2011,7,LVDPA0632,550,239,43,311,57,33,6,41,7,100,18,67,12,73,13,91,17,66,12,79,14,17,21,46,37,28,37,28,25,16,20,54,30,45,54,38,54
2011,7,LVDPA0633,845,378,45,467,55,80,9,71,8,112,13,134,16,122,14,105,12,90,11,131,16,37,34,46,69,64,46,40,42,43,37,66,65,58,59,50,89
2011,7,LVDPA0634,461,222,48,239,52,45,10,43,9,70,15,85,18,53,11,57,12,59,13,49,11,23,25,35,44,24,26,26,19,22,18,35,41,29,31,33,30
2011,7,LVDPA0635,1146,499,44,647,56,72,6,107,9,169,15,157,14,220,19,141,12,119,10,161,14,33,52,86,66,108,61,38,55,39,55,83,91,112,80,81,106
2011,7,LVDPA0636,61,30,49,31,51,3,5,10,16,5,8,6,10,10,16,7,11,4,7,16,26,2,4,2,4,6,6,3,3,1,6,3,2,4,1,1,13
2011,7,LVDPA0637,111,52,47,59,53,11,10,8,7,19,17,16,14,14,13,16,14,11,10,16,14,7,3,9,8,8,7,6,4,4,5,10,8,6,9,5,12
2011,7,LVDPA0638,138,71,51,67,49,5,4,6,4,28,20,11,8,15,11,22,16,19,14,32,23,4,3,19,5,7,12,8,13,1,3,9,6,8,10,11,19
2011,7,LVDPA0639,185,90,49,95,51,15,8,14,8,29,16,17,9,21,11,33,18,31,17,25,14,9,7,17,9,9,16,17,6,6,7,12,8,12,17,14,19
2011,7,LVDPA0640,72,36,50,36,50,1,1,5,7,8,11,9,13,6,8,20,28,10,14,13,18,1,3,4,7,2,9,5,5,0,2,4,2,4,11,5,8
2011,7,LVDPA0641,290,140,48,150,52,29,10,34,12,54,19,35,12,42,14,29,10,27,9,40,14,15,22,27,18,20,12,15,11,14,12,27,17,22,17,12,29
2011,7,LVDPA0642,58,33,57,25,43,5,9,9,16,5,9,7,12,7,12,6,10,7,12,12,21,0,6,4,6,3,4,4,6,5,3,1,1,4,2,3,6
2011,7,LVDPA0643,371,176,47,195,53,27,7,39,11,63,17,47,13,49,13,56,15,36,10,54,15,13,18,34,27,26,23,14,21,14,21,29,20,23,33,22,33
2011,7,LVDPA0644,59,29,49,30,51,2,3,3,5,10,17,3,5,6,10,9,15,6,10,20,34,1,1,5,3,2,6,4,7,1,2,5,0,4,3,2,13
2011,7,LVDPA0645,183,88,48,95,52,11,6,22,12,21,11,23,13,22,12,28,15,27,15,29,16,7,13,8,13,10,15,11,11,4,9,13,10,12,13,16,18
2011,7,LVDPA0646,160,77,48,83,52,12,8,5,3,19,12,16,10,22,14,26,16,21,13,39,24,6,3,8,9,14,13,8,16,6,2,11,7,8,13,13,23
2011,7,LVDPA0647,82,36,44,46,56,5,6,2,2,8,10,8,10,7,9,14,17,11,13,27,33,2,1,5,7,3,8,5,5,3,1,3,1,4,6,6,22
2011,7,LVDPA0649,259,116,45,143,55,22,8,22,8,39,15,31,12,33,13,44,17,25,10,43,17,10,9,21,17,13,22,14,10,12,13,18,14,20,22,11,33
2011,7,LVDPA0650,525,247,47,278,53,44,8,47,9,72,14,73,14,79,15,76,14,54,10,80,15,22,25,43,40,36,36,18,27,22,22,29,33,43,40,36,53
2011,7,LVDPA0651,299,142,47,157,53,22,7,28,9,49,16,44,15,45,15,43,14,31,10,37,12,10,15,25,21,23,23,16,9,12,13,24,23,22,20,15,28
2011,7,LVDPA0652,56,29,52,27,48,2,4,2,4,12,21,4,7,7,13,10,18,14,25,5,9,2,1,6,2,4,5,7,2,0,1,6,2,3,5,7,3
2011,7,LVDPA0653,330,156,47,174,53,16,5,19,6,54,16,30,9,40,12,68,21,40,12,63,19,8,7,27,15,19,33,17,30,8,12,27,15,21,35,23,33
2011,7,LVDPA0654,151,71,47,80,53,10,7,21,14,25,17,11,7,26,17,16,11,20,13,22,15,3,7,15,4,13,10,9,10,7,14,10,7,13,6,11,12
2011,7,LVDPA0655,347,178,51,169,49,34,10,41,12,45,13,34,10,72,21,39,11,38,11,44,13,21,23,25,11,37,23,20,18,13,18,20,23,35,16,18,26
2011,7,LVDPA0657,257,124,48,133,52,20,8,17,7,31,12,35,14,24,9,39,15,29,11,62,24,13,8,12,21,13,22,12,23,7,9,19,14,11,17,17,39
2011,7,LVDPA0658,113,54,48,59,52,5,4,9,8,16,14,9,8,18,16,12,11,15,13,29,26,4,3,8,5,10,4,7,13,1,6,8,4,8,8,8,16
2011,7,LVDPA0659,187,91,49,96,51,20,11,22,12,29,16,30,16,17,9,30,16,18,10,21,11,11,11,15,14,11,13,9,7,9,11,14,16,6,17,9,14
2011,7,LVDPA0660,307,148,48,159,52,25,8,23,7,44,14,41,13,32,10,46,15,37,12,59,19,10,14,20,29,15,23,19,18,15,9,24,12,17,23,18,41
2011,7,LVDPA0661,53,27,51,26,49,2,4,3,6,11,21,7,13,2,4,12,23,6,11,10,19,1,2,6,5,0,7,3,3,1,1,5,2,2,5,3,7
2011,7,LVDPA0662,285,136,48,149,52,13,5,29,10,51,18,25,9,54,19,34,12,26,9,53,19,5,16,28,13,30,16,11,17,8,13,23,12,24,18,15,36
2011,7,LVDPA0663,222,110,50,112,50,15,7,20,9,35,16,23,10,26,12,31,14,30,14,42,19,9,12,20,8,11,19,14,17,6,8,15,15,15,12,16,25
2011,7,LVDPA0664,631,305,48,326,52,60,10,45,7,113,18,96,15,87,14,92,15,66,10,72,11,28,24,66,51,38,44,30,24,32,21,47,45,49,48,36,48
2011,7,LVDPA0665,237,107,45,130,55,21,9,21,9,54,23,21,9,40,17,31,13,15,6,34,14,7,11,26,12,16,19,6,10,14,10,28,9,24,12,9,24
2011,7,LVDPA0666,136,62,46,74,54,15,11,8,6,16,12,13,10,17,13,13,10,18,13,36,26,9,5,8,6,9,8,8,9,6,3,8,7,8,5,10,27
2011,7,LVDPA0668,123,58,47,65,53,10,8,23,19,16,13,16,13,18,15,15,12,10,8,15,12,5,11,8,5,10,8,3,8,5,12,8,11,8,7,7,7
2011,7,LVDPA0669,181,81,45,100,55,13,7,17,9,26,14,24,13,19,10,35,19,25,14,22,12,6,9,11,13,7,17,8,10,7,8,15,11,12,18,17,12
2011,7,LVDPA0670,69,33,48,36,52,4,6,4,6,11,16,5,7,6,9,9,13,18,26,12,17,0,2,6,3,4,5,8,5,4,2,5,2,2,4,10,7
2011,7,LVDPA0671,84,36,43,48,57,5,6,13,15,16,19,7,8,6,7,14,17,11,13,12,14,1,4,8,2,2,7,7,5,4,9,8,5,4,7,4,7
2011,7,LVDPA0672,81,41,51,40,49,3,4,5,6,15,19,11,14,7,9,15,19,15,19,10,12,1,4,9,5,5,7,5,5,2,1,6,6,2,8,10,5
2011,7,LVDPA0673,64,38,59,26,41,5,8,6,9,10,16,7,11,10,16,8,13,7,11,11,17,3,4,7,6,6,4,3,5,2,2,3,1,4,4,4,6
2011,7,LVDPA0674,60,32,53,28,47,4,7,8,13,5,8,11,18,4,7,11,18,5,8,12,20,3,8,2,6,2,5,3,3,1,0,3,5,2,6,2,9
2011,7,LVDPA0675,97,45,46,52,54,8,8,15,15,7,7,18,19,10,10,12,12,7,7,20,21,3,7,4,10,5,7,3,6,5,8,3,8,5,5,4,14
2011,7,LVDPA0676,121,57,47,64,53,3,2,12,10,15,12,19,16,21,17,17,14,20,17,14,12,0,5,8,14,10,6,10,4,3,7,7,5,11,11,10,10
2011,7,LVDPA0677,279,125,45,154,55,13,5,13,5,37,13,28,10,33,12,38,14,44,16,73,26,9,6,19,15,18,19,14,25,4,7,18,13,15,19,30,48
2011,7,LVDPA0678,201,90,45,111,55,16,8,12,6,36,18,25,12,10,5,50,25,24,12,28,14,7,7,16,13,3,25,13,6,9,5,20,12,7,25,11,22
2011,7,LVDPA0679,346,167,48,179,52,25,7,24,7,68,20,47,14,41,12,61,18,34,10,46,13,8,16,36,28,21,29,15,14,17,8,32,19,20,32,19,32
2011,7,LVDPA0680,155,69,45,86,55,12,8,27,17,17,11,17,11,24,15,23,15,9,6,26,17,4,12,8,9,11,14,4,7,8,15,9,8,13,9,5,19
2011,7,LVDPA0682,83,41,49,42,51,6,7,10,12,9,11,7,8,15,18,8,10,8,10,20,24,2,5,6,2,8,4,4,10,4,5,3,5,7,4,4,10
2011,7,LVDPA0683,120,61,51,59,49,8,7,3,3,21,18,11,9,8,7,23,19,20,17,26,22,5,0,14,5,5,11,8,13,3,3,7,6,3,12,12,13
2011,7,LVDPA0684,107,58,54,49,46,0,0,11,10,15,14,9,8,19,18,16,15,14,13,23,21,0,5,12,5,11,9,7,9,0,6,3,4,8,7,7,14
2011,7,LVDPA0685,257,128,50,129,50,15,6,14,5,42,16,38,15,30,12,49,19,25,10,44,17,8,9,21,23,18,26,9,14,7,5,21,15,12,23,16,30
2011,7,LVDPA0686,160,71,44,89,56,8,5,17,11,24,15,15,9,31,19,25,16,17,11,23,14,5,9,9,7,15,12,7,7,3,8,15,8,16,13,10,16
2011,7,LVDPA0687,114,54,47,60,53,10,9,6,5,18,16,12,11,12,11,21,18,11,10,24,21,5,4,9,8,6,10,5,7,5,2,9,4,6,11,6,17
2011,7,LVDPA0688,83,40,48,43,52,5,6,6,7,9,11,9,11,13,16,12,14,16,19,13,16,3,1,5,6,8,6,7,4,2,5,4,3,5,6,9,9
2011,7,LVDPA0689,62,33,53,29,47,6,10,3,5,10,16,10,16,9,15,9,15,4,6,11,18,2,2,6,6,4,6,2,5,4,1,4,4,5,3,2,6
2011,7,LVDPA0690,250,125,50,125,50,16,6,24,10,34,14,38,15,28,11,48,19,34,14,28,11,9,14,17,23,17,22,17,6,7,10,17,15,11,26,17,22
2011,7,LVDPA0691,154,80,52,74,48,15,10,9,6,33,21,21,14,17,11,26,17,16,10,17,11,10,4,20,12,7,14,7,6,5,5,13,9,10,12,9,11
2011,7,LVDPA0692,122,54,44,68,56,9,7,10,8,17,14,17,14,13,11,19,16,14,11,23,19,3,4,8,6,7,10,6,10,6,6,9,11,6,9,8,13
2011,7,LVDPA0693,83,38,46,45,54,7,8,6,7,10,12,12,14,7,8,12,14,10,12,19,23,2,3,5,7,2,7,5,7,5,3,5,5,5,5,5,12
2011,7,LVDPA0694,196,84,43,112,57,19,10,11,6,34,17,21,11,32,16,15,8,24,12,40,20,9,4,15,12,13,9,12,10,10,7,19,9,19,6,12,30
2011,7,LVDPA0695,69,30,43,39,57,3,4,6,9,9,13,4,6,8,12,14,20,9,13,16,23,0,5,3,3,4,7,4,4,3,1,6,1,4,7,5,12
2011,7,LVDPA0696,62,23,37,39,63,5,8,10,16,5,8,7,11,9,15,6,10,5,8,15,24,1,3,2,3,4,3,3,4,4,7,3,4,5,3,2,11
2011,7,LVDPA0697,683,311,46,372,54,48,7,28,4,70,10,88,13,99,14,99,14,88,13,163,24,22,12,33,48,53,47,35,61,26,16,37,40,46,52,53,102
2011,7,LVDPA0698,234,108,46,126,54,24,10,14,6,48,21,39,17,21,9,34,15,24,10,30,13,10,10,21,21,8,17,12,9,14,4,27,18,13,17,12,21
2011,7,LVDPA0699,99,44,44,55,56,12,12,12,12,20,20,11,11,13,13,12,12,6,6,13,13,6,5,8,5,4,8,3,5,6,7,12,6,9,4,3,8
2011,7,LVDPA0700,278,143,51,135,49,15,5,23,8,53,19,39,14,39,14,42,15,40,14,27,10,9,16,23,28,19,18,22,8,6,7,30,11,20,24,18,19
2011,7,LVDPA0702,413,198,48,215,52,32,8,37,9,72,17,59,14,48,12,73,18,41,10,51,12,16,17,44,34,24,35,17,11,16,20,28,25,24,38,24,40
2011,7,LVDPA0703,68,30,44,38,56,1,1,6,9,13,19,4,6,8,12,5,7,7,10,24,35,1,3,7,2,5,2,3,7,0,3,6,2,3,3,4,17
2011,7,LVDPA0704,434,211,49,223,51,19,4,36,8,71,16,48,11,62,14,52,12,52,12,94,22,12,17,40,26,29,30,24,33,7,19,31,22,33,22,28,61
2011,7,LVDPA0705,117,57,49,60,51,8,7,6,5,12,10,19,16,11,9,24,21,13,11,24,21,4,4,8,10,7,12,8,4,4,2,4,9,4,12,5,20
2011,7,LVDPA0706,186,92,49,94,51,17,9,15,8,29,16,20,11,27,15,28,15,22,12,28,15,10,8,15,10,13,16,9,11,7,7,14,10,14,12,13,17
2011,7,LVDPA0707,208,100,48,108,52,13,6,16,8,46,22,24,12,32,15,30,14,24,12,23,11,4,7,25,14,17,17,12,4,9,9,21,10,15,13,12,19
2011,7,LVDPA0708,56,32,57,24,43,1,2,6,11,8,14,6,11,6,11,12,21,6,11,11,20,0,6,5,4,3,9,3,2,1,0,3,2,3,3,3,9
2011,7,LVDPA0709,116,59,51,57,49,6,5,7,6,25,22,11,9,20,17,20,17,7,6,20,17,4,3,15,6,11,11,3,6,2,4,10,5,9,9,4,14
2011,7,LVDPA0710,151,79,52,72,48,7,5,11,7,18,12,25,17,19,13,27,18,17,11,27,18,5,8,11,17,9,10,10,9,2,3,7,8,10,17,7,18
2011,7,LVDPA0711,70,30,43,40,57,2,3,4,6,11,16,4,6,8,11,11,16,10,14,20,29,0,2,4,3,4,5,6,6,2,2,7,1,4,6,4,14
2011,7,LVDPA0712,78,41,53,37,47,9,12,7,9,9,12,7,9,10,13,6,8,10,13,20,26,5,5,5,3,5,4,6,8,4,2,4,4,5,2,4,12
2011,7,LVDPA0713,203,90,44,113,56,11,5,15,7,56,28,11,5,32,16,31,15,12,6,35,17,6,11,30,4,13,14,2,10,5,4,26,7,19,17,10,25
2011,7,LVDPA0714,50,27,54,23,46,3,6,2,4,8,16,5,10,3,6,13,26,2,4,14,28,3,2,5,2,1,6,1,7,0,0,3,3,2,7,1,7
2011,7,LVDPA0715,224,117,52,107,48,15,7,24,11,47,21,28,13,27,12,42,19,20,9,21,9,8,16,26,15,15,23,10,4,7,8,21,13,12,19,10,17
2011,7,LVDPA0716,263,134,51,129,49,16,6,24,9,53,20,27,10,37,14,55,21,31,12,20,8,7,14,31,17,15,29,15,6,9,10,22,10,22,26,16,14
2011,7,LVDPA0717,116,56,48,60,52,11,9,11,9,23,20,19,16,11,9,20,17,10,9,11,9,7,7,9,8,5,12,5,3,4,4,14,11,6,8,5,8
2011,7,LVDPA0718,50,23,46,27,54,0,0,5,10,1,2,7,14,6,12,4,8,14,28,13,26,0,2,1,3,4,4,5,4,0,3,0,4,2,0,9,9
2011,7,LVDPA0719,189,89,47,100,53,15,8,9,5,25,13,26,14,20,11,33,17,20,11,41,22,9,5,13,15,9,14,9,15,6,4,12,11,11,19,11,26
2011,7,LVDPA0720,310,150,48,160,52,26,8,26,8,48,15,36,12,44,14,64,21,18,6,48,15,15,14,30,21,23,29,7,11,11,12,18,15,21,35,11,37
2011,7,LVDPA0721,154,78,51,76,49,8,5,6,4,21,14,23,15,23,15,23,15,18,12,32,21,5,2,12,12,12,15,10,10,3,4,9,11,11,8,8,22
2011,7,LVDPA0722,94,56,60,38,40,3,3,4,4,15,16,4,4,11,12,18,19,8,9,31,33,0,4,12,3,7,13,6,11,3,0,3,1,4,5,2,20
2011,7,LVDPA0723,355,176,50,179,50,34,10,36,10,64,18,51,14,49,14,51,14,36,10,34,10,16,24,31,27,23,23,21,11,18,12,33,24,26,28,15,23
2011,7,LVDPA0724,51,25,49,26,51,7,14,3,6,5,10,4,8,4,8,5,10,15,29,8,16,3,2,2,1,4,2,6,5,4,1,3,3,0,3,9,3
2011,7,LVDPA0725,301,147,49,154,51,20,7,11,4,64,21,32,11,48,16,41,14,35,12,50,17,11,4,33,20,26,21,15,17,9,7,31,12,22,20,20,33
2011,7,LVDPA0726,205,95,46,110,54,17,8,21,10,42,20,17,8,31,15,30,15,10,5,37,18,9,11,18,10,15,16,3,13,8,10,24,7,16,14,7,24
2011,7,LVDPA0727,232,116,50,116,50,16,7,14,6,55,24,23,10,24,10,47,20,24,10,29,13,9,4,30,17,10,24,12,10,7,10,25,6,14,23,12,19
2011,7,LVDPA0728,198,97,49,101,51,9,5,17,9,47,24,22,11,24,12,35,18,20,10,24,12,7,11,29,10,11,15,11,3,2,6,18,12,13,20,9,21
2011,7,LVDPA0729,1178,538,46,640,54,87,7,84,7,132,11,176,15,181,15,127,11,193,16,198,17,49,34,70,85,88,60,72,80,38,50,62,91,93,67,121,118
2011,7,LVDPA0731,84,39,46,45,54,10,12,6,7,22,26,7,8,7,8,16,19,5,6,11,13,1,4,13,4,3,9,3,2,9,2,9,3,4,7,2,9
2011,7,LVDPA0732,110,52,47,58,53,3,3,5,5,12,11,3,3,11,10,18,16,14,13,44,40,1,4,5,2,7,8,6,19,2,1,7,1,4,10,8,25
2011,7,LVDPA0733,102,42,41,60,59,2,2,10,10,19,19,7,7,12,12,16,16,20,20,16,16,2,5,9,3,4,6,9,4,0,5,10,4,8,10,11,12
2011,7,LVDPA0734,110,53,48,57,52,8,7,10,9,25,23,8,7,19,17,22,20,5,5,13,12,3,3,16,3,10,12,2,4,5,7,9,5,9,10,3,9
2011,7,LVDPA0735,152,80,53,72,47,6,4,9,6,21,14,21,14,22,14,22,14,13,9,38,25,1,7,15,13,15,11,6,12,5,2,6,8,7,11,7,26
2011,7,LVDPA0736,149,72,48,77,52,12,8,17,11,30,20,18,12,17,11,21,14,16,11,18,12,5,10,11,13,8,8,11,6,7,7,19,5,9,13,5,12
2011,7,LVDPA0737,361,185,51,176,49,26,7,36,10,79,22,44,12,57,16,55,15,26,7,38,11,14,18,46,21,33,27,13,13,12,18,33,23,24,28,13,25
2011,7,LVDPA0738,55,29,53,26,47,1,2,9,16,8,15,6,11,8,15,10,18,6,11,7,13,0,6,5,3,4,5,2,4,1,3,3,3,4,5,4,3
2011,7,LVDPA0739,310,155,50,155,50,27,9,31,10,54,17,46,15,36,12,46,15,28,9,42,14,15,17,31,26,19,21,11,15,12,14,23,20,17,25,17,27
2011,7,LVDPA0740,200,92,46,108,54,8,4,21,11,27,14,31,16,26,13,40,20,25,13,22,11,5,10,11,18,13,16,14,5,3,11,16,13,13,24,11,17
2011,7,LVDPA0741,354,165,47,189,53,20,6,31,9,51,14,37,10,43,12,60,17,50,14,62,18,9,16,26,22,22,26,21,23,11,15,25,15,21,34,29,39
2011,7,LVDPA0742,636,311,49,325,51,67,11,60,9,70,11,92,14,107,17,76,12,68,11,96,15,34,32,39,40,59,43,27,37,33,28,31,52,48,33,41,59
2011,7,LVDPA0743,76,40,53,36,47,4,5,3,4,10,13,11,14,6,8,12,16,12,16,18,24,1,2,7,8,3,8,6,5,3,1,3,3,3,4,6,13
2011,7,LVDPA0744,403,192,48,211,52,32,8,31,8,50,12,51,13,49,12,58,14,65,16,67,17,18,15,26,24,27,34,28,20,14,16,24,27,22,24,37,47
2011,7,LVDPA0745,178,85,48,93,52,8,4,17,10,29,16,18,10,41,23,20,11,20,11,25,14,2,7,18,13,20,8,9,8,6,10,11,5,21,12,11,17
2011,7,LVDPA0746,173,89,51,84,49,14,8,9,5,31,18,16,9,22,13,22,13,27,16,32,18,8,6,15,8,15,12,12,13,6,3,16,8,7,10,15,19
2011,7,LVDPA0747,74,40,54,34,46,8,11,6,8,12,16,7,9,13,18,9,12,10,14,9,12,5,3,6,5,8,6,4,3,3,3,6,2,5,3,6,6
2011,7,LVDPA0748,122,57,47,65,53,6,5,7,6,16,13,18,15,16,13,16,13,16,13,27,22,3,4,9,10,8,8,8,7,3,3,7,8,8,8,8,20
2011,7,LVDPA0749,158,78,49,80,51,14,9,16,10,23,15,13,8,27,17,19,12,19,12,27,17,9,11,12,8,14,10,7,7,5,5,11,5,13,9,12,20
2011,7,LVDPA0752,112,55,49,57,51,5,4,7,6,22,20,15,13,16,14,14,13,12,11,21,19,3,3,10,9,10,8,6,6,2,4,12,6,6,6,6,15
2011,7,LVDPA0754,91,41,45,50,55,10,11,7,8,12,13,11,12,13,14,12,13,12,13,14,15,6,3,7,3,7,5,5,5,4,4,5,8,6,7,7,9
2011,7,LVDPA0755,160,74,46,86,54,12,8,9,6,22,14,28,18,23,14,18,11,21,13,27,17,4,3,11,16,11,10,10,9,8,6,11,12,12,8,11,18
2011,7,LVDPA0756,224,108,48,116,52,14,6,17,8,30,13,30,13,34,15,41,18,18,8,40,18,4,10,23,19,19,18,7,8,10,7,7,11,15,23,11,32
2011,7,LVDPA0757,333,155,47,178,53,35,11,46,14,58,17,52,16,43,13,39,12,33,10,27,8,21,26,27,22,17,24,11,7,14,20,31,30,26,15,22,20
2011,7,LVDPA0758,421,206,49,215,51,19,5,28,7,70,17,47,11,52,12,94,22,39,9,72,17,15,13,36,28,26,44,23,21,4,15,34,19,26,50,16,51
2011,7,LVDPA0759,78,38,49,40,51,10,13,4,5,9,12,7,9,15,19,9,12,10,13,14,18,5,2,5,4,9,3,6,4,5,2,4,3,6,6,4,10
2011,7,LVDPA0760,208,107,51,101,49,14,7,17,8,41,20,21,10,30,14,34,16,24,12,27,13,11,9,20,11,18,19,11,8,3,8,21,10,12,15,13,19
2011,7,LVDPA0761,194,88,45,106,55,14,7,21,11,23,12,19,10,26,13,40,21,20,10,31,16,11,15,7,8,12,19,7,9,3,6,16,11,14,21,13,22
2011,7,LVDPA0762,77,32,42,45,58,5,6,9,12,12,16,7,9,17,22,10,13,4,5,13,17,1,4,4,5,9,5,1,3,4,5,8,2,8,5,3,10
2011,7,LVDPA0763,215,99,46,116,54,19,9,14,7,36,17,20,9,28,13,36,17,17,8,45,21,12,7,19,10,14,19,6,12,7,7,17,10,14,17,11,33
2011,7,LVDPA0764,236,109,46,127,54,14,6,19,8,35,15,26,11,32,14,39,17,24,10,47,20,7,10,16,16,14,17,11,18,7,9,19,10,18,22,13,29
2011,7,LVDPA0765,95,46,48,49,52,3,3,10,11,13,14,14,15,16,17,18,19,7,7,14,15,2,3,5,10,10,8,4,4,1,7,8,4,6,10,3,10
2011,7,LVDPA0766,277,132,48,145,52,17,6,13,5,57,21,25,9,36,13,46,17,26,9,57,21,9,7,32,16,18,20,11,19,8,6,25,9,18,26,15,38
2011,7,LVDPA0767,72,37,51,35,49,7,10,0,0,14,19,13,18,4,6,18,25,4,6,12,17,2,0,8,11,3,7,2,4,5,0,6,2,1,11,2,8
2011,7,LVDPA0768,121,58,48,63,52,8,7,9,7,27,22,12,10,23,19,13,11,12,10,17,14,6,3,12,8,12,6,5,6,2,6,15,4,11,7,7,11
2011,7,LVDPA0769,120,61,51,59,49,4,3,9,8,17,14,17,14,12,10,23,19,16,13,22,18,3,4,10,8,5,13,7,11,1,5,7,9,7,10,9,11
2011,7,LVDPA0770,109,54,50,55,50,10,9,9,8,22,20,12,11,17,16,12,11,11,10,16,15,5,8,6,7,11,7,4,6,5,1,16,5,6,5,7,10
2011,7,LVDPA0771,77,43,56,34,44,5,6,4,5,17,22,10,13,12,16,11,14,7,9,11,14,4,2,12,7,5,7,1,5,1,2,5,3,7,4,6,6
2011,7,LVDPA0772,1306,581,44,725,56,135,10,178,14,196,15,186,14,214,16,151,12,125,10,121,9,64,82,91,88,102,69,53,32,71,96,105,98,112,82,72,89
2011,7,LVDPA0773,104,52,50,52,50,4,4,7,7,17,16,8,8,17,16,17,16,15,14,19,18,4,2,8,6,8,9,8,7,0,5,9,2,9,8,7,12
2011,7,LVDPA0774,54,24,44,30,56,3,6,5,9,4,7,5,9,8,15,9,17,6,11,14,26,2,2,3,3,3,4,3,4,1,3,1,2,5,5,3,10
2011,7,LVDPA0775,443,217,49,226,51,35,8,50,11,60,14,70,16,53,12,72,16,36,8,67,15,17,33,27,40,24,35,16,25,18,17,33,30,29,37,20,42
2011,7,LVDPA0776,100,50,50,50,50,2,2,6,6,29,29,7,7,15,15,20,20,10,10,11,11,0,5,15,4,7,8,6,5,2,1,14,3,8,12,4,6
2011,7,LVDPA0777,370,165,45,205,55,25,7,48,13,61,16,38,10,39,11,49,13,44,12,66,18,10,25,29,24,18,20,21,18,15,23,32,14,21,29,23,48
2011,7,LVDPA0778,94,44,47,50,53,9,10,10,11,17,18,12,13,18,19,10,11,10,11,8,9,4,4,9,3,10,7,5,2,5,6,8,9,8,3,5,6
2011,7,LVDPA0779,51,32,63,19,37,5,10,5,10,9,18,4,8,9,18,5,10,7,14,7,14,4,3,7,2,4,3,5,4,1,2,2,2,5,2,2,3
2011,7,LVDPA0780,70,35,50,35,50,2,3,9,13,10,14,6,9,18,26,4,6,7,10,14,20,0,6,4,4,10,2,4,5,2,3,6,2,8,2,3,9
2011,7,LVDPA0781,342,164,48,178,52,21,6,25,7,57,17,37,11,39,11,61,18,46,13,56,16,9,12,36,20,21,26,23,17,12,13,21,17,18,35,23,39
2011,7,LVDPA0782,205,108,53,97,47,14,7,17,8,34,17,19,9,41,20,32,16,18,9,30,15,10,9,25,10,19,17,9,9,4,8,9,9,22,15,9,21
2011,7,LVDPA0783,247,121,49,126,51,21,9,25,10,28,11,36,15,31,13,34,14,24,10,48,19,11,18,14,17,18,17,12,14,10,7,14,19,13,17,12,34
2011,7,LVDPA0784,206,101,49,105,51,16,8,16,8,31,15,27,13,30,15,38,18,25,12,23,11,8,9,19,9,14,20,12,10,8,7,12,18,16,18,13,13
2011,7,LVDPA0785,243,113,47,130,53,15,6,25,10,26,11,33,14,34,14,25,10,33,14,52,21,10,10,15,17,17,12,17,15,5,15,11,16,17,13,16,37
2011,7,LVDPA0786,169,86,51,83,49,9,5,18,11,38,22,24,14,15,9,30,18,23,14,12,7,4,10,21,13,11,10,13,4,5,8,17,11,4,20,10,8
2011,7,LVDPA0787,64,27,42,37,58,4,6,8,13,9,14,12,19,8,13,7,11,6,9,10,16,3,2,3,7,7,3,2,0,1,6,6,5,1,4,4,10
2011,7,LVDPA0788,385,178,46,207,54,27,7,23,6,75,19,42,11,54,14,60,16,35,9,69,18,11,9,45,25,22,29,14,23,16,14,30,17,32,31,21,46
2011,7,LVDPA0789,143,63,44,80,56,12,8,6,4,28,20,17,12,14,10,32,22,12,8,22,15,6,2,14,9,7,14,7,4,6,4,14,8,7,18,5,18
2011,7,LVDPA0790,228,118,52,110,48,14,6,20,9,60,26,15,7,38,17,40,18,16,7,25,11,6,15,32,11,20,19,6,9,8,5,28,4,18,21,10,16
2011,7,LVDPA0791,298,144,48,154,52,14,5,27,9,52,17,46,15,47,16,48,16,26,9,38,13,8,13,27,22,24,26,12,12,6,14,25,24,23,22,14,26
2011,7,LVDPA0792,251,114,45,137,55,12,5,26,10,44,18,30,12,36,14,44,18,29,12,30,12,4,10,22,14,17,24,16,7,8,16,22,16,19,20,13,23
2011,7,LVDPA0793,456,223,49,233,51,45,10,36,8,58,13,69,15,77,17,79,17,46,10,46,10,25,23,26,35,44,42,16,12,20,13,32,34,33,37,30,34
2011,7,LVDPA0795,252,121,48,131,52,21,8,23,9,39,15,25,10,33,13,40,16,33,13,38,15,13,14,19,13,16,18,14,14,8,9,20,12,17,22,19,24
2011,7,LVDPA0796,336,157,47,179,53,29,9,40,12,60,18,50,15,43,13,47,14,32,10,35,10,15,17,32,24,23,24,12,10,14,23,28,26,20,23,20,25
2011,7,LVDPA0797,85,45,53,40,47,3,4,1,1,12,14,7,8,8,9,16,19,12,14,26,31,2,0,8,6,5,11,5,8,1,1,4,1,3,5,7,18
2011,7,LVDPA0798,53,26,49,27,51,4,8,2,4,7,13,8,15,2,4,10,19,8,15,12,23,2,2,4,5,1,5,3,4,2,0,3,3,1,5,5,8
2011,7,LVDPA0799,114,53,46,61,54,8,7,11,10,20,18,14,12,15,13,21,18,7,6,18,16,4,5,11,6,12,8,3,4,4,6,9,8,3,13,4,14
2011,7,LVDPA0800,208,93,45,115,55,22,11,9,4,24,12,37,18,13,6,29,14,24,12,50,24,9,3,11,22,9,14,9,16,13,6,13,15,4,15,15,34
2011,7,LVDPA0802,140,70,50,70,50,4,3,11,8,24,17,16,11,22,16,18,13,25,18,20,14,2,9,13,8,9,9,12,8,2,2,11,8,13,9,13,12
2011,7,LVDPA0803,71,38,54,33,46,6,8,8,11,8,11,10,14,13,18,12,17,8,11,6,8,2,4,6,5,9,6,4,2,4,4,2,5,4,6,4,4
2011,7,LVDPA0804,64,27,42,37,58,0,0,7,11,12,19,4,6,12,19,13,20,9,14,7,11,0,3,5,2,4,6,4,3,0,4,7,2,8,7,5,4
2011,7,LVDPA0805,88,46,52,42,48,3,3,11,13,16,18,12,14,12,14,15,17,9,10,10,11,1,6,8,6,6,10,4,5,2,5,8,6,6,5,5,5
2011,7,LVDPA0806,136,63,46,73,54,5,4,8,6,16,12,25,18,12,9,23,17,19,14,28,21,4,5,6,14,7,11,8,8,1,3,10,11,5,12,11,20
2011,7,LVDPA0807,245,117,48,128,52,18,7,22,9,51,21,32,13,22,9,42,17,20,8,38,16,10,14,27,14,9,21,8,14,8,8,24,18,13,21,12,24
2011,7,LVDPA0809,255,123,48,132,52,13,5,18,7,34,13,29,11,37,15,55,22,23,9,46,18,6,9,18,17,18,29,13,13,7,9,16,12,19,26,10,33
2011,7,LVDPA0810,70,34,49,36,51,6,9,0,0,17,24,5,7,7,10,14,20,13,19,8,11,2,0,11,3,3,9,5,1,4,0,6,2,4,5,8,7
2011,7,LVDPA0811,63,31,49,32,51,4,6,1,2,8,13,5,8,7,11,9,14,7,11,22,35,3,1,5,2,5,4,4,7,1,0,3,3,2,5,3,15
2011,7,LVDPA0812,193,97,50,96,50,8,4,13,7,23,12,23,12,19,10,39,20,36,19,32,17,3,7,11,15,10,20,16,15,5,6,12,8,9,19,20,17
2011,7,LVDPA0814,189,85,45,104,55,11,6,27,14,31,16,21,11,28,15,23,12,19,10,29,15,5,13,16,9,13,11,9,9,6,14,15,12,15,12,10,20
2011,7,LVDPA0815,103,53,51,50,49,12,12,7,7,16,16,21,20,10,10,15,15,8,8,14,14,8,5,9,12,6,6,3,4,4,2,7,9,4,9,5,10
2011,7,LVDPA0816,58,33,57,25,43,2,3,8,14,9,16,7,12,8,14,7,12,7,12,10,17,1,4,6,6,4,3,4,5,1,4,3,1,4,4,3,5
2011,7,LVDPA0817,108,52,48,56,52,5,5,9,8,14,13,15,14,9,8,22,20,14,13,20,19,4,6,9,7,6,9,6,5,1,3,5,8,3,13,8,15
2011,7,LVDPA0818,195,95,49,100,51,19,10,18,9,31,16,19,10,29,15,21,11,30,15,28,14,11,11,18,11,16,8,15,5,8,7,13,8,13,13,15,23
2011,7,LVDPA0819,396,181,46,215,54,22,6,45,11,71,18,60,15,61,15,65,16,30,8,42,11,13,22,33,27,35,31,11,9,9,23,38,33,26,34,19,33
2011,7,LVDPA0820,50,26,52,24,48,1,2,2,4,9,18,8,16,0,0,6,12,5,10,19,38,0,1,5,7,0,3,3,7,1,1,4,1,0,3,2,12
2011,7,LVDPA0821,69,38,55,31,45,3,4,2,3,13,19,4,6,12,17,11,16,11,16,13,19,2,1,9,4,8,5,5,4,1,1,4,0,4,6,6,9
2011,7,LVDPA0822,407,184,45,223,55,23,6,36,9,68,17,42,10,55,14,71,17,36,9,76,19,13,17,34,17,29,38,17,19,10,19,34,25,26,33,19,57
2011,7,LVDPA0824,1230,544,44,686,56,81,7,96,8,154,13,144,12,191,16,168,14,147,12,249,20,49,54,76,62,97,70,54,82,32,42,78,82,94,98,93,167
2011,7,LVDPA0825,82,41,50,41,50,8,10,6,7,12,15,9,11,8,10,17,21,9,11,13,16,4,3,8,6,3,8,6,3,4,3,4,3,5,9,3,10
2011,7,LVDPA0827,163,71,44,92,56,8,5,9,6,38,23,16,10,24,15,29,18,18,11,21,13,4,2,16,11,15,13,4,6,4,7,22,5,9,16,14,15
2011,7,LVDPA0828,316,151,48,165,52,21,7,13,4,60,19,36,11,50,16,42,13,44,14,50,16,11,7,32,23,25,22,20,11,10,6,28,13,25,20,24,39
2011,7,LVDPA0829,50,24,48,26,52,2,4,7,14,10,20,4,8,11,22,6,12,5,10,5,10,1,5,4,1,5,4,2,2,1,2,6,3,6,2,3,3
2011,7,LVDPA0830,188,90,48,98,52,12,6,14,7,35,19,32,17,28,15,20,11,22,12,25,13,6,9,19,17,13,11,10,5,6,5,16,15,15,9,12,20
2011,7,LVDPA0831,73,36,49,37,51,3,4,4,5,15,21,3,4,8,11,12,16,9,12,19,26,2,3,7,3,3,8,3,7,1,1,8,0,5,4,6,12
2011,7,LVDPA0832,174,89,51,85,49,7,4,10,6,20,11,16,9,24,14,36,21,27,16,34,20,3,7,9,9,13,19,12,17,4,3,11,7,11,17,15,17
2011,7,LVDPA0833,154,80,52,74,48,12,8,14,9,18,12,26,17,24,16,15,10,20,13,25,16,8,10,9,13,13,9,8,10,4,4,9,13,11,6,12,15
2011,7,LVDPA0834,53,23,43,30,57,2,4,8,15,7,13,5,9,9,17,11,21,4,8,7,13,1,1,4,2,5,7,1,2,1,7,3,3,4,4,3,5
2011,7,LVDPA0835,258,122,47,136,53,20,8,24,9,42,16,43,17,32,12,38,15,18,7,41,16,8,10,22,23,17,20,6,16,12,14,20,20,15,18,12,25
2011,7,LVDPA0836,154,76,49,78,51,14,9,15,10,17,11,20,13,18,12,22,14,16,10,32,21,6,8,9,11,11,12,9,10,8,7,8,9,7,10,7,22
2011,7,LVDPA0837,52,22,42,30,58,1,2,6,12,6,12,3,6,7,13,14,27,7,13,8,15,1,2,2,2,3,7,3,2,0,4,4,1,4,7,4,6
2011,7,LVDPA0842,193,96,50,97,50,17,9,12,6,32,17,28,15,27,14,28,15,17,9,32,17,10,6,20,15,16,12,6,11,7,6,12,13,11,16,11,21
2011,7,LVDPA0844,115,56,49,59,51,5,4,5,4,25,22,11,10,17,15,17,15,11,10,24,21,3,2,13,8,9,8,6,7,2,3,12,3,8,9,5,17
2011,7,LVDPA0845,65,32,49,33,51,7,11,2,3,12,18,8,12,6,9,12,18,8,12,10,15,4,1,6,4,3,6,2,6,3,1,6,4,3,6,6,4
2011,7,LVDPA0846,51,26,51,25,49,5,10,4,8,5,10,7,14,9,18,6,12,5,10,10,20,3,2,3,4,6,3,2,3,2,2,2,3,3,3,3,7
2011,7,LVDPA0847,183,86,47,97,53,22,12,23,13,28,15,22,12,28,15,14,8,25,14,21,11,14,11,12,12,13,6,10,8,8,12,16,10,15,8,15,13
2011,7,LVDPA0848,68,34,50,34,50,5,7,5,7,8,12,10,15,11,16,10,15,13,19,6,9,4,2,4,6,6,3,7,2,1,3,4,4,5,7,6,4
2011,7,LVDPA0849,148,73,49,75,51,3,2,7,5,11,7,13,9,16,11,31,21,20,14,47,32,1,2,6,8,11,17,13,15,2,5,5,5,5,14,7,32
2011,7,LVDPA0850,248,117,47,131,53,18,7,12,5,44,18,38,15,34,14,27,11,29,12,46,19,9,5,21,22,22,9,15,14,9,7,23,16,12,18,14,32
2011,7,LVDPA0852,164,78,48,86,52,6,4,5,3,32,20,12,7,22,13,32,20,16,10,39,24,5,2,18,6,9,13,8,17,1,3,14,6,13,19,8,22
2011,7,LVDPA0853,75,35,47,40,53,5,7,12,16,10,13,8,11,10,13,7,9,6,8,17,23,2,6,6,5,5,5,2,4,3,6,4,3,5,2,4,13
2011,7,LVDPA0854,125,56,45,69,55,8,6,6,5,25,20,14,11,12,10,14,11,24,19,22,18,4,3,10,9,8,7,10,5,4,3,15,5,4,7,14,17
2011,7,LVDPA0855,155,74,48,81,52,14,9,19,12,20,13,19,12,27,17,20,13,11,7,25,16,9,7,10,11,15,8,4,10,5,12,10,8,12,12,7,15
2011,7,LVDPA0856,219,102,47,117,53,20,9,21,10,27,12,31,14,26,12,23,11,25,11,46,21,10,13,14,15,12,12,12,14,10,8,13,16,14,11,13,32
2011,7,LVDPA0857,129,58,45,71,55,16,12,6,5,19,15,17,13,10,8,10,8,12,9,39,30,7,5,7,10,7,4,5,13,9,1,12,7,3,6,7,26
2011,7,LVDPA0858,251,119,47,132,53,15,6,22,9,34,14,43,17,31,12,38,15,21,8,47,19,6,12,19,24,15,16,9,18,9,10,15,19,16,22,12,29
2011,7,LVDPA0859,76,40,53,36,47,5,7,1,1,7,9,8,11,12,16,12,16,13,17,18,24,3,1,5,7,7,7,4,6,2,0,2,1,5,5,9,12
2011,7,LVDPA0860,759,358,47,401,53,47,6,80,11,97,13,97,13,98,13,114,15,79,10,147,19,28,44,44,48,57,66,29,42,19,36,53,49,41,48,50,105
2011,7,LVDPA0861,128,68,53,60,47,15,12,9,7,20,16,19,15,20,16,21,16,8,6,16,13,9,8,13,8,13,8,5,4,6,1,7,11,7,13,3,12
2011,7,LVDPA0862,160,75,47,85,53,5,3,11,7,25,16,8,5,19,12,18,11,11,7,63,39,3,6,20,4,11,9,6,16,2,5,5,4,8,9,5,47
2011,7,LVDPA0863,66,34,52,32,48,5,8,3,5,7,11,10,15,13,20,12,18,8,12,8,12,3,2,4,5,8,6,4,2,2,1,3,5,5,6,4,6
2011,7,LVDPA0866,156,69,44,87,56,10,6,14,9,32,21,16,10,22,14,25,16,8,5,29,19,4,7,16,9,8,14,2,9,6,7,16,7,14,11,6,20
2011,7,LVDPA0867,105,53,50,52,50,6,6,7,7,19,18,11,10,19,18,13,12,13,12,17,16,3,5,12,5,9,6,9,4,3,2,7,6,10,7,4,13
2011,7,LVDPA0869,123,59,48,64,52,6,5,10,8,25,20,14,11,22,18,18,15,8,7,20,16,4,6,12,5,10,11,3,8,2,4,13,9,12,7,5,12
2011,7,LVDPA0870,62,29,47,33,53,2,3,5,8,11,18,2,3,12,19,10,16,7,11,13,21,0,2,6,1,7,5,4,4,2,3,5,1,5,5,3,9
2011,7,LVDPA0871,81,39,48,42,52,4,5,10,12,6,7,9,11,12,15,10,12,9,11,21,26,3,4,5,6,5,4,6,6,1,6,1,3,7,6,3,15
2011,7,LVDPA0872,92,44,48,48,52,6,7,6,7,10,11,12,13,7,8,15,16,17,18,19,21,3,3,6,6,2,9,9,6,3,3,4,6,5,6,8,13
2011,7,LVDPA0873,106,48,45,58,55,6,6,14,13,13,12,8,8,20,19,13,12,9,8,23,22,2,9,7,2,11,7,5,5,4,5,6,6,9,6,4,18
2011,7,LVDPA0874,317,150,47,167,53,24,8,22,7,54,17,36,11,34,11,50,16,40,13,57,18,14,12,25,20,19,23,20,17,10,10,29,16,15,27,20,40
2011,7,LVDPA0875,106,50,47,56,53,13,12,9,8,19,18,10,9,15,14,14,13,12,11,14,13,4,4,10,5,7,8,6,6,9,5,9,5,8,6,6,8
2011,7,LVDPA0876,304,129,42,175,58,12,4,12,4,55,18,34,11,33,11,58,19,36,12,64,21,6,7,30,15,14,23,16,18,6,5,25,19,19,35,20,46
2011,7,LVDPA0877,139,64,46,75,54,5,4,12,9,21,15,16,12,15,11,28,20,19,14,23,17,2,7,9,10,8,15,11,2,3,5,12,6,7,13,8,21
2011,7,LVDPA0878,197,95,48,102,52,11,6,15,8,34,17,21,11,28,14,27,14,30,15,31,16,5,10,20,12,13,11,14,10,6,5,14,9,15,16,16,21
2011,7,LVDPA0879,61,28,46,33,54,5,8,3,5,9,15,8,13,4,7,9,15,11,18,12,20,0,1,6,3,1,7,5,5,5,2,3,5,3,2,6,7
2011,7,LVDPA0880,260,127,49,133,51,21,8,24,9,43,17,22,8,34,13,39,15,29,11,48,18,13,11,19,10,17,22,15,20,8,13,24,12,17,17,14,28
2011,7,LVDPA0881,286,134,47,152,53,19,7,22,8,55,19,42,15,34,12,45,16,31,11,38,13,10,12,26,23,15,23,16,9,9,10,29,19,19,22,15,29
2011,7,LVDPA0885,52,26,50,26,50,0,0,2,4,4,8,3,6,5,10,12,23,13,25,13,25,0,0,2,3,2,9,6,4,0,2,2,0,3,3,7,9
2011,7,LVDPA0886,82,47,57,35,43,5,6,5,6,15,18,8,10,18,22,13,16,6,7,12,15,3,4,7,4,11,8,6,4,2,1,8,4,7,5,0,8
2011,7,LVDPA0887,277,143,52,134,48,16,6,13,5,34,12,36,13,30,11,52,19,39,14,57,21,7,5,22,25,18,27,19,20,9,8,12,11,12,25,20,37
2011,7,LVDPA0888,138,61,44,77,56,11,8,7,5,27,20,24,17,18,13,20,14,16,12,15,11,8,2,12,13,7,8,5,6,3,5,15,11,11,12,11,9
2011,7,LVDPA0890,366,186,51,180,49,42,11,34,9,45,12,43,12,71,19,42,11,34,9,55,15,28,20,22,15,43,22,16,20,14,14,23,28,28,20,18,35
2011,7,LVDPA0891,458,208,45,250,55,38,8,30,7,85,19,49,11,69,15,60,13,51,11,76,17,13,18,42,25,33,28,27,22,25,12,43,24,36,32,24,54
2011,7,LVDPA0892,71,34,48,37,52,8,11,5,7,12,17,5,7,15,21,8,11,5,7,13,18,5,3,3,4,9,2,4,4,3,2,9,1,6,6,1,9
2011,7,LVDPA0893,55,30,55,25,45,2,4,2,4,9,16,5,9,6,11,13,24,3,5,15,27,2,1,5,5,3,7,2,5,0,1,4,0,3,6,1,10
2011,7,LVDPA0895,404,212,52,192,48,2,0,10,2,29,7,58,14,65,16,69,17,86,21,85,21,0,8,17,40,45,26,44,32,2,2,12,18,20,43,42,53
2011,7,LVDPA0896,392,197,50,195,50,35,9,42,11,70,18,63,16,39,10,60,15,36,9,47,12,15,30,40,32,19,27,14,20,20,12,30,31,20,33,22,27
2011,7,LVDPA0897,229,110,48,119,52,18,8,29,13,28,12,30,13,38,17,33,14,22,10,31,14,7,12,17,17,20,18,7,12,11,17,11,13,18,15,15,19
2011,7,LVDPA0898,353,175,50,178,50,25,7,33,9,70,20,35,10,42,12,65,18,38,11,45,13,18,20,38,15,22,32,21,9,7,13,32,20,20,33,17,36
2011,7,LVDPA0899,69,32,46,37,54,8,12,7,10,10,14,12,17,4,6,9,13,7,10,12,17,4,3,3,7,3,6,2,4,4,4,7,5,1,3,5,8
2011,7,LVDPA0900,177,84,47,93,53,10,6,14,8,31,18,25,14,19,11,42,24,15,8,21,12,5,6,14,15,8,20,8,8,5,8,17,10,11,22,7,13
2011,7,LVDPA0901,102,43,42,59,58,5,5,9,9,15,15,10,10,17,17,11,11,10,10,25,25,3,2,8,6,8,5,5,6,2,7,7,4,9,6,5,19
2011,7,LVDPA0903,52,30,58,22,42,4,8,2,4,12,23,4,8,7,13,8,15,7,13,8,15,3,2,9,1,5,3,3,4,1,0,3,3,2,5,4,4
2011,7,LVDPA0905,274,133,49,141,51,27,10,19,7,29,11,43,16,43,16,37,14,38,14,38,14,12,11,15,21,23,19,19,13,15,8,14,22,20,18,19,25
2011,7,LVDPA0906,82,39,48,43,52,4,5,9,11,10,12,7,9,14,17,12,15,7,9,19,23,3,4,4,4,7,8,1,8,1,5,6,3,7,4,6,11
2011,7,LVDPA0907,57,26,46,31,54,3,5,9,16,14,25,3,5,6,11,10,18,7,12,5,9,2,4,6,1,2,6,4,1,1,5,8,2,4,4,3,4
2011,7,LVDPA0908,212,89,42,123,58,15,7,15,7,23,11,35,17,26,12,26,12,26,12,46,22,6,5,8,17,18,11,12,12,9,10,15,18,8,15,14,34
2011,7,LVDPA0909,217,114,53,103,47,16,7,25,12,31,14,28,13,24,11,34,16,24,11,35,16,13,13,20,16,15,16,10,11,3,12,11,12,9,18,14,24
2011,7,LVDPA0910,461,211,46,250,54,38,8,29,6,61,13,62,13,56,12,61,13,52,11,102,22,22,13,36,32,31,25,21,31,16,16,25,30,25,36,31,71
2011,7,LVDPA0913,324,152,47,172,53,21,6,37,11,68,21,42,13,42,13,45,14,30,9,39,12,13,18,40,23,18,20,11,9,8,19,28,19,24,25,19,30
2011,7,LVDPA0914,141,66,47,75,53,20,14,13,9,21,15,20,14,19,13,25,18,12,9,11,8,7,10,8,11,8,12,7,3,13,3,13,9,11,13,5,8
2011,7,LVDPA0915,145,69,48,76,52,17,12,11,8,18,12,15,10,17,12,20,14,23,16,24,17,9,5,11,7,8,10,12,7,8,6,7,8,9,10,11,17
2011,7,LVDPA0916,166,81,49,85,51,11,7,20,12,19,11,26,16,29,17,18,11,14,8,29,17,6,10,9,14,16,11,6,9,5,10,10,12,13,7,8,20
2011,7,LVDPA0917,54,21,39,33,61,6,11,1,2,7,13,9,17,3,6,5,9,9,17,14,26,2,0,3,5,1,2,4,4,4,1,4,4,2,3,5,10
2011,7,LVDPA0918,69,31,45,38,55,7,10,7,10,12,17,8,12,6,9,10,14,7,10,12,17,2,5,6,3,4,4,4,3,5,2,6,5,2,6,3,9
2011,7,LVDPA0919,149,70,47,79,53,5,3,6,4,16,11,12,8,18,12,24,16,26,17,42,28,2,3,10,5,10,13,12,15,3,3,6,7,8,11,14,27
2011,7,LVDPA0920,141,66,47,75,53,7,5,10,7,22,16,8,6,19,13,21,15,10,7,44,31,4,3,14,4,6,14,7,14,3,7,8,4,13,7,3,30
2011,7,LVDPA0921,589,268,46,321,54,52,9,49,8,90,15,86,15,73,12,80,14,76,13,83,14,24,29,44,49,36,35,33,18,28,20,46,37,37,45,43,65
2011,7,LVDPA0922,152,70,46,82,54,10,7,15,10,26,17,15,10,22,14,22,14,14,9,28,18,4,7,15,8,9,11,5,11,6,8,11,7,13,11,9,17
2011,7,LVDPA0925,95,46,48,49,52,8,8,12,13,12,13,5,5,12,13,20,21,9,9,17,18,5,8,5,2,6,11,4,5,3,4,7,3,6,9,5,12
2011,7,LVDPA0927,96,47,49,49,51,11,11,5,5,13,14,8,8,17,18,14,15,10,10,18,19,6,3,8,4,12,6,4,4,5,2,5,4,5,8,6,14
2011,7,LVDPA0928,198,100,51,98,49,14,7,19,10,40,20,26,13,17,9,29,15,21,11,32,16,8,11,22,15,9,14,12,9,6,8,18,11,8,15,9,23
2011,7,LVDPA0931,86,46,53,40,47,4,5,8,9,17,20,13,15,14,16,8,9,11,13,11,13,4,5,12,6,9,2,5,3,0,3,5,7,5,6,6,8
2011,7,LVDPA0933,134,67,50,67,50,10,7,10,7,13,10,27,20,16,12,17,13,23,17,18,13,6,4,10,16,8,8,10,5,4,6,3,11,8,9,13,13
2011,7,LVDPA0935,331,152,46,179,54,30,9,32,10,50,15,49,15,46,14,57,17,20,6,47,14,15,15,23,27,27,26,7,12,15,17,27,22,19,31,13,35
2011,7,LVDPA0936,77,36,47,41,53,5,6,11,14,14,18,7,9,6,8,14,18,5,6,15,19,2,5,9,4,2,6,3,5,3,6,5,3,4,8,2,10
2011,7,LVDPA0937,77,35,45,42,55,5,6,3,4,11,14,12,16,7,9,14,18,4,5,21,27,3,2,3,6,4,9,2,6,2,1,8,6,3,5,2,15
2011,7,LVDPA0938,51,23,45,28,55,4,8,5,10,7,14,4,8,5,10,5,10,10,20,11,22,1,4,3,2,3,3,5,2,3,1,4,2,2,2,5,9
2011,7,LVDPA0939,140,59,42,81,58,8,6,13,9,28,20,14,10,13,9,27,19,15,11,22,16,4,3,10,11,5,14,7,5,4,10,18,3,8,13,8,17
2011,7,LVDPA0941,139,64,46,75,54,9,6,12,9,23,17,13,9,25,18,13,9,18,13,26,19,4,6,14,5,16,6,9,4,5,6,9,8,9,7,9,22
2011,7,LVDPA0942,262,139,53,123,47,2,1,3,1,23,9,34,13,49,19,41,16,53,20,57,22,1,2,13,22,28,22,28,23,1,1,10,12,21,19,25,34
2011,7,LVDPA0943,216,109,50,107,50,12,6,17,8,39,18,25,12,37,17,32,15,19,9,35,16,7,11,15,14,21,15,10,16,5,6,24,11,16,17,9,19
2011,7,LVDPA0944,57,28,49,29,51,4,7,4,7,13,23,2,4,4,7,12,21,8,14,10,18,2,2,7,1,1,9,3,3,2,2,6,1,3,3,5,7
2011,7,LVDPA0945,182,95,52,87,48,12,7,19,10,28,15,27,15,27,15,20,11,25,14,24,13,6,12,17,19,14,10,12,5,6,7,11,8,13,10,13,19
2011,7,LVDPA0947,165,76,46,89,54,11,7,16,10,21,13,19,12,17,10,31,19,23,14,27,16,5,11,10,5,10,15,9,11,6,5,11,14,7,16,14,16
2011,7,LVDPA0948,180,90,50,90,50,9,5,25,14,31,17,20,11,40,22,23,13,9,5,23,13,5,15,17,8,22,12,5,6,4,10,14,12,18,11,4,17
2011,7,LVDPA0949,651,303,47,348,53,69,11,38,6,112,17,105,16,97,15,94,14,61,9,75,12,38,16,55,57,48,39,26,24,31,22,57,48,49,55,35,51
2011,7,LVDPA0950,95,49,52,46,48,4,4,6,6,22,23,9,9,12,13,10,11,11,12,21,22,2,4,14,4,8,5,4,8,2,2,8,5,4,5,7,13
2011,7,LVDPA0951,218,104,48,114,52,10,5,18,8,46,21,27,12,28,13,41,19,20,9,28,13,6,9,19,19,15,19,12,5,4,9,27,8,13,22,8,23
2011,7,LVDPA0952,779,375,48,404,52,79,10,82,11,137,18,92,12,134,17,89,11,82,11,84,11,51,38,74,44,69,38,39,22,28,44,63,48,65,51,43,62
2011,7,LVDPA0953,51,28,55,23,45,1,2,13,25,17,33,4,8,1,2,8,16,3,6,4,8,1,7,9,4,0,5,2,0,0,6,8,0,1,3,1,4
2011,7,LVDPA0954,82,42,51,40,49,10,12,8,10,21,26,9,11,11,13,8,10,6,7,9,11,6,4,13,6,5,3,3,2,4,4,8,3,6,5,3,7
2011,7,LVDPA0955,102,44,43,58,57,3,3,8,8,21,21,9,9,9,9,20,20,16,16,16,16,2,5,10,4,1,8,9,5,1,3,11,5,8,12,7,11
2011,7,LVDPA0956,65,29,45,36,55,4,6,6,9,13,20,7,11,12,18,11,17,4,6,8,12,1,3,6,3,7,5,2,2,3,3,7,4,5,6,2,6
2011,7,LVDPA0957,68,33,49,35,51,1,1,4,6,12,18,10,15,6,9,15,22,7,10,13,19,0,1,9,6,3,8,3,3,1,3,3,4,3,7,4,10
2011,7,LVDPA0958,71,34,48,37,52,4,6,2,3,10,14,11,15,8,11,11,15,7,10,18,25,3,1,3,7,4,7,3,6,1,1,7,4,4,4,4,12
2011,7,LVDPA0959,154,80,52,74,48,7,5,8,5,26,17,10,6,25,16,16,10,22,14,40,26,4,5,16,8,15,11,12,9,3,3,10,2,10,5,10,31
2011,7,LVDPA0960,86,44,51,42,49,5,6,9,10,16,19,8,9,10,12,18,21,10,12,10,12,4,5,7,4,4,11,6,3,1,4,9,4,6,7,4,7
2011,7,LVDPA0961,61,37,61,24,39,2,3,7,11,11,18,9,15,10,16,8,13,7,11,7,11,1,5,7,6,5,4,4,5,1,2,4,3,5,4,3,2
2011,7,LVDPA0963,86,46,53,40,47,2,2,6,7,16,19,9,10,12,14,11,13,12,14,18,21,1,4,12,5,4,7,5,8,1,2,4,4,8,4,7,10
2011,7,LVDPA0964,55,30,55,25,45,4,7,4,7,6,11,3,5,10,18,7,13,4,7,17,31,3,4,2,2,6,5,1,7,1,0,4,1,4,2,3,10
2011,7,LVDPA0965,59,27,46,32,54,4,7,4,7,9,15,6,10,7,12,7,12,9,15,13,22,1,4,6,4,3,2,4,3,3,0,3,2,4,5,5,10
2011,7,LVDPA0968,83,42,51,41,49,10,12,7,8,21,25,8,10,10,12,11,13,8,10,8,10,7,4,9,5,5,5,3,4,3,3,12,3,5,6,5,4
2011,7,LVDPA0970,68,34,50,34,50,3,4,11,16,10,15,9,13,10,15,8,12,7,10,10,15,1,5,6,5,5,5,3,4,2,6,4,4,5,3,4,6
2011,7,LVDPA0971,95,48,51,47,49,5,5,2,2,18,19,9,9,9,9,12,13,12,13,28,29,2,1,11,5,6,6,7,10,3,1,7,4,3,6,5,18
2011,7,LVDPA0972,240,112,47,128,53,15,6,29,12,39,16,33,14,29,12,28,12,20,8,47,20,8,12,24,18,15,13,10,12,7,17,15,15,14,15,10,35
2011,7,LVDPA0973,104,49,47,55,53,2,2,9,9,14,13,11,11,10,10,16,15,14,13,28,27,1,3,7,4,5,12,7,10,1,6,7,7,5,4,7,18
2011,7,LVDPA0974,96,49,51,47,49,4,4,3,3,17,18,16,17,13,14,14,15,14,15,15,16,3,1,9,11,6,9,6,4,1,2,8,5,7,5,8,11
2011,7,LVDPA0975,68,35,51,33,49,7,10,5,7,14,21,8,12,8,12,11,16,8,12,7,10,6,2,9,4,4,5,4,1,1,3,5,4,4,6,4,6
2011,7,LVDPA0977,128,59,46,69,54,12,9,8,6,17,13,18,14,13,10,16,13,11,9,33,26,2,2,13,11,6,9,4,12,10,6,4,7,7,7,7,21
2011,7,LVDPA0978,82,43,52,39,48,4,5,7,9,13,16,10,12,14,17,7,9,8,10,19,23,2,5,7,7,9,4,4,5,2,2,6,3,5,3,4,14
2011,7,LVDPA0982,67,29,43,38,57,3,4,6,9,3,4,5,7,16,24,9,13,6,9,19,28,2,3,2,2,9,2,1,8,1,3,1,3,7,7,5,11
2011,7,LVDPA0984,66,29,44,37,56,4,6,4,6,15,23,2,3,16,24,9,14,11,17,5,8,0,4,5,0,10,5,4,1,4,0,10,2,6,4,7,4
2011,7,LVDPA0985,137,66,48,71,52,10,7,11,8,18,13,17,12,15,11,22,16,12,9,32,23,9,5,12,6,10,11,3,10,1,6,6,11,5,11,9,22
2011,7,LVDPA0986,81,44,54,37,46,4,5,7,9,14,17,10,12,9,11,14,17,6,7,17,21,1,5,11,8,5,6,3,5,3,2,3,2,4,8,3,12
2011,7,LVDPA0988,160,76,48,84,53,16,10,13,8,20,13,20,13,24,15,25,16,15,9,27,17,9,3,10,13,12,11,8,10,7,10,10,7,12,14,7,17
2011,7,LVDPA0989,135,67,50,68,50,8,6,13,10,35,26,11,8,22,16,20,15,5,4,21,16,4,5,15,8,13,12,4,6,4,8,20,3,9,8,1,15
2011,7,LVDPA0990,214,96,45,118,55,15,7,27,13,54,25,18,8,28,13,30,14,16,7,26,12,7,15,24,11,12,15,7,5,8,12,30,7,16,15,9,21
2011,7,LVDPA0991,173,83,48,90,52,9,5,13,8,31,18,20,12,21,12,38,22,16,9,25,14,3,11,17,11,9,20,7,5,6,2,14,9,12,18,9,20
2011,7,LVDPA0992,176,78,44,98,56,21,12,13,7,36,20,23,13,15,9,30,17,14,8,24,14,8,7,19,10,7,16,5,6,13,6,17,13,8,14,9,18
2011,7,LVDPA0993,61,30,49,31,51,3,5,5,8,12,20,2,3,16,26,4,7,5,8,14,23,1,3,7,2,7,4,2,4,2,2,5,0,9,0,3,10
2011,7,LVDPA0994,52,27,52,25,48,2,4,2,4,17,33,5,10,6,12,7,13,3,6,10,19,1,1,11,3,4,4,1,2,1,1,6,2,2,3,2,8
2011,7,LVDPA0995,57,27,47,30,53,6,11,10,18,9,16,10,18,6,11,4,7,6,11,6,11,3,2,6,5,4,2,3,2,3,8,3,5,2,2,3,4
2011,7,LVDPA0997,239,100,42,139,58,18,8,23,10,44,18,33,14,34,14,36,15,26,11,25,10,8,6,15,21,16,19,8,7,10,17,29,12,18,17,18,18
2011,7,LVDPA0998,75,37,49,38,51,4,5,10,13,12,16,7,9,16,21,9,12,2,3,15,20,2,5,6,5,8,4,0,7,2,5,6,2,8,5,2,8
2011,7,LVDPA0999,56,29,52,27,48,3,5,5,9,10,18,6,11,10,18,4,7,9,16,9,16,1,3,5,5,5,1,4,5,2,2,5,1,5,3,5,4
2011,7,LVDPA1000,75,34,45,41,55,4,5,6,8,10,13,9,12,13,17,6,8,16,21,11,15,2,4,5,3,9,3,4,4,2,2,5,6,4,3,12,7
2011,7,LVDPA1001,67,35,52,32,48,4,6,4,6,13,19,6,9,6,9,10,15,10,15,14,21,1,3,8,3,5,4,5,6,3,1,5,3,1,6,5,8
2011,7,LVDPA1002,55,28,51,27,49,5,9,4,7,12,22,7,13,10,18,10,18,1,2,6,11,2,2,10,3,5,5,1,0,3,2,2,4,5,5,0,6
2011,7,LVDPA1003,77,39,51,38,49,5,6,15,19,10,13,9,12,16,21,6,8,5,6,11,14,3,9,8,3,7,4,1,4,2,6,2,6,9,2,4,7
2011,7,LVDPA1005,52,25,48,27,52,2,4,5,10,5,10,4,8,11,21,5,10,8,15,12,23,1,4,2,1,7,2,3,5,1,1,3,3,4,3,5,7
2011,7,LVDPA1009,56,32,57,24,43,3,5,8,14,8,14,7,13,7,13,6,11,8,14,9,16,2,6,6,4,5,2,4,3,1,2,2,3,2,4,4,6
2011,7,LVDPA1010,72,37,51,35,49,4,6,5,7,13,18,3,4,13,18,11,15,9,13,14,19,1,2,10,1,6,7,6,4,3,3,3,2,7,4,3,10
2011,7,LVDPA1011,69,36,52,33,48,0,0,4,6,8,12,4,6,9,13,10,14,12,17,22,32,0,1,5,3,5,5,6,11,0,3,3,1,4,5,6,11
2011,7,LVDPA1014,54,29,54,25,46,2,4,4,7,13,24,5,9,4,7,10,19,5,9,11,20,2,1,9,3,2,4,3,5,0,3,4,2,2,6,2,6
2011,7,LVDPA1015,320,144,45,176,55,19,6,28,9,39,12,51,16,37,12,39,12,43,13,64,20,12,12,19,24,20,15,21,21,7,16,20,27,17,24,22,43
2011,7,LVDPA1017,76,39,51,37,49,10,13,7,9,10,13,11,14,6,8,7,9,8,11,17,22,5,4,5,6,4,5,3,7,5,3,5,5,2,2,5,10
2011,7,LVDPA1019,78,40,51,38,49,1,1,8,10,8,10,4,5,7,9,15,19,14,18,21,27,0,6,4,3,3,6,8,10,1,2,4,1,4,9,6,11
2011,7,LVDPA1021,59,30,51,29,49,2,3,2,3,9,15,5,8,6,10,7,12,12,20,16,27,2,2,5,1,5,3,5,7,0,0,4,4,1,4,7,9
2011,7,LVDPA1024,234,113,48,121,52,25,11,26,11,26,11,42,18,23,10,38,16,21,9,33,14,10,13,16,19,12,21,11,11,15,13,10,23,11,17,10,22
2011,7,LVDPA1027,65,31,48,34,52,2,3,6,9,4,6,7,11,12,18,13,20,6,9,15,23,1,4,0,5,4,9,2,6,1,2,4,2,8,4,4,9
2011,7,LVDPA1029,288,143,50,145,50,32,11,40,14,30,10,43,15,49,17,52,18,17,6,25,9,14,29,16,17,22,28,7,10,18,11,14,26,27,24,10,15
2011,7,LVDPA1030,57,31,54,26,46,4,7,3,5,7,12,6,11,11,19,2,4,10,18,14,25,2,2,4,3,8,1,7,4,2,1,3,3,3,1,3,10
2011,7,LVDPA1031,211,92,44,119,56,13,6,16,8,40,19,32,15,16,8,33,16,36,17,25,12,7,6,21,16,6,14,17,5,6,10,19,16,10,19,19,20
2011,7,LVDPA1032,240,119,50,121,50,21,9,27,11,29,12,30,13,25,10,31,13,36,15,41,17,12,14,17,16,13,17,17,13,9,13,12,14,12,14,19,28
2011,7,LVDPA1033,84,43,51,41,49,3,4,9,11,17,20,5,6,10,12,12,14,11,13,17,20,3,5,7,4,5,7,4,8,0,4,10,1,5,5,7,9
2011,7,LVDPA1035,74,36,49,38,51,2,3,4,5,2,3,7,9,12,16,15,20,12,16,20,27,1,3,1,6,9,5,6,5,1,1,1,1,3,10,6,15
2011,7,LVDPA1036,62,40,65,22,35,8,13,3,5,14,23,11,18,8,13,11,18,1,2,6,10,6,2,9,7,4,7,1,4,2,1,5,4,4,4,0,2
2011,7,LVDPA1037,79,31,39,48,61,11,14,3,4,16,20,6,8,9,11,12,15,9,11,13,16,3,1,10,2,3,5,4,3,8,2,6,4,6,7,5,10
2011,7,LVDPA1038,124,56,45,68,55,11,9,9,7,22,18,16,13,10,8,31,25,13,10,12,10,5,5,11,7,4,14,7,3,6,4,11,9,6,17,6,9
2011,7,LVDPA1039,236,118,50,118,50,20,8,20,8,36,15,26,11,33,14,42,18,30,13,29,12,11,8,18,16,20,22,10,13,9,12,18,10,13,20,20,16
2011,7,LVDPA1040,86,39,45,47,55,8,9,6,7,17,20,7,8,12,14,12,14,12,14,12,14,6,1,7,2,5,7,5,6,2,5,10,5,7,5,7,6
2011,7,LVDPA1041,133,66,50,67,50,11,8,13,10,27,20,11,8,28,21,18,14,9,7,16,12,5,10,14,7,14,10,5,1,6,3,13,4,14,8,4,15
2011,7,LVDPA1043,50,24,48,26,52,5,10,2,4,6,12,8,16,8,16,8,16,3,6,10,20,4,2,1,4,5,2,3,3,1,0,5,4,3,6,0,7
2011,7,LVDPA1044,176,78,44,98,56,16,9,11,6,28,16,19,11,17,10,25,14,23,13,37,21,5,6,17,10,9,10,10,11,11,5,11,9,8,15,13,26
2011,7,LVDPA1046,78,35,45,43,55,3,4,2,3,5,6,4,5,5,6,7,9,9,12,43,55,3,1,4,3,3,5,5,11,0,1,1,1,2,2,4,32
2011,7,LVDPA1047,91,46,51,45,49,5,5,11,12,17,19,9,10,17,19,11,12,9,10,12,13,4,4,9,5,9,6,5,4,1,7,8,4,8,5,4,8
2011,7,LVDPA1048,62,27,44,35,56,2,3,3,5,8,13,4,6,12,19,4,6,14,23,15,24,1,1,3,1,7,1,7,6,1,2,5,3,5,3,7,9
2011,7,LVDPA1049,63,27,43,36,57,3,5,7,11,13,21,7,11,9,14,8,13,5,8,11,17,1,4,7,4,3,3,3,2,2,3,6,3,6,5,2,9
2011,7,LVDPA1050,109,52,48,57,52,6,6,14,13,17,16,8,7,19,17,16,15,16,15,13,12,2,6,7,6,10,7,9,5,4,8,10,2,9,9,7,8
2011,7,LVDPA1051,100,45,45,55,55,11,11,16,16,16,16,14,14,14,14,8,8,6,6,15,15,7,6,8,10,6,3,1,4,4,10,8,4,8,5,5,11
2011,7,LVDPA1052,368,183,50,185,50,6,2,9,2,19,5,90,24,72,20,68,18,46,13,58,16,4,7,13,38,35,44,20,22,2,2,6,52,37,24,26,36
2011,7,LVDPA1053,55,25,45,30,55,3,5,3,5,6,11,3,5,12,22,8,15,5,9,15,27,0,3,3,1,7,4,2,5,3,0,3,2,5,4,3,10
2011,7,LVDPA1054,700,326,47,374,53,53,8,64,9,112,16,103,15,153,22,96,14,74,11,45,6,24,33,58,54,77,43,26,11,29,31,54,49,76,53,48,34
2011,7,LVDPA1055,50,23,46,27,54,0,0,2,4,10,20,6,12,8,16,5,10,6,12,13,26,0,0,6,5,4,2,3,3,0,2,4,1,4,3,3,10
2011,7,LVDPA1057,51,25,49,26,51,3,6,3,6,9,18,6,12,9,18,2,4,8,16,11,22,1,1,6,4,4,1,3,5,2,2,3,2,5,1,5,6
2011,7,LVDPA1059,53,20,38,33,62,4,8,4,8,10,19,6,11,9,17,10,19,3,6,7,13,2,2,3,2,3,5,2,1,2,2,7,4,6,5,1,6
2011,7,LVDPA1060,70,36,51,34,49,2,3,6,9,20,29,7,10,14,20,5,7,9,13,7,10,0,5,12,5,7,1,4,2,2,1,8,2,7,4,5,5
2011,7,LVDPA1061,50,23,46,27,54,3,6,4,8,8,16,6,12,6,12,7,14,6,12,10,20,2,2,7,2,2,4,2,2,1,2,1,4,4,3,4,8
2011,7,LVDPA1063,84,33,39,51,61,4,5,9,11,13,15,7,8,11,13,18,21,12,14,10,12,0,2,7,3,3,11,3,4,4,7,6,4,8,7,9,6
2011,7,LVDPA1066,105,46,44,59,56,8,8,4,4,28,27,10,10,14,13,21,20,5,5,15,14,3,1,12,7,7,11,2,3,5,3,16,3,7,10,3,12
2011,7,LVDPA1068,135,61,45,74,55,6,4,13,10,22,16,13,10,13,10,20,15,14,10,34,25,4,7,11,9,4,11,6,9,2,6,11,4,9,9,8,25
2011,7,LVDPA1069,60,26,43,34,57,3,5,5,8,11,18,7,12,6,10,10,17,7,12,11,18,1,2,5,4,3,6,2,3,2,3,6,3,3,4,5,8
2011,7,LVDPA1070,68,28,41,40,59,6,9,5,7,8,12,12,18,5,7,13,19,9,13,10,15,2,2,2,8,2,4,5,3,4,3,6,4,3,9,4,7
2011,7,LVDPA1071,59,23,39,36,61,5,8,6,10,10,17,6,10,9,15,10,17,3,5,10,17,1,3,4,3,6,3,1,2,4,3,6,3,3,7,2,8
2011,7,LVDPA1072,1613,740,46,873,54,171,11,173,11,196,12,300,19,313,19,191,12,136,8,133,8,94,90,96,137,143,85,55,40,77,83,100,163,170,106,81,93
2011,7,LVDPA1073,192,89,46,103,54,11,6,13,7,40,21,18,9,30,16,28,15,24,13,28,15,3,7,21,9,12,18,10,9,8,6,19,9,18,10,14,19
2011,7,LVDPA1074,53,25,47,28,53,6,11,11,21,3,6,12,23,7,13,3,6,3,6,8,15,4,6,1,5,4,2,1,2,2,5,2,7,3,1,2,6
2011,7,LVDPA1075,85,37,44,48,56,3,4,3,4,10,12,9,11,12,14,17,20,12,14,19,22,2,2,7,4,5,6,6,5,1,1,3,5,7,11,6,14
2011,7,LVDPA1076,97,47,48,50,52,7,7,5,5,8,8,11,11,13,13,23,24,6,6,24,25,3,3,4,4,8,17,1,7,4,2,4,7,5,6,5,17
2011,7,LVDPA1077,147,61,41,86,59,11,7,11,7,33,22,17,12,19,13,32,22,7,5,17,12,3,4,15,7,9,14,4,5,8,7,18,10,10,18,3,12
2011,7,LVDPA1078,238,112,47,126,53,11,5,27,11,44,18,25,11,46,19,23,10,20,8,42,18,9,14,20,16,21,16,6,10,2,13,24,9,25,7,14,32
2011,7,LVDPA1079,90,35,39,55,61,7,8,7,8,20,22,8,9,13,14,13,14,9,10,13,14,2,2,10,5,4,6,4,2,5,5,10,3,9,7,5,11
2011,7,LVDPA1080,102,48,47,54,53,6,6,11,11,15,15,13,13,15,15,15,15,11,11,16,16,2,4,7,8,7,6,7,7,4,7,8,5,8,9,4,9
2011,7,LVDPA1081,73,41,56,32,44,4,5,5,7,9,12,10,14,8,11,14,19,8,11,15,21,4,2,7,7,5,7,3,6,0,3,2,3,3,7,5,9
2011,7,LVDPA1082,158,79,50,79,50,14,9,11,7,21,13,21,13,16,10,22,14,23,15,30,19,8,5,13,11,5,11,15,11,6,6,8,10,11,11,8,19
2011,7,LVDPA1083,66,34,52,32,48,7,11,3,5,12,18,10,15,3,5,13,20,7,11,11,17,6,1,3,8,2,6,3,5,1,2,9,2,1,7,4,6
2011,7,LVDPA1084,55,34,62,21,38,4,7,8,15,10,18,5,9,8,15,11,20,5,9,4,7,3,6,6,5,5,4,3,2,1,2,4,0,3,7,2,2
2011,7,LVDPA1086,82,38,46,44,54,6,7,11,13,12,15,8,10,19,23,8,10,8,10,10,12,1,7,8,3,10,4,3,2,5,4,4,5,9,4,5,8
2011,7,LVDPA1087,58,27,47,31,53,2,3,5,9,9,16,7,12,13,22,6,10,7,12,9,16,1,0,4,4,8,2,5,3,1,5,5,3,5,4,2,6
2011,7,LVDPA1088,115,54,47,61,53,7,6,7,6,19,17,14,12,17,15,23,20,7,6,21,18,5,4,8,9,9,10,2,7,2,3,11,5,8,13,5,14
2011,7,LVDPA1089,66,33,50,33,50,7,11,4,6,15,23,8,12,9,14,8,12,6,9,9,14,5,2,6,6,3,4,4,3,2,2,9,2,6,4,2,6
2011,7,LVDPA1090,72,37,51,35,49,3,4,10,14,13,18,9,13,14,19,5,7,6,8,12,17,1,6,6,6,7,3,3,5,2,4,7,3,7,2,3,7
2011,7,LVDPA1091,126,66,52,60,48,9,7,7,6,14,11,17,13,18,14,26,21,17,13,18,14,7,6,10,7,11,13,8,4,2,1,4,10,7,13,9,14
2011,7,LVDPA1093,57,27,47,30,53,3,5,3,5,10,18,9,16,4,7,16,28,5,9,7,12,1,1,4,6,1,7,2,5,2,2,6,3,3,9,3,2
2011,7,LVDPA1094,74,28,38,46,62,3,4,10,14,19,26,8,11,11,15,7,9,5,7,11,15,1,3,6,3,5,3,3,4,2,7,13,5,6,4,2,7
2011,7,LVDPA1097,133,62,47,71,53,5,4,10,8,25,19,17,13,20,15,20,15,19,14,17,13,3,4,19,7,10,8,8,3,2,6,6,10,10,12,11,14
2011,7,LVDPA1100,65,31,48,34,52,1,2,2,3,16,25,3,5,5,8,14,22,9,14,15,23,0,0,12,0,2,9,4,4,1,2,4,3,3,5,5,11
2011,7,LVDPA1101,66,36,55,30,45,9,14,12,18,8,12,7,11,9,14,6,9,8,12,7,11,6,7,5,2,6,3,5,2,3,5,3,5,3,3,3,5
2011,7,LVDPA1102,147,78,53,69,47,4,3,4,3,12,8,18,12,21,14,20,14,33,22,35,24,2,2,5,11,11,12,21,14,2,2,7,7,10,8,12,21
2011,7,LVDPA1103,64,34,53,30,47,4,6,2,3,8,13,12,19,8,13,14,22,4,6,12,19,2,0,3,9,5,8,3,4,2,2,5,3,3,6,1,8
2011,7,LVDPA1104,74,41,55,33,45,3,4,4,5,15,20,7,9,6,8,16,22,14,19,9,12,3,0,8,5,5,9,7,4,0,4,7,2,1,7,7,5
2011,7,LVDPA1105,73,33,45,40,55,5,7,3,4,17,23,8,11,9,12,11,15,6,8,14,19,2,2,7,2,5,4,4,7,3,1,10,6,4,7,2,7
2011,7,LVDPA1106,50,18,36,32,64,7,14,1,2,6,12,5,10,5,10,6,12,7,14,13,26,3,0,3,3,2,1,3,3,4,1,3,2,3,5,4,10
2011,7,LVDPA1107,65,29,45,36,55,4,6,6,9,5,8,14,22,4,6,16,25,5,8,11,17,0,4,2,9,3,6,4,1,4,2,3,5,1,10,1,10
2011,7,LVDPA1108,222,105,47,117,53,22,10,12,5,27,12,25,11,26,12,24,11,28,13,58,26,11,7,13,12,18,10,10,24,11,5,14,13,8,14,18,34
2011,7,LVDPA1109,82,36,44,46,56,5,6,6,7,13,16,9,11,15,18,9,11,6,7,19,23,1,5,7,6,7,4,2,4,4,1,6,3,8,5,4,15
2011,7,LVDPA1110,53,20,38,33,62,3,6,5,9,9,17,4,8,6,11,9,17,7,13,10,19,1,2,2,2,3,5,2,3,2,3,7,2,3,4,5,7
2011,7,LVDPA1111,56,30,54,26,46,0,0,1,2,8,14,4,7,9,16,11,20,8,14,15,27,0,1,6,3,4,6,4,6,0,0,2,1,5,5,4,9
2011,7,LVDPA1113,179,97,54,82,46,0,0,5,3,7,4,16,9,21,12,34,19,44,25,52,29,0,3,3,9,16,19,27,20,0,2,4,7,5,15,17,32
2011,7,LVDPA1114,93,46,49,47,51,4,4,7,8,14,15,7,8,11,12,22,24,9,10,19,20,3,6,8,4,3,10,7,5,1,1,6,3,8,12,2,14
2011,7,LVDPA1115,61,28,46,33,54,4,7,3,5,8,13,6,10,8,13,13,21,9,15,10,16,1,2,3,5,3,6,4,4,3,1,5,1,5,7,5,6
2011,7,LVDPA1116,86,35,41,51,59,2,2,6,7,6,7,6,7,9,10,11,13,11,13,35,41,0,5,2,2,4,7,6,9,2,1,4,4,5,4,5,26
2011,7,LVDPA1118,73,30,41,43,59,2,3,4,5,9,12,7,10,8,11,18,25,8,11,17,23,2,2,3,4,3,8,2,6,0,2,6,3,5,10,6,11
2011,7,LVDPA1119,57,33,58,24,42,8,14,1,2,14,25,5,9,12,21,8,14,2,4,7,12,5,0,9,4,7,6,1,1,3,1,5,1,5,2,1,6
2011,7,LVDPA1120,98,47,48,51,52,6,6,5,5,13,13,11,11,9,9,16,16,19,19,19,19,3,4,8,5,5,8,9,5,3,1,5,6,4,8,10,14
2011,7,LVDPA1123,50,26,52,24,48,2,4,10,20,6,12,2,4,7,14,10,20,6,12,7,14,2,5,5,1,3,4,3,3,0,5,1,1,4,6,3,4
2011,7,LVDPA1125,105,47,45,58,55,3,3,5,5,16,15,11,10,11,10,15,14,16,15,28,27,2,2,9,4,5,8,7,10,1,3,7,7,6,7,9,18
2011,7,LVDPA1126,74,33,45,41,55,7,9,9,12,12,16,12,16,9,12,14,19,5,7,6,8,6,4,3,5,4,6,2,3,1,5,9,7,5,8,3,3
2011,7,LVDPA1127,199,94,47,105,53,15,8,14,7,31,16,19,10,29,15,25,13,24,12,42,21,9,6,18,10,15,13,6,17,6,8,13,9,14,12,18,25
2011,7,LVDPA1128,80,35,44,45,56,8,10,10,13,11,14,8,10,3,4,12,15,10,13,18,23,6,3,8,4,1,5,3,5,2,7,3,4,2,7,7,13
2011,7,LVDPA1129,312,148,47,164,53,15,5,23,7,62,20,28,9,53,17,36,12,46,15,49,16,6,11,28,19,27,17,21,19,9,12,34,9,26,19,25,30
2011,7,LVDPA1130,1302,576,44,726,56,102,8,90,7,172,13,154,12,230,18,170,13,150,12,234,18,46,43,88,65,111,81,57,85,56,47,84,89,119,89,93,149
2011,7,LVDPA1132,95,43,45,52,55,8,8,14,15,12,13,11,12,12,13,15,16,9,9,14,15,2,6,6,6,5,6,7,5,6,8,6,5,7,9,2,9
2011,7,LVDPA1134,129,55,43,74,57,4,3,29,22,36,28,9,7,4,3,13,10,11,9,23,18,3,14,18,4,2,5,3,6,1,15,18,5,2,8,8,17
2011,7,LVDPA1136,66,37,56,29,44,3,5,7,11,6,9,3,5,9,14,5,8,7,11,26,39,2,5,4,2,5,3,6,10,1,2,2,1,4,2,1,16
2011,7,LVDPA1137,57,27,47,30,53,2,4,5,9,12,21,5,9,7,12,10,18,6,11,10,18,1,3,4,3,4,5,4,3,1,2,8,2,3,5,2,7
2011,7,LVDPA1138,60,30,50,30,50,3,5,0,0,12,20,8,13,5,8,14,23,6,10,12,20,2,0,7,4,4,6,3,4,1,0,5,4,1,8,3,8
2011,7,LVDPA1139,71,33,46,38,54,0,0,4,6,12,17,4,6,5,7,14,20,11,15,21,30,0,3,5,4,2,6,8,5,0,1,7,0,3,8,3,16
2011,7,LVDPA1140,371,176,47,195,53,48,13,47,13,49,13,55,15,96,26,33,9,21,6,22,6,24,19,24,22,52,18,11,6,24,28,25,33,44,15,10,16
2011,7,LVDPA1142,69,32,46,37,54,4,6,8,12,3,4,6,9,13,19,4,6,8,12,23,33,1,7,2,3,6,3,4,6,3,1,1,3,7,1,4,17
2011,7,LVDPA1145,100,51,51,49,49,6,6,5,5,22,22,13,13,12,12,15,15,12,12,15,15,4,5,13,9,6,7,6,1,2,0,9,4,6,8,6,14
2011,7,LVDPA1146,97,43,44,54,56,4,4,11,11,14,14,6,6,11,11,17,18,10,10,24,25,3,3,11,4,4,7,4,7,1,8,3,2,7,10,6,17
2011,7,LVDPA1148,254,121,48,133,52,8,3,17,7,37,15,27,11,37,15,51,20,39,15,38,15,4,10,20,13,18,28,19,9,4,7,17,14,19,23,20,29
2011,7,LVDPA1149,82,36,44,46,56,5,6,9,11,16,20,9,11,10,12,18,22,1,1,14,17,3,3,8,4,4,10,1,3,2,6,8,5,6,8,0,11
2011,7,LVDPA1151,132,59,45,73,55,7,5,8,6,14,11,10,8,23,17,18,14,20,15,32,24,3,5,9,5,11,6,9,11,4,3,5,5,12,12,11,21
2011,7,LVDPA1152,52,27,52,25,48,2,4,9,17,8,15,5,10,5,10,5,10,7,13,11,21,2,4,4,4,3,3,3,4,0,5,4,1,2,2,4,7
2011,7,LVDPA1153,78,32,41,46,59,8,10,12,15,14,18,6,8,12,15,4,5,8,10,14,18,3,7,7,1,4,1,4,5,5,5,7,5,8,3,4,9
2011,7,LVDPA1154,310,135,44,175,56,13,4,18,6,38,12,40,13,38,12,40,13,38,12,85,27,8,8,19,28,18,21,14,19,5,10,19,12,20,19,24,66
2011,7,LVDPA1155,148,72,49,76,51,11,7,12,8,31,21,22,15,17,11,27,18,17,11,11,7,7,7,15,14,8,12,7,2,4,5,16,8,9,15,10,9
2011,7,LVDPA1157,226,108,48,118,52,3,1,21,9,95,42,50,22,18,8,15,7,12,5,12,5,3,11,54,23,7,4,3,3,0,10,41,27,11,11,9,9
2011,7,LVDPA1158,50,25,50,25,50,2,4,4,8,7,14,6,12,4,8,11,22,5,10,11,22,1,2,5,4,2,4,4,3,1,2,2,2,2,7,1,8
2011,7,LVDPA1160,76,43,57,33,43,7,9,6,8,13,17,10,13,12,16,7,9,10,13,11,14,7,4,6,6,6,4,6,4,0,2,7,4,6,3,4,7
2011,7,LVDPA1161,94,39,41,55,59,5,5,7,7,13,14,19,20,12,13,9,10,15,16,14,15,0,3,8,8,7,5,4,4,5,4,5,11,5,4,11,10
2011,7,LVDPA1163,54,25,46,29,54,3,6,9,17,13,24,4,7,9,17,4,7,7,13,5,9,2,5,6,3,3,3,3,0,1,4,7,1,6,1,4,5
2011,7,LVDPA1165,62,32,52,30,48,2,3,6,10,7,11,13,21,5,8,13,21,7,11,9,15,2,3,3,10,2,6,3,3,0,3,4,3,3,7,4,6
2011,7,LVDPA1166,67,30,45,37,55,4,6,9,13,15,22,4,6,17,25,6,9,3,4,9,13,1,4,7,3,7,4,1,3,3,5,8,1,10,2,2,6
2011,7,LVDPA1167,179,93,52,86,48,18,10,16,9,32,18,26,15,30,17,21,12,21,12,15,8,6,10,16,16,17,13,10,5,12,6,16,10,13,8,11,10
2011,7,LVDPA1169,52,21,40,31,60,2,4,7,13,8,15,6,12,6,12,6,12,5,10,12,23,0,3,3,3,4,4,2,2,2,4,5,3,2,2,3,10
2011,7,LVDPA1171,124,57,46,67,54,0,0,0,0,1,1,4,3,2,2,2,2,20,16,95,77,0,0,0,4,2,1,14,36,0,0,1,0,0,1,6,59
2011,7,LVDPA1172,59,25,42,34,58,4,7,4,7,9,15,5,8,13,22,9,15,2,3,13,22,3,0,4,2,7,4,1,4,1,4,5,3,6,5,1,9
2011,7,LVDPA1174,79,41,52,38,48,4,5,9,11,9,11,10,13,7,9,12,15,12,15,16,20,1,6,5,7,7,2,6,7,3,3,4,3,0,10,6,9
2011,7,LVDPA1175,66,34,52,32,48,11,17,5,8,11,17,10,15,6,9,10,15,7,11,6,9,4,4,6,4,1,8,4,3,7,1,5,6,5,2,3,3
2011,7,LVDPA1176,554,255,46,299,54,44,8,26,5,69,12,105,19,89,16,70,13,68,12,83,15,20,11,31,56,48,36,27,26,24,15,38,49,41,34,41,57
2011,7,LVDPA1178,98,47,48,51,52,2,2,3,3,10,10,9,9,9,9,23,23,20,20,22,22,0,1,7,5,7,10,7,10,2,2,3,4,2,13,13,12
2011,7,LVDPA1179,224,134,60,90,40,7,3,2,1,12,5,38,17,51,23,45,20,43,19,26,12,4,1,8,22,31,32,22,14,3,1,4,16,20,13,21,12
2011,7,LVDPA1180,56,28,50,28,50,2,4,5,9,8,14,4,7,5,9,12,21,7,13,13,23,1,3,3,3,1,9,6,2,1,2,5,1,4,3,1,11
2011,7,LVDPA1181,53,29,55,24,45,0,0,3,6,12,23,3,6,10,19,9,17,4,8,12,23,0,3,7,3,5,5,3,3,0,0,5,0,5,4,1,9
2011,7,LVDPA1184,66,34,52,32,48,0,0,3,5,12,18,4,6,11,17,13,20,7,11,16,24,0,1,7,2,6,7,4,7,0,2,5,2,5,6,3,9
2011,7,LVDPA1185,77,43,56,34,44,2,3,9,12,8,10,3,4,16,21,12,16,11,14,16,21,0,8,5,3,9,5,7,6,2,1,3,0,7,7,4,10
2011,7,LVDPA1186,181,85,47,96,53,11,6,20,11,25,14,22,12,23,13,30,17,21,12,29,16,7,9,12,10,15,16,8,8,4,11,13,12,8,14,13,21
2011,7,LVDPA1188,426,180,42,246,58,16,4,36,8,73,17,44,10,60,14,64,15,59,14,74,17,10,15,42,22,29,22,22,18,6,21,31,22,31,42,37,56
2011,7,LVDPA1189,72,41,57,31,43,6,8,10,14,5,7,13,18,12,17,13,18,3,4,10,14,4,6,2,9,8,6,2,4,2,4,3,4,4,7,1,6
2011,7,LVDPA1192,185,87,47,98,53,7,4,20,11,38,21,24,13,31,17,30,16,10,5,25,14,3,10,18,12,19,15,5,5,4,10,20,12,12,15,5,20
2011,7,LVDPA1195,60,30,50,30,50,4,7,8,13,11,18,7,12,8,13,8,13,4,7,10,17,1,4,5,5,4,5,2,4,3,4,6,2,4,3,2,6
2011,7,LVDPA1196,55,24,44,31,56,2,4,3,5,11,20,2,4,6,11,10,18,9,16,12,22,1,1,6,1,3,3,6,3,1,2,5,1,3,7,3,9
2011,7,LVDPA1197,86,40,47,46,53,7,8,10,12,15,17,8,9,14,16,9,10,9,10,14,16,4,6,7,4,7,3,5,4,3,4,8,4,7,6,4,10
2011,7,LVDPA1198,196,90,46,106,54,18,9,7,4,32,16,24,12,24,12,23,12,26,13,42,21,8,3,16,14,12,10,12,15,10,4,16,10,12,13,14,27
2011,7,LVDPA1199,139,63,45,76,55,11,8,8,6,18,13,22,16,15,11,18,13,21,15,26,19,6,2,9,12,10,10,8,6,5,6,9,10,5,8,13,20
2011,7,LVDPA1200,69,31,45,38,55,6,9,6,9,11,16,8,12,10,14,13,19,2,3,13,19,4,2,5,4,5,4,2,5,2,4,6,4,5,9,0,8
2011,7,LVDPA1201,82,43,52,39,48,11,13,12,15,11,13,13,16,11,13,12,15,1,1,11,13,8,5,4,7,6,10,0,3,3,7,7,6,5,2,1,8
2011,7,LVDPA1206,270,137,51,133,49,2,1,5,2,14,5,10,4,29,11,59,22,59,22,92,34,1,3,9,4,17,34,38,31,1,2,5,6,12,25,21,61
2011,7,LVDPA1208,55,30,55,25,45,2,4,5,9,5,9,9,16,5,9,10,18,11,20,8,15,1,3,4,4,2,5,6,5,1,2,1,5,3,5,5,3
2011,7,LVDPA1210,81,44,54,37,46,3,4,10,12,9,11,10,12,13,16,15,19,9,11,12,15,2,9,6,5,9,5,4,4,1,1,3,5,4,10,5,8
2011,7,LVDPA1212,68,31,46,37,54,7,10,4,6,12,18,12,18,9,13,6,9,12,18,6,9,3,1,5,7,5,2,6,2,4,3,7,5,4,4,6,4
2011,7,LVDPA1214,82,33,40,49,60,5,6,9,11,11,13,7,9,10,12,6,7,12,15,22,27,0,4,4,0,7,3,5,10,5,5,7,7,3,3,7,12
2011,7,LVDPA1217,112,52,46,60,54,5,4,9,8,12,11,12,11,19,17,12,11,12,11,31,28,3,5,5,7,14,5,5,8,2,4,7,5,5,7,7,23
2011,7,LVDPA1218,334,177,53,157,47,2,1,3,1,17,5,62,19,61,18,61,18,64,19,64,19,0,1,5,30,45,35,36,25,2,2,12,32,16,26,28,39
2011,7,LVDPA1219,64,21,33,43,67,3,5,4,6,11,17,6,9,3,5,13,20,8,13,16,25,0,0,4,1,2,6,4,4,3,4,7,5,1,7,4,12
2011,7,LVDPA1221,84,39,46,45,54,8,10,10,12,9,11,9,11,12,14,8,10,9,11,19,23,6,4,5,4,5,6,3,6,2,6,4,5,7,2,6,13
2011,7,LVDPA1225,69,32,46,37,54,7,10,4,6,5,7,6,9,9,13,9,13,11,16,18,26,1,1,4,2,6,4,5,9,6,3,1,4,3,5,6,9
2011,7,LVDPA1226,94,44,47,50,53,3,3,5,5,25,27,4,4,13,14,17,18,5,5,22,23,2,0,19,2,5,9,2,5,1,5,6,2,8,8,3,17
2011,7,LVDPA1227,53,24,45,29,55,7,13,9,17,9,17,12,23,4,8,8,15,2,4,2,4,1,3,6,6,1,5,1,1,6,6,3,6,3,3,1,1
2011,7,LVDPA1229,62,27,44,35,56,5,8,12,19,6,10,9,15,5,8,9,15,5,8,11,18,2,4,5,3,1,5,3,4,3,8,1,6,4,4,2,7
2011,7,LVDPA1230,163,82,50,81,50,12,7,9,6,30,18,24,15,23,14,19,12,19,12,27,17,6,3,13,17,12,11,11,9,6,6,17,7,11,8,8,18
2011,7,LVDPA1231,453,195,43,258,57,6,1,11,2,22,5,19,4,36,8,42,9,52,11,265,58,2,3,10,15,20,29,31,85,4,8,12,4,16,13,21,180
2011,7,LVDPA1232,216,95,44,121,56,16,7,21,10,35,16,29,13,36,17,43,20,18,8,18,8,7,10,16,14,18,21,6,3,9,11,19,15,18,22,12,15
2011,7,LVDPA1235,54,23,43,31,57,8,15,4,7,6,11,7,13,10,19,6,11,4,7,9,17,3,3,3,1,6,3,1,3,5,1,3,6,4,3,3,6
2011,7,LVDPA1236,149,80,54,69,46,6,4,8,5,28,19,21,14,20,13,22,15,15,10,29,19,5,4,20,12,10,11,7,11,1,4,8,9,10,11,8,18
2011,7,LVDPA1239,158,74,47,84,53,13,8,18,11,44,28,25,16,19,12,21,13,7,4,11,7,5,9,23,15,8,8,3,3,8,9,21,10,11,13,4,8
2011,7,LVDPA1240,61,30,49,31,51,7,11,9,15,11,18,9,15,6,10,7,11,1,2,11,18,3,5,7,5,3,4,0,3,4,4,4,4,3,3,1,8
2011,7,LVDPA1241,105,56,53,49,47,9,9,5,5,15,14,9,9,25,24,18,17,11,10,13,12,7,1,10,4,14,10,5,5,2,4,5,5,11,8,6,8
2011,7,LVDPA1243,1248,549,44,699,56,136,11,75,6,147,12,230,18,192,15,163,13,159,13,146,12,66,36,72,117,95,67,57,39,70,39,75,113,97,96,102,107
2011,7,LVDPA1244,92,49,53,43,47,9,10,7,8,17,18,10,11,11,12,15,16,11,12,12,13,3,6,10,3,8,7,6,6,6,1,7,7,3,8,5,6
2011,7,LVDPA1245,98,52,53,46,47,8,8,6,6,16,16,10,10,12,12,15,15,12,12,19,19,5,2,12,6,8,6,8,5,3,4,4,4,4,9,4,14
2011,7,LVDPA1246,79,42,53,37,47,7,9,4,5,12,15,11,14,12,15,15,19,8,10,10,13,2,2,8,7,7,8,5,3,5,2,4,4,5,7,3,7
2011,7,LVDPA1247,84,34,40,50,60,5,6,5,6,11,13,9,11,8,10,18,21,7,8,21,25,3,4,4,4,4,8,2,5,2,1,7,5,4,10,5,16
2011,7,LVDPA1248,59,29,49,30,51,3,5,1,2,12,20,7,12,9,15,11,19,9,15,7,12,2,0,4,6,5,4,6,2,1,1,8,1,4,7,3,5
2011,7,LVDPA1249,62,29,47,33,53,2,3,6,10,10,16,7,11,4,6,16,26,5,8,12,19,1,4,2,6,2,8,3,3,1,2,8,1,2,8,2,9
2011,7,LVDPA1253,149,64,43,85,57,12,8,14,9,27,18,19,13,21,14,19,13,16,11,21,14,6,8,11,8,10,9,7,5,6,6,16,11,11,10,9,16
2011,7,LVDPA1256,51,23,45,28,55,4,8,5,10,12,24,4,8,8,16,6,12,5,10,7,14,2,2,5,1,5,3,3,2,2,3,7,3,3,3,2,5
2011,7,LVDPA1257,69,33,48,36,52,3,4,16,23,4,6,12,17,9,13,6,9,12,17,7,10,0,8,2,8,5,2,5,3,3,8,2,4,4,4,7,4
2011,7,LVDPA1259,63,32,51,31,49,8,13,4,6,10,16,7,11,7,11,10,16,9,14,8,13,3,2,9,3,3,4,5,3,5,2,1,4,4,6,4,5
2011,7,LVDPA1261,96,47,49,49,51,8,8,9,9,13,14,6,6,20,21,10,10,6,6,24,25,4,4,7,4,11,5,2,10,4,5,6,2,9,5,4,14
2011,7,LVDPA1262,53,33,62,20,38,4,8,8,15,9,17,6,11,4,8,9,17,4,8,9,17,4,5,6,3,3,4,2,6,0,3,3,3,1,5,2,3
2011,7,LVDPA1263,73,33,45,40,55,5,7,6,8,18,25,5,7,12,16,10,14,8,11,9,12,2,4,8,2,4,8,4,1,3,2,10,3,8,2,4,8
2011,7,LVDPA1264,64,30,47,34,53,6,9,4,6,6,9,9,14,8,13,7,11,6,9,18,28,5,3,3,3,4,5,3,4,1,1,3,6,4,2,3,14
2011,7,LVDPA1265,68,33,49,35,51,2,3,7,10,10,15,9,13,8,12,16,24,6,9,10,15,2,4,6,4,4,8,3,2,0,3,4,5,4,8,3,8
2011,7,LVDPA1267,136,76,56,60,44,17,13,13,10,22,16,31,23,9,7,22,16,12,9,10,7,8,7,16,19,4,13,5,4,9,6,6,12,5,9,7,6
2011,7,LVDPA1268,141,64,45,77,55,12,9,8,6,25,18,18,13,13,9,30,21,18,13,17,12,7,4,9,11,5,13,10,5,5,4,16,7,8,17,8,12
2011,7,LVDPA1269,85,46,54,39,46,6,7,7,8,12,14,13,15,8,9,11,13,11,13,17,20,4,5,9,7,5,5,4,7,2,2,3,6,3,6,7,10
2011,7,LVDPA1274,63,32,51,31,49,1,2,5,8,11,17,10,16,12,19,8,13,9,14,7,11,0,3,6,7,7,4,3,2,1,2,5,3,5,4,6,5
2011,7,LVDPA1276,77,42,55,35,45,8,10,6,8,20,26,6,8,6,8,12,16,7,9,12,16,6,5,11,1,4,5,5,5,2,1,9,5,2,7,2,7
2011,7,LVDPA1278,104,51,49,53,51,6,6,7,7,16,15,10,10,9,9,19,18,10,10,27,26,2,4,11,6,4,10,6,8,4,3,5,4,5,9,4,19
2011,7,LVDPA1279,104,59,57,45,43,10,10,7,7,29,28,11,11,20,19,9,9,8,8,10,10,6,4,19,8,9,7,4,2,4,3,10,3,11,2,4,8
2011,7,LVDPA1281,52,30,58,22,42,4,8,3,6,18,35,5,10,8,15,6,12,4,8,4,8,3,2,11,3,2,3,3,3,1,1,7,2,6,3,1,1
2011,7,LVDPA1284,55,25,45,30,55,4,7,6,11,14,25,7,13,7,13,11,20,3,5,3,5,2,1,4,5,2,8,1,2,2,5,10,2,5,3,2,1
2011,7,LVDPA1285,53,22,42,31,58,5,9,7,13,5,9,8,15,5,9,4,8,4,8,15,28,2,3,3,3,3,2,3,3,3,4,2,5,2,2,1,12
2011,7,LVDPA1289,53,24,45,29,55,5,9,3,6,11,21,6,11,7,13,6,11,7,13,8,15,3,1,6,4,3,3,2,2,2,2,5,2,4,3,5,6
2011,7,LVDPA1290,199,96,48,103,52,15,8,10,5,38,19,26,13,30,15,30,15,24,12,26,13,6,6,18,17,17,16,10,6,9,4,20,9,13,14,14,20
2011,7,LVDPA1291,84,43,51,41,49,9,11,5,6,13,15,16,19,9,11,11,13,14,17,7,8,6,2,9,8,6,3,6,3,3,3,4,8,3,8,8,4
2011,7,LVDPA1292,246,129,52,117,48,4,2,9,4,20,8,94,38,64,26,19,8,15,6,21,9,3,4,11,48,38,11,8,6,1,5,9,46,26,8,7,15
2011,7,LVDPA1295,56,31,55,25,45,2,4,2,4,4,7,6,11,7,13,10,18,9,16,16,29,2,2,2,4,4,4,4,9,0,0,2,2,3,6,5,7
2011,7,LVDPA1296,75,35,47,40,53,8,11,4,5,13,17,11,15,7,9,8,11,12,16,12,16,6,2,4,5,4,3,7,4,2,2,9,6,3,5,5,8
2011,7,LVDPA1297,120,57,48,63,53,8,7,11,9,23,19,16,13,13,11,29,24,6,5,14,12,5,6,9,8,6,15,2,6,3,5,14,8,7,14,4,8
2011,7,LVDPA1298,66,36,55,30,45,2,3,4,6,14,21,9,14,16,24,7,11,9,14,5,8,2,2,8,6,11,3,4,0,0,2,6,3,5,4,5,5
2011,7,LVDPA1299,58,32,55,26,45,2,3,4,7,10,17,5,9,8,14,10,17,5,9,14,24,1,4,7,2,5,5,0,8,1,0,3,3,3,5,5,6
2011,7,LVDPA1303,52,26,50,26,50,2,4,4,8,11,21,7,13,10,19,6,12,4,8,8,15,0,2,8,2,6,4,1,3,2,2,3,5,4,2,3,5
2011,7,LVDPA1305,57,28,49,29,51,6,11,4,7,12,21,5,9,7,12,8,14,8,14,7,12,4,1,8,3,3,3,3,3,2,3,4,2,4,5,5,4
2011,7,LVDPA1306,89,41,46,48,54,8,9,10,11,11,12,13,15,14,16,6,7,10,11,17,19,5,3,6,6,10,2,2,7,3,7,5,7,4,4,8,10
2011,7,LVDPA1307,70,30,43,40,57,7,10,7,10,15,21,1,1,11,16,12,17,11,16,6,9,4,2,9,0,6,5,4,0,3,5,6,1,5,7,7,6
2011,7,LVDPA1308,53,27,51,26,49,2,4,3,6,6,11,5,9,8,15,6,11,5,9,18,34,1,3,3,4,3,5,2,6,1,0,3,1,5,1,3,12
2011,7,LVDPA1309,70,35,50,35,50,9,13,5,7,8,11,10,14,11,16,9,13,13,19,5,7,6,4,4,5,5,4,6,1,3,1,4,5,6,5,7,4
2011,7,LVDPA1310,54,27,50,27,50,6,11,4,7,11,20,9,17,4,7,13,24,2,4,5,9,2,2,7,4,3,7,0,2,4,2,4,5,1,6,2,3
2011,7,LVDPA1312,69,34,49,35,51,12,17,11,16,8,12,6,9,6,9,5,7,10,14,11,16,4,9,5,2,4,3,4,3,8,2,3,4,2,2,6,8
2011,7,LVDPA1315,82,39,48,43,52,6,7,2,2,11,13,11,13,8,10,17,21,15,18,12,15,3,1,5,5,6,9,6,4,3,1,6,6,2,8,9,8
2011,7,LVDPA1317,239,108,45,131,55,10,4,16,7,36,15,18,8,31,13,52,22,29,12,47,20,7,10,13,13,13,26,12,14,3,6,23,5,18,26,17,33
2011,7,LVDPA1320,54,27,50,27,50,3,6,3,6,8,15,7,13,15,28,7,13,4,7,7,13,1,1,4,5,9,4,1,2,2,2,4,2,6,3,3,5
2011,7,LVDPA1321,60,24,40,36,60,2,3,2,3,8,13,3,5,8,13,5,8,11,18,21,35,0,1,2,2,4,3,5,7,2,1,6,1,4,2,6,14
2011,7,LVDPA1322,121,65,54,56,46,9,7,5,4,17,14,18,15,9,7,22,18,27,22,14,12,3,3,11,12,5,10,15,6,6,2,6,6,4,12,12,8
2011,7,LVDPA1323,54,23,43,31,57,2,4,3,6,7,13,4,7,5,9,6,11,11,20,16,30,1,2,3,1,4,3,5,4,1,1,4,3,1,3,6,12
2011,7,LVDPA1325,55,26,47,29,53,3,5,2,4,11,20,5,9,4,7,11,20,5,9,14,25,2,1,7,2,3,6,1,4,1,1,4,3,1,5,4,10
2011,7,LVDPA1327,423,195,46,228,54,32,8,44,10,65,15,62,15,55,13,68,16,54,13,43,10,17,22,32,31,28,31,21,13,15,22,33,31,27,37,33,30
2011,7,LVDPA1329,52,24,46,28,54,6,12,1,2,5,10,7,13,3,6,11,21,4,8,15,29,6,0,3,2,3,6,1,3,0,1,2,5,0,5,3,12
2011,7,LVDPA1332,91,50,55,41,45,6,7,5,5,15,16,13,14,12,13,13,14,12,13,15,16,5,2,10,9,5,7,5,7,1,3,5,4,7,6,7,8
2011,7,LVDPA1334,149,76,51,73,49,11,7,14,9,27,18,22,15,23,15,30,20,10,7,12,8,8,6,16,14,14,14,3,1,3,8,11,8,9,16,7,11
2011,7,LVDPA1335,262,136,52,126,48,23,9,33,13,44,17,30,11,31,12,35,13,32,12,34,13,10,19,31,17,15,21,13,10,13,14,13,13,16,14,19,24
2011,7,LVDPA1337,58,27,47,31,53,4,7,5,9,15,26,5,9,10,17,6,10,7,12,6,10,1,2,7,3,4,4,5,1,3,3,8,2,6,2,2,5
2011,7,LVDPA1339,67,33,49,34,51,5,7,10,15,8,12,8,12,10,15,6,9,10,15,10,15,3,7,6,3,4,2,4,4,2,3,2,5,6,4,6,6
2011,7,LVDPA1340,54,25,46,29,54,3,6,6,11,11,20,4,7,6,11,10,19,1,2,13,24,1,3,6,2,2,5,1,5,2,3,5,2,4,5,0,8
2011,7,LVDPA1341,107,65,61,42,39,7,7,10,9,16,15,26,24,11,10,18,17,10,9,9,8,5,7,13,17,6,9,5,3,2,3,3,9,5,9,5,6
2011,7,LVDPA1344,61,28,46,33,54,8,13,5,8,5,8,12,20,8,13,6,10,9,15,8,13,3,3,3,6,3,4,4,2,5,2,2,6,5,2,5,6
2011,7,LVDPA1345,72,36,50,36,50,5,7,16,22,15,21,6,8,9,13,8,11,3,4,10,14,3,9,8,2,3,5,1,5,2,7,7,4,6,3,2,5
2011,7,LVDPA1346,138,61,44,77,56,12,9,12,9,17,12,15,11,17,12,17,12,18,13,30,22,6,3,7,8,10,6,9,12,6,9,10,7,7,11,9,18
2011,7,LVDPA1347,55,27,49,28,51,2,4,8,15,12,22,5,9,9,16,7,13,4,7,8,15,0,7,6,1,4,4,2,3,2,1,6,4,5,3,2,5
2011,7,LVDPA1348,70,33,47,37,53,4,6,5,7,13,19,7,10,6,9,15,21,9,13,11,16,2,4,6,4,3,7,3,4,2,1,7,3,3,8,6,7
2011,7,LVDPA1351,50,22,44,28,56,2,4,2,4,5,10,5,10,7,14,6,12,4,8,19,38,0,1,2,3,4,3,2,7,2,1,3,2,3,3,2,12
2011,7,LVDPA1352,71,37,52,34,48,7,10,8,11,7,10,10,14,4,6,11,15,7,10,17,24,4,2,5,6,2,7,4,7,3,6,2,4,2,4,3,10
2011,7,LVDPA1357,79,30,38,49,62,10,13,6,8,0,0,14,18,10,13,7,9,13,16,19,24,5,1,0,8,6,2,4,4,5,5,0,6,4,5,9,15
2011,7,LVDPA1359,75,34,45,41,55,2,3,3,4,11,15,11,15,5,7,15,20,14,19,14,19,1,0,8,6,2,5,10,2,1,3,3,5,3,10,4,12
2011,7,LVDPA1360,74,32,43,42,57,8,11,12,16,8,11,14,19,11,15,4,5,8,11,9,12,4,0,3,7,8,2,4,4,4,12,5,7,3,2,4,5
2011,7,LVDPA1361,61,26,43,35,57,7,11,2,3,16,26,10,16,5,8,3,5,3,5,15,25,3,2,6,7,2,2,0,4,4,0,10,3,3,1,3,11
2011,7,LVDPA1363,66,35,53,31,47,0,0,2,3,1,2,2,3,6,9,6,9,10,15,39,59,0,1,0,2,3,5,6,18,0,1,1,0,3,1,4,21
2011,7,LVDPA1364,55,27,49,28,51,1,2,8,15,7,13,6,11,7,13,11,20,5,9,10,18,0,5,4,2,4,7,3,2,1,3,3,4,3,4,2,8
2011,7,LVDPA1366,58,25,43,33,57,0,0,7,12,11,19,7,12,15,26,8,14,5,9,5,9,0,3,5,2,8,4,1,2,0,4,6,5,7,4,4,3
2011,7,LVDPA1368,228,119,52,109,48,3,1,5,2,7,3,12,5,9,4,25,11,34,15,133,58,1,3,4,7,5,16,19,64,2,2,3,5,4,9,15,69
2011,7,LVDPA1369,339,161,47,178,53,31,9,40,12,39,12,55,16,39,12,32,9,56,17,47,14,16,24,15,27,19,14,30,16,15,16,24,28,20,18,26,31
2011,7,LVDPA1370,52,28,54,24,46,2,4,6,12,7,13,10,19,5,10,4,8,6,12,12,23,2,3,6,6,1,3,4,3,0,3,1,4,4,1,2,9
2011,7,LVDPA1371,56,26,46,30,54,6,11,5,9,4,7,7,13,7,13,11,20,2,4,14,25,3,5,1,3,3,7,1,3,3,0,3,4,4,4,1,11
2011,7,LVDPA1372,1207,523,43,684,57,122,10,66,5,119,10,245,20,158,13,124,10,156,13,217,18,54,32,63,128,81,50,56,59,68,34,56,117,77,74,100,158
2011,7,LVDPA1373,296,161,54,135,46,16,5,72,24,96,32,41,14,17,6,15,5,16,5,23,8,10,43,59,20,6,7,9,7,6,29,37,21,11,8,7,16
2011,7,LVDPA1374,79,36,46,43,54,4,5,5,6,10,13,16,20,11,14,14,18,10,13,9,11,3,4,5,7,6,5,4,2,1,1,5,9,5,9,6,7
2011,7,LVDPA1375,69,32,46,37,54,4,6,3,4,4,6,9,13,7,10,13,19,14,20,15,22,2,2,3,5,5,5,5,5,2,1,1,4,2,8,9,10
2011,7,LVDPA1379,50,19,38,31,62,5,10,2,4,6,12,9,18,5,10,4,8,5,10,14,28,1,0,3,5,2,2,2,4,4,2,3,4,3,2,3,10
2011,7,LVDPA1381,65,35,54,30,46,7,11,8,12,10,15,7,11,11,17,7,11,6,9,9,14,4,6,5,3,5,4,3,5,3,2,5,4,6,3,3,4
2011,7,LVDPA1384,162,70,43,92,57,12,7,16,10,16,10,18,11,29,18,27,17,20,12,24,15,5,5,12,8,13,12,8,7,7,11,4,10,16,15,12,17
2011,7,LVDPA1385,52,28,54,24,46,2,4,4,8,3,6,9,17,3,6,13,25,11,21,7,13,2,2,1,7,2,7,4,3,0,2,2,2,1,6,7,4
2011,7,LVDPA1386,56,27,48,29,52,5,9,5,9,7,13,0,0,7,13,7,13,7,13,18,32,2,4,3,0,4,5,3,6,3,1,4,0,3,2,4,12
2011,7,LVDPA1387,86,42,49,44,51,7,8,8,9,12,14,13,15,8,9,14,16,9,10,15,17,3,6,6,9,3,6,6,3,4,2,6,4,5,8,3,12
2011,7,LVDPA1388,97,42,43,55,57,2,2,11,11,18,19,9,9,9,9,15,15,17,18,16,16,1,6,6,4,4,6,8,7,1,5,12,5,5,9,9,9
2011,7,LVDPA1389,123,52,42,71,58,10,8,12,10,10,8,16,13,12,10,21,17,23,19,19,15,2,6,5,8,6,9,12,4,8,6,5,8,6,12,11,15
2011,7,LVDPA1391,451,260,58,191,42,9,2,8,2,30,7,57,13,76,17,80,18,104,23,87,19,5,4,23,34,45,50,64,35,4,4,7,23,31,30,40,52
2011,7,LVDPA1394,67,34,51,33,49,2,3,4,6,15,22,3,4,10,15,15,22,10,15,8,12,2,1,8,1,4,8,6,4,0,3,7,2,6,7,4,4
2011,7,LVDPA1396,70,34,49,36,51,4,6,7,10,8,11,6,9,13,19,7,10,10,14,15,21,3,3,3,2,8,3,6,6,1,4,5,4,5,4,4,9
2011,7,LVDPA1397,125,66,53,59,47,15,12,14,11,21,17,27,22,15,12,14,11,5,4,14,11,8,12,8,14,7,8,3,6,7,2,13,13,8,6,2,8
2011,7,LVDPA1399,239,105,44,134,56,7,3,9,4,17,7,11,5,20,8,23,10,26,11,126,53,2,3,12,4,6,11,15,52,5,6,5,7,14,12,11,74
2011,7,LVDPA1401,67,28,42,39,58,2,3,7,10,7,10,4,6,12,18,11,16,5,7,19,28,1,3,2,3,6,7,1,5,1,4,5,1,6,4,4,14
2011,7,LVDPA1404,184,92,50,92,50,13,7,19,10,29,16,18,10,24,13,34,18,20,11,27,15,6,8,18,11,9,22,10,8,7,11,11,7,15,12,10,19
2011,7,LVDPA1405,72,30,42,42,58,7,10,2,3,20,28,8,11,8,11,10,14,6,8,11,15,0,1,12,5,2,4,2,4,7,1,8,3,6,6,4,7
2011,7,LVDPA1408,52,29,56,23,44,2,4,4,8,4,8,8,15,9,17,9,17,5,10,11,21,1,3,3,5,6,6,2,3,1,1,1,3,3,3,3,8
2011,7,LVDPA1410,96,51,53,45,47,7,7,12,13,17,18,11,11,13,14,15,16,10,10,11,11,5,5,10,6,6,9,6,4,2,7,7,5,7,6,4,7
2011,7,LVDPA1412,86,37,43,49,57,4,5,18,21,12,14,11,13,16,19,13,15,7,8,5,6,2,8,7,4,6,6,3,1,2,10,5,7,10,7,4,4
2011,7,LVDPA1413,98,42,43,56,57,2,2,7,7,24,24,9,9,15,15,18,18,3,3,20,20,1,4,10,6,5,8,2,6,1,3,14,3,10,10,1,14
2011,7,LVDPA1415,79,38,48,41,52,4,5,7,9,14,18,9,11,12,15,12,15,10,13,11,14,3,2,8,6,8,4,5,2,1,5,6,3,4,8,5,9
2011,7,LVDPA1416,93,47,51,46,49,0,0,2,2,3,3,9,10,11,12,22,24,19,20,27,29,0,2,2,6,9,11,8,9,0,0,1,3,2,11,11,18
2011,7,LVDPA1419,64,27,42,37,58,4,6,6,9,10,16,7,11,8,13,11,17,11,17,7,11,0,2,6,2,4,5,6,2,4,4,4,5,4,6,5,5
2011,7,LVDPA1420,87,35,40,52,60,0,0,0,0,0,0,0,0,2,2,5,6,8,9,72,83,0,0,0,0,2,4,5,24,0,0,0,0,0,1,3,48
2011,7,LVDPA1423,53,26,49,27,51,2,4,1,2,7,13,8,15,7,13,6,11,8,15,14,26,2,1,3,6,5,1,6,2,0,0,4,2,2,5,2,12
2011,7,LVDPA1424,172,80,47,92,53,8,5,8,5,19,11,9,5,6,3,14,8,15,9,93,54,4,3,12,7,2,8,9,35,4,5,7,2,4,6,6,58
2011,7,LVDPA1425,52,28,54,24,46,2,4,5,10,8,15,8,15,7,13,6,12,4,8,12,23,0,3,4,8,5,3,1,4,2,2,4,0,2,3,3,8
2011,7,LVDPA1428,76,38,50,38,50,10,13,9,12,5,7,13,17,11,14,4,5,14,18,10,13,7,4,2,7,6,3,5,4,3,5,3,6,5,1,9,6
2011,7,LVDPA1429,78,30,38,48,62,10,13,9,12,14,18,5,6,13,17,10,13,9,12,8,10,4,2,6,0,8,3,4,3,6,7,8,5,5,7,5,5
2011,7,LVDPA1431,53,25,47,28,53,7,13,7,13,9,17,7,13,4,8,7,13,3,6,9,17,2,3,3,6,2,4,1,4,5,4,6,1,2,3,2,5
2011,7,LVDPA1434,57,29,51,28,49,2,4,6,11,7,12,10,18,7,12,8,14,4,7,13,23,1,2,5,7,3,5,1,5,1,4,2,3,4,3,3,8
2011,7,LVDPA1435,77,40,52,37,48,7,9,8,10,8,10,11,14,15,19,12,16,8,10,8,10,3,6,3,7,8,8,4,1,4,2,5,4,7,4,4,7
2011,7,LVDPA1441,67,32,48,35,52,3,4,13,19,9,13,10,15,9,13,7,10,6,9,10,15,1,7,5,7,4,3,2,3,2,6,4,3,5,4,4,7
2011,7,LVDPA1443,201,126,63,75,37,2,1,6,3,11,5,29,14,32,16,52,26,31,15,38,19,1,3,8,21,21,36,17,19,1,3,3,8,11,16,14,19
2011,7,LVDPA1445,53,31,58,22,42,9,17,9,17,7,13,9,17,4,8,5,9,5,9,5,9,7,5,3,6,3,2,3,2,2,4,4,3,1,3,2,3
2011,7,LVDPA1446,75,34,45,41,55,6,8,7,9,23,31,8,11,9,12,11,15,4,5,7,9,2,3,13,4,4,5,3,0,4,4,10,4,5,6,1,7
2011,7,LVDPA1447,51,25,49,26,51,5,10,6,12,16,31,4,8,4,8,8,16,2,4,6,12,2,4,9,1,3,4,1,1,3,2,7,3,1,4,1,5
2011,7,LVDPA1449,55,27,49,28,51,3,5,2,4,7,13,8,15,6,11,10,18,8,15,11,20,0,2,4,3,3,7,3,5,3,0,3,5,3,3,5,6
2011,7,LVDPA1450,71,28,39,43,61,9,13,7,10,13,18,12,17,13,18,5,7,5,7,7,10,3,1,6,7,6,1,2,2,6,6,7,5,7,4,3,5
2011,7,LVDPA1451,55,22,40,33,60,1,2,1,2,0,0,3,5,0,0,2,4,11,20,37,67,0,0,0,2,0,1,8,11,1,1,0,1,0,1,3,26
2011,7,LVDPA1452,51,23,45,28,55,3,6,4,8,8,16,4,8,4,8,7,14,14,27,7,14,3,1,2,0,2,3,8,4,0,3,6,4,2,4,6,3
2011,7,LVDPA1453,65,22,34,43,66,6,9,2,3,4,6,5,8,2,3,4,6,9,14,33,51,1,1,3,1,0,3,5,8,5,1,1,4,2,1,4,25
2011,7,LVDPA1454,119,54,45,65,55,10,8,15,13,22,18,16,13,20,17,17,14,9,8,10,8,5,6,9,10,10,7,3,4,5,9,13,6,10,10,6,6
2011,7,LVDPA1456,75,46,61,29,39,6,8,31,41,20,27,3,4,2,3,4,5,6,8,3,4,3,18,16,3,1,2,2,1,3,13,4,0,1,2,4,2
2011,7,LVDPA1457,56,21,38,35,63,1,2,6,11,6,11,6,11,11,20,8,14,5,9,13,23,0,1,4,2,4,4,1,5,1,5,2,4,7,4,4,8
2011,7,LVDPA1458,61,32,52,29,48,1,2,12,20,9,15,5,8,10,16,6,10,8,13,10,16,1,7,8,3,3,3,4,3,0,5,1,2,7,3,4,7
2011,7,LVDPA1462,66,28,42,38,58,7,11,10,15,10,15,2,3,10,15,5,8,6,9,16,24,0,5,4,1,7,1,2,8,7,5,6,1,3,4,4,8
2011,7,LVDPA1466,65,23,35,42,65,0,0,0,0,1,2,3,5,8,12,9,14,21,32,23,35,0,0,0,2,3,5,7,6,0,0,1,1,5,4,14,17
2011,7,LVDPA1467,64,28,44,36,56,0,0,0,0,1,2,2,3,0,0,8,13,6,9,47,73,0,0,0,1,0,4,4,19,0,0,1,1,0,4,2,28
2011,7,LVDPA1468,66,25,38,41,62,4,6,8,12,12,18,7,11,10,15,9,14,11,17,5,8,1,3,4,2,4,4,6,1,3,5,8,5,6,5,5,4
2011,7,LVDPA1469,175,79,45,96,55,19,11,18,10,42,24,20,11,36,21,18,10,6,3,16,9,11,10,23,10,14,7,2,2,8,8,19,10,22,11,4,14
2011,7,LVDPA1472,64,30,47,34,53,7,11,5,8,10,16,5,8,7,11,16,25,4,6,10,16,3,5,6,1,4,7,2,2,4,0,4,4,3,9,2,8
2011,7,LVDPA1473,58,22,38,36,62,5,9,3,5,17,29,5,9,6,10,11,19,8,14,3,5,3,2,4,3,3,4,3,0,2,1,13,2,3,7,5,3
2011,7,LVDPA1475,331,169,51,162,49,36,11,21,6,21,6,55,17,44,13,54,16,42,13,58,18,19,10,10,29,22,34,17,28,17,11,11,26,22,20,25,30
2011,7,LVDPA1476,465,235,51,230,49,45,10,46,10,37,8,70,15,70,15,58,12,64,14,75,16,22,24,21,31,42,34,27,34,23,22,16,39,28,24,37,41
2011,7,LVDPA1477,1050,514,49,536,51,105,10,80,8,114,11,154,15,182,17,161,15,136,13,118,11,47,39,62,81,97,78,61,49,58,41,52,73,85,83,75,69
2011,7,LVDPA1478,93,52,56,41,44,4,4,5,5,8,9,10,11,7,8,9,10,16,17,34,37,3,3,5,6,4,6,10,15,1,2,3,4,3,3,6,19
2011,7,LVDPA1479,552,261,47,291,53,43,8,67,12,81,15,55,10,124,22,105,19,43,8,34,6,17,39,41,21,58,53,21,11,26,28,40,34,66,52,22,23
2011,7,LVDPA1480,277,133,48,144,52,14,5,17,6,19,7,25,9,36,13,35,13,46,17,85,31,6,8,11,14,17,20,19,38,8,9,8,11,19,15,27,47
2011,7,LVDPA1481,108,53,49,55,51,3,3,9,8,12,11,8,7,20,19,18,17,20,19,18,17,0,5,7,4,10,10,9,8,3,4,5,4,10,8,11,10
2011,7,LVDPA1482,492,246,50,246,50,61,12,51,10,57,12,81,16,108,22,55,11,43,9,36,7,37,27,32,36,55,28,19,12,24,24,25,45,53,27,24,24
2011,7,LVDPA1483,92,41,45,51,55,5,5,4,4,15,16,5,5,10,11,17,18,8,9,28,30,1,2,6,2,6,9,5,10,4,2,9,3,4,8,3,18
2011,7,LVDPA1484,141,68,48,73,52,24,17,9,6,17,12,26,18,19,13,14,10,18,13,14,10,12,4,8,13,8,8,10,5,12,5,9,13,11,6,8,9
2011,7,LVDPA1485,90,48,53,42,47,4,4,4,4,6,7,10,11,12,13,22,24,17,19,15,17,4,2,2,5,7,12,8,8,0,2,4,5,5,10,9,7
2011,7,LVDPA1486,110,51,46,59,54,4,4,7,6,12,11,17,15,11,10,8,7,22,20,29,26,1,5,6,8,3,2,11,15,3,2,6,9,8,6,11,14
2011,7,LVDPA1487,101,48,48,53,52,6,6,8,8,12,12,12,12,12,12,17,17,17,17,17,17,4,4,6,4,7,9,9,5,2,4,6,8,5,8,8,12
2011,7,LVDPA1488,254,124,49,130,51,16,6,25,10,21,8,35,14,38,15,28,11,40,16,51,20,7,11,8,19,22,14,18,25,9,14,13,16,16,14,22,26
2011,7,LVDPA1489,119,58,49,61,51,8,7,7,6,9,8,19,16,12,10,31,26,15,13,18,15,3,4,4,8,8,15,10,6,5,3,5,11,4,16,5,12
2011,7,LVDPA1490,112,51,46,61,54,15,13,4,4,15,13,7,6,14,13,11,10,20,18,26,23,5,1,8,4,6,6,9,12,10,3,7,3,8,5,11,14
2011,7,LVDPA1491,212,112,53,100,47,36,17,11,5,19,9,81,38,27,13,18,8,10,5,10,5,20,5,10,43,13,10,5,6,16,6,9,38,14,8,5,4
2011,7,LVDPA1492,64,31,48,33,52,5,8,1,2,8,13,4,6,5,8,9,14,9,14,23,36,3,0,3,2,3,5,4,11,2,1,5,2,2,4,5,12
2011,7,LVDPA1493,86,39,45,47,55,8,9,4,5,9,10,11,13,12,14,13,15,13,15,16,19,2,0,5,7,7,5,6,7,6,4,4,4,5,8,7,9
2011,7,LVDPA1494,121,57,47,64,53,11,9,5,4,10,8,24,20,18,15,11,9,20,17,22,18,4,3,6,10,12,5,7,10,7,2,4,14,6,6,13,12
2011,7,LVDPA1495,55,21,38,34,62,1,2,6,11,7,13,3,5,15,27,7,13,5,9,11,20,1,3,0,0,9,3,3,2,0,3,7,3,6,4,2,9
2011,7,LVDPA1496,91,50,55,41,45,9,10,8,9,10,11,15,16,18,20,14,15,11,12,6,7,6,5,4,10,9,7,6,3,3,3,6,5,9,7,5,3
2011,7,LVDPA1497,87,47,54,40,46,6,7,11,13,6,7,11,13,18,21,13,15,13,15,9,10,4,8,3,7,8,7,6,4,2,3,3,4,10,6,7,5
2011,7,LVDPA1498,164,74,45,90,55,15,9,14,9,16,10,23,14,26,16,27,16,21,13,22,13,7,4,9,12,9,15,9,9,8,10,7,11,17,12,12,13
2011,7,LVDPA1499,216,98,45,118,55,33,15,17,8,22,10,41,19,37,17,36,17,16,7,14,6,16,6,9,17,16,20,9,5,17,11,13,24,21,16,7,9
2011,7,LVDPA1500,129,67,52,62,48,20,16,6,5,8,6,28,22,18,14,13,10,20,16,16,12,13,4,5,16,9,6,8,6,7,2,3,12,9,7,12,10
2011,7,LVDPA1501,74,37,50,37,50,5,7,5,7,17,23,10,14,19,26,6,8,6,8,6,8,3,2,7,4,12,4,4,1,2,3,10,6,7,2,2,5
2011,7,LVDPA1502,237,106,45,131,55,34,14,23,10,31,13,47,20,38,16,29,12,10,4,25,11,17,9,15,20,22,12,4,7,17,14,16,27,16,17,6,18
2011,7,LVDPA1503,207,97,47,110,53,22,11,31,15,29,14,22,11,41,20,29,14,17,8,16,8,9,14,15,10,18,16,8,7,13,17,14,12,23,13,9,9
2011,7,LVDPA1504,61,32,52,29,48,8,13,2,3,9,15,7,11,8,13,15,25,2,3,10,16,5,2,3,2,5,9,2,4,3,0,6,5,3,6,0,6
2011,7,LVDPA1505,142,76,54,66,46,9,6,10,7,12,8,18,13,29,20,17,12,22,15,25,18,5,7,7,13,14,6,11,13,4,3,5,5,15,11,11,12
2011,7,LVDPA1506,201,95,47,106,53,18,9,5,2,31,15,27,13,31,15,21,10,30,15,38,19,6,2,17,16,14,10,14,16,12,3,14,11,17,11,16,22
2011,7,LVDPA1507,124,64,52,60,48,9,7,10,8,13,10,15,12,16,13,32,26,18,15,11,9,5,6,6,6,11,15,10,5,4,4,7,9,5,17,8,6
2011,7,LVDPA1508,93,49,53,44,47,19,20,10,11,4,4,24,26,19,20,5,5,4,4,8,9,10,7,3,10,12,1,2,4,9,3,1,14,7,4,2,4
2011,7,LVDPA1509,67,30,45,37,55,5,7,8,12,8,12,8,12,13,19,9,13,7,10,9,13,1,4,2,3,8,4,4,4,4,4,6,5,5,5,3,5
2011,7,LVDPA1510,56,27,48,29,52,6,11,7,13,5,9,13,23,7,13,8,14,3,5,7,13,2,2,5,7,3,4,2,2,4,5,0,6,4,4,1,5
2011,7,LVDPA1511,139,73,53,66,47,9,6,9,6,23,17,17,12,22,16,25,18,19,14,15,11,5,6,15,10,11,11,10,5,4,3,8,7,11,14,9,10
2011,7,LVDPA1512,101,47,47,54,53,13,13,5,5,14,14,17,17,9,9,15,15,13,13,15,15,9,3,7,7,4,7,5,5,4,2,7,10,5,8,8,10
2011,7,LVDPA1513,130,68,52,62,48,25,19,16,12,13,10,24,18,30,23,6,5,5,4,11,8,14,13,6,8,16,5,2,4,11,3,7,16,14,1,3,7
2011,7,LVDPA1514,64,30,47,34,53,6,9,6,9,14,22,12,19,11,17,3,5,4,6,8,13,3,2,8,6,6,1,2,2,3,4,6,6,5,2,2,6
2011,7,LVDPA1515,164,82,50,82,50,32,20,15,9,19,12,30,18,36,22,14,9,10,6,8,5,14,9,13,11,20,6,4,5,18,6,6,19,16,8,6,3
2011,7,LVDPA1516,56,27,48,29,52,5,9,2,4,3,5,12,21,7,13,6,11,11,20,10,18,3,1,1,5,5,5,5,2,2,1,2,7,2,1,6,8
2011,7,LVDPA1517,62,34,55,28,45,7,11,4,6,7,11,12,19,12,19,10,16,4,6,6,10,4,2,5,4,8,5,2,4,3,2,2,8,4,5,2,2
2011,7,LVDPA1518,57,30,53,27,47,5,9,7,12,8,14,8,14,8,14,7,12,6,11,8,14,2,6,6,6,3,3,3,1,3,1,2,2,5,4,3,7
2011,7,LVDPA1519,60,32,53,28,47,4,7,5,8,15,25,7,12,6,10,8,13,5,8,10,17,3,3,8,5,3,4,3,3,1,2,7,2,3,4,2,7
2011,7,LVDPA1520,56,27,48,29,52,2,4,5,9,4,7,9,16,7,13,8,14,6,11,15,27,0,2,3,3,4,5,2,8,2,3,1,6,3,3,4,7
2011,7,LVDPA1521,50,25,50,25,50,3,6,3,6,10,20,4,8,7,14,11,22,7,14,5,10,0,2,7,1,3,5,5,2,3,1,3,3,4,6,2,3
2011,7,LVDPA1522,56,25,45,31,55,3,5,3,5,5,9,12,21,8,14,11,20,5,9,9,16,1,1,1,7,3,7,1,4,2,2,4,5,5,4,4,5
2011,7,LVDPA1523,121,59,49,62,51,18,15,16,13,14,12,19,16,28,23,13,11,4,3,9,7,9,8,9,9,14,4,2,4,9,8,5,10,14,9,2,5
2011,7,LVDPA1524,51,26,51,25,49,4,8,3,6,1,2,10,20,10,20,6,12,10,20,7,14,2,1,1,5,9,3,4,1,2,2,0,5,1,3,6,6
2011,7,LVDPA1525,81,40,49,41,51,4,5,8,10,10,12,12,15,9,11,11,14,14,17,13,16,2,3,7,7,4,5,5,7,2,5,3,5,5,6,9,6
2011,7,LVDPA1526,62,31,50,31,50,10,16,2,3,12,19,10,16,6,10,11,18,5,8,6,10,4,1,8,5,3,5,3,2,6,1,4,5,3,6,2,4
2011,7,LVDPA1527,79,35,44,44,56,11,14,9,11,11,14,12,15,13,16,7,9,8,10,8,10,3,2,7,6,8,4,4,1,8,7,4,6,5,3,4,7
2011,7,LVDPA1528,62,31,50,31,50,10,16,8,13,1,2,12,19,15,24,2,3,8,13,6,10,6,3,1,6,7,2,3,3,4,5,0,6,8,0,5,3
2011,7,LVDPA1529,81,37,46,44,54,7,9,4,5,11,14,13,16,7,9,12,15,9,11,18,22,4,2,7,4,5,5,2,8,3,2,4,9,2,7,7,10
2011,7,LVDPA1530,141,65,46,76,54,28,20,14,10,10,7,34,24,24,17,16,11,8,6,7,5,13,6,5,13,14,7,5,2,15,8,5,21,10,9,3,5
2011,7,LVDPA1531,56,28,50,28,50,8,14,5,9,7,13,13,23,12,21,5,9,2,4,4,7,2,4,4,7,7,2,1,1,6,1,3,6,5,3,1,3
2011,7,LVDPA1532,93,47,51,46,49,9,10,4,4,8,9,15,16,16,17,16,17,14,15,11,12,4,2,4,7,10,9,6,5,5,2,4,8,6,7,8,6
2011,7,LVDPA1533,52,25,48,27,52,8,15,3,6,8,15,5,10,12,23,7,13,6,12,3,6,2,2,5,3,7,4,2,0,6,1,3,2,5,3,4,3
2011,7,LVDPA1534,66,33,50,33,50,14,21,7,11,5,8,13,20,16,24,0,0,7,11,4,6,7,6,3,5,9,0,2,1,7,1,2,8,7,0,5,3
2011,7,LVDPA1535,189,89,47,100,53,22,12,21,11,25,13,24,13,47,25,27,14,13,7,10,5,11,11,12,10,24,14,5,2,11,10,13,14,23,13,8,8
2011,7,LVDPA1536,110,54,49,56,51,27,25,9,8,8,7,35,32,21,19,5,5,1,1,4,4,12,4,5,19,9,3,0,2,15,5,3,16,12,2,1,2
2011,7,LVDPA1537,56,30,54,26,46,7,13,5,9,5,9,8,14,8,14,10,18,3,5,10,18,6,2,4,3,4,6,1,4,1,3,1,5,4,4,2,6
2011,7,LVDPA1538,50,19,38,31,62,6,12,5,10,10,20,7,14,8,16,3,6,4,8,7,14,1,2,4,4,4,1,2,1,5,3,6,3,4,2,2,6
2011,7,LVDPA1539,66,26,39,40,61,0,0,4,6,15,23,4,6,9,14,12,18,7,11,15,23,0,0,6,1,5,6,2,6,0,4,9,3,4,6,5,9
2011,7,LVDPA1540,50,28,56,22,44,6,12,3,6,3,6,11,22,9,18,4,8,7,14,7,14,5,0,1,6,5,3,3,5,1,3,2,5,4,1,4,2
2011,7,LVDPA1541,50,23,46,27,54,3,6,3,6,9,18,4,8,9,18,9,18,4,8,9,18,1,2,5,3,5,3,1,3,2,1,4,1,4,6,3,6
2011,7,LVDPA1542,76,39,51,37,49,14,18,11,14,5,7,12,16,22,29,9,12,0,0,3,4,7,8,2,3,14,4,0,1,7,3,3,9,8,5,0,2
2011,7,LVDPA1543,56,27,48,29,52,2,4,6,11,13,23,5,9,11,20,4,7,12,21,3,5,1,3,7,3,5,2,5,1,1,3,6,2,6,2,7,2
2011,7,LVDPA1544,72,35,49,37,51,5,7,4,6,14,19,6,8,14,19,10,14,7,10,12,17,2,1,7,4,7,5,3,6,3,3,7,2,7,5,4,6
2011,7,LVDPA1545,56,25,45,31,55,7,13,9,16,8,14,9,16,5,9,8,14,4,7,6,11,4,3,5,4,3,4,0,2,3,6,3,5,2,4,4,4
2011,7,LVDPA1546,52,23,44,29,56,1,2,4,8,16,31,3,6,11,21,8,15,4,8,5,10,0,3,6,1,5,4,2,2,1,1,10,2,6,4,2,3
2011,7,LVDPA1547,54,28,52,26,48,3,6,5,9,11,20,6,11,7,13,12,22,4,7,6,11,1,3,8,4,4,4,1,3,2,2,3,2,3,8,3,3
2011,7,LVDPA1548,63,32,51,31,49,3,5,6,10,11,17,3,5,13,21,10,16,5,8,12,19,3,4,7,0,6,6,1,5,0,2,4,3,7,4,4,7
2011,7,LVDPA1549,53,27,51,26,49,10,19,7,13,4,8,10,19,5,9,7,13,5,9,5,9,4,6,2,4,4,4,2,1,6,1,2,6,1,3,3,4
2011,7,LVDPA1550,55,29,53,26,47,9,16,8,15,11,20,7,13,6,11,3,5,8,15,3,5,7,7,6,2,2,1,4,0,2,1,5,5,4,2,4,3
2011,7,LVDPA1551,56,31,55,25,45,4,7,6,11,8,14,11,20,6,11,9,16,5,9,7,13,3,4,6,6,3,4,2,3,1,2,2,5,3,5,3,4
2011,7,LVDPA1552,63,31,49,32,51,5,8,9,14,12,19,6,10,7,11,17,27,5,8,2,3,4,4,6,3,4,8,2,0,1,5,6,3,3,9,3,2
2011,7,LVDPA1553,60,29,48,31,52,7,12,14,23,8,13,7,12,9,15,5,8,3,5,7,12,5,4,2,5,5,3,2,3,2,10,6,2,4,2,1,4
2011,7,LVDPA1554,54,27,50,27,50,5,9,7,13,14,26,1,2,14,26,6,11,1,2,6,11,2,3,9,0,7,2,1,3,3,4,5,1,7,4,0,3
2011,7,LVDPA1555,82,40,49,42,51,2,2,3,4,10,12,15,18,11,13,9,11,16,20,16,20,0,2,4,9,5,7,9,4,2,1,6,6,6,2,7,12
2011,7,LVDPA1556,88,44,50,44,50,11,13,6,7,10,11,13,15,19,22,23,26,3,3,3,3,6,2,7,4,11,12,2,0,5,4,3,9,8,11,1,3
2011,7,LVDPA1557,76,39,51,37,49,14,18,9,12,6,8,12,16,15,20,7,9,7,9,6,8,10,5,2,4,7,4,3,4,4,4,4,8,8,3,4,2
2011,7,LVDPA1558,55,29,53,26,47,8,15,13,24,11,20,10,18,4,7,6,11,2,4,1,2,2,8,8,4,4,2,1,0,6,5,3,6,0,4,1,1
2011,7,LVDPA1559,51,21,41,30,59,8,16,6,12,9,18,4,8,8,16,7,14,3,6,6,12,3,4,4,2,3,4,0,1,5,2,5,2,5,3,3,5
2011,7,LVDPA1560,51,26,51,25,49,10,20,2,4,5,10,9,18,10,20,7,14,1,2,7,14,7,0,4,5,5,2,1,2,3,2,1,4,5,5,0,5
2011,7,LVDPA1561,60,33,55,27,45,8,13,7,12,6,10,5,8,17,28,9,15,6,10,2,3,4,4,4,3,6,8,3,1,4,3,2,2,11,1,3,1
2011,7,LVDPA1562,50,27,54,23,46,5,10,8,16,7,14,7,14,9,18,4,8,4,8,6,12,1,6,5,4,5,2,1,3,4,2,2,3,4,2,3,3
2011,7,LVDPA1563,82,73,89,9,11,0,0,1,1,4,5,19,23,30,37,15,18,7,9,6,7,0,1,4,17,29,13,6,3,0,0,0,2,1,2,1,3
2011,7,LVDPA1564,50,23,46,27,54,3,6,7,14,11,22,4,8,7,14,6,12,3,6,9,18,2,5,5,1,3,3,1,3,1,2,6,3,4,3,2,6
2011,7,LVDPA1565,63,30,48,33,52,9,14,4,6,15,24,9,14,7,11,11,17,6,10,2,3,6,1,7,5,3,5,2,1,3,3,8,4,4,6,4,1
2011,7,LVDPA1566,83,33,40,50,60,4,5,4,5,10,12,8,10,12,14,7,8,10,12,28,34,1,0,6,4,6,2,2,12,3,4,4,4,6,5,8,16
2011,7,LVDPA1567,53,24,45,29,55,0,0,1,2,6,11,5,9,10,19,10,19,5,9,16,30,0,1,3,3,5,6,2,4,0,0,3,2,5,4,3,12
2011,7,LVDPA1568,60,25,42,35,58,5,8,9,15,7,12,11,18,11,18,9,15,1,2,7,12,2,2,3,7,5,5,0,1,3,7,4,4,6,4,1,6
2011,7,LVDPA1569,50,25,50,25,50,3,6,7,14,14,28,1,2,8,16,7,14,3,6,7,14,1,2,10,0,5,3,2,2,2,5,4,1,3,4,1,5
2011,7,LVDPA1570,103,51,50,52,50,17,17,13,13,12,12,12,12,24,23,17,17,6,6,2,2,9,7,7,2,14,8,4,0,8,6,5,10,10,9,2,2
2011,7,LVDPA1571,50,27,54,23,46,4,8,7,14,14,28,6,12,7,14,7,14,4,8,1,2,3,4,7,4,3,2,4,0,1,3,7,2,4,5,0,1
2016,0,LV,1968957,904299,46,1064658,54,143156,7,157104,8,199613,10,279416,14,262425,13,274792,14,265866,14,386585,20,73890,80483,102602,143337,130094,130596,116828,126469,69266,76621,97011,136079,132331,144196,149038,260116
2016,1,LV003,251270,116458,46,134812,54,17672,7,21224,8,29387,12,32067,13,31128,12,35001,14,33939,14,50852,20,9118,10851,15195,16732,15513,16765,15207,17077,8554,10373,14192,15335,15615,18236,18732,33775
2016,1,LV005,276501,127881,46,148620,54,16605,6,20583,7,29354,11,33719,12,34173,12,43004,16,41331,15,57732,21,8565,10591,15216,18157,17015,21010,18786,18541,8040,9992,14138,15562,17158,21994,22545,39191
2016,1,LV006,639357,282889,44,356468,56,48157,8,47094,7,53572,8,102203,16,89663,14,84642,13,86341,14,127685,20,24799,24149,26973,49869,43194,38255,35409,40241,23358,22945,26599,52334,46469,46387,50932,87444
2016,1,LV007,366651,172738,47,193913,53,30436,8,32835,9,37028,10,52025,14,53855,15,49675,14,45879,13,64918,18,15730,16808,19157,26629,27026,24458,20762,22168,14706,16027,17871,25396,26829,25217,25117,42750
2016,1,LV008,195846,91711,47,104135,53,13080,7,15442,8,23399,12,25858,13,23058,12,28514,15,26296,13,40199,21,6816,7956,12142,13865,11741,13614,12219,13358,6264,7486,11257,11993,11317,14900,14077,26841
2016,1,LV009,239330,112621,47,126709,53,17204,7,19926,8,26873,11,33544,14,30548,13,33956,14,32080,13,45199,19,8861,10128,13919,18085,15605,16494,14445,15084,8343,9798,12954,15459,14943,17462,17635,30115
2016,1,UNK,5,,,,,,,,,,,,,,,,,,,,,,,,,,,,,,,,,,,,
2016,3,0010000,639357,282889,44,356468,56,48157,8,47094,7,53572,8,102203,16,89663,14,84642,13,86341,14,127685,20,24799,24149,26973,49869,43194,38255,35409,40241,23358,22945,26599,52334,46469,46387,50932,87444
2016,3,0050000,85538,38152,45,47386,55,5868,7,6391,7,7887,9,10688,12,11020,13,13165,15,12437,15,18082,21,3108,3274,4016,5564,5248,6178,5206,5558,2760,3117,3871,5124,5772,6987,7231,12524
2016,3,0090000,57033,25948,45,31085,55,4853,9,4983,9,5636,10,8547,15,7828,14,7506,13,7195,13,10485,18,2495,2507,2793,4374,3850,3525,3013,3391,2358,2476,2843,4173,3978,3981,4182,7094
2016,3,0110000,22578,10300,46,12278,54,1512,7,1945,9,2374,11,3104,14,2990,13,3260,14,3149,14,4244,19,778,932,1257,1645,1489,1507,1362,1330,734,1013,1117,1459,1501,1753,1787,2914
2016,3,0130000,49247,22411,46,26836,54,3292,7,3758,8,4230,9,6532,13,6821,14,7165,15,7165,15,10284,21,1704,1933,2188,3261,3309,3449,3136,3431,1588,1825,2042,3271,3512,3716,4029,6853
2016,3,0170000,70613,31306,44,39307,56,5474,8,6251,9,7475,11,8977,13,9090,13,9651,14,9075,13,14620,21,2843,3185,3818,4307,4364,4429,3811,4549,2631,3066,3657,4670,4726,5222,5264,10071
2016,3,0210000,28721,12725,44,15996,56,1830,6,2324,8,2841,10,3510,12,3786,13,4289,15,4424,15,5717,20,958,1234,1485,1745,1738,1956,1885,1724,872,1090,1356,1765,2048,2333,2539,3993
2016,3,0250000,23257,10245,44,13012,56,1861,8,1936,8,2425,10,3157,14,2881,12,3211,14,3029,13,4757,20,993,989,1236,1471,1358,1398,1251,1549,868,947,1189,1686,1523,1813,1778,3208
2016,3,0270000,35964,16156,45,19808,55,2515,7,2834,8,3705,10,4327,12,4796,13,5104,14,5105,14,7578,21,1292,1434,1849,2171,2292,2403,2209,2506,1223,1400,1856,2156,2504,2701,2896,5072
2016,3,0320200,8405,3813,45,4592,55,551,7,648,8,892,11,1169,14,1058,13,1214,14,1281,15,1592,19,292,341,427,641,532,536,523,521,259,307,465,528,526,678,758,1071
2016,3,0321000,5506,2671,49,2835,51,318,6,447,8,638,12,741,13,662,12,802,15,808,15,1090,20,163,226,327,405,364,422,395,369,155,221,311,336,298,380,413,721
2016,3,0321400,5288,2515,48,2773,52,340,6,385,7,612,12,650,12,600,11,793,15,735,14,1173,22,179,195,322,378,309,405,346,381,161,190,290,272,291,388,389,792
2016,3,0326100,5224,2494,48,2730,52,372,7,430,8,675,13,744,14,597,11,797,15,634,12,975,19,184,224,362,419,309,386,295,315,188,206,313,325,288,411,339,660
2016,3,0327100,3648,1819,50,1829,50,193,5,206,6,476,13,483,13,423,12,594,16,547,15,726,20,97,109,259,279,224,305,285,261,96,97,217,204,199,289,262,465
2016,3,0328200,3478,1611,46,1867,54,225,6,249,7,378,11,464,13,406,12,448,13,500,14,808,23,120,114,183,250,205,233,228,278,105,135,195,214,201,215,272,530
2016,3,0360200,15388,7093,46,8295,54,965,6,1234,8,1986,13,1813,12,1721,11,2397,16,2036,13,3236,21,488,604,1027,933,873,1144,961,1063,477,630,959,880,848,1253,1075,2173
2016,3,0360800,3534,1742,49,1792,51,234,7,270,8,482,14,471,13,385,11,528,15,440,12,724,20,130,146,257,281,196,269,225,238,104,124,225,190,189,259,215,486
2016,3,0380200,12693,5926,47,6767,53,774,6,983,8,1535,12,1504,12,1461,12,1978,16,1894,15,2564,20,404,541,787,794,746,968,852,834,370,442,748,710,715,1010,1042,1730
2016,3,0381600,5024,2422,48,2602,52,226,4,373,7,621,12,552,11,609,12,770,15,764,15,1109,22,120,189,339,327,343,383,396,325,106,184,282,225,266,387,368,784
2016,3,0384400,1058,518,49,540,51,52,5,69,7,142,13,125,12,106,10,201,19,135,13,228,22,28,39,69,79,54,110,71,68,24,30,73,46,52,91,64,160
2016,3,0387500,2293,1105,48,1188,52,120,5,171,7,308,13,311,14,287,13,344,15,303,13,449,20,55,92,157,180,150,184,148,139,65,79,151,131,137,160,155,310
2016,3,0400200,23956,11310,47,12646,53,1677,7,2079,9,2748,11,3337,14,2987,12,3495,15,3262,14,4371,18,865,1072,1409,1842,1526,1681,1479,1436,812,1007,1339,1495,1461,1814,1783,2935
2016,3,0406400,8587,4065,47,4522,53,626,7,801,9,1033,12,1207,14,1173,14,1241,14,1052,12,1454,17,313,417,522,646,600,599,490,478,313,384,511,561,573,642,562,976
2016,3,0407700,3482,1674,48,1808,52,256,7,258,7,410,12,480,14,416,12,482,14,485,14,695,20,136,139,218,268,232,223,227,231,120,119,192,212,184,259,258,464
2016,3,0409500,8248,4061,49,4187,51,543,7,683,8,991,12,1142,14,1016,12,1210,15,1090,13,1573,19,266,388,530,639,552,611,524,551,277,295,461,503,464,599,566,1022
2016,3,0420200,16825,7487,44,9338,56,1262,8,1371,8,1896,11,2273,14,2014,12,2260,13,2221,13,3528,21,653,700,1015,1119,950,978,916,1156,609,671,881,1154,1064,1282,1305,2372
2016,3,0421200,3409,1613,47,1796,53,215,6,250,7,355,10,485,14,420,12,471,14,465,14,748,22,101,140,182,275,236,214,219,246,114,110,173,210,184,257,246,502
2016,3,0424701,5342,2613,49,2729,51,358,7,456,9,677,13,717,13,645,12,768,14,706,13,1015,19,184,233,357,394,341,378,367,359,174,223,320,323,304,390,339,656
2016,3,0425700,2194,1026,47,1168,53,136,6,164,7,304,14,264,12,271,12,284,13,300,14,471,21,56,66,161,146,155,137,139,166,80,98,143,118,116,147,161,305
2016,3,0427300,7955,3764,47,4191,53,535,7,631,8,972,12,1068,13,973,12,1194,15,1051,13,1531,19,292,336,491,580,488,567,490,520,243,295,481,488,485,627,561,1011
2016,3,0427500,3821,1896,50,1925,50,244,6,316,8,448,12,558,15,439,11,583,15,471,12,762,20,139,164,232,316,240,306,237,262,105,152,216,242,199,277,234,500
2016,3,0427700,3212,1527,48,1685,52,183,6,253,8,376,12,434,14,375,12,479,15,411,13,701,22,80,137,179,235,193,238,208,257,103,116,197,199,182,241,203,444
2016,3,0429300,3853,1939,50,1914,50,219,6,280,7,472,12,574,15,420,11,623,16,498,13,767,20,108,163,247,336,234,309,259,283,111,117,225,238,186,314,239,484
2016,3,0440200,22207,10750,48,11457,52,1143,5,1465,7,2315,10,2652,12,2840,13,3442,15,3512,16,4838,22,597,771,1201,1496,1506,1757,1723,1699,546,694,1114,1156,1334,1685,1789,3139
2016,3,0440801,7216,3385,47,3831,53,366,5,463,6,841,12,885,12,779,11,1119,16,1140,16,1623,22,180,237,427,507,390,555,551,538,186,226,414,378,389,564,589,1085
2016,3,0460200,20488,9667,47,10821,53,1375,7,1740,8,2530,12,2740,13,2582,13,2871,14,2829,14,3821,19,717,887,1350,1490,1287,1402,1213,1321,658,853,1180,1250,1295,1469,1616,2500
2016,3,0460800,6615,3062,46,3553,54,397,6,538,8,843,13,780,12,723,11,897,14,967,15,1470,22,211,277,418,420,364,439,439,494,186,261,425,360,359,458,528,976
2016,3,0468900,3497,1674,48,1823,52,214,6,237,7,451,13,508,15,382,11,506,14,467,13,732,21,113,126,235,292,202,240,219,247,101,111,216,216,180,266,248,485
2016,3,0500200,21270,10073,47,11197,53,1349,6,1621,8,2722,13,2798,13,2559,12,3185,15,2944,14,4092,19,688,869,1382,1513,1316,1575,1397,1333,661,752,1340,1285,1243,1610,1547,2759
2016,3,0540200,22890,11130,49,11760,51,1432,6,1867,8,2612,11,3291,14,2999,13,3347,15,3073,13,4269,19,758,921,1402,1856,1604,1675,1443,1471,674,946,1210,1435,1395,1672,1630,2798
2016,3,0546701,9689,4593,47,5096,53,985,10,922,10,970,10,1428,15,1448,15,1261,13,1113,11,1562,16,488,452,509,706,754,613,515,556,497,470,461,722,694,648,598,1006
2016,3,0560200,4696,2314,49,2382,51,276,6,295,6,629,13,636,14,474,10,736,16,675,14,975,21,119,160,333,374,275,366,360,327,157,135,296,262,199,370,315,648
2016,3,0560800,2776,1416,51,1360,49,135,5,158,6,347,13,388,14,312,11,479,17,411,15,546,20,83,80,196,215,174,256,216,196,52,78,151,173,138,223,195,350
2016,3,0561800,3816,1833,48,1983,52,234,6,301,8,474,12,477,13,407,11,584,15,505,13,834,22,127,154,249,266,212,311,229,285,107,147,225,211,195,273,276,549
2016,3,0566900,5832,2885,49,2947,51,418,7,456,8,719,12,733,13,634,11,875,15,808,14,1189,20,212,240,379,405,333,472,418,426,206,216,340,328,301,403,390,763
2016,3,0568700,3598,1766,49,1832,51,272,8,298,8,435,12,495,14,431,12,558,16,494,14,615,17,145,167,239,275,208,287,226,219,127,131,196,220,223,271,268,396
2016,3,0600202,15452,7157,46,8295,54,737,5,1087,7,1668,11,1566,10,1745,11,2542,16,2554,17,3553,23,353,539,875,877,874,1237,1180,1222,384,548,793,689,871,1305,1374,2331
2016,3,0601000,7467,3589,48,3878,52,385,5,557,7,894,12,821,11,875,12,1233,17,1104,15,1598,21,197,280,465,468,463,637,541,538,188,277,429,353,412,596,563,1060
2016,3,0604300,3572,1730,48,1842,52,172,5,262,7,417,12,366,10,378,11,627,18,537,15,813,23,81,138,212,203,192,340,282,282,91,124,205,163,186,287,255,531
2016,3,0620200,23534,11079,47,12455,53,1657,7,2025,9,3014,13,3211,14,2884,12,3205,14,3177,13,4361,19,853,1041,1516,1698,1471,1519,1466,1515,804,984,1498,1513,1413,1686,1711,2846
2016,3,0621200,4924,2370,48,2554,52,275,6,400,8,610,12,601,12,580,12,664,13,725,15,1069,22,153,200,311,346,308,344,348,360,122,200,299,255,272,320,377,709
2016,3,0624200,1384,657,47,727,53,88,6,99,7,174,13,176,13,149,11,189,14,235,17,274,20,48,49,80,97,81,99,109,94,40,50,94,79,68,90,126,180
2016,3,0640600,8695,4146,48,4549,52,558,6,742,9,1094,13,1044,12,952,11,1214,14,1155,13,1936,22,284,381,581,598,483,599,535,685,274,361,513,446,469,615,620,1251
2016,3,0640801,2776,1367,49,1409,51,165,6,214,8,315,11,355,13,339,12,396,14,387,14,605,22,89,108,172,212,187,183,210,206,76,106,143,143,152,213,177,399
2016,3,0641000,8771,4167,48,4604,52,621,7,742,8,1056,12,1081,12,1166,13,1151,13,1153,13,1801,21,317,401,535,578,600,564,509,663,304,341,521,503,566,587,644,1138
2016,3,0641401,2666,1271,48,1395,52,158,6,193,7,306,11,356,13,240,9,420,16,371,14,622,23,89,97,149,187,135,223,188,203,69,96,157,169,105,197,183,419
2016,3,0641600,5400,2600,48,2800,52,344,6,483,9,698,13,647,12,608,11,758,14,756,14,1106,20,178,249,365,375,316,387,361,369,166,234,333,272,292,371,395,737
2016,3,0647900,3319,1632,49,1687,51,172,5,262,8,380,11,427,13,381,11,531,16,428,13,738,22,99,144,195,239,201,276,210,268,73,118,185,188,180,255,218,470
2016,3,0648500,1651,827,50,824,50,98,6,107,6,195,12,191,12,154,9,268,16,246,15,392,24,45,57,114,115,92,143,127,134,53,50,81,76,62,125,119,258
2016,3,0649300,2431,1162,48,1269,52,155,6,206,8,292,12,307,13,278,11,330,14,293,12,570,23,80,101,162,166,148,175,134,196,75,105,130,141,130,155,159,374
2016,3,0660200,16850,8027,48,8823,52,1105,7,1362,8,1958,12,2216,13,2041,12,2372,14,2271,13,3525,21,579,712,1003,1204,1046,1187,1065,1231,526,650,955,1012,995,1185,1206,2294
2016,3,0661000,4899,2365,48,2534,52,305,6,391,8,633,13,636,13,546,11,710,14,620,13,1058,22,165,198,344,342,295,358,318,345,140,193,289,294,251,352,302,713
2016,3,0661400,7831,3732,48,4099,52,384,5,592,8,902,12,1003,13,962,12,1201,15,1108,14,1679,21,213,296,465,559,474,611,532,582,171,296,437,444,488,590,576,1097
2016,3,0680200,12981,5975,46,7006,54,702,5,936,7,1308,10,1586,12,1666,13,2089,16,1944,15,2750,21,353,475,669,876,827,1032,868,875,349,461,639,710,839,1057,1076,1875
2016,3,0681000,5684,2635,46,3049,54,303,5,394,7,682,12,707,12,680,12,877,15,799,14,1242,22,131,202,369,396,330,470,362,375,172,192,313,311,350,407,437,867
2016,3,0681801,2990,1429,48,1561,52,151,5,230,8,339,11,374,13,397,13,434,15,449,15,616,21,85,120,180,211,217,214,203,199,66,110,159,163,180,220,246,417
2016,3,0684901,2659,1291,49,1368,51,151,6,172,6,314,12,352,13,291,11,431,16,398,15,550,21,72,71,169,202,163,218,209,187,79,101,145,150,128,213,189,363
2016,3,0700200,23476,11027,47,12449,53,1520,6,1783,8,2916,12,3076,13,2762,12,3417,15,3280,14,4722,20,787,911,1507,1687,1426,1627,1533,1549,733,872,1409,1389,1336,1790,1747,3173
2016,3,0700800,2567,1242,48,1325,52,125,5,189,7,349,14,300,12,310,12,381,15,380,15,533,21,67,101,200,166,161,182,189,176,58,88,149,134,149,199,191,357
2016,3,0701400,2372,1143,48,1229,52,128,5,165,7,318,13,299,13,266,11,363,15,309,13,524,22,67,75,162,187,144,185,150,173,61,90,156,112,122,178,159,351
2016,3,0701800,3265,1536,47,1729,53,164,5,254,8,449,14,412,13,359,11,461,14,404,12,762,23,83,148,231,218,178,233,200,245,81,106,218,194,181,228,204,517
2016,3,0705500,2933,1378,47,1555,53,166,6,219,7,358,12,366,12,302,10,379,13,404,14,739,25,93,104,167,217,156,183,198,260,73,115,191,149,146,196,206,479
2016,3,0740202,34009,15485,46,18524,54,2585,8,2928,9,3506,10,4614,14,4888,14,4379,13,4347,13,6762,20,1285,1483,1815,2407,2434,2086,1734,2241,1300,1445,1691,2207,2454,2293,2613,4521
2016,3,0740600,9374,4483,48,4891,52,944,10,1011,11,916,10,1336,14,1502,16,1186,13,1021,11,1458,16,495,502,482,670,743,595,458,538,449,509,434,666,759,591,563,920
2016,3,0741001,5460,2659,49,2801,51,361,7,396,7,597,11,759,14,668,12,823,15,774,14,1082,20,178,209,324,422,345,402,368,411,183,187,273,337,323,421,406,671
2016,3,0741401,9960,4682,47,5278,53,714,7,904,9,1126,11,1331,13,1408,14,1395,14,1283,13,1799,18,366,448,591,726,696,692,565,598,348,456,535,605,712,703,718,1201
2016,3,0760202,9775,4488,46,5287,54,619,6,668,7,1102,11,1301,13,1104,11,1560,16,1480,15,1941,20,324,338,567,697,548,711,687,616,295,330,535,604,556,849,793,1325
2016,3,0761201,11483,5248,46,6235,54,704,6,917,8,1295,11,1381,12,1334,12,1700,15,1858,16,2294,20,361,431,667,699,701,817,841,731,343,486,628,682,633,883,1017,1563
2016,3,0766300,5081,2528,50,2553,50,230,5,351,7,705,14,601,12,578,11,787,15,745,15,1084,21,120,210,384,359,315,418,377,345,110,141,321,242,263,369,368,739
2016,3,0769101,1963,963,49,1000,51,116,6,112,6,270,14,263,13,189,10,306,16,272,14,435,22,62,55,130,153,99,155,145,164,54,57,140,110,90,151,127,271
2016,3,0780200,26730,13083,49,13647,51,1636,6,2226,8,3192,12,3427,13,3354,13,4165,16,3731,14,4999,19,821,1148,1708,1901,1758,2199,1850,1698,815,1078,1484,1526,1596,1966,1881,3301
2016,3,0781800,5914,2782,47,3132,53,320,5,432,7,678,11,747,13,694,12,945,16,851,14,1247,21,155,207,340,423,353,471,409,424,165,225,338,324,341,474,442,823
2016,3,0800600,5425,2600,48,2825,52,445,8,559,10,648,12,791,15,805,15,656,12,640,12,881,16,223,307,338,412,416,320,314,270,222,252,310,379,389,336,326,611
2016,3,0800800,22772,10767,47,12005,53,2677,12,2198,10,1936,9,3666,16,3777,17,2757,12,2582,11,3179,14,1396,1101,991,1788,1857,1343,1174,1117,1281,1097,945,1878,1920,1414,1408,2062
2016,3,0801000,19660,9028,46,10632,54,1428,7,1663,8,1817,9,2863,15,3006,15,2761,14,2646,13,3476,18,699,832,927,1500,1504,1329,1133,1104,729,831,890,1363,1502,1432,1513,2372
2016,3,0801200,22228,10417,47,11811,53,1927,9,2006,9,1957,9,3346,15,3735,17,2857,13,2615,12,3785,17,1029,1041,1001,1659,1901,1395,1119,1272,898,965,956,1687,1834,1462,1496,2513
2016,3,0801400,5688,2658,47,3030,53,390,7,423,7,508,9,741,13,699,12,808,14,750,13,1369,24,199,215,249,392,366,405,340,492,191,208,259,349,333,403,410,877
2016,3,0801601,17357,7995,46,9362,54,1647,9,1521,9,1874,11,2672,15,2439,14,2229,13,2029,12,2946,17,843,743,935,1310,1200,1051,926,987,804,778,939,1362,1239,1178,1103,1959
2016,3,0801800,7692,3676,48,4016,52,600,8,655,9,709,9,1106,14,1108,14,1043,14,1057,14,1414,18,314,340,379,587,561,535,497,463,286,315,330,519,547,508,560,951
2016,3,0804400,10529,5000,47,5529,53,1194,11,1230,12,933,9,1605,15,1877,18,1293,12,1133,11,1264,12,610,627,467,769,922,643,525,437,584,603,466,836,955,650,608,827
2016,3,0804900,9827,4655,47,5172,53,1036,11,1013,10,1019,10,1400,14,1610,16,1374,14,1093,11,1282,13,505,530,497,644,781,704,523,471,531,483,522,756,829,670,570,811
2016,3,0805200,6864,3347,49,3517,51,544,8,519,8,609,9,920,13,940,14,1005,15,918,13,1409,21,286,293,313,494,474,515,425,547,258,226,296,426,466,490,493,862
2016,3,0806000,7943,3946,50,3997,50,701,9,922,12,833,10,1032,13,1305,16,1225,15,917,12,1008,13,361,484,448,527,612,642,464,408,340,438,385,505,693,583,453,600
2016,3,0806900,5120,2504,49,2616,51,390,8,375,7,607,12,736,14,678,13,703,14,693,14,938,18,213,184,331,392,367,360,322,335,177,191,276,344,311,343,371,603
2016,3,0807400,3472,1659,48,1813,52,236,7,303,9,406,12,454,13,499,14,464,13,451,13,659,19,130,170,205,239,262,230,194,229,106,133,201,215,237,234,257,430
2016,3,0807600,18630,9318,50,9312,50,2540,14,2118,11,1630,9,3177,17,3562,19,2385,13,1456,8,1762,9,1315,1093,845,1563,1897,1283,727,595,1225,1025,785,1614,1665,1102,729,1167
2016,3,0808400,6638,3238,49,3400,51,462,7,595,9,679,10,1025,15,985,15,962,14,877,13,1053,16,235,300,363,581,510,465,425,359,227,295,316,444,475,497,452,694
2016,3,0809200,2242,1070,48,1172,52,153,7,207,9,245,11,327,15,305,14,311,14,296,13,398,18,77,101,128,167,160,151,142,144,76,106,117,160,145,160,154,254
2016,3,0809600,10256,4861,47,5395,53,980,10,1079,11,1018,10,1453,14,1730,17,1375,13,1192,12,1429,14,518,559,540,700,841,670,537,496,462,520,478,753,889,705,655,933
2016,3,0840200,23689,11219,47,12470,53,1690,7,2048,9,3177,13,3038,13,2811,12,3430,14,3182,13,4313,18,847,1027,1667,1659,1396,1655,1426,1542,843,1021,1510,1379,1415,1775,1756,2771
2016,3,0840601,5676,2684,47,2992,53,383,7,485,9,725,13,674,12,672,12,765,13,791,14,1181,21,199,243,394,366,341,369,383,389,184,242,331,308,331,396,408,792
2016,3,0880200,29041,13745,47,15296,53,2009,7,2417,8,3636,13,3864,13,3567,12,3965,14,4016,14,5567,19,1040,1258,1917,2068,1810,1909,1790,1953,969,1159,1719,1796,1757,2056,2226,3614
2016,3,0885100,3970,1908,48,2062,52,257,6,292,7,510,13,551,14,426,11,579,15,509,13,846,21,135,151,282,304,222,288,239,287,122,141,228,247,204,291,270,559
2016,3,0887600,1555,750,48,805,52,82,5,117,8,179,12,191,12,207,13,203,13,218,14,358,23,48,58,98,106,120,100,105,115,34,59,81,85,87,103,113,243
2016,3,0888301,3752,1737,46,2015,54,204,5,271,7,445,12,530,14,408,11,580,15,514,14,800,21,108,133,218,298,204,276,244,256,96,138,227,232,204,304,270,544
2016,3,0900200,28714,13476,47,15238,53,2295,8,2611,9,3529,12,3891,14,3823,13,3801,13,3473,12,5291,18,1211,1340,1844,2015,1909,1829,1594,1734,1084,1271,1685,1876,1914,1972,1879,3557
2016,3,0901201,8332,4049,49,4283,51,516,6,761,9,1111,13,1127,14,989,12,1135,14,1115,13,1578,19,282,383,579,600,534,552,553,566,234,378,532,527,455,583,562,1012
2016,3,0905100,7294,3459,47,3835,53,403,6,544,7,767,11,921,13,892,12,1026,14,1020,14,1721,24,210,291,395,490,466,522,488,597,193,253,372,431,426,504,532,1124
2016,3,0905700,2338,1171,50,1167,50,182,8,191,8,325,14,345,15,255,11,274,12,337,14,429,18,89,93,170,209,144,134,164,168,93,98,155,136,111,140,173,261
2016,3,0940200,8277,3790,46,4487,54,500,6,603,7,919,11,983,12,834,10,1249,15,1182,14,2007,24,283,316,475,530,422,599,529,636,217,287,444,453,412,650,653,1371
2016,3,0941600,12487,5994,48,6493,52,946,8,1059,8,1505,12,1731,14,1520,12,1752,14,1647,13,2327,19,502,543,820,952,782,833,772,790,444,516,685,779,738,919,875,1537
2016,3,0941800,3204,1439,45,1765,55,166,5,243,8,314,10,288,9,364,11,460,14,524,16,845,26,81,128,165,150,187,222,255,251,85,115,149,138,177,238,269,594
2016,3,0960200,6100,2923,48,3177,52,437,7,482,8,734,12,832,14,761,12,904,15,802,13,1148,19,237,230,380,459,400,449,391,377,200,252,354,373,361,455,411,771
2016,3,0961000,3148,1443,46,1705,54,183,6,219,7,356,11,421,13,338,11,454,14,404,13,773,25,83,120,181,233,185,216,182,243,100,99,175,188,153,238,222,530
2016,3,0961600,5154,2395,46,2759,54,282,5,397,8,544,11,675,13,602,12,773,15,738,14,1143,22,148,201,271,382,281,381,354,377,134,196,273,293,321,392,384,766
2016,3,0964700,3143,1543,49,1600,51,229,7,267,8,352,11,430,14,395,13,454,14,409,13,607,19,120,128,184,251,214,224,206,216,109,139,168,179,181,230,203,391
2016,3,0967101,7834,3952,50,3882,50,559,7,630,8,906,12,1200,15,936,12,1193,15,1000,13,1410,18,291,327,482,695,521,632,469,535,268,303,424,505,415,561,531,875
2016,3,0967300,1826,888,49,938,51,114,6,150,8,264,14,233,13,206,11,291,16,241,13,327,18,62,77,151,139,104,135,122,98,52,73,113,94,102,156,119,229
2016,3,0980200,11459,5675,50,5784,50,767,7,1036,9,1401,12,1519,13,1420,12,1598,14,1603,14,2115,18,371,534,772,842,742,824,803,787,396,502,629,677,678,774,800,1328
2016,3,UNK,5,,,,,,,,,,,,,,,,,,,,,,,,,,,,,,,,,,,,
2016,4,0010000,639357,282889,44,356468,56,48157,8,47094,7,53572,8,102203,16,89663,14,84642,13,86341,14,127685,20,24799,24149,26973,49869,43194,38255,35409,40241,23358,22945,26599,52334,46469,46387,50932,87444
2016,4,0050000,85538,38152,45,47386,55,5868,7,6391,7,7887,9,10688,12,11020,13,13165,15,12437,15,18082,21,3108,3274,4016,5564,5248,6178,5206,5558,2760,3117,3871,5124,5772,6987,7231,12524
2016,4,0090000,57033,25948,45,31085,55,4853,9,4983,9,5636,10,8547,15,7828,14,7506,13,7195,13,10485,18,2495,2507,2793,4374,3850,3525,3013,3391,2358,2476,2843,4173,3978,3981,4182,7094
2016,4,0110000,22578,10300,46,12278,54,1512,7,1945,9,2374,11,3104,14,2990,13,3260,14,3149,14,4244,19,778,932,1257,1645,1489,1507,1362,1330,734,1013,1117,1459,1501,1753,1787,2914
2016,4,0130000,49247,22411,46,26836,54,3292,7,3758,8,4230,9,6532,13,6821,14,7165,15,7165,15,10284,21,1704,1933,2188,3261,3309,3449,3136,3431,1588,1825,2042,3271,3512,3716,4029,6853
2016,4,0170000,70613,31306,44,39307,56,5474,8,6251,9,7475,11,8977,13,9090,13,9651,14,9075,13,14620,21,2843,3185,3818,4307,4364,4429,3811,4549,2631,3066,3657,4670,4726,5222,5264,10071
2016,4,0210000,28721,12725,44,15996,56,1830,6,2324,8,2841,10,3510,12,3786,13,4289,15,4424,15,5717,20,958,1234,1485,1745,1738,1956,1885,1724,872,1090,1356,1765,2048,2333,2539,3993
2016,4,0250000,23257,10245,44,13012,56,1861,8,1936,8,2425,10,3157,14,2881,12,3211,14,3029,13,4757,20,993,989,1236,1471,1358,1398,1251,1549,868,947,1189,1686,1523,1813,1778,3208
2016,4,0270000,35964,16156,45,19808,55,2515,7,2834,8,3705,10,4327,12,4796,13,5104,14,5105,14,7578,21,1292,1434,1849,2171,2292,2403,2209,2506,1223,1400,1856,2156,2504,2701,2896,5072
2016,4,0320201,7321,3292,45,4029,55,466,6,568,8,753,10,1012,14,931,13,1042,14,1135,16,1414,19,243,305,362,542,468,453,459,460,223,263,391,470,463,589,676,954
2016,4,0320244,1056,500,47,556,53,81,8,78,7,137,13,150,14,122,12,167,16,146,14,175,17,45,36,63,94,61,78,64,59,36,42,74,56,61,89,82,116
2016,4,0321007,1944,913,47,1031,53,124,6,160,8,212,11,249,13,243,13,243,13,286,15,427,22,65,85,101,132,137,124,128,141,59,75,111,117,106,119,158,286
2016,4,0321027,80,42,53,38,48,5,6,3,4,9,11,13,16,9,11,14,18,14,18,13,16,3,2,5,4,7,9,7,5,2,1,4,9,2,5,7,8
2016,4,0321050,929,460,50,469,50,49,5,65,7,114,12,125,13,95,10,146,16,158,17,177,19,22,29,62,80,52,69,86,60,27,36,52,45,43,77,72,117
2016,4,0321078,972,479,49,493,51,57,6,88,9,129,13,153,16,110,11,153,16,123,13,159,16,31,39,65,79,65,82,63,55,26,49,64,74,45,71,60,104
2016,4,0321080,771,379,49,392,51,50,6,67,9,67,9,114,15,94,12,120,16,114,15,145,19,27,32,31,55,56,65,56,57,23,35,36,59,38,55,58,88
2016,4,0321084,355,173,49,182,51,15,4,16,5,47,13,41,12,42,12,58,16,60,17,76,21,4,11,30,25,17,32,31,23,11,5,17,16,25,26,29,53
2016,4,0321086,448,223,50,225,50,16,4,46,10,59,13,45,10,69,15,68,15,52,12,93,21,11,27,33,30,30,41,23,28,5,19,26,15,39,27,29,65
2016,4,0321413,3211,1459,45,1752,55,208,6,258,8,361,11,408,13,370,12,461,14,437,14,708,22,112,130,192,227,182,217,187,212,96,128,169,181,188,244,250,496
2016,4,0321442,647,321,50,326,50,41,6,36,6,85,13,75,12,67,10,119,18,71,11,153,24,24,19,46,48,31,67,35,51,17,17,39,27,36,52,36,102
2016,4,0321458,703,361,51,342,49,43,6,44,6,89,13,74,11,86,12,111,16,103,15,153,22,17,21,49,45,47,68,55,59,26,23,40,29,39,43,48,94
2016,4,0321492,716,365,51,351,49,47,7,47,7,76,11,90,13,75,10,100,14,123,17,158,22,25,25,34,56,47,52,68,58,22,22,42,34,28,48,55,100
2016,4,0326146,1076,517,48,559,52,105,10,108,10,134,12,187,17,108,10,152,14,131,12,151,14,49,56,69,111,58,73,54,47,56,52,65,76,50,79,77,104
2016,4,0326154,508,245,48,263,52,28,6,54,11,86,17,72,14,58,11,73,14,52,10,85,17,13,27,49,39,27,30,30,30,15,27,37,33,31,43,22,55
2016,4,0326160,3625,1724,48,1901,52,236,7,268,7,452,12,482,13,428,12,571,16,449,12,739,20,120,141,244,266,222,283,210,238,116,127,208,216,206,288,239,501
2016,4,0327166,1047,527,50,520,50,38,4,52,5,118,11,144,14,127,12,187,18,163,16,218,21,15,32,60,78,73,99,98,72,23,20,58,66,54,88,65,146
2016,4,0327170,1565,757,48,808,52,95,6,100,6,211,13,196,13,189,12,242,15,208,13,324,21,46,48,116,116,95,120,102,114,49,52,95,80,94,122,106,210
2016,4,0327174,403,205,51,198,49,21,5,19,5,49,12,58,14,44,11,61,15,77,19,74,18,12,10,24,34,25,35,36,29,9,9,25,24,19,26,41,45
2016,4,0327196,625,325,52,300,48,39,6,35,6,95,15,82,13,63,10,104,17,97,16,110,18,24,19,57,49,31,51,48,46,15,16,38,33,32,53,49,64
2016,4,0328200,3478,1611,46,1867,54,225,6,249,7,378,11,464,13,406,12,448,13,500,14,808,23,120,114,183,250,205,233,228,278,105,135,195,214,201,215,272,530
2016,4,0360201,7171,3183,44,3988,56,434,6,584,8,855,12,857,12,815,11,1068,15,987,14,1571,22,212,280,441,437,402,466,436,509,222,304,414,420,413,602,551,1062
2016,4,0360242,1339,644,48,695,52,69,5,108,8,174,13,137,10,175,13,197,15,187,14,292,22,40,53,96,68,91,106,93,97,29,55,78,69,84,91,94,195
2016,4,0360244,404,180,45,224,55,41,10,29,7,51,13,61,15,26,6,61,15,55,14,80,20,17,16,24,31,12,32,23,25,24,13,27,30,14,29,32,55
2016,4,0360252,354,162,46,192,54,18,5,29,8,63,18,36,10,43,12,61,17,47,13,57,16,9,15,26,19,19,31,26,17,9,14,37,17,24,30,21,40
2016,4,0360256,1026,483,47,543,53,64,6,95,9,129,13,126,12,101,10,153,15,152,15,206,20,33,41,57,72,57,82,79,62,31,54,72,54,44,71,73,144
2016,4,0360258,432,205,47,227,53,32,7,22,5,55,13,53,12,42,10,95,22,51,12,82,19,23,9,29,25,25,47,26,21,9,13,26,28,17,48,25,61
2016,4,0360260,422,190,45,232,55,36,9,44,10,64,15,55,13,49,12,75,18,35,8,64,15,12,23,29,32,18,38,17,21,24,21,35,23,31,37,18,43
2016,4,0360264,147,65,44,82,56,3,2,11,7,10,7,17,12,13,9,24,16,33,22,36,24,2,3,7,9,7,11,15,11,1,8,3,8,6,13,18,25
2016,4,0360268,766,361,47,405,53,43,6,62,8,107,14,70,9,86,11,114,15,87,11,197,26,21,35,53,36,46,53,47,70,22,27,54,34,40,61,40,127
2016,4,0360272,384,194,51,190,49,32,8,47,12,57,15,34,9,46,12,58,15,38,10,72,19,18,24,35,16,22,31,17,31,14,23,22,18,24,27,21,41
2016,4,0360274,571,273,48,298,52,36,6,36,6,99,17,48,8,53,9,110,19,51,9,138,24,19,17,59,27,23,52,31,45,17,19,40,21,30,58,20,93
2016,4,0360276,322,157,49,165,51,21,7,24,7,45,14,35,11,48,15,45,14,52,16,52,16,12,12,22,22,27,27,21,14,9,12,23,13,21,18,31,38
2016,4,0360280,623,296,48,327,52,49,8,49,8,69,11,74,12,66,11,91,15,81,13,144,23,21,23,38,35,33,50,45,51,28,26,31,39,33,41,36,93
2016,4,0360288,327,158,48,169,52,18,6,12,4,53,16,53,16,27,8,69,21,40,12,55,17,9,6,32,24,13,32,20,22,9,6,21,29,14,37,20,33
2016,4,0360294,341,168,49,173,51,25,7,26,8,42,12,53,16,33,10,62,18,45,13,55,16,14,16,25,29,22,30,19,13,11,10,17,24,11,32,26,42
2016,4,0360296,740,359,49,381,51,42,6,55,7,111,15,97,13,96,13,112,15,93,13,134,18,24,31,52,46,54,54,45,53,18,24,59,51,42,58,48,81
2016,4,0360805,901,421,47,480,53,52,6,52,6,124,14,123,14,109,12,135,15,117,13,189,21,26,22,64,69,53,67,59,61,26,30,60,54,56,68,58,128
2016,4,0360825,461,239,52,222,48,44,10,41,9,63,14,60,13,50,11,70,15,50,11,83,18,27,23,36,34,29,34,28,28,17,18,27,26,21,36,22,55
2016,4,0360848,854,401,47,453,53,64,7,74,9,117,14,106,12,99,12,117,14,109,13,168,20,30,41,62,57,50,58,57,46,34,33,55,49,49,59,52,122
2016,4,0360884,716,372,52,344,48,44,6,62,9,85,12,98,14,70,10,95,13,104,15,158,22,31,35,46,67,36,50,54,53,13,27,39,31,34,45,50,105
2016,4,0360890,599,307,51,292,49,29,5,41,7,93,16,83,14,56,9,111,19,60,10,126,21,16,25,49,53,27,60,27,50,13,16,44,30,29,51,33,76
2016,4,0380201,6457,2890,45,3567,55,404,6,529,8,691,11,802,12,770,12,938,15,1024,16,1299,20,208,301,329,415,381,427,419,410,196,228,362,387,389,511,605,889
2016,4,0380246,663,336,51,327,49,38,6,38,6,83,13,66,10,84,13,110,17,106,16,138,21,20,20,56,35,42,56,62,45,18,18,27,31,42,54,44,93
2016,4,0380248,442,213,48,229,52,24,5,30,7,59,13,51,12,53,12,68,15,83,19,74,17,13,16,31,29,32,32,40,20,11,14,28,22,21,36,43,54
2016,4,0380250,726,356,49,370,51,40,6,45,6,111,15,67,9,83,11,134,18,89,12,157,22,22,27,53,36,44,75,47,52,18,18,58,31,39,59,42,105
2016,4,0380252,517,260,50,257,50,21,4,36,7,95,18,43,8,56,11,103,20,64,12,99,19,11,23,52,26,28,58,27,35,10,13,43,17,28,45,37,64
2016,4,0380256,354,168,47,186,53,29,8,29,8,50,14,57,16,36,10,53,15,48,14,52,15,18,13,26,31,16,24,24,16,11,16,24,26,20,29,24,36
2016,4,0380258,1313,658,50,655,50,67,5,106,8,144,11,159,12,130,10,194,15,209,16,304,23,37,55,89,86,66,103,99,123,30,51,55,73,64,91,110,181
2016,4,0380266,262,125,48,137,52,13,5,19,7,32,12,25,10,32,12,47,18,40,15,54,21,8,10,14,11,16,25,22,19,5,9,18,14,16,22,18,35
2016,4,0380286,945,438,46,507,54,66,7,67,7,152,16,116,12,90,10,166,18,112,12,176,19,36,35,76,67,46,79,51,48,30,32,76,49,44,87,61,128
2016,4,0380290,387,197,51,190,49,28,7,29,7,54,14,50,13,39,10,74,19,43,11,70,18,16,17,31,28,23,38,19,25,12,12,23,22,16,36,24,45
2016,4,0380294,605,271,45,334,55,37,6,55,9,62,10,64,11,84,14,88,15,76,13,139,23,13,24,29,27,48,48,42,40,24,31,33,37,36,40,34,99
2016,4,0381615,1330,623,47,707,53,57,4,101,8,160,12,131,10,182,14,199,15,211,16,289,22,37,46,90,81,95,91,108,75,20,55,70,50,87,108,103,214
2016,4,0381660,327,162,50,165,50,10,3,20,6,34,10,27,8,33,10,39,12,73,22,91,28,7,13,19,14,21,23,37,28,3,7,15,13,12,16,36,63
2016,4,0381670,660,331,50,329,50,30,5,62,9,74,11,88,13,84,13,96,15,84,13,142,22,15,38,44,57,47,43,42,45,15,24,30,31,37,53,42,97
2016,4,0381678,533,259,49,274,51,25,5,30,6,50,9,56,11,64,12,84,16,89,17,135,25,13,9,30,29,40,46,55,37,12,21,20,27,24,38,34,98
2016,4,0381682,1037,503,49,534,51,50,5,87,8,165,16,104,10,118,11,189,18,112,11,212,20,23,45,88,59,60,103,58,67,27,42,77,45,58,86,54,145
2016,4,0381692,499,249,50,250,50,16,3,27,5,70,14,63,13,47,9,82,16,74,15,120,24,9,19,31,43,29,42,42,34,7,8,39,20,18,40,32,86
2016,4,0381698,636,293,46,343,54,36,6,46,7,68,11,83,13,81,13,81,13,121,19,120,19,14,19,37,44,51,35,54,39,22,27,31,39,30,46,67,81
2016,4,0384400,1058,518,49,540,51,52,5,69,7,142,13,125,12,106,10,201,19,135,13,228,22,28,39,69,79,54,110,71,68,24,30,73,46,52,91,64,160
2016,4,0387564,913,448,49,465,51,50,5,69,8,112,12,118,13,130,14,136,15,119,13,179,20,21,37,61,72,65,79,56,57,29,32,51,46,65,57,63,122
2016,4,0387574,1377,655,48,722,52,70,5,101,7,195,14,193,14,156,11,208,15,184,13,270,20,34,55,95,108,84,105,92,82,36,46,100,85,72,103,92,188
2016,4,0400201,8858,3890,44,4968,56,657,7,780,9,950,11,1217,14,1151,13,1236,14,1167,13,1700,19,339,389,455,623,553,554,461,516,318,391,495,594,598,682,706,1184
2016,4,0400246,1356,682,50,674,50,75,6,132,10,164,12,181,13,187,14,199,15,171,13,247,18,37,69,85,106,105,104,94,82,38,63,79,75,82,95,77,165
2016,4,0400250,1672,821,49,851,51,127,8,155,9,205,12,233,14,216,13,245,15,200,12,291,17,63,87,110,131,117,125,88,100,64,68,95,102,99,120,112,191
2016,4,0400252,2394,1151,48,1243,52,153,6,202,8,267,11,346,14,270,11,337,14,327,14,492,21,77,113,138,197,140,167,151,168,76,89,129,149,130,170,176,324
2016,4,0400256,662,313,47,349,53,38,6,55,8,75,11,87,13,79,12,109,16,86,13,133,20,21,26,38,47,38,52,42,49,17,29,37,40,41,57,44,84
2016,4,0400260,2103,1008,48,1095,52,116,6,162,8,255,12,299,14,239,11,331,16,384,18,317,15,63,78,147,167,125,145,186,97,53,84,108,132,114,186,198,220
2016,4,0400268,3515,1722,49,1793,51,290,8,328,9,412,12,504,14,427,12,511,15,493,14,550,16,145,171,206,284,220,257,239,200,145,157,206,220,207,254,254,350
2016,4,0400272,1441,712,49,729,51,88,6,116,8,170,12,193,13,188,13,201,14,187,13,298,21,42,57,89,119,98,106,99,102,46,59,81,74,90,95,88,196
2016,4,0400292,1910,978,51,932,49,130,7,148,8,243,13,272,14,218,11,314,16,242,13,343,18,76,82,135,164,121,163,115,122,54,66,108,108,97,151,127,221
2016,4,0406400,8587,4065,47,4522,53,626,7,801,9,1033,12,1207,14,1173,14,1241,14,1052,12,1454,17,313,417,522,646,600,599,490,478,313,384,511,561,573,642,562,976
2016,4,0407776,1774,826,47,948,53,131,7,124,7,222,13,242,14,213,12,245,14,246,14,351,20,65,67,116,121,120,106,112,119,66,57,106,121,93,139,134,232
2016,4,0407788,780,381,49,399,51,47,6,59,8,87,11,106,14,92,12,114,15,107,14,168,22,28,25,46,71,50,58,49,54,19,34,41,35,42,56,58,114
2016,4,0407796,924,464,50,460,50,78,8,75,8,101,11,132,14,108,12,122,13,132,14,176,19,43,47,56,76,59,59,66,58,35,28,45,56,49,63,66,118
2016,4,0409544,746,370,50,376,50,36,5,62,8,93,12,104,14,106,14,116,16,93,12,136,18,16,31,54,55,63,57,54,40,20,31,39,49,43,59,39,96
2016,4,0409562,615,319,52,296,48,34,6,44,7,74,12,81,13,63,10,88,14,94,15,137,22,17,24,39,49,39,46,53,52,17,20,35,32,24,42,41,85
2016,4,0409580,1042,514,49,528,51,33,3,74,7,135,13,131,13,102,10,193,19,130,12,244,23,16,37,75,79,57,93,58,99,17,37,60,52,45,100,72,145
2016,4,0409584,762,386,51,376,49,46,6,59,8,93,12,114,15,83,11,120,16,104,14,143,19,23,40,54,63,51,58,54,43,23,19,39,51,32,62,50,100
2016,4,0409590,921,456,50,465,50,61,7,79,9,110,12,114,12,110,12,132,14,139,15,176,19,38,43,55,72,59,74,61,54,23,36,55,42,51,58,78,122
2016,4,0409594,4157,2011,48,2146,52,332,8,365,9,486,12,598,14,550,13,560,13,530,13,736,18,155,213,253,321,281,282,244,262,177,152,233,277,269,278,286,474
2016,4,0420201,15387,6773,44,8614,56,1146,7,1237,8,1708,11,2078,14,1848,12,2058,13,2051,13,3261,21,586,631,910,1010,862,875,844,1055,560,606,798,1068,986,1183,1207,2206
2016,4,0420290,1361,675,50,686,50,110,8,130,10,177,13,176,13,148,11,188,14,169,12,263,19,65,65,100,98,77,98,72,100,45,65,77,78,71,90,97,163
2016,4,0421211,1057,494,47,563,53,55,5,91,9,105,10,141,13,120,11,137,13,137,13,271,26,27,59,55,83,63,64,60,83,28,32,50,58,57,73,77,188
2016,4,0421262,2346,1116,48,1230,52,160,7,159,7,249,11,342,15,299,13,332,14,328,14,477,20,74,81,126,190,173,150,159,163,86,78,123,152,126,182,169,314
2016,4,0424742,678,327,48,351,52,49,7,53,8,85,13,92,14,81,12,101,15,92,14,125,18,24,26,40,52,44,50,43,48,25,27,45,40,37,51,49,77
2016,4,0424746,2346,1115,48,1231,52,172,7,215,9,272,12,324,14,283,12,342,15,320,14,418,18,82,98,146,169,146,168,161,145,90,117,126,155,137,174,159,273
2016,4,0424768,795,386,49,409,51,59,7,66,8,119,15,111,14,88,11,119,15,99,12,134,17,36,33,57,61,47,57,49,46,23,33,62,50,41,62,50,88
2016,4,0424778,764,378,49,386,51,43,6,60,8,110,14,86,11,96,13,88,12,111,15,170,22,20,38,57,51,49,43,64,56,23,22,53,35,47,45,47,114
2016,4,0424796,754,403,53,351,47,32,4,62,8,91,12,104,14,97,13,118,16,82,11,168,22,20,38,57,61,55,60,48,64,12,24,34,43,42,58,34,104
2016,4,0425756,1831,850,46,981,54,113,6,136,7,253,14,232,13,227,12,238,13,251,14,381,21,45,55,131,130,127,114,115,133,68,81,122,102,100,124,136,248
2016,4,0425798,361,176,49,185,51,23,6,28,8,51,14,32,9,43,12,45,12,49,14,90,25,11,11,30,16,28,23,24,33,12,17,21,16,15,22,25,57
2016,4,0427360,2805,1300,46,1505,54,184,7,230,8,357,13,310,11,373,13,427,15,357,13,567,20,101,120,187,159,189,206,163,175,83,110,170,151,184,221,194,392
2016,4,0427364,705,348,49,357,51,46,7,50,7,101,14,124,18,68,10,106,15,89,13,121,17,30,23,51,73,31,54,51,35,16,27,50,51,37,52,38,86
2016,4,0427372,3866,1828,47,2038,53,261,7,311,8,447,12,555,14,460,12,573,15,517,13,742,19,133,169,221,304,236,261,231,273,128,142,226,251,224,312,286,469
2016,4,0427394,569,282,50,287,50,43,8,40,7,66,12,77,14,69,12,86,15,87,15,101,18,27,24,32,42,32,44,44,37,16,16,34,35,37,42,43,64
2016,4,0427574,1435,699,49,736,51,79,6,110,8,173,12,203,14,159,11,241,17,166,12,304,21,47,60,81,113,85,129,81,103,32,50,92,90,74,112,85,201
2016,4,0427580,1091,537,49,554,51,68,6,98,9,142,13,166,15,120,11,165,15,136,12,196,18,36,51,83,92,66,87,61,61,32,47,59,74,54,78,75,135
2016,4,0427582,1291,656,51,635,49,96,7,108,8,133,10,189,15,159,12,176,14,168,13,262,20,55,53,68,111,88,89,94,98,41,55,65,78,71,87,74,164
2016,4,0427748,876,413,47,463,53,51,6,64,7,100,11,119,14,101,12,123,14,108,12,210,24,15,34,45,63,58,63,56,79,36,30,55,56,43,60,52,131
2016,4,0427776,2330,1111,48,1219,52,131,6,188,8,275,12,315,14,273,12,355,15,302,13,491,21,64,103,133,172,134,175,152,178,67,85,142,143,139,180,150,313
2016,4,0429350,779,384,49,395,51,50,6,57,7,94,12,123,16,78,10,117,15,107,14,153,20,25,35,46,67,40,56,55,60,25,22,48,56,38,61,52,93
2016,4,0429354,622,301,48,321,52,30,5,52,8,90,14,106,17,80,13,103,17,63,10,98,16,11,30,47,55,44,49,34,31,19,22,43,51,36,54,29,67
2016,4,0429358,320,157,49,163,51,19,6,26,8,41,13,41,13,29,9,52,16,48,15,64,20,8,16,23,27,16,25,23,19,11,10,18,14,13,27,25,45
2016,4,0429386,779,403,52,376,48,43,6,60,8,88,11,118,15,80,10,130,17,99,13,161,21,22,33,44,72,50,64,46,72,21,27,44,46,30,66,53,89
2016,4,0429392,1343,686,51,657,49,76,6,83,6,159,12,185,14,149,11,220,16,181,13,290,22,41,47,87,114,82,114,101,100,35,36,72,71,67,106,80,190
2016,4,0440242,543,250,46,293,54,28,5,33,6,61,11,51,9,70,13,85,16,78,14,137,25,15,17,29,28,30,48,46,37,13,16,32,23,40,37,32,100
2016,4,0440246,528,261,49,267,51,27,5,38,7,59,11,46,9,56,11,87,16,81,15,134,25,11,18,37,24,31,48,39,53,16,20,22,22,25,39,42,81
2016,4,0440250,1302,662,51,640,49,57,4,83,6,134,10,203,16,145,11,217,17,199,15,264,20,31,51,73,112,88,108,105,94,26,32,61,91,57,109,94,170
2016,4,0440252,734,367,50,367,50,39,5,63,9,85,12,97,13,84,11,124,17,107,15,135,18,23,30,42,56,48,60,60,48,16,33,43,41,36,64,47,87
2016,4,0440260,1925,961,50,964,50,126,7,123,6,189,10,252,13,239,12,268,14,336,17,392,20,73,72,94,151,136,127,157,151,53,51,95,101,103,141,179,241
2016,4,0440262,1265,645,51,620,49,47,4,72,6,133,11,167,13,170,13,208,16,214,17,254,20,27,40,70,107,85,112,116,88,20,32,63,60,85,96,98,166
2016,4,0440264,1229,612,50,617,50,42,3,82,7,135,11,140,11,175,14,200,16,193,16,262,21,15,43,80,82,97,103,92,100,27,39,55,58,78,97,101,162
2016,4,0440268,1020,508,50,512,50,43,4,52,5,109,11,119,12,132,13,148,15,182,18,235,23,24,26,57,75,80,75,95,76,19,26,52,44,52,73,87,159
2016,4,0440270,822,414,50,408,50,43,5,63,8,95,12,89,11,107,13,149,18,114,14,162,20,27,38,50,54,47,83,55,60,16,25,45,35,60,66,59,102
2016,4,0440272,833,381,46,452,54,40,5,41,5,99,12,94,11,104,12,135,16,140,17,180,22,18,15,54,55,52,63,67,57,22,26,45,39,52,72,73,123
2016,4,0440274,4978,2305,46,2673,54,328,7,321,6,490,10,646,13,685,14,751,15,730,15,1027,21,162,158,241,338,341,354,330,381,166,163,249,308,344,397,400,646
2016,4,0440276,626,292,47,334,53,39,6,45,7,50,8,59,9,75,12,92,15,131,21,135,22,19,22,29,27,44,51,60,40,20,23,21,32,31,41,71,95
2016,4,0440284,561,269,48,292,52,28,5,28,5,52,9,61,11,49,9,98,17,104,19,141,25,12,10,29,35,24,58,57,44,16,18,23,26,25,40,47,97
2016,4,0440286,1112,548,49,564,51,44,4,75,7,104,9,131,12,137,12,186,17,169,15,266,24,20,47,48,79,80,98,86,90,24,28,56,52,57,88,83,176
2016,4,0440288,1049,493,47,556,53,51,5,75,7,113,11,99,9,139,13,163,16,142,14,267,25,27,40,62,53,72,81,73,85,24,35,51,46,67,82,69,182
2016,4,0440292,789,396,50,393,50,31,4,57,7,91,12,71,9,138,17,121,15,123,16,157,20,13,35,49,43,74,73,50,59,18,22,42,28,64,48,73,98
2016,4,0440294,699,335,48,364,52,29,4,53,8,90,13,66,9,73,10,124,18,109,16,155,22,18,27,51,33,42,62,58,44,11,26,39,33,31,62,51,111
2016,4,0440296,603,297,49,306,51,35,6,50,8,73,12,76,13,67,11,86,14,93,15,123,20,20,24,34,41,37,42,52,47,15,26,39,35,30,44,41,76
2016,4,0440298,1565,740,47,825,53,64,4,109,7,151,10,183,12,190,12,193,12,266,17,409,26,41,57,71,102,95,105,125,144,23,52,80,81,95,88,141,265
2016,4,0440807,2380,1042,44,1338,56,146,6,169,7,250,11,273,11,282,12,328,14,361,15,571,24,69,78,123,141,146,141,160,184,77,91,127,132,136,187,201,387
2016,4,0440815,645,289,45,356,55,41,6,41,6,67,10,72,11,57,9,83,13,118,18,166,26,19,21,35,37,31,42,54,50,22,20,32,35,26,41,64,116
2016,4,0440835,268,140,52,128,48,7,3,15,6,27,10,36,13,33,12,60,22,37,14,53,20,4,10,17,16,22,35,20,16,3,5,10,20,11,25,17,37
2016,4,0440844,837,404,48,433,52,28,3,48,6,98,12,117,14,74,9,139,17,143,17,190,23,13,27,44,76,37,72,69,66,15,21,54,41,37,67,74,124
2016,4,0440854,519,270,52,249,48,20,4,36,7,60,12,68,13,51,10,95,18,78,15,111,21,11,20,37,44,26,48,46,38,9,16,23,24,25,47,32,73
2016,4,0440856,787,364,46,423,54,41,5,55,7,88,11,97,12,84,11,132,17,120,15,170,22,22,26,43,46,37,68,64,58,19,29,45,51,47,64,56,112
2016,4,0440880,921,468,51,453,49,40,4,49,5,140,15,121,13,106,12,166,18,135,15,164,18,19,28,77,82,45,90,71,56,21,21,63,39,61,76,64,108
2016,4,0440890,853,404,47,449,53,42,5,50,6,111,13,98,11,92,11,115,13,147,17,198,23,23,27,51,62,46,59,66,70,19,23,60,36,46,56,81,128
2016,4,0460201,9460,4292,45,5168,55,620,7,785,8,1131,12,1277,13,1221,13,1281,14,1335,14,1810,19,322,402,599,683,591,575,512,608,298,383,532,594,630,706,823,1202
2016,4,0460242,842,409,49,433,51,47,6,74,9,94,11,97,12,101,12,108,13,137,16,184,22,21,42,50,52,61,56,61,66,26,32,44,45,40,52,76,118
2016,4,0460246,2841,1365,48,1476,52,201,7,276,10,343,12,371,13,392,14,379,13,376,13,503,18,107,132,173,209,192,194,183,175,94,144,170,162,200,185,193,328
2016,4,0460252,1712,825,48,887,52,105,6,141,8,205,12,215,13,189,11,290,17,212,12,355,21,64,69,106,123,94,150,98,121,41,72,99,92,95,140,114,234
2016,4,0460254,863,433,50,430,50,72,8,69,8,128,15,104,12,104,12,119,14,123,14,144,17,39,35,78,57,52,60,51,61,33,34,50,47,52,59,72,83
2016,4,0460260,758,372,49,386,51,54,7,68,9,99,13,112,15,105,14,105,14,93,12,122,16,26,38,56,55,58,56,49,34,28,30,43,57,47,49,44,88
2016,4,0460268,947,441,47,506,53,74,8,90,10,123,13,133,14,112,12,127,13,119,13,169,18,36,50,59,73,52,68,50,53,38,40,64,60,60,59,69,116
2016,4,0460272,1058,518,49,540,51,79,7,88,8,135,13,155,15,123,12,166,16,146,14,166,16,37,48,75,84,62,90,70,52,42,40,60,71,61,76,76,114
2016,4,0460280,683,339,50,344,50,43,6,38,6,93,14,89,13,74,11,112,16,94,14,140,20,23,18,51,49,36,54,46,62,20,20,42,40,38,58,48,78
2016,4,0460284,852,429,50,423,50,49,6,64,8,111,13,121,14,105,12,110,13,140,16,152,18,29,32,66,67,56,60,63,56,20,32,45,54,49,50,77,96
2016,4,0460298,429,212,49,217,51,28,7,46,11,62,14,53,12,48,11,68,16,51,12,73,17,10,21,32,30,26,35,27,31,18,25,30,23,22,33,24,42
2016,4,0460805,2355,1055,45,1300,55,147,6,189,8,269,11,272,12,238,10,323,14,358,15,559,24,86,91,134,133,121,138,160,192,61,98,135,139,117,185,198,367
2016,4,0460825,689,297,43,392,57,38,6,61,9,85,12,70,10,78,11,93,13,101,15,163,24,23,30,35,39,36,41,45,48,15,31,50,31,42,52,56,115
2016,4,0460850,1570,711,45,859,55,79,5,110,7,216,14,178,11,171,11,218,14,228,15,370,24,37,58,100,100,87,114,96,119,42,52,116,78,84,104,132,251
2016,4,0460864,352,167,47,185,53,18,5,23,7,44,13,43,12,34,10,62,18,50,14,78,22,5,13,23,25,16,31,26,28,13,10,21,18,18,31,24,50
2016,4,0460876,406,203,50,203,50,23,6,35,9,64,16,56,14,49,12,64,16,54,13,61,15,12,21,40,30,19,39,23,19,11,14,24,26,30,25,31,42
2016,4,0460890,324,154,48,170,52,26,8,23,7,29,9,39,12,33,10,38,12,49,15,87,27,13,12,10,20,22,24,17,36,13,11,19,19,11,14,32,51
2016,4,0460894,911,470,52,441,48,64,7,97,11,135,15,120,13,119,13,99,11,125,14,152,17,34,52,76,71,63,52,70,52,30,45,59,49,56,47,55,100
2016,4,0468944,942,454,48,488,52,55,6,67,7,134,14,123,13,109,12,127,13,134,14,193,20,33,36,72,69,53,58,70,63,22,31,62,54,56,69,64,130
2016,4,0468956,602,287,48,315,52,37,6,34,6,88,15,88,15,63,10,80,13,85,14,127,21,21,16,44,49,40,34,40,43,16,18,44,39,23,46,45,84
2016,4,0468988,1949,931,48,1018,52,121,6,136,7,228,12,297,15,209,11,298,15,248,13,412,21,59,74,119,174,108,147,109,141,62,62,109,123,101,151,139,271
2016,4,0500201,7656,3438,45,4218,55,438,6,575,8,926,12,935,12,1013,13,1171,15,1122,15,1476,19,216,306,475,488,484,529,498,442,222,269,451,447,529,642,624,1034
2016,4,0500244,1461,715,49,746,51,94,6,128,9,198,14,167,11,171,12,226,15,170,12,307,21,42,76,100,92,96,120,87,102,52,52,98,75,75,106,83,205
2016,4,0500248,991,486,49,505,51,56,6,72,7,138,14,129,13,111,11,154,16,154,16,177,18,22,40,64,68,66,84,76,66,34,32,74,61,45,70,78,111
2016,4,0500252,477,241,51,236,49,43,9,37,8,69,14,79,17,41,9,70,15,60,13,78,16,27,18,40,44,19,34,34,25,16,19,29,35,22,36,26,53
2016,4,0500256,626,303,48,323,52,43,7,50,8,110,18,67,11,72,12,83,13,70,11,131,21,19,32,43,45,38,39,35,52,24,18,67,22,34,44,35,79
2016,4,0500260,1082,521,48,561,52,73,7,75,7,129,12,152,14,126,12,165,15,150,14,212,20,38,40,64,83,69,84,73,70,35,35,65,69,57,81,77,142
2016,4,0500264,1419,673,47,746,53,80,6,98,7,178,13,179,13,160,11,201,14,192,14,331,23,39,53,88,99,78,118,94,104,41,45,90,80,82,83,98,227
2016,4,0500268,933,477,51,456,49,42,5,51,5,102,11,136,15,120,13,156,17,144,15,182,20,28,22,54,77,71,84,74,67,14,29,48,59,49,72,70,115
2016,4,0500272,1329,652,49,677,51,100,8,95,7,185,14,188,14,133,10,200,15,188,14,240,18,50,51,99,108,70,102,96,76,50,44,86,80,63,98,92,164
2016,4,0500276,375,188,50,187,50,25,7,16,4,59,16,41,11,49,13,58,15,46,12,81,22,14,9,30,26,31,34,17,27,11,7,29,15,18,24,29,54
2016,4,0500284,1286,644,50,642,50,71,6,131,10,160,12,180,14,154,12,175,14,179,14,236,18,45,75,88,91,78,95,90,82,26,56,72,89,76,80,89,154
2016,4,0500288,984,481,49,503,51,64,7,83,8,138,14,143,15,114,12,141,14,128,13,173,18,34,44,77,81,60,64,65,56,30,39,61,62,54,77,63,117
2016,4,0500290,1747,835,48,912,52,138,8,147,8,212,12,267,15,201,12,248,14,236,14,298,17,76,69,111,138,105,122,102,112,62,78,101,129,96,126,134,186
2016,4,0500294,862,389,45,473,55,75,9,60,7,115,13,122,14,89,10,127,15,104,12,170,20,35,31,47,65,46,58,55,52,40,29,68,57,43,69,49,118
2016,4,0540248,2013,968,48,1045,52,122,6,154,8,239,12,295,15,243,12,296,15,283,14,381,19,67,77,128,172,128,136,126,134,55,77,111,123,115,160,157,247
2016,4,0540252,2710,1314,48,1396,52,172,6,233,9,290,11,419,15,346,13,369,14,384,14,497,18,95,114,153,241,179,185,176,171,77,119,137,178,167,184,208,326
2016,4,0540256,2720,1332,49,1388,51,150,6,256,9,282,10,393,14,361,13,431,16,386,14,461,17,94,133,147,216,187,205,183,167,56,123,135,177,174,226,203,294
2016,4,0540258,1965,914,47,1051,53,111,6,148,8,170,9,266,14,224,11,296,15,283,14,467,24,56,77,98,143,124,139,132,145,55,71,72,123,100,157,151,322
2016,4,0540260,752,361,48,391,52,55,7,69,9,90,12,127,17,86,11,111,15,84,11,130,17,27,32,52,68,48,55,36,43,28,37,38,59,38,56,48,87
2016,4,0540262,2033,982,48,1051,52,130,6,168,8,226,11,321,16,254,12,296,15,256,13,382,19,70,81,111,179,148,143,119,131,60,87,115,142,106,153,137,251
2016,4,0540270,1409,694,49,715,51,85,6,105,7,165,12,195,14,180,13,218,15,200,14,261,19,45,52,89,113,97,106,101,91,40,53,76,82,83,112,99,170
2016,4,0540274,1505,740,49,765,51,96,6,121,8,216,14,203,13,193,13,208,14,205,14,263,17,43,57,122,119,103,106,99,91,53,64,94,84,90,102,106,172
2016,4,0540282,1622,779,48,843,52,118,7,122,8,192,12,220,14,238,15,250,15,183,11,299,18,52,56,97,125,120,133,85,111,66,66,95,95,118,117,98,188
2016,4,0540286,1833,881,48,952,52,110,6,133,7,217,12,248,14,223,12,288,16,257,14,357,19,58,58,117,146,108,154,117,123,52,75,100,102,115,134,140,234
2016,4,0540290,1458,745,51,713,49,82,6,114,8,160,11,229,16,260,18,182,12,191,13,240,16,48,57,89,123,146,98,100,84,34,57,71,106,114,84,91,156
2016,4,0540292,1386,683,49,703,51,94,7,117,8,174,13,182,13,196,14,197,14,180,13,246,18,43,56,91,100,110,111,85,87,51,61,83,82,86,86,95,159
2016,4,0540296,1419,696,49,723,51,101,7,121,9,183,13,179,13,185,13,195,14,171,12,284,20,57,66,107,100,100,97,77,92,44,55,76,79,85,98,94,192
2016,4,0546744,4150,1963,47,2187,53,378,9,379,9,431,10,607,15,594,14,569,14,520,13,672,16,182,188,228,310,313,271,242,229,196,191,203,297,281,298,278,443
2016,4,0546766,3908,1818,47,2090,53,461,12,400,10,341,9,572,15,631,16,471,12,405,10,627,16,236,194,179,255,318,227,183,226,225,206,162,317,313,244,222,401
2016,4,0546778,1607,798,50,809,50,142,9,142,9,196,12,243,15,218,14,215,13,188,12,263,16,68,70,100,138,119,112,90,101,74,72,96,105,99,103,98,162
2016,4,0560248,866,420,48,446,52,51,6,65,8,99,11,128,15,97,11,132,15,127,15,167,19,17,36,53,71,59,61,67,56,34,29,46,57,38,71,60,111
2016,4,0560252,492,236,48,256,52,36,7,32,7,75,15,87,18,47,10,69,14,62,13,84,17,13,17,37,50,28,33,33,25,23,15,38,37,19,36,29,59
2016,4,0560254,591,298,50,293,50,29,5,20,3,67,11,81,14,52,9,92,16,104,18,146,25,10,11,41,48,27,53,59,49,19,9,26,33,25,39,45,97
2016,4,0560266,547,272,50,275,50,33,6,39,7,77,14,71,13,54,10,83,15,85,16,105,19,17,11,45,43,26,42,47,41,16,28,32,28,28,41,38,64
2016,4,0560274,460,227,49,233,51,27,6,23,5,76,17,54,12,37,8,84,18,70,15,89,19,14,15,36,30,23,42,39,28,13,8,40,24,14,42,31,61
2016,4,0560282,908,443,49,465,51,34,4,68,7,128,14,95,10,106,12,139,15,127,14,211,23,15,41,64,58,61,70,64,70,19,27,64,37,45,69,63,141
2016,4,0560298,822,410,50,412,50,63,8,48,6,105,13,118,14,81,10,136,17,98,12,173,21,31,29,55,73,51,64,49,58,32,19,50,45,30,72,49,115
2016,4,0560805,1061,485,46,576,54,64,6,64,6,134,13,142,13,103,10,186,18,140,13,228,21,36,34,69,80,45,94,64,63,28,30,65,62,58,92,76,165
2016,4,0560825,393,212,54,181,46,19,5,16,4,58,15,58,15,35,9,76,19,47,12,84,21,15,9,31,32,23,38,29,35,4,7,27,26,12,38,18,49
2016,4,0560844,471,245,52,226,48,29,6,43,9,66,14,62,13,51,11,63,13,72,15,85,18,20,21,42,29,30,31,38,34,9,22,24,33,21,32,34,51
2016,4,0560862,844,468,55,376,45,23,3,35,4,88,10,123,15,121,14,153,18,152,18,149,18,12,16,54,71,74,92,85,64,11,19,34,52,47,61,67,85
2016,4,0561815,1631,743,46,888,54,105,6,148,9,190,12,208,13,179,11,229,14,237,15,335,21,53,74,94,115,87,111,97,112,52,74,96,93,92,118,140,223
2016,4,0561835,617,330,53,287,47,41,7,41,7,84,14,69,11,57,9,113,18,70,11,142,23,26,21,55,41,33,65,36,53,15,20,29,28,24,48,34,89
2016,4,0561858,457,219,48,238,52,23,5,25,5,53,12,56,12,43,9,78,17,64,14,115,25,13,15,28,32,24,41,32,34,10,10,25,24,19,37,32,81
2016,4,0561880,542,264,49,278,51,40,7,45,8,88,16,69,13,55,10,85,16,59,11,101,19,20,23,44,38,28,50,32,29,20,22,44,31,27,35,27,72
2016,4,0561888,564,273,48,291,52,23,4,42,7,59,10,73,13,72,13,79,14,75,13,141,25,14,21,28,38,39,44,32,57,9,21,31,35,33,35,43,84
2016,4,0566946,601,287,48,314,52,34,6,36,6,77,13,82,14,56,9,101,17,80,13,135,22,22,17,38,48,29,51,46,36,12,19,39,34,27,50,34,99
2016,4,0566968,864,436,50,428,50,54,6,70,8,108,13,120,14,88,10,143,17,111,13,170,20,26,47,54,67,45,79,57,61,28,23,54,53,43,64,54,109
2016,4,0566970,1860,898,48,962,52,131,7,155,8,196,11,211,11,204,11,235,13,297,16,431,23,62,78,95,111,100,135,149,168,69,77,101,100,104,100,148,263
2016,4,0566976,704,357,51,347,49,36,5,52,7,85,12,76,11,94,13,124,18,98,14,139,20,19,24,49,45,49,65,52,54,17,28,36,31,45,59,46,85
2016,4,0566994,1112,554,50,558,50,105,9,97,9,139,13,169,15,113,10,160,14,142,13,187,17,54,49,80,86,67,82,74,62,51,48,59,83,46,78,68,125
2016,4,0566996,683,347,51,336,49,57,8,46,7,112,16,72,11,78,11,111,16,80,12,127,19,29,25,61,46,42,59,40,45,28,21,51,26,36,52,40,82
2016,4,0568786,2805,1377,49,1428,51,224,8,241,9,331,12,387,14,350,12,446,16,389,14,437,16,126,133,187,215,168,223,178,147,98,108,144,172,182,223,211,290
2016,4,0568790,791,387,49,404,51,48,6,57,7,104,13,108,14,81,10,111,14,104,13,178,23,19,34,52,60,40,63,47,72,29,23,52,48,41,48,57,106
2016,4,0600201,8150,3580,44,4570,56,417,5,612,8,875,11,827,10,981,12,1235,15,1460,18,1743,21,201,313,448,454,452,535,610,567,216,299,427,373,529,700,850,1176
2016,4,0600248,511,260,51,251,49,15,3,25,5,50,10,51,10,50,10,105,21,78,15,137,27,9,11,28,32,28,62,41,49,6,14,22,19,22,43,37,88
2016,4,0600262,966,457,47,509,53,52,5,74,8,89,9,86,9,104,11,159,16,148,15,254,26,27,37,50,42,56,93,71,81,25,37,39,44,48,66,77,173
2016,4,0600264,609,283,46,326,54,24,4,32,5,73,12,67,11,63,10,95,16,91,15,164,27,10,13,36,35,36,47,47,59,14,19,37,32,27,48,44,105
2016,4,0600268,677,356,53,321,47,29,4,61,9,67,10,87,13,69,10,122,18,98,14,144,21,16,32,39,52,40,70,55,52,13,29,28,35,29,52,43,92
2016,4,0600270,529,268,51,261,49,26,5,30,6,50,9,54,10,60,11,88,17,90,17,131,25,10,15,26,33,39,45,53,47,16,15,24,21,21,43,37,84
2016,4,0600274,499,236,47,263,53,23,5,23,5,56,11,50,10,49,10,100,20,70,14,128,26,10,15,28,28,25,53,32,45,13,8,28,22,24,47,38,83
2016,4,0600278,452,228,50,224,50,19,4,27,6,48,11,49,11,40,9,83,18,77,17,109,24,8,11,28,26,24,43,38,50,11,16,20,23,16,40,39,59
2016,4,0600284,457,232,51,225,49,18,4,23,5,36,8,53,12,42,9,83,18,79,17,123,27,9,14,19,35,25,44,45,41,9,9,17,18,17,39,34,82
2016,4,0600286,805,397,49,408,51,27,3,49,6,110,14,78,10,83,10,144,18,97,12,217,27,10,28,61,44,45,68,59,82,17,21,49,34,38,76,38,135
2016,4,0600288,539,265,49,274,51,27,5,33,6,58,11,63,12,44,8,115,21,90,17,109,20,15,15,29,39,19,61,54,33,12,18,29,24,25,54,36,76
2016,4,0600296,1223,572,47,651,53,55,4,96,8,146,12,94,8,155,13,208,17,175,14,294,24,28,33,77,51,82,111,74,116,27,63,69,43,73,97,101,178
2016,4,0601009,2140,997,47,1143,53,129,6,165,8,219,10,233,11,263,12,331,15,299,14,501,23,69,75,117,132,134,165,138,167,60,90,102,101,129,166,161,334
2016,4,0601042,1089,536,49,553,51,39,4,75,7,142,13,129,12,115,11,195,18,160,15,234,21,20,37,77,76,60,104,78,84,19,38,65,53,55,91,82,150
2016,4,0601044,536,256,48,280,52,25,5,43,8,82,15,41,8,68,13,105,20,61,11,111,21,9,25,38,24,37,57,32,34,16,18,44,17,31,48,29,77
2016,4,0601046,462,214,46,248,54,29,6,38,8,70,15,51,11,59,13,72,16,58,13,85,18,15,18,38,28,25,37,26,27,14,20,32,23,34,35,32,58
2016,4,0601050,336,171,51,165,49,10,3,20,6,30,9,37,11,35,10,65,19,67,20,72,21,5,11,18,25,19,35,33,25,5,9,12,12,16,30,34,47
2016,4,0601054,701,332,47,369,53,37,5,50,7,96,14,77,11,86,12,110,16,111,16,134,19,16,30,45,41,45,55,53,47,21,20,51,36,41,55,58,87
2016,4,0601056,713,352,49,361,51,39,5,52,7,77,11,77,11,70,10,111,16,112,16,175,25,23,29,36,40,40,58,62,64,16,23,41,37,30,53,50,111
2016,4,0601076,450,223,50,227,50,27,6,43,10,55,12,57,13,55,12,77,17,66,15,70,16,13,19,32,30,33,41,33,22,14,24,23,27,22,36,33,48
2016,4,0601080,186,100,54,86,46,8,4,9,5,27,15,20,11,24,13,31,17,32,17,35,19,4,6,19,14,15,15,14,13,4,3,8,6,9,16,18,22
2016,4,0601090,345,163,47,182,53,14,4,22,6,43,12,34,10,38,11,57,17,50,14,87,25,6,11,19,21,19,33,24,30,8,11,24,13,19,24,26,57
2016,4,0601092,503,243,48,260,52,28,6,40,8,51,10,63,13,60,12,79,16,88,17,94,19,17,19,25,36,36,37,48,25,11,21,26,27,24,42,40,69
2016,4,0604342,1745,825,47,920,53,102,6,121,7,213,12,195,11,166,10,321,18,247,14,380,22,47,63,107,109,74,173,123,129,55,58,106,86,92,148,124,251
2016,4,0604358,444,215,48,229,52,9,2,30,7,51,11,32,7,44,10,72,16,81,18,125,28,7,16,28,18,23,39,38,46,2,14,23,14,21,33,43,79
2016,4,0604372,740,369,50,371,50,25,3,42,6,81,11,75,10,84,11,139,19,124,17,170,23,10,23,41,38,48,74,79,56,15,19,40,37,36,65,45,114
2016,4,0604394,640,318,50,322,50,34,5,69,11,72,11,64,10,83,13,95,15,85,13,138,22,15,36,36,38,46,54,42,51,19,33,36,26,37,41,43,87
2016,4,0620201,10989,4882,44,6107,56,781,7,939,9,1302,12,1446,13,1402,13,1469,13,1431,13,2219,20,404,481,633,714,677,643,603,727,377,458,669,732,725,826,828,1492
2016,4,0620246,849,421,50,428,50,66,8,77,9,130,15,104,12,104,12,112,13,120,14,136,16,30,43,63,59,55,58,61,52,36,34,67,45,49,54,59,84
2016,4,0620250,612,318,52,294,48,22,4,32,5,78,13,85,14,63,10,113,18,102,17,117,19,9,19,48,56,35,57,52,42,13,13,30,29,28,56,50,75
2016,4,0620254,364,190,52,174,48,30,8,33,9,52,14,54,15,38,10,43,12,58,16,56,15,18,16,28,32,22,22,34,18,12,17,24,22,16,21,24,38
2016,4,0620258,724,360,50,364,50,38,5,68,9,95,13,92,13,89,12,107,15,89,12,146,20,23,34,51,49,53,54,43,53,15,34,44,43,36,53,46,93
2016,4,0620260,1957,945,48,1012,52,142,7,180,9,240,12,302,15,244,12,241,12,278,14,330,17,78,94,125,161,127,124,131,105,64,86,115,141,117,117,147,225
2016,4,0620264,1039,522,50,517,50,63,6,95,9,169,16,126,12,121,12,133,13,156,15,176,17,27,50,92,76,67,68,76,66,36,45,77,50,54,65,80,110
2016,4,0620272,998,461,46,537,54,76,8,94,9,120,12,141,14,117,12,148,15,123,12,179,18,37,46,51,70,62,77,56,62,39,48,69,71,55,71,67,117
2016,4,0620274,1011,510,50,501,50,83,8,65,6,134,13,160,16,118,12,134,13,148,15,169,17,44,36,75,87,66,58,78,66,39,29,59,73,52,76,70,103
2016,4,0620280,876,419,48,457,52,54,6,59,7,108,12,101,12,100,11,121,14,147,17,186,21,25,25,52,59,53,59,71,75,29,34,56,42,47,62,76,111
2016,4,0620284,1496,752,50,744,50,117,8,143,10,192,13,207,14,199,13,202,14,195,13,241,16,62,79,98,110,107,106,95,95,55,64,94,97,92,96,100,146
2016,4,0620290,715,334,47,381,53,44,6,58,8,102,14,107,15,73,10,105,15,100,14,126,18,22,25,41,58,39,48,53,48,22,33,61,49,34,57,47,78
2016,4,0620292,844,422,50,422,50,49,6,78,9,132,16,135,16,83,10,122,14,108,13,137,16,24,38,69,84,41,56,55,55,25,40,63,51,42,66,53,82
2016,4,0620296,980,490,50,490,50,81,8,101,10,151,15,132,13,117,12,141,14,116,12,141,14,46,54,82,70,56,79,54,49,35,47,69,62,61,62,62,92
2016,4,0621209,2003,905,45,1098,55,104,5,140,7,226,11,242,12,224,11,270,13,318,16,479,24,52,63,113,133,109,135,146,154,52,77,113,109,115,135,172,325
2016,4,0621229,1004,507,50,497,50,87,9,106,11,127,13,120,12,138,14,126,13,125,12,175,17,55,52,52,73,78,68,62,67,32,54,75,47,60,58,63,108
2016,4,0621268,578,290,50,288,50,29,5,64,11,68,12,76,13,64,11,80,14,84,15,113,20,14,38,34,44,35,43,39,43,15,26,34,32,29,37,45,70
2016,4,0621278,410,206,50,204,50,15,4,26,6,64,16,52,13,44,11,60,15,72,18,77,19,7,11,36,35,23,31,42,21,8,15,28,17,21,29,30,56
2016,4,0621282,905,446,49,459,51,37,4,59,7,123,14,103,11,107,12,126,14,125,14,225,25,22,34,74,56,61,65,59,75,15,25,49,47,46,61,66,150
2016,4,0624200,1384,657,47,727,53,88,6,99,7,174,13,176,13,149,11,189,14,235,17,274,20,48,49,80,97,81,99,109,94,40,50,94,79,68,90,126,180
2016,4,0640605,4283,1970,46,2313,54,239,6,335,8,512,12,496,12,490,11,620,14,543,13,1048,24,133,162,269,286,245,294,224,357,106,173,243,210,245,326,319,691
2016,4,0640642,826,414,50,412,50,60,7,74,9,124,15,103,12,86,10,111,13,109,13,159,19,30,42,69,61,40,58,52,62,30,32,55,42,46,53,57,97
2016,4,0640648,1074,504,47,570,53,92,9,88,8,155,14,141,13,111,10,156,15,145,14,186,17,36,46,78,82,57,74,75,56,56,42,77,59,54,82,70,130
2016,4,0640666,696,351,50,345,50,51,7,72,10,79,11,98,14,74,11,112,16,97,14,113,16,24,42,49,56,34,59,50,37,27,30,30,42,40,53,47,76
2016,4,0640668,1269,620,49,649,51,82,6,120,9,159,13,141,11,130,10,129,10,195,15,313,25,44,62,78,77,73,64,98,124,38,58,81,64,57,65,97,189
2016,4,0640672,534,276,52,258,48,32,6,53,10,64,12,61,11,59,11,84,16,65,12,116,22,15,27,37,34,32,48,35,48,17,26,27,27,27,36,30,68
2016,4,0640807,508,238,47,270,53,22,4,34,7,57,11,60,12,58,11,76,15,62,12,139,27,13,16,31,37,25,37,35,44,9,18,26,23,33,39,27,95
2016,4,0640827,388,200,52,188,48,20,5,25,6,46,12,52,13,38,10,56,14,65,17,86,22,11,13,26,31,26,25,36,32,9,12,20,21,12,31,29,54
2016,4,0640850,640,316,49,324,51,46,7,57,9,79,12,88,14,65,10,111,17,81,13,113,18,24,28,41,56,33,54,48,32,22,29,38,32,32,57,33,81
2016,4,0640888,805,386,48,419,52,56,7,70,9,80,10,116,14,111,14,98,12,107,13,167,21,27,36,43,63,63,44,55,55,29,34,37,53,48,54,52,112
2016,4,0640894,426,221,52,205,48,20,5,28,7,52,12,36,8,63,15,55,13,72,17,100,23,13,15,30,23,38,23,36,43,7,13,22,13,25,32,36,57
2016,4,0641009,3706,1692,46,2014,54,291,8,331,9,420,11,444,12,527,14,431,12,495,13,767,21,151,180,196,228,252,207,203,275,140,151,224,216,275,224,292,492
2016,4,0641044,603,290,48,313,52,48,8,55,9,92,15,74,12,63,10,86,14,66,11,119,20,21,29,49,42,34,40,30,45,27,26,43,32,29,46,36,74
2016,4,0641056,723,374,52,349,48,56,8,59,8,100,14,98,14,82,11,106,15,91,13,131,18,27,36,53,54,47,61,41,55,29,23,47,44,35,45,50,76
2016,4,0641060,2375,1130,48,1245,52,125,5,180,8,285,12,275,12,311,13,344,14,346,15,509,21,63,99,155,150,166,159,166,172,62,81,130,125,145,185,180,337
2016,4,0641076,1351,672,50,679,50,101,7,117,9,156,12,185,14,181,13,182,13,154,11,275,20,55,57,81,100,99,96,68,116,46,60,75,85,82,86,86,159
2016,4,0641413,940,423,45,517,55,50,5,54,6,128,14,104,11,83,9,151,16,114,12,256,27,25,31,63,58,43,80,56,67,25,23,65,46,40,71,58,189
2016,4,0641486,470,240,51,230,49,30,6,30,6,58,12,50,11,46,10,76,16,70,15,110,23,18,11,28,27,25,42,45,44,12,19,30,23,21,34,25,66
2016,4,0641496,1255,607,48,648,52,78,6,109,9,120,10,202,16,111,9,192,15,187,15,256,20,46,55,58,102,67,100,87,92,32,54,62,100,44,92,100,164
2016,4,0641615,1975,905,46,1070,54,110,6,151,8,261,13,235,12,205,10,293,15,272,14,448,23,62,76,130,140,97,144,119,137,48,75,131,95,108,149,153,311
2016,4,0641646,844,414,49,430,51,60,7,82,10,106,13,92,11,84,10,115,14,141,17,164,19,25,38,56,48,49,58,80,60,35,44,50,44,35,57,61,104
2016,4,0641658,647,318,49,329,51,31,5,61,9,76,12,79,12,97,15,86,13,97,15,120,19,15,36,43,45,53,45,45,36,16,25,33,34,44,41,52,84
2016,4,0641664,561,282,50,279,50,28,5,52,9,75,13,68,12,68,12,76,14,83,15,111,20,15,28,43,45,36,39,34,42,13,24,32,23,32,37,49,69
2016,4,0641682,550,282,51,268,49,36,7,62,11,66,12,60,11,65,12,70,13,80,15,111,20,20,31,36,33,34,37,46,45,16,31,30,27,31,33,34,66
2016,4,0641698,811,392,48,419,52,76,9,72,9,114,14,112,14,88,11,118,15,80,10,151,19,39,40,57,64,46,64,34,48,37,32,57,48,42,54,46,103
2016,4,0647978,2500,1224,49,1276,51,126,5,205,8,293,12,317,13,284,11,404,16,319,13,552,22,72,109,158,180,143,209,160,193,54,96,135,137,141,195,159,359
2016,4,0647980,813,404,50,409,50,46,6,57,7,87,11,108,13,95,12,125,15,109,13,186,23,27,35,37,58,56,66,50,75,19,22,50,50,39,59,59,111
2016,4,0648552,613,313,51,300,49,37,6,46,8,77,13,65,11,57,9,105,17,94,15,132,22,15,26,42,42,38,52,50,48,22,20,35,23,19,53,44,84
2016,4,0648584,1037,513,49,524,51,61,6,61,6,118,11,126,12,96,9,163,16,152,15,260,25,30,31,72,73,53,91,77,86,31,30,46,53,43,72,75,174
2016,4,0649354,356,184,52,172,48,14,4,19,5,46,13,55,15,29,8,70,20,46,13,77,22,7,14,27,35,12,39,24,26,7,5,19,20,17,31,22,51
2016,4,0649392,2074,977,47,1097,53,141,7,187,9,246,12,251,12,249,12,260,13,247,12,493,24,73,87,135,130,136,136,110,170,68,100,111,121,113,124,137,323
2016,4,0660201,7332,3301,45,4031,55,473,6,574,8,847,12,972,13,909,12,994,14,1046,14,1517,21,236,284,437,490,453,452,440,509,237,290,410,482,456,542,606,1008
2016,4,0660252,1122,566,50,556,50,87,8,78,7,138,12,141,13,134,12,174,16,146,13,224,20,47,47,75,75,76,94,78,74,40,31,63,66,58,80,68,150
2016,4,0660264,2166,1082,50,1084,50,164,8,208,10,254,12,275,13,290,13,303,14,266,12,406,19,83,120,125,155,154,161,126,158,81,88,129,120,136,142,140,248
2016,4,0660268,701,334,48,367,52,52,7,69,10,67,10,103,15,75,11,93,13,106,15,136,19,26,31,29,62,39,44,56,47,26,38,38,41,36,49,50,89
2016,4,0660276,1991,1007,51,984,49,121,6,156,8,206,10,245,12,248,12,272,14,251,13,492,25,65,83,120,143,128,154,134,180,56,73,86,102,120,118,117,312
2016,4,0660280,1042,508,49,534,51,69,7,83,8,121,12,138,13,106,10,163,16,125,12,237,23,37,46,56,78,51,91,64,85,32,37,65,60,55,72,61,152
2016,4,0660284,1308,645,49,663,51,70,5,108,8,169,13,192,15,154,12,189,14,166,13,260,20,44,62,81,113,83,88,88,86,26,46,88,79,71,101,78,174
2016,4,0660288,1154,563,49,591,51,60,5,83,7,152,13,148,13,121,10,179,16,159,14,252,22,34,39,78,86,60,99,75,92,26,44,74,62,61,80,84,160
2016,4,0661007,1155,536,46,619,54,59,5,83,7,128,11,134,12,141,12,169,15,155,13,286,25,29,43,65,67,79,85,68,100,30,40,63,67,62,84,87,186
2016,4,0661017,911,439,48,472,52,60,7,85,9,116,13,112,12,108,12,109,12,124,14,197,22,35,39,73,62,55,55,61,59,25,46,43,50,53,54,63,138
2016,4,0661027,777,383,49,394,51,59,8,66,8,104,13,101,13,88,11,101,13,114,15,144,19,29,37,57,53,51,48,61,47,30,29,47,48,37,53,53,97
2016,4,0661037,558,282,51,276,49,37,7,46,8,67,12,64,11,67,12,85,15,62,11,130,23,18,21,29,35,38,53,40,48,19,25,38,29,29,32,22,82
2016,4,0661044,595,276,46,319,54,25,4,37,6,92,15,86,14,50,8,100,17,70,12,135,23,19,15,47,45,25,49,38,38,6,22,45,41,25,51,32,97
2016,4,0661048,900,448,50,452,50,63,7,74,8,126,14,138,15,92,10,146,16,95,11,166,18,35,43,73,79,47,68,50,53,28,31,53,59,45,78,45,113
2016,4,0661405,743,347,47,396,53,31,4,54,7,77,10,89,12,96,13,127,17,98,13,171,23,17,25,42,52,44,64,47,56,14,29,35,37,52,63,51,115
2016,4,0661415,2811,1266,45,1545,55,141,5,210,7,319,11,351,12,362,13,412,15,384,14,632,22,85,100,153,199,170,199,164,196,56,110,166,152,192,213,220,436
2016,4,0661425,490,250,51,240,49,29,6,57,12,54,11,60,12,62,13,70,14,67,14,91,19,18,32,32,34,31,33,37,33,11,25,22,26,31,37,30,58
2016,4,0661435,2017,1007,50,1010,50,108,5,152,8,260,13,279,14,251,12,304,15,275,14,388,19,53,79,138,154,136,166,138,143,55,73,122,125,115,138,137,245
2016,4,0661460,1765,858,49,907,51,75,4,119,7,192,11,224,13,191,11,286,16,283,16,395,22,40,60,100,120,93,148,145,152,35,59,92,104,98,138,138,243
2016,4,0680201,8186,3584,44,4602,56,463,6,619,8,798,10,1039,13,1103,13,1259,15,1225,15,1680,21,231,313,388,533,529,582,488,520,232,306,410,506,574,677,737,1160
2016,4,0680246,536,261,49,275,51,22,4,36,7,69,13,58,11,65,12,88,16,77,14,121,23,12,22,40,31,35,39,44,38,10,14,29,27,30,49,33,83
2016,4,0680250,635,318,50,317,50,34,5,37,6,60,9,84,13,82,13,125,20,92,14,121,19,19,19,37,50,43,61,51,38,15,18,23,34,39,64,41,83
2016,4,0680258,981,504,51,477,49,60,6,98,10,113,12,121,12,132,13,157,16,130,13,170,17,28,53,67,78,66,89,69,54,32,45,46,43,66,68,61,116
2016,4,0680260,540,262,49,278,51,25,5,32,6,52,10,59,11,57,11,90,17,87,16,138,26,13,17,28,39,31,49,43,42,12,15,24,20,26,41,44,96
2016,4,0680278,370,190,51,180,49,15,4,19,5,36,10,36,10,39,11,73,20,52,14,100,27,10,9,20,27,19,43,25,37,5,10,16,9,20,30,27,63
2016,4,0680280,385,192,50,193,50,26,7,22,6,33,9,53,14,33,9,65,17,72,19,81,21,14,7,15,34,18,36,43,25,12,15,18,19,15,29,29,56
2016,4,0680286,550,268,49,282,51,31,6,39,7,71,13,44,8,72,13,82,15,67,12,144,26,14,20,39,31,34,48,30,52,17,19,32,13,38,34,37,92
2016,4,0680288,320,157,49,163,51,11,3,8,3,34,11,45,14,36,11,57,18,57,18,72,23,6,2,20,23,18,28,30,30,5,6,14,22,18,29,27,42
2016,4,0680292,456,225,49,231,51,15,3,25,5,37,8,42,9,42,9,91,20,81,18,123,27,6,12,12,25,32,55,44,39,9,13,25,17,10,36,37,84
2016,4,0681009,2034,898,44,1136,56,129,6,163,8,243,12,240,12,254,12,303,15,260,13,442,22,53,86,137,127,115,155,109,116,76,77,106,113,139,148,151,326
2016,4,0681054,356,169,47,187,53,16,4,21,6,43,12,42,12,44,12,61,17,55,15,74,21,8,9,20,25,28,33,24,22,8,12,23,17,16,28,31,52
2016,4,0681068,1173,545,46,628,54,56,5,69,6,122,10,138,12,145,12,162,14,180,15,301,26,25,34,66,76,74,86,77,107,31,35,56,62,71,76,103,194
2016,4,0681070,844,400,47,444,53,49,6,51,6,99,12,121,14,101,12,149,18,101,12,173,20,23,28,49,66,49,85,50,50,26,23,50,55,52,64,51,123
2016,4,0681072,610,286,47,324,53,25,4,37,6,72,12,90,15,57,9,105,17,101,17,123,20,11,15,37,56,28,54,49,36,14,22,35,34,29,51,52,87
2016,4,0681094,664,335,50,329,50,27,4,53,8,102,15,75,11,79,12,97,15,102,15,129,19,10,30,60,45,36,57,53,44,17,23,42,30,43,40,49,85
2016,4,0681817,1531,705,46,826,54,78,5,125,8,151,10,198,13,204,13,235,15,220,14,320,21,46,67,78,113,105,108,88,100,32,58,73,85,99,127,132,220
2016,4,0681864,315,151,48,164,52,11,3,19,6,37,12,40,13,33,10,46,15,56,18,73,23,5,10,23,24,21,18,33,17,6,9,14,16,12,28,23,56
2016,4,0681884,549,272,50,277,50,24,4,35,6,80,15,70,13,65,12,89,16,82,15,104,19,15,16,45,39,35,46,38,38,9,19,35,31,30,43,44,66
2016,4,0681896,593,301,51,292,49,36,6,51,9,71,12,66,11,95,16,64,11,91,15,119,20,19,27,34,35,56,42,44,44,17,24,37,31,39,22,47,75
2016,4,0684944,410,199,49,211,51,31,8,25,6,56,14,54,13,39,10,72,18,53,13,80,20,13,10,27,35,22,40,26,26,18,15,29,19,17,32,27,54
2016,4,0684948,723,338,47,385,53,44,6,55,8,86,12,96,13,81,11,119,16,108,15,134,19,22,22,44,51,44,56,56,43,22,33,42,45,37,63,52,91
2016,4,0684966,277,141,51,136,49,8,3,15,5,32,12,25,9,38,14,39,14,55,20,65,23,2,6,22,14,25,21,32,19,6,9,10,11,13,18,23,46
2016,4,0684990,553,279,50,274,50,36,7,34,6,66,12,80,14,53,10,85,15,84,15,115,21,23,17,35,44,33,45,41,41,13,17,31,36,20,40,43,74
2016,4,0684998,695,333,48,362,52,32,5,43,6,74,11,96,14,80,12,116,17,98,14,156,22,12,16,41,57,39,56,54,58,20,27,33,39,41,60,44,98
2016,4,0700201,7360,3185,43,4175,57,507,7,563,8,865,12,933,13,868,12,1067,14,1064,14,1493,20,244,270,424,472,417,472,433,453,263,293,441,461,451,595,631,1040
2016,4,0700242,1336,670,50,666,50,81,6,125,9,167,13,167,13,172,13,173,13,175,13,276,21,41,71,88,94,97,84,96,99,40,54,79,73,75,89,79,177
2016,4,0700244,1262,606,48,656,52,76,6,80,6,144,11,173,14,155,12,169,13,208,16,257,20,46,41,67,104,80,96,94,78,30,39,77,69,75,73,114,179
2016,4,0700246,1465,732,50,733,50,92,6,115,8,185,13,202,14,160,11,232,16,189,13,290,20,48,57,111,116,80,114,99,107,44,58,74,86,80,118,90,183
2016,4,0700250,1184,555,47,629,53,79,7,102,9,164,14,142,12,140,12,158,13,153,13,246,21,43,50,89,77,67,71,76,82,36,52,75,65,73,87,77,164
2016,4,0700262,1692,797,47,895,53,116,7,104,6,219,13,217,13,209,12,224,13,264,16,339,20,61,63,115,120,109,96,112,121,55,41,104,97,100,128,152,218
2016,4,0700266,655,300,46,355,54,36,5,47,7,93,14,66,10,96,15,97,15,108,16,112,17,17,22,40,41,47,51,47,35,19,25,53,25,49,46,61,77
2016,4,0700268,1227,606,49,621,51,70,6,95,8,162,13,177,14,137,11,178,15,167,14,241,20,35,51,88,103,77,86,85,81,35,44,74,74,60,92,82,160
2016,4,0700270,1306,667,51,639,49,84,6,105,8,167,13,169,13,137,10,186,14,166,13,292,22,44,67,96,96,77,92,88,107,40,38,71,73,60,94,78,185
2016,4,0700274,889,416,47,473,53,51,6,69,8,102,11,109,12,117,13,134,15,104,12,203,23,25,33,60,55,67,70,52,54,26,36,42,54,50,64,52,149
2016,4,0700276,646,311,48,335,52,41,6,38,6,72,11,103,16,74,11,97,15,95,15,126,20,24,21,32,58,38,51,48,39,17,17,40,45,36,46,47,87
2016,4,0700282,996,492,49,504,51,54,5,69,7,124,12,145,15,111,11,157,16,128,13,208,21,29,30,65,84,63,81,63,77,25,39,59,61,48,76,65,131
2016,4,0700286,1463,722,49,741,51,95,6,115,8,182,12,207,14,147,10,240,16,198,14,279,19,55,62,105,111,84,116,103,86,40,53,77,96,63,124,95,193
2016,4,0700290,1335,635,48,700,52,97,7,105,8,179,13,182,14,154,12,214,16,173,13,231,17,51,53,85,102,78,100,87,79,46,52,94,80,76,114,86,152
2016,4,0700296,598,294,49,304,51,29,5,47,8,84,14,75,13,73,12,85,14,79,13,126,21,16,19,40,48,35,44,43,49,13,28,44,27,38,41,36,77
2016,4,0700807,1443,689,48,754,52,53,4,101,7,186,13,171,12,175,12,213,15,232,16,312,22,31,60,110,92,86,94,116,100,22,41,76,79,89,119,116,212
2016,4,0700827,1124,553,49,571,51,72,6,88,8,163,15,129,11,135,12,168,15,148,13,221,20,36,41,90,74,75,88,73,76,36,47,73,55,60,80,75,145
2016,4,0701413,1631,752,46,879,54,91,6,110,7,208,13,211,13,190,12,236,14,216,13,369,23,47,48,100,129,101,113,98,116,44,62,108,82,89,123,118,253
2016,4,0701458,738,390,53,348,47,36,5,54,7,110,15,88,12,75,10,127,17,93,13,155,21,19,27,62,58,43,72,52,57,17,27,48,30,32,55,41,98
2016,4,0701817,1853,819,44,1034,56,108,6,140,8,240,13,237,13,205,11,249,13,207,11,467,25,55,77,116,121,90,122,98,140,53,63,124,116,115,127,109,327
2016,4,0701878,692,358,52,334,48,30,4,53,8,99,14,92,13,77,11,102,15,90,13,149,22,17,31,53,55,47,55,47,53,13,22,46,37,30,47,43,96
2016,4,0701894,719,358,50,361,50,26,4,61,8,110,15,83,12,76,11,110,15,107,15,146,20,11,40,62,42,40,56,55,52,15,21,48,41,36,54,52,94
2016,4,0705554,2203,998,45,1205,55,136,6,175,8,253,11,289,13,235,11,275,12,298,14,542,25,74,82,117,159,117,126,152,171,62,93,136,130,118,149,146,371
2016,4,0705560,236,127,54,109,46,8,3,7,3,33,14,22,9,23,10,31,13,43,18,69,29,3,3,19,18,13,17,19,35,5,4,14,4,10,14,24,34
2016,4,0705592,491,250,51,241,49,22,4,37,8,72,15,55,11,43,9,72,15,63,13,127,26,16,19,31,40,25,39,27,53,6,18,41,15,18,33,36,74
2016,4,0740201,23827,10586,44,13241,56,1913,8,2048,9,2249,9,3290,14,3602,15,2897,12,3080,13,4748,20,972,1035,1158,1669,1752,1330,1123,1547,941,1013,1091,1621,1850,1567,1957,3201
2016,4,0740252,652,333,51,319,49,31,5,54,8,72,11,96,15,60,9,124,19,83,13,132,20,17,31,39,55,36,69,41,45,14,23,33,41,24,55,42,87
2016,4,0740256,922,417,45,505,55,58,6,81,9,105,11,101,11,125,14,120,13,130,14,202,22,24,31,49,58,66,65,62,62,34,50,56,43,59,55,68,140
2016,4,0740260,597,295,49,302,51,37,6,52,9,83,14,76,13,68,11,79,13,79,13,123,21,18,27,44,49,41,36,43,37,19,25,39,27,27,43,36,86
2016,4,0740268,1556,715,46,841,54,90,6,135,9,207,13,170,11,184,12,217,14,209,13,344,22,41,62,107,90,97,104,92,122,49,73,100,80,87,113,117,222
2016,4,0740272,479,231,48,248,52,25,5,28,6,60,13,60,13,60,13,85,18,49,10,112,23,13,15,27,35,32,46,25,38,12,13,33,25,28,39,24,74
2016,4,0740276,509,257,50,252,50,20,4,31,6,64,13,80,16,51,10,80,16,74,15,109,21,10,16,40,53,25,40,37,36,10,15,24,27,26,40,37,73
2016,4,0740280,2769,1329,48,1440,52,220,8,255,9,323,12,363,13,404,15,403,15,295,11,506,18,110,131,166,195,207,197,144,179,110,124,157,168,197,206,151,327
2016,4,0740288,1803,867,48,936,52,116,6,163,9,233,13,247,14,236,13,244,14,231,13,333,18,44,84,130,133,120,128,103,125,72,79,103,114,116,116,128,208
2016,4,0740292,774,388,50,386,50,56,7,71,9,94,12,109,14,74,10,115,15,108,14,147,19,29,44,49,59,39,62,58,48,27,27,45,50,35,53,50,99
2016,4,0740605,6811,3195,47,3616,53,703,10,742,11,656,10,940,14,1067,16,857,13,738,11,1108,16,374,371,335,462,510,419,323,401,329,371,321,478,557,438,415,707
2016,4,0740625,2539,1273,50,1266,50,236,9,264,10,257,10,392,15,431,17,326,13,283,11,350,14,119,128,146,205,230,173,135,137,117,136,111,187,201,153,148,213
2016,4,0741009,2185,993,45,1192,55,148,7,144,7,220,10,322,15,274,13,308,14,330,15,439,20,67,72,110,160,132,134,141,177,81,72,110,162,142,174,189,262
2016,4,0741029,622,318,51,304,49,43,7,42,7,71,11,90,14,69,11,109,18,76,12,122,20,23,21,37,54,41,56,40,46,20,21,34,36,28,53,36,76
2016,4,0741044,1528,776,51,752,49,103,7,116,8,173,11,200,13,184,12,236,15,205,13,311,20,47,67,106,116,98,120,106,116,56,49,67,84,86,116,99,195
2016,4,0741084,1102,556,50,546,50,60,5,92,8,132,12,144,13,138,13,167,15,160,15,209,19,36,47,70,91,71,91,78,72,24,45,62,53,67,76,82,137
2016,4,0741413,6078,2780,46,3298,54,471,8,558,9,692,11,803,13,914,15,860,14,739,12,1041,17,231,283,351,412,442,407,305,349,240,275,341,391,472,453,434,692
2016,4,0741433,899,456,51,443,49,66,7,82,9,120,13,142,16,116,13,131,15,97,11,145,16,37,45,63,83,63,67,52,46,29,37,57,59,53,64,45,99
2016,4,0741448,1771,837,47,934,53,101,6,164,9,176,10,235,13,227,13,234,13,278,16,356,20,56,71,93,134,121,126,118,118,45,93,83,101,106,108,160,238
2016,4,0741464,1190,598,50,592,50,74,6,99,8,135,11,148,12,143,12,168,14,167,14,256,22,40,49,82,95,66,91,90,85,34,50,53,53,77,77,77,171
2016,4,0760201,6617,2933,44,3684,56,420,6,459,7,729,11,910,14,742,11,1079,16,1037,16,1241,19,231,232,379,479,341,449,450,372,189,227,350,431,401,630,587,869
2016,4,0760244,538,269,50,269,50,35,7,28,5,51,9,79,15,60,11,91,17,87,16,107,20,14,17,24,41,41,51,45,36,21,11,27,38,19,40,42,71
2016,4,0760256,657,336,51,321,49,40,6,56,9,73,11,86,13,80,12,105,16,78,12,139,21,20,32,44,44,43,64,45,44,20,24,29,42,37,41,33,95
2016,4,0760258,1026,500,49,526,51,65,6,73,7,123,12,108,11,135,13,148,14,147,14,227,22,29,33,64,62,72,77,75,88,36,40,59,46,63,71,72,139
2016,4,0760274,909,433,48,476,52,53,6,51,6,122,13,113,12,84,9,133,15,126,14,227,25,26,24,53,68,49,67,70,76,27,27,69,45,35,66,56,151
2016,4,0761211,7520,3325,44,4195,56,478,6,644,9,769,10,914,12,900,12,1063,14,1289,17,1463,19,243,294,399,438,472,478,538,463,235,350,370,476,428,585,751,1000
2016,4,0761252,748,363,49,385,51,37,5,43,6,86,11,77,10,86,11,116,16,135,18,168,22,16,23,38,47,48,64,75,52,21,20,48,30,38,52,60,116
2016,4,0761266,1152,565,49,587,51,77,7,83,7,140,12,139,12,106,9,177,15,181,16,249,22,47,36,75,79,55,92,97,84,30,47,65,60,51,85,84,165
2016,4,0761268,743,353,48,390,52,46,6,58,8,111,15,98,13,85,11,125,17,82,11,138,19,20,34,53,58,46,66,40,36,26,24,58,40,39,59,42,102
2016,4,0761282,541,255,47,286,53,23,4,33,6,81,15,55,10,70,13,91,17,70,13,118,22,13,14,38,25,33,52,38,42,10,19,43,30,37,39,32,76
2016,4,0761286,767,380,50,387,50,43,6,54,7,108,14,93,12,85,11,128,17,98,13,158,21,22,28,64,49,46,65,52,54,21,26,44,44,39,63,46,104
2016,4,0766348,775,389,50,386,50,45,6,61,8,107,14,90,12,85,11,117,15,112,14,158,20,21,38,60,58,48,63,59,42,24,23,47,32,37,54,53,116
2016,4,0766362,1258,596,47,662,53,51,4,83,7,175,14,136,11,143,11,201,16,185,15,284,23,28,46,83,73,78,103,88,97,23,37,92,63,65,98,97,187
2016,4,0766370,1402,704,50,698,50,79,6,99,7,174,12,177,13,174,12,198,14,191,14,310,22,43,60,98,102,98,102,100,101,36,39,76,75,76,96,91,209
2016,4,0766376,406,206,51,200,49,13,3,27,7,45,11,42,10,42,10,59,15,71,17,107,26,7,18,27,27,24,34,34,35,6,9,18,15,18,25,37,72
2016,4,0766378,496,253,51,243,49,15,3,34,7,73,15,59,12,55,11,97,20,63,13,100,20,6,21,45,35,29,55,31,31,9,13,28,24,26,42,32,69
2016,4,0766380,736,375,51,361,49,25,3,47,6,130,18,97,13,78,11,114,15,121,16,124,17,13,27,70,64,38,61,63,39,12,20,60,33,40,53,58,85
2016,4,0769164,661,331,50,330,50,48,7,36,5,88,13,80,12,77,12,104,16,78,12,150,23,24,23,40,42,45,60,41,56,24,13,48,38,32,44,37,94
2016,4,0769190,711,344,48,367,52,31,4,45,6,109,15,104,15,55,8,121,17,105,15,141,20,19,20,56,60,29,51,60,49,12,25,53,44,26,70,45,92
2016,4,0769194,589,288,49,301,51,37,6,29,5,73,12,79,13,57,10,81,14,89,15,144,24,19,12,34,51,25,44,44,59,18,17,39,28,32,37,45,85
2016,4,0780242,1049,504,48,545,52,80,8,96,9,101,10,132,13,156,15,144,14,147,14,193,18,37,49,49,72,91,70,66,70,43,47,52,60,65,74,81,123
2016,4,0780244,631,315,50,316,50,46,7,59,9,79,13,84,13,79,13,104,16,79,13,101,16,23,22,42,49,41,53,49,36,23,37,37,35,38,51,30,65
2016,4,0780246,1168,579,50,589,50,71,6,99,8,134,11,177,15,149,13,184,16,154,13,200,17,42,56,73,96,69,97,78,68,29,43,61,81,80,87,76,132
2016,4,0780250,967,488,50,479,50,58,6,80,8,131,14,111,11,116,12,137,14,133,14,201,21,32,45,72,59,68,73,71,68,26,35,59,52,48,64,62,133
2016,4,0780252,805,410,51,395,49,51,6,71,9,96,12,102,13,87,11,127,16,123,15,148,18,26,40,61,60,48,62,67,46,25,31,35,42,39,65,56,102
2016,4,0780254,903,455,50,448,50,53,6,59,7,144,16,105,12,101,11,170,19,98,11,173,19,28,31,79,63,53,85,57,59,25,28,65,42,48,85,41,114
2016,4,0780256,1819,875,48,944,52,127,7,159,9,185,10,219,12,268,15,307,17,261,14,293,16,61,81,95,109,131,158,126,114,66,78,90,110,137,149,135,179
2016,4,0780258,683,356,52,327,48,30,4,39,6,85,12,78,11,102,15,95,14,108,16,146,21,16,18,43,51,63,54,61,50,14,21,42,27,39,41,47,96
2016,4,0780260,467,231,49,236,51,30,6,41,9,67,14,57,12,62,13,70,15,59,13,81,17,19,22,39,28,30,40,32,21,11,19,28,29,32,30,27,60
2016,4,0780262,1129,541,48,588,52,64,6,97,9,146,13,138,12,131,12,189,17,143,13,221,20,34,52,81,72,73,97,71,61,30,45,65,66,58,92,72,160
2016,4,0780266,691,344,50,347,50,43,6,45,7,84,12,101,15,68,10,104,15,103,15,143,21,17,26,40,61,32,65,54,49,26,19,44,40,36,39,49,94
2016,4,0780268,882,433,49,449,51,51,6,71,8,76,9,132,15,81,9,157,18,118,13,196,22,31,38,43,71,37,85,61,67,20,33,33,61,44,72,57,129
2016,4,0780270,2737,1271,46,1466,54,163,6,246,9,283,10,338,12,346,13,403,15,430,16,528,19,82,140,147,174,168,200,190,170,81,106,136,164,178,203,240,358
2016,4,0780272,554,295,53,259,47,24,4,38,7,71,13,67,12,61,11,102,18,67,12,124,22,12,20,50,47,39,61,34,32,12,18,21,20,22,41,33,92
2016,4,0780274,448,224,50,224,50,23,5,36,8,43,10,55,12,48,11,75,17,68,15,100,22,10,15,18,37,28,42,30,44,13,21,25,18,20,33,38,56
2016,4,0780276,1905,934,49,971,51,130,7,190,10,195,10,254,13,277,15,259,14,268,14,332,17,72,91,98,145,143,134,130,121,58,99,97,109,134,125,138,211
2016,4,0780278,914,434,47,480,53,63,7,70,8,107,12,130,14,138,15,137,15,134,15,135,15,24,34,47,73,72,74,63,47,39,36,60,57,66,63,71,88
2016,4,0780280,395,185,47,210,53,25,6,26,7,27,7,55,14,28,7,68,17,78,20,88,22,9,8,12,28,17,37,39,35,16,18,15,27,11,31,39,53
2016,4,0780282,701,354,50,347,50,33,5,37,5,102,15,98,14,84,12,104,15,93,13,150,21,14,20,61,61,45,58,48,47,19,17,41,37,39,46,45,103
2016,4,0780284,1108,548,49,560,51,56,5,91,8,140,13,136,12,116,10,202,18,140,13,227,20,32,55,74,71,56,119,62,79,24,36,66,65,60,83,78,148
2016,4,0780286,1324,651,49,673,51,91,7,111,8,181,14,162,12,160,12,216,16,170,13,233,18,43,50,94,90,91,110,78,95,48,61,87,72,69,106,92,138
2016,4,0780288,2537,1276,50,1261,50,142,6,230,9,360,14,315,12,350,14,376,15,337,13,427,17,88,121,197,168,190,198,176,138,54,109,163,147,160,178,161,289
2016,4,0780292,598,307,51,291,49,28,5,61,10,84,14,75,13,82,14,95,16,82,14,91,15,13,34,48,47,38,57,44,26,15,27,36,28,44,38,38,65
2016,4,0780294,797,350,44,447,56,53,7,66,8,91,11,81,10,71,9,110,14,119,15,206,26,16,35,49,44,30,58,57,61,37,31,42,37,41,52,62,145
2016,4,0780296,1491,708,47,783,53,98,7,105,7,175,12,218,15,187,13,229,15,217,15,262,18,39,43,94,121,101,111,105,94,59,62,81,97,86,118,112,168
2016,4,0781817,2965,1323,45,1642,55,154,5,231,8,335,11,362,12,376,13,462,16,424,14,621,21,65,111,165,200,184,212,178,208,89,120,170,162,192,250,246,413
2016,4,0781848,733,359,49,374,51,35,5,60,8,78,11,98,13,77,11,120,16,110,15,155,21,19,27,46,57,46,59,56,49,16,33,32,41,31,61,54,106
2016,4,0781890,679,339,50,340,50,38,6,43,6,84,12,85,13,78,11,117,17,96,14,138,20,19,15,45,52,42,66,52,48,19,28,39,33,36,51,44,90
2016,4,0781898,1533,759,50,774,50,92,6,98,6,180,12,202,13,162,11,245,16,221,14,333,22,52,54,84,114,80,133,123,119,40,44,96,88,82,112,98,214
2016,4,0800605,3858,1811,47,2047,53,325,8,394,10,477,12,572,15,558,14,448,12,457,12,627,16,167,219,241,297,285,211,207,184,158,175,236,275,273,237,250,443
2016,4,0800625,1555,780,50,775,50,119,8,164,11,171,11,215,14,243,16,208,13,181,12,254,16,56,87,97,112,128,109,105,86,63,77,74,103,115,99,76,168
2016,4,0800807,6293,2997,48,3296,52,911,14,547,9,430,7,1225,19,1107,18,671,11,775,12,627,10,473,280,220,581,546,331,346,220,438,267,210,644,561,340,429,407
2016,4,0800856,1114,530,48,584,52,128,11,116,10,107,10,160,14,149,13,137,12,142,13,175,16,54,56,59,85,73,77,66,60,74,60,48,75,76,60,76,115
2016,4,0800870,15326,7215,47,8111,53,1633,11,1532,10,1398,9,2273,15,2513,16,1939,13,1663,11,2375,15,866,764,712,1116,1234,927,761,835,767,768,686,1157,1279,1012,902,1540
2016,4,0801009,11346,4986,44,6360,56,761,7,912,8,1014,9,1694,15,1678,15,1585,14,1489,13,2213,20,382,457,508,877,832,703,591,636,379,455,506,817,846,882,898,1577
2016,4,0801080,8239,3992,48,4247,52,663,8,747,9,795,10,1154,14,1308,16,1162,14,1148,14,1262,15,316,375,413,611,655,619,535,468,347,372,382,543,653,543,613,794
2016,4,0801211,17831,8242,46,9589,54,1589,9,1595,9,1571,9,2720,15,2950,17,2243,13,2027,11,3136,18,847,836,789,1331,1493,1077,844,1025,742,759,782,1389,1457,1166,1183,2111
2016,4,0801231,4361,2152,49,2209,51,331,8,408,9,384,9,619,14,779,18,609,14,584,13,647,15,179,203,210,322,404,314,274,246,152,205,174,297,375,295,310,401
2016,4,0801413,2916,1342,46,1574,54,189,6,199,7,255,9,391,13,358,12,406,14,397,14,721,25,92,101,113,195,190,213,177,261,97,98,142,196,168,193,220,460
2016,4,0801433,2762,1309,47,1453,53,200,7,223,8,252,9,347,13,340,12,400,14,352,13,648,23,107,113,135,195,175,191,162,231,93,110,117,152,165,209,190,417
2016,4,0801615,11231,5087,45,6144,55,1116,10,990,9,1204,11,1785,16,1571,14,1417,13,1270,11,1878,17,583,479,614,852,755,638,556,610,533,511,590,933,816,779,714,1268
2016,4,0801642,1793,860,48,933,52,124,7,139,8,181,10,213,12,268,15,259,14,253,14,356,20,61,66,82,121,143,130,127,130,63,73,99,92,125,129,126,226
2016,4,0801666,613,289,47,324,53,54,9,51,8,75,12,103,17,67,11,89,15,69,11,105,17,30,22,35,55,33,42,42,30,24,29,40,48,34,47,27,75
2016,4,0801694,3688,1740,47,1948,53,352,10,338,9,410,11,566,15,525,14,459,12,432,12,606,16,168,175,203,278,264,238,197,217,184,163,207,288,261,221,235,389
2016,4,0801817,3377,1585,47,1792,53,257,8,290,9,306,9,477,14,492,15,470,14,479,14,606,18,142,153,167,256,240,225,215,187,115,137,139,221,252,245,264,419
2016,4,0801864,4285,2068,48,2217,52,337,8,365,9,400,9,619,14,612,14,569,13,576,13,807,19,168,187,210,323,317,306,281,276,169,178,190,296,295,263,295,531
2016,4,0804400,10529,5000,47,5529,53,1194,11,1230,12,933,9,1605,15,1877,18,1293,12,1133,11,1264,12,610,627,467,769,922,643,525,437,584,603,466,836,955,650,608,827
2016,4,0804948,8462,4005,47,4457,53,920,11,913,11,871,10,1194,14,1421,17,1184,14,891,11,1068,13,447,479,423,548,681,613,427,387,473,434,448,646,740,571,464,681
2016,4,0804988,1347,635,47,712,53,112,8,100,7,148,11,201,15,183,14,187,14,202,15,214,16,55,51,74,92,95,88,96,84,57,49,74,109,88,99,106,130
2016,4,0805200,6864,3347,49,3517,51,544,8,519,8,609,9,920,13,940,14,1005,15,918,13,1409,21,286,293,313,494,474,515,425,547,258,226,296,426,466,490,493,862
2016,4,0806000,7943,3946,50,3997,50,701,9,922,12,833,10,1032,13,1305,16,1225,15,917,12,1008,13,361,484,448,527,612,642,464,408,340,438,385,505,693,583,453,600
2016,4,0806956,1356,669,49,687,51,101,7,97,7,173,13,195,14,172,13,201,15,182,13,235,17,49,46,96,102,102,103,91,80,52,51,77,93,70,98,91,155
2016,4,0806968,3763,1834,49,1929,51,289,8,278,7,434,12,541,14,506,13,501,13,511,14,703,19,164,138,235,290,265,256,231,255,125,140,199,251,241,245,280,448
2016,4,0807400,3472,1659,48,1813,52,236,7,303,9,406,12,454,13,499,14,464,13,451,13,659,19,130,170,205,239,262,230,194,229,106,133,201,215,237,234,257,430
2016,4,0807600,18630,9318,50,9312,50,2540,14,2118,11,1630,9,3177,17,3562,19,2385,13,1456,8,1762,9,1315,1093,845,1563,1897,1283,727,595,1225,1025,785,1614,1665,1102,729,1167
2016,4,0808400,6638,3238,49,3400,51,462,7,595,9,679,10,1025,15,985,15,962,14,877,13,1053,16,235,300,363,581,510,465,425,359,227,295,316,444,475,497,452,694
2016,4,0809200,2242,1070,48,1172,52,153,7,207,9,245,11,327,15,305,14,311,14,296,13,398,18,77,101,128,167,160,151,142,144,76,106,117,160,145,160,154,254
2016,4,0809600,10256,4861,47,5395,53,980,10,1079,11,1018,10,1453,14,1730,17,1375,13,1192,12,1429,14,518,559,540,700,841,670,537,496,462,520,478,753,889,705,655,933
2016,4,0840201,10587,4800,45,5787,55,800,8,880,8,1346,13,1393,13,1356,13,1469,14,1345,13,1998,19,406,442,677,748,646,652,569,660,394,438,669,645,710,817,776,1338
2016,4,0840248,1045,492,47,553,53,64,6,84,8,146,14,123,12,106,10,154,15,157,15,211,20,29,40,70,70,55,75,76,77,35,44,76,53,51,79,81,134
2016,4,0840256,322,165,51,157,49,12,4,30,9,33,10,39,12,41,13,51,16,39,12,77,24,5,13,20,28,25,27,19,28,7,17,13,11,16,24,20,49
2016,4,0840258,732,362,49,370,51,54,7,72,10,99,14,105,14,78,11,107,15,108,15,109,15,23,40,48,64,39,53,57,38,31,32,51,41,39,54,51,71
2016,4,0840262,778,402,52,376,48,52,7,88,11,112,14,100,13,105,13,109,14,93,12,119,15,22,42,72,60,60,56,42,48,30,46,40,40,45,53,51,71
2016,4,0840266,1206,580,48,626,52,99,8,117,10,172,14,148,12,137,11,146,12,160,13,227,19,56,57,85,76,67,75,72,92,43,60,87,72,70,71,88,135
2016,4,0840270,1244,594,48,650,52,67,5,103,8,197,16,136,11,142,11,177,14,209,17,213,17,38,51,99,78,75,84,90,79,29,52,98,58,67,93,119,134
2016,4,0840272,1581,773,49,808,51,116,7,135,9,193,12,203,13,185,12,219,14,240,15,290,18,68,72,103,112,93,107,107,111,48,63,90,91,92,112,133,179
2016,4,0840276,632,313,50,319,50,46,7,54,9,98,16,89,14,49,8,123,19,82,13,91,14,18,32,60,43,24,64,37,35,28,22,38,46,25,59,45,56
2016,4,0840282,690,342,50,348,50,35,5,63,9,86,12,81,12,66,10,111,16,94,14,154,22,12,33,50,51,35,62,42,57,23,30,36,30,31,49,52,97
2016,4,0840286,1428,689,48,739,52,96,7,115,8,186,13,191,13,150,11,239,17,196,14,255,18,48,55,109,104,67,116,88,102,48,60,77,87,83,123,108,153
2016,4,0840288,560,270,48,290,52,37,7,64,11,87,16,57,10,65,12,73,13,72,13,105,19,17,22,47,35,29,40,43,37,20,42,40,22,36,33,29,68
2016,4,0840292,378,184,49,194,51,14,4,25,7,54,14,40,11,40,11,64,17,60,16,81,21,8,13,35,20,16,34,30,28,6,12,19,20,24,30,30,53
2016,4,0840294,631,318,50,313,50,44,7,61,10,115,18,80,13,65,10,106,17,69,11,91,14,22,32,58,45,36,58,33,34,22,29,57,35,29,48,36,57
2016,4,0840296,1464,722,49,742,51,109,7,120,8,200,14,204,14,165,11,215,15,213,15,238,16,58,63,105,98,90,116,100,92,51,57,95,106,75,99,113,146
2016,4,0840298,345,173,50,172,50,38,11,34,10,46,13,39,11,45,13,49,14,40,12,54,16,14,19,26,19,28,25,18,24,24,15,20,20,17,24,22,30
2016,4,0840605,2831,1304,46,1527,54,210,7,258,9,311,11,351,12,348,12,369,13,390,14,594,21,111,131,174,182,170,170,180,186,99,127,137,169,178,199,210,408
2016,4,0840625,892,440,49,452,51,61,7,80,9,122,14,100,11,112,13,119,13,122,14,176,20,34,40,66,58,61,60,58,63,27,40,56,42,51,59,64,113
2016,4,0840644,668,327,49,341,51,33,5,52,8,102,15,85,13,77,12,96,14,105,16,118,18,15,26,52,50,43,47,52,42,18,26,50,35,34,49,53,76
2016,4,0840652,614,286,47,328,53,39,6,46,7,89,14,69,11,60,10,91,15,88,14,132,21,18,19,46,38,28,47,45,45,21,27,43,31,32,44,43,87
2016,4,0840680,662,322,49,340,51,40,6,49,7,99,15,68,10,73,11,86,13,86,13,161,24,21,27,55,37,38,43,48,53,19,22,44,31,35,43,38,108
2016,4,0880201,9477,4266,45,5211,55,694,7,760,8,1033,11,1269,13,1178,12,1309,14,1374,14,1860,20,371,387,544,651,557,585,553,618,323,373,489,618,621,724,821,1242
2016,4,0880213,1409,637,45,772,55,82,6,115,8,155,11,173,12,138,10,199,14,173,12,374,27,50,62,78,93,62,90,73,129,32,53,77,80,76,109,100,245
2016,4,0880215,1656,782,47,874,53,109,7,144,9,202,12,219,13,227,14,186,11,242,15,327,20,56,74,104,109,122,88,104,125,53,70,98,110,105,98,138,202
2016,4,0880217,1258,578,46,680,54,79,6,107,9,177,14,149,12,161,13,164,13,199,16,222,18,42,57,98,84,76,67,85,69,37,50,79,65,85,97,114,153
2016,4,0880237,803,404,50,399,50,57,7,71,9,89,11,99,12,100,12,101,13,105,13,181,23,32,34,55,54,59,48,52,70,25,37,34,45,41,53,53,111
2016,4,0880242,1083,549,51,534,49,64,6,81,7,169,16,184,17,134,12,143,13,118,11,190,18,37,45,92,100,67,81,51,76,27,36,77,84,67,62,67,114
2016,4,0880246,778,402,52,376,48,41,5,56,7,123,16,98,13,87,11,119,15,125,16,129,17,19,32,69,63,50,59,66,44,22,24,54,35,37,60,59,85
2016,4,0880254,2174,1088,50,1086,50,152,7,172,8,285,13,308,14,267,12,301,14,310,14,379,17,92,89,158,164,149,156,146,134,60,83,127,144,118,145,164,245
2016,4,0880258,451,223,49,228,51,39,9,44,10,71,16,46,10,57,13,68,15,58,13,68,15,21,27,37,22,28,39,27,22,18,17,34,24,29,29,31,46
2016,4,0880264,362,188,52,174,48,15,4,21,6,55,15,57,16,41,11,68,19,44,12,61,17,9,6,36,39,20,35,23,20,6,15,19,18,21,33,21,41
2016,4,0880268,1715,834,49,881,51,122,7,157,9,218,13,227,13,224,13,245,14,224,13,298,17,61,84,107,113,124,129,108,108,61,73,111,114,100,116,116,190
2016,4,0880270,1608,779,48,829,52,90,6,130,8,199,12,187,12,179,11,219,14,197,12,407,25,41,66,104,103,96,113,94,162,49,64,95,84,83,106,103,245
2016,4,0880272,1774,841,47,933,53,132,7,148,8,214,12,246,14,241,14,231,13,248,14,314,18,63,77,102,139,123,115,117,105,69,71,112,107,118,116,131,209
2016,4,0880274,441,202,46,239,54,21,5,29,7,63,14,78,18,40,9,68,15,64,15,78,18,7,12,29,47,20,30,29,28,14,17,34,31,20,38,35,50
2016,4,0880286,363,191,53,172,47,34,9,31,9,47,13,46,13,37,10,42,12,58,16,68,19,18,19,29,26,22,18,36,23,16,12,18,20,15,24,22,45
2016,4,0880292,1213,608,50,605,50,87,7,118,10,176,15,156,13,165,14,150,12,161,13,200,16,42,68,96,78,88,80,83,73,45,50,80,78,77,70,78,127
2016,4,0880294,1597,757,47,840,53,136,9,138,9,234,15,211,13,191,12,214,13,216,14,257,16,55,79,111,117,96,105,96,98,81,59,123,94,95,109,120,159
2016,4,0880296,794,367,46,427,54,42,5,86,11,104,13,98,12,89,11,128,16,94,12,153,19,19,37,57,58,41,64,43,48,23,49,47,40,48,64,51,105
2016,4,0885150,3107,1504,48,1603,52,227,7,246,8,409,13,434,14,331,11,437,14,388,12,635,20,121,130,224,235,171,209,187,227,106,116,185,199,160,228,201,408
2016,4,0885162,860,401,47,459,53,30,3,46,5,101,12,117,14,93,11,141,16,121,14,211,25,14,21,58,69,49,78,52,60,16,25,43,48,44,63,69,151
2016,4,0887600,1555,750,48,805,52,82,5,117,8,179,12,191,12,207,13,203,13,218,14,358,23,48,58,98,106,120,100,105,115,34,59,81,85,87,103,113,243
2016,4,0888301,3752,1737,46,2015,54,204,5,271,7,445,12,530,14,408,11,580,15,514,14,800,21,108,133,218,298,204,276,244,256,96,138,227,232,204,304,270,544
2016,4,0900201,17299,7831,45,9468,55,1479,9,1579,9,2025,12,2369,14,2383,14,2242,13,2042,12,3180,18,777,803,1065,1168,1097,1040,884,997,702,776,960,1201,1286,1202,1158,2183
2016,4,0900246,631,303,48,328,52,54,9,54,9,81,13,92,15,87,14,85,13,69,11,109,17,26,22,42,49,48,44,34,38,28,32,39,43,39,41,35,71
2016,4,0900248,1333,631,47,702,53,88,7,110,8,180,14,169,13,192,14,189,14,162,12,243,18,45,51,88,89,113,98,89,58,43,59,92,80,79,91,73,185
2016,4,0900254,1362,665,49,697,51,88,6,134,10,200,15,167,12,163,12,173,13,158,12,279,20,41,69,104,94,88,94,77,98,47,65,96,73,75,79,81,181
2016,4,0900258,907,480,53,427,47,58,6,74,8,106,12,118,13,106,12,153,17,120,13,172,19,29,38,53,74,65,80,70,71,29,36,53,44,41,73,50,101
2016,4,0900268,598,312,52,286,48,37,6,67,11,99,17,81,14,68,11,78,13,76,13,92,15,22,35,59,46,39,37,36,38,15,32,40,35,29,41,40,54
2016,4,0900274,1378,675,49,703,51,95,7,116,8,155,11,191,14,182,13,193,14,182,13,264,19,47,66,81,105,106,98,79,93,48,50,74,86,76,95,103,171
2016,4,0900278,1155,594,51,561,49,75,6,115,10,173,15,141,12,138,12,173,15,127,11,213,18,50,59,93,83,74,86,67,82,25,56,80,58,64,87,60,131
2016,4,0900280,1780,864,49,916,51,135,8,170,10,212,12,227,13,245,14,219,12,225,13,347,19,79,97,111,121,135,105,100,116,56,73,101,106,110,114,125,231
2016,4,0900284,1681,820,49,861,51,139,8,148,9,211,13,244,15,195,12,215,13,234,14,295,18,72,73,106,133,108,108,113,107,67,75,105,111,87,107,121,188
2016,4,0900296,491,243,49,248,51,35,7,39,8,65,13,73,15,49,10,66,13,68,14,96,20,16,23,32,38,28,31,39,36,19,16,33,35,21,35,29,60
2016,4,0901211,3714,1693,46,2021,54,251,7,361,10,452,12,483,13,450,12,494,13,490,13,733,20,136,186,230,237,226,217,216,245,115,175,222,246,224,277,274,488
2016,4,0901244,525,240,46,285,54,39,7,47,9,87,17,70,13,61,12,76,14,57,11,88,17,21,21,39,33,35,39,32,20,18,26,48,37,26,37,25,68
2016,4,0901262,1378,728,53,650,47,91,7,126,9,198,14,194,14,166,12,162,12,179,13,262,19,47,64,114,111,94,90,101,107,44,62,84,83,72,72,78,155
2016,4,0901270,582,287,49,295,51,21,4,52,9,67,12,74,13,68,12,83,14,92,16,125,21,12,25,33,40,39,43,39,56,9,27,34,34,29,40,53,69
2016,4,0901288,896,457,51,439,49,46,5,74,8,139,16,133,15,85,9,146,16,116,13,157,18,30,32,77,78,46,73,61,60,16,42,62,55,39,73,55,97
2016,4,0901292,520,279,54,241,46,29,6,60,12,60,12,71,14,67,13,70,13,80,15,83,16,15,36,36,43,39,36,47,27,14,24,24,28,28,34,33,56
2016,4,0901294,694,347,50,347,50,37,5,37,5,104,15,95,14,89,13,102,15,100,14,130,19,20,16,46,52,53,53,56,51,17,21,58,43,36,49,44,79
2016,4,0905150,2357,1122,48,1235,52,114,5,190,8,278,12,281,12,296,13,350,15,330,14,518,22,67,97,137,148,150,173,160,190,47,93,141,133,146,177,170,328
2016,4,0905166,2192,1008,46,1184,54,111,5,156,7,200,9,293,13,277,13,339,15,312,14,504,23,43,79,114,149,145,172,139,167,68,77,86,144,132,167,173,337
2016,4,0905182,2735,1323,48,1412,52,176,6,198,7,288,11,347,13,317,12,335,12,377,14,697,25,99,115,143,193,169,176,189,239,77,83,145,154,148,159,188,458
2016,4,0905756,1980,977,49,1003,51,155,8,164,8,276,14,287,14,213,11,234,12,272,14,379,19,72,81,144,177,117,111,133,142,83,83,132,110,96,123,139,237
2016,4,0905790,358,194,54,164,46,27,8,27,8,49,14,58,16,42,12,40,11,65,18,50,14,17,12,26,32,27,23,31,26,10,15,23,26,15,17,34,24
2016,4,0940201,4831,2104,44,2727,56,274,6,347,7,473,10,550,11,516,11,692,14,716,15,1263,26,151,181,244,287,253,299,297,392,123,166,229,263,263,393,419,871
2016,4,0940252,803,386,48,417,52,55,7,54,7,103,13,103,13,67,8,130,16,110,14,181,23,28,25,49,57,34,68,61,64,27,29,54,46,33,62,49,117
2016,4,0940266,595,295,50,300,50,34,6,42,7,68,11,80,13,59,10,86,14,78,13,148,25,20,24,34,46,31,45,39,56,14,18,34,34,28,41,39,92
2016,4,0940288,1027,504,49,523,51,73,7,79,8,126,12,123,12,98,10,165,16,154,15,209,20,44,40,73,65,53,93,69,67,29,39,53,58,45,72,85,142
2016,4,0940292,621,301,48,320,52,37,6,51,8,91,15,78,13,56,9,109,18,83,13,116,19,25,27,44,43,29,58,41,34,12,24,47,35,27,51,42,82
2016,4,0940296,367,181,49,186,51,23,6,26,7,55,15,38,10,32,9,63,17,40,11,90,25,13,18,30,24,18,34,21,23,10,8,25,14,14,29,19,67
2016,4,0941615,5343,2466,46,2877,54,425,8,448,8,639,12,710,13,702,13,662,12,720,13,1037,19,225,222,350,355,360,300,317,337,200,226,289,355,342,362,403,700
2016,4,0941644,1103,560,51,543,49,76,7,90,8,146,13,132,12,138,13,169,15,137,12,215,19,45,49,89,83,79,84,61,70,31,41,57,49,59,85,76,145
2016,4,0941646,886,460,52,426,48,60,7,70,8,102,12,136,15,100,11,140,16,115,13,163,18,33,45,55,86,46,81,51,63,27,25,47,50,54,59,64,100
2016,4,0941648,551,271,49,280,51,38,7,47,9,72,13,74,13,58,11,87,16,82,15,93,17,22,18,39,49,28,46,36,33,16,29,33,25,30,41,46,60
2016,4,0941658,854,430,50,424,50,54,6,68,8,114,13,103,12,113,13,143,17,98,11,161,19,25,32,69,66,56,71,49,62,29,36,45,37,57,72,49,99
2016,4,0941670,1147,545,48,602,52,86,7,104,9,127,11,175,15,131,11,156,14,162,14,206,18,43,48,67,93,65,71,86,72,43,56,60,82,66,85,76,134
2016,4,0941674,845,400,47,445,53,53,6,85,10,92,11,143,17,83,10,131,16,117,14,141,17,31,53,37,81,45,48,58,47,22,32,55,62,38,83,59,94
2016,4,0941680,1017,503,49,514,51,114,11,86,8,116,11,157,15,103,10,149,15,119,12,173,17,58,45,63,85,57,73,61,61,56,41,53,72,46,76,58,112
2016,4,0941690,731,352,48,379,52,39,5,61,8,95,13,100,14,88,12,115,16,95,13,138,19,20,31,49,53,43,59,52,45,19,30,46,47,45,56,43,93
2016,4,0941813,1197,509,43,688,57,71,6,98,8,86,7,105,9,119,10,141,12,220,18,357,30,31,56,48,54,63,60,96,101,40,42,38,51,56,81,124,256
2016,4,0941817,1126,486,43,640,57,56,5,80,7,115,10,108,10,134,12,170,15,178,16,285,25,29,34,55,55,69,84,90,70,27,46,60,53,65,86,88,215
2016,4,0941860,374,190,51,184,49,15,4,20,5,51,14,33,9,43,11,72,19,43,11,97,26,8,15,29,19,23,37,23,36,7,5,22,14,20,35,20,61
2016,4,0941876,496,249,50,247,50,23,5,43,9,60,12,41,8,64,13,76,15,83,17,106,21,12,23,32,22,30,40,46,44,11,20,28,19,34,36,37,62
2016,4,0960244,541,264,49,277,51,37,7,49,9,71,13,66,12,66,12,81,15,70,13,101,19,23,26,38,41,30,39,36,31,14,23,33,25,36,42,34,70
2016,4,0960252,1067,511,48,556,52,71,7,72,7,134,13,167,16,105,10,159,15,161,15,198,19,41,39,63,97,55,74,78,64,30,33,71,70,50,85,83,134
2016,4,0960264,2860,1351,47,1509,53,227,8,237,8,331,12,383,13,398,14,415,15,355,12,514,18,118,97,172,194,210,212,168,180,109,140,159,189,188,203,187,334
2016,4,0960288,913,460,50,453,50,47,5,65,7,107,12,138,15,88,10,148,16,136,15,184,20,26,41,60,89,45,71,67,61,21,24,47,49,43,77,69,123
2016,4,0960296,705,327,46,378,54,55,8,59,8,90,13,76,11,100,14,98,14,77,11,150,21,29,27,47,37,57,50,39,41,26,32,43,39,43,48,38,109
2016,4,0961011,1187,528,44,659,56,60,5,87,7,118,10,138,12,112,9,142,12,149,13,381,32,28,50,63,80,60,60,71,116,32,37,55,58,52,82,78,265
2016,4,0961031,583,259,44,324,56,45,8,49,8,72,12,72,12,67,11,83,14,79,14,116,20,20,26,37,38,37,38,32,31,25,23,35,34,30,45,47,85
2016,4,0961076,400,168,42,232,58,26,7,25,6,40,10,66,17,46,12,54,14,50,13,93,23,9,11,15,30,26,25,22,30,17,14,25,36,20,29,28,63
2016,4,0961082,330,175,53,155,47,14,4,20,6,48,15,39,12,45,14,47,14,51,15,66,20,6,17,26,26,28,24,22,26,8,3,22,13,17,23,29,40
2016,4,0961084,641,310,48,331,52,37,6,37,6,76,12,106,17,66,10,127,20,75,12,117,18,20,16,39,59,33,68,35,40,17,21,37,47,33,59,40,77
2016,4,0961615,2911,1301,45,1610,55,172,6,223,8,283,10,372,13,293,10,454,16,403,14,711,24,86,109,143,201,140,210,189,223,86,114,140,171,153,244,214,488
2016,4,0961656,209,100,48,109,52,11,5,17,8,35,17,33,16,22,11,21,10,31,15,39,19,3,7,20,18,12,13,14,13,8,10,15,15,10,8,17,26
2016,4,0961658,1235,587,48,648,52,57,5,86,7,127,10,153,12,196,16,212,17,155,13,249,20,33,48,55,91,84,115,75,86,24,38,72,62,112,97,80,163
2016,4,0961668,291,152,52,139,48,7,2,21,7,26,9,43,15,30,10,35,12,65,22,64,22,3,6,20,30,15,16,34,28,4,15,6,13,15,19,31,36
2016,4,0961694,504,253,50,251,50,35,7,50,10,73,14,73,14,61,12,50,10,82,16,80,16,23,31,33,42,30,26,41,27,12,19,40,31,31,24,41,53
2016,4,0964746,850,426,50,424,50,62,7,57,7,85,10,102,12,105,12,132,16,119,14,188,22,35,35,41,56,54,68,61,76,27,22,44,46,51,64,58,112
2016,4,0964762,1380,679,49,701,51,103,7,128,9,152,11,209,15,178,13,193,14,183,13,234,17,48,60,90,120,100,90,90,81,55,68,62,89,78,103,93,153
2016,4,0964784,910,436,48,474,52,64,7,82,9,113,12,119,13,112,12,128,14,107,12,185,20,37,33,52,75,60,65,55,59,27,49,61,44,52,63,52,126
2016,4,0967148,1269,611,48,658,52,93,7,97,8,148,12,154,12,136,11,186,15,165,13,290,23,41,48,68,91,70,100,84,109,52,49,80,63,66,86,81,181
2016,4,0967154,472,235,50,237,50,25,5,29,6,58,12,56,12,51,11,79,17,66,14,108,23,16,16,30,29,28,37,36,43,9,13,28,27,23,42,30,65
2016,4,0967170,823,399,48,424,52,56,7,60,7,103,13,97,12,82,10,149,18,97,12,179,22,28,34,46,59,40,80,52,60,28,26,57,38,42,69,45,119
2016,4,0967178,1422,693,49,729,51,110,8,121,9,155,11,196,14,161,11,208,15,200,14,271,19,65,66,82,102,83,109,89,97,45,55,73,94,78,99,111,174
2016,4,0967190,3442,1804,52,1638,48,253,7,284,8,394,11,643,19,468,14,497,14,411,12,492,14,132,139,233,381,280,265,177,197,121,145,161,262,188,232,234,295
2016,4,0967192,392,198,51,194,49,22,6,38,10,48,12,51,13,36,9,71,18,58,15,68,17,9,23,23,32,18,38,28,27,13,15,25,19,18,33,30,41
2016,4,0967366,634,305,48,329,52,45,7,62,10,95,15,69,11,73,12,94,15,91,14,105,17,30,31,50,33,40,44,47,30,15,31,45,36,33,50,44,75
2016,4,0967372,1189,581,49,608,51,69,6,88,7,169,14,164,14,131,11,196,16,150,13,222,19,32,46,101,106,62,91,75,68,37,42,68,58,69,105,75,154
2016,4,0980213,978,460,47,518,53,55,6,95,10,113,12,132,13,111,11,136,14,148,15,188,19,29,48,57,70,59,60,66,71,26,47,56,62,52,76,82,117
2016,4,0980233,406,201,50,205,50,44,11,31,8,49,12,60,15,42,10,64,16,55,14,61,15,14,16,34,26,23,34,28,26,30,15,15,34,19,30,27,35
2016,4,0980244,591,296,50,295,50,37,6,55,9,70,12,79,13,69,12,71,12,89,15,121,20,16,30,37,49,33,37,52,42,21,25,33,30,36,34,37,79
2016,4,0980250,327,151,46,176,54,23,7,28,9,40,12,34,10,46,14,50,15,39,12,67,20,12,10,19,21,20,30,22,17,11,18,21,13,26,20,17,50
2016,4,0980256,940,463,49,477,51,72,8,87,9,119,13,122,13,116,12,120,13,124,13,180,19,38,48,63,77,57,60,60,60,34,39,56,45,59,60,64,120
2016,4,0980260,851,433,51,418,49,58,7,76,9,114,13,126,15,89,10,103,12,135,16,150,18,30,39,72,73,47,54,68,50,28,37,42,53,42,49,67,100
2016,4,0980266,1705,868,51,837,49,119,7,171,10,187,11,250,15,219,13,250,15,222,13,287,17,56,94,104,143,116,127,112,116,63,77,83,107,103,123,110,171
2016,4,0980270,2040,984,48,1056,52,130,6,192,9,248,12,236,12,264,13,261,13,284,14,425,21,59,101,131,123,138,134,132,166,71,91,117,113,126,127,152,259
2016,4,0980274,504,255,51,249,49,32,6,37,7,75,15,62,12,64,13,78,15,65,13,91,18,21,16,41,40,31,40,31,35,11,21,34,22,33,38,34,56
2016,4,0980278,542,267,49,275,51,33,6,42,8,68,13,72,13,67,12,88,16,66,12,106,20,18,16,31,42,34,51,37,38,15,26,37,30,33,37,29,68
2016,4,0980284,1618,795,49,823,51,97,6,144,9,201,12,213,13,212,13,240,15,229,14,282,17,48,74,110,103,107,125,121,107,49,70,91,110,105,115,108,175
2016,4,0980290,459,234,51,225,49,36,8,37,8,46,10,62,14,49,11,66,14,86,19,77,17,14,19,29,33,34,32,42,31,22,18,17,29,15,34,44,46
2016,4,0980294,471,251,53,220,47,24,5,40,8,70,15,65,14,70,15,65,14,57,12,80,17,12,23,44,39,41,35,29,28,12,17,26,26,29,30,28,52
2016,4,UNK,1830,1166,64,664,36,251,14,120,7,233,13,373,20,352,19,285,16,162,9,54,3,134,58,128,260,252,193,111,30,117,62,105,113,100,92,51,24
2016,5,0010001,340,152,45,188,55,46,14,30,9,28,8,67,20,57,17,35,10,33,10,44,13,19,14,13,33,26,13,15,19,27,16,15,34,31,22,18,25
2016,5,0010002,24387,10453,43,13934,57,1782,7,1612,7,1920,8,3840,16,3191,13,3293,14,3054,13,5695,23,936,817,931,1845,1487,1472,1260,1705,846,795,989,1995,1704,1821,1794,3990
2016,5,0010003,4092,1947,48,2145,52,368,9,426,10,402,10,542,13,584,14,577,14,499,12,694,17,192,241,226,241,288,278,230,251,176,185,176,301,296,299,269,443
2016,5,0010004,1095,509,46,586,54,92,8,92,8,110,10,152,14,177,16,135,12,145,13,192,18,49,45,53,79,85,58,72,68,43,47,57,73,92,77,73,124
2016,5,0010005,32474,14322,44,18152,56,2417,7,2378,7,2630,8,5649,17,4242,13,4508,14,5159,16,5491,17,1216,1249,1292,2778,2027,1888,2192,1680,1201,1129,1338,2871,2215,2620,2967,3811
2016,5,0010006,8476,3785,45,4691,55,530,6,614,7,764,9,1235,15,1103,13,1280,15,1321,16,1629,19,269,315,409,639,537,588,536,492,261,299,355,596,566,692,785,1137
2016,5,0010007,2056,966,47,1090,53,158,8,177,9,169,8,350,17,299,15,308,15,308,15,287,14,88,97,83,172,147,148,149,82,70,80,86,178,152,160,159,205
2016,5,0010008,86,40,47,46,53,9,10,5,6,8,9,15,17,9,10,18,21,12,14,10,12,5,3,3,6,6,8,5,4,4,2,5,9,3,10,7,6
2016,5,0010009,2357,1071,45,1286,55,165,7,180,8,235,10,355,15,313,13,348,15,323,14,438,19,89,97,109,175,154,155,146,146,76,83,126,180,159,193,177,292
2016,5,0010010,45046,19479,43,25567,57,3120,7,3300,7,3704,8,6161,14,6536,15,5796,13,5011,11,11418,25,1586,1708,1868,2948,3102,2658,1979,3630,1534,1592,1836,3213,3434,3138,3032,7788
2016,5,0010011,1327,603,45,724,55,109,8,95,7,134,10,175,13,198,15,181,14,176,13,259,20,56,49,60,97,90,82,74,95,53,46,74,78,108,99,102,164
2016,5,0010012,12878,5644,44,7234,56,863,7,982,8,1128,9,1834,14,1739,14,1789,14,2031,16,2512,20,436,492,567,930,869,785,807,758,427,490,561,904,870,1004,1224,1754
2016,5,0010013,15259,6758,44,8501,56,1331,9,1166,8,1198,8,2148,14,2335,15,1629,11,1812,12,3640,24,696,603,607,1029,1159,730,711,1223,635,563,591,1119,1176,899,1101,2417
2016,5,0010014,17052,7524,44,9528,56,1086,6,1170,7,1332,8,2639,15,2328,14,2493,15,2411,14,3593,21,568,610,701,1329,1118,1141,965,1092,518,560,631,1310,1210,1352,1446,2501
2016,5,0010015,26582,12312,46,14270,54,1737,7,1825,7,2182,8,4114,15,3861,15,3876,15,3938,15,5049,19,887,981,1075,2084,2022,1920,1711,1632,850,844,1107,2030,1839,1956,2227,3417
2016,5,0010016,268,131,49,137,51,22,8,20,7,22,8,44,16,29,11,32,12,46,17,53,20,11,13,14,25,15,14,20,19,11,7,8,19,14,18,26,34
2016,5,0010017,915,452,49,463,51,56,6,56,6,69,8,146,16,110,12,153,17,153,17,172,19,28,25,30,72,62,91,84,60,28,31,39,74,48,62,69,112
2016,5,0010018,21539,9614,45,11925,55,1447,7,1439,7,1670,8,3147,15,2947,14,2928,14,3383,16,4578,21,767,714,866,1575,1494,1339,1433,1426,680,725,804,1572,1453,1589,1950,3152
2016,5,0010019,278,138,50,140,50,10,4,20,7,31,11,38,14,29,10,46,17,55,20,49,18,6,9,18,17,13,28,29,18,4,11,13,21,16,18,26,31
2016,5,0010020,366,183,50,183,50,27,7,33,9,32,9,57,16,55,15,44,12,51,14,67,18,16,19,16,32,34,20,23,23,11,14,16,25,21,24,28,44
2016,5,0010021,2861,1339,47,1522,53,178,6,196,7,280,10,401,14,391,14,429,15,385,13,601,21,83,116,152,187,202,205,183,211,95,80,128,214,189,224,202,390
2016,5,0010022,7774,3498,45,4276,55,638,8,547,7,686,9,1319,17,1156,15,1031,13,1106,14,1291,17,321,282,351,648,584,474,439,399,317,265,335,671,572,557,667,892
2016,5,0010023,47761,20358,43,27403,57,3066,6,3168,7,3948,8,7109,15,6107,13,6994,15,6011,13,11358,24,1538,1621,1990,3451,2878,3120,2441,3319,1528,1547,1958,3658,3229,3874,3570,8039
2016,5,0010024,591,277,47,314,53,38,6,46,8,62,10,77,13,98,17,91,15,70,12,109,18,24,23,29,40,43,47,31,40,14,23,33,37,55,44,39,69
2016,5,0010025,57077,24539,43,32538,57,4314,8,4162,7,4625,8,8698,15,7998,14,7380,13,7324,13,12576,22,2193,2145,2332,4144,3688,3228,2837,3972,2121,2017,2293,4554,4310,4152,4487,8604
2016,5,0010026,28525,12389,43,16136,57,2314,8,2098,7,2325,8,4598,16,3846,13,3604,13,3437,12,6303,22,1217,1047,1106,2192,1739,1672,1420,1996,1097,1051,1219,2406,2107,1932,2017,4307
2016,5,0010027,25203,10990,44,14213,56,2055,8,1935,8,2233,9,4109,16,3519,14,3334,13,3352,13,4666,19,1065,1006,1083,1960,1667,1475,1343,1391,990,929,1150,2149,1852,1859,2009,3275
2016,5,0010028,19417,9356,48,10061,52,1283,7,1289,7,1573,8,3350,17,2885,15,2573,13,2768,14,3696,19,666,657,894,1904,1595,1266,1154,1220,617,632,679,1446,1290,1307,1614,2476
2016,5,0010029,210,102,49,108,51,16,8,21,10,25,12,26,12,32,15,28,13,26,12,36,17,8,11,10,16,16,14,12,15,8,10,15,10,16,14,14,21
2016,5,0010030,2883,1387,48,1496,52,231,8,292,10,284,10,332,12,481,17,404,14,375,13,484,17,128,138,139,165,231,204,188,194,103,154,145,167,250,200,187,290
2016,5,0010031,8073,3730,46,4343,54,698,9,796,10,816,10,1164,14,1108,14,1180,15,982,12,1329,16,377,408,413,569,520,545,455,443,321,388,403,595,588,635,527,886
2016,5,0010032,6900,2937,43,3963,57,708,10,763,11,802,12,1187,17,1051,15,729,11,609,9,1051,15,375,384,408,552,467,297,195,259,333,379,394,635,584,432,414,792
2016,5,0010033,492,225,46,267,54,33,7,41,8,56,11,69,14,68,14,76,15,49,10,100,20,22,23,22,32,30,34,24,38,11,18,34,37,38,42,25,62
2016,5,0010034,29325,13261,45,16064,55,2756,9,2610,9,2455,8,5646,19,4466,15,3522,12,3317,11,4553,16,1444,1332,1206,2601,2101,1613,1392,1572,1312,1278,1249,3045,2365,1909,1925,2981
2016,5,0010035,73,36,49,37,51,5,7,5,7,12,16,7,10,5,7,12,16,12,16,15,21,2,4,6,5,4,6,5,4,3,1,6,2,1,6,7,11
2016,5,0010036,5088,2365,46,2723,54,403,8,471,9,504,10,782,15,798,16,688,14,646,13,796,16,205,251,266,384,377,322,284,276,198,220,238,398,421,366,362,520
2016,5,0010037,3756,1673,45,2083,55,309,8,291,8,311,8,604,16,478,13,523,14,558,15,682,18,162,138,149,309,229,228,251,207,147,153,162,295,249,295,307,475
2016,5,0010038,6734,3081,46,3653,54,545,8,501,7,656,10,1194,18,993,15,957,14,891,13,997,15,287,251,340,620,492,447,349,295,258,250,316,574,501,510,542,702
2016,5,0010039,1240,550,44,690,56,85,7,101,8,125,10,181,15,173,14,181,15,183,15,211,17,37,53,62,99,68,85,86,60,48,48,63,82,105,96,97,151
2016,5,0010040,42714,18806,44,23908,56,3248,8,2998,7,3139,7,7275,17,5761,13,4994,12,7877,18,7422,17,1661,1559,1577,3545,2806,2127,3131,2400,1587,1439,1562,3730,2955,2867,4746,5022
2016,5,0010041,18057,8149,45,9908,55,1492,8,1404,8,1391,8,2973,16,2450,14,2011,11,3247,18,3089,17,795,741,700,1463,1152,823,1351,1124,697,663,691,1510,1298,1188,1896,1965
2016,5,0010042,4999,2219,44,2780,56,387,8,358,7,413,8,840,17,723,14,653,13,712,14,913,18,198,188,216,379,349,291,318,280,189,170,197,461,374,362,394,633
2016,5,0010043,11389,4780,42,6609,58,736,6,758,7,932,8,1806,16,1567,14,1580,14,1368,12,2642,23,368,408,454,841,686,713,523,787,368,350,478,965,881,867,845,1855
2016,5,0010044,22767,9807,43,12960,57,1499,7,1545,7,1920,8,3424,15,3038,13,3172,14,3018,13,5151,23,766,802,953,1633,1441,1384,1254,1574,733,743,967,1791,1597,1788,1764,3577
2016,5,0010045,1441,692,48,749,52,105,7,125,9,107,7,214,15,188,13,188,13,206,14,308,21,59,65,57,103,100,98,98,112,46,60,50,111,88,90,108,196
2016,5,0010046,2293,1047,46,1246,54,191,8,165,7,207,9,399,17,350,15,284,12,300,13,397,17,98,84,113,178,177,137,131,129,93,81,94,221,173,147,169,268
2016,5,0010047,1277,613,48,664,52,174,14,123,10,81,6,282,22,212,17,142,11,130,10,133,10,85,53,48,138,109,78,51,51,89,70,33,144,103,64,79,82
2016,5,0010048,1542,668,43,874,57,104,7,89,6,115,7,211,14,211,14,223,14,267,17,322,21,49,42,54,115,104,111,100,93,55,47,61,96,107,112,167,229
2016,5,0010049,718,344,48,374,52,61,8,56,8,70,10,170,24,104,14,98,14,84,12,75,10,32,31,40,83,48,46,43,21,29,25,30,87,56,52,41,54
2016,5,0010050,17484,7802,45,9682,55,1418,8,1266,7,1706,10,3338,19,2708,15,2302,13,2101,12,2645,15,724,632,827,1562,1328,1044,831,854,694,634,879,1776,1380,1258,1270,1791
2016,5,0010051,13090,5816,44,7274,56,1136,9,947,7,1082,8,2499,19,2003,15,1599,12,1442,11,2382,18,568,449,540,1248,976,696,580,759,568,498,542,1251,1027,903,862,1623
2016,5,0010052,153,78,51,75,49,16,10,10,7,14,9,26,17,25,16,15,10,26,17,21,14,9,4,5,18,11,9,12,10,7,6,9,8,14,6,14,11
2016,5,0010053,12341,5316,43,7025,57,995,8,904,7,1117,9,2164,18,1810,15,1591,13,1504,12,2256,18,549,427,550,999,826,703,570,692,446,477,567,1165,984,888,934,1564
2016,5,0010054,5009,2186,44,2823,56,342,7,361,7,436,9,849,17,667,13,735,15,678,14,941,19,164,179,221,433,329,313,275,272,178,182,215,416,338,422,403,669
2016,5,0010055,445,213,48,232,52,22,5,55,12,50,11,43,10,70,16,68,15,47,11,90,20,11,24,31,19,35,37,23,33,11,31,19,24,35,31,24,57
2016,5,0010056,6876,2879,42,3997,58,626,9,557,8,573,8,959,14,947,14,913,13,713,10,1588,23,298,268,292,468,401,413,272,467,328,289,281,491,546,500,441,1121
2016,5,0010057,1876,911,49,965,51,187,10,166,9,150,8,333,18,296,16,297,16,207,11,240,13,94,76,77,153,155,164,104,88,93,90,73,180,141,133,103,152
2016,5,0010058,1431,711,50,720,50,119,8,120,8,288,20,251,18,184,13,155,11,123,9,191,13,57,51,176,124,93,83,54,73,62,69,112,127,91,72,69,118
2016,5,UNK,2599,1676,64,923,36,249,10,134,5,235,9,586,23,554,21,417,16,269,10,155,6,140,75,143,383,402,287,158,88,109,59,92,203,152,130,111,67
2016,6,100100005,158,73,46,85,54,7,4,10,6,22,14,25,16,18,11,26,16,19,12,31,20,4,4,10,18,9,14,8,6,3,6,12,7,9,12,11,25
2016,6,100100087,45,24,53,21,47,2,4,0,0,9,20,7,16,1,2,18,40,1,2,7,16,2,0,6,4,0,9,1,2,0,0,3,3,1,9,0,5
2016,6,100100101,76,36,47,40,53,6,8,5,7,12,16,5,7,12,16,12,16,9,12,15,20,3,3,8,4,3,6,4,5,3,2,4,1,9,6,5,10
2016,6,100100150,21,9,43,12,57,3,14,0,0,4,19,0,0,3,14,3,14,2,10,6,29,1,0,1,0,2,1,2,2,2,0,3,0,1,2,0,4
2016,6,100100247,388,177,46,211,54,24,6,29,7,50,13,57,15,39,10,64,16,62,16,63,16,13,14,23,37,16,28,28,18,11,15,27,20,23,36,34,45
2016,6,100100327,497,228,46,269,54,34,7,51,10,63,13,85,17,50,10,83,17,70,14,61,12,16,25,32,52,25,36,24,18,18,26,31,33,25,47,46,43
2016,6,100100384,596,291,49,305,51,33,6,49,8,75,13,84,14,65,11,90,15,96,16,104,17,13,24,39,54,35,39,52,35,20,25,36,30,30,51,44,69
2016,6,100100392,52,26,50,26,50,6,12,0,0,6,12,10,19,2,4,9,17,8,15,11,21,4,0,2,8,2,3,5,2,2,0,4,2,0,6,3,9
2016,6,100100431,344,162,47,182,53,24,7,41,12,55,16,53,15,40,12,45,13,30,9,56,16,12,21,32,28,18,18,15,18,12,20,23,25,22,27,15,38
2016,6,100100497,86,41,48,45,52,5,6,5,6,16,19,8,9,9,10,19,22,7,8,17,20,4,3,7,4,4,10,3,6,1,2,9,4,5,9,4,11
2016,6,100100593,175,86,49,89,51,13,7,12,7,25,14,25,14,24,14,21,12,31,18,24,14,3,5,10,17,12,12,18,9,10,7,15,8,12,9,13,15
2016,6,100100712,2595,1209,47,1386,53,161,6,199,8,320,12,346,13,311,12,403,16,310,12,545,21,89,106,173,180,160,195,140,166,72,93,147,166,151,208,170,379
2016,6,100100761,146,64,44,82,56,12,8,6,4,17,12,18,12,21,14,22,15,23,16,27,18,7,2,6,11,13,7,10,8,5,4,11,7,8,15,13,19
2016,6,100100874,264,137,52,127,48,16,6,24,9,37,14,40,15,33,13,42,16,32,12,40,15,7,15,18,25,18,24,16,14,9,9,19,15,15,18,16,26
2016,6,100101015,319,152,48,167,52,10,3,29,9,36,11,41,13,36,11,48,15,39,12,80,25,3,17,22,22,19,26,21,22,7,12,14,19,17,22,18,58
2016,6,100101056,1098,514,47,584,53,66,6,80,7,137,12,137,12,140,13,166,15,148,13,224,20,33,37,75,74,69,80,71,75,33,43,62,63,71,86,77,149
2016,6,100101103,173,86,50,87,50,6,3,6,3,20,12,25,14,20,12,22,13,40,23,34,20,4,3,11,14,14,12,17,11,2,3,9,11,6,10,23,23
2016,6,100101144,23,9,39,14,61,1,4,0,0,5,22,3,13,1,4,4,17,4,17,5,22,0,0,1,1,0,3,3,1,1,0,4,2,1,1,1,4
2016,6,100101177,377,182,48,195,52,23,6,35,9,57,15,64,17,45,12,63,17,49,13,41,11,14,18,27,34,24,36,16,13,9,17,30,30,21,27,33,28
2016,6,100101185,36,15,42,21,58,0,0,6,17,3,8,6,17,6,17,6,17,4,11,5,14,0,3,2,2,3,2,2,1,0,3,1,4,3,4,2,4
2016,6,100101208,31,18,58,13,42,0,0,2,6,5,16,5,16,5,16,5,16,3,10,6,19,0,1,3,3,4,3,2,2,0,1,2,2,1,2,1,4
2016,6,100101232,5,,,,,,,,,,,,,,,,,,,,,,,,,,,,,,,,,,,,
2016,6,100101304,80,37,46,43,54,2,3,7,9,1,1,15,19,8,10,10,13,19,24,18,23,2,2,0,6,6,6,9,6,0,5,1,9,2,4,10,12
2016,6,100101353,250,123,49,127,51,17,7,18,7,20,8,36,14,31,12,44,18,42,17,42,17,11,11,7,19,17,24,18,16,6,7,13,17,14,20,24,26
2016,6,100101378,70,30,43,40,57,0,0,0,0,0,0,0,0,1,1,1,1,7,10,61,87,0,0,0,0,1,1,6,22,0,0,0,0,0,0,1,39
2016,6,100101394,379,158,42,221,58,25,7,33,9,34,9,69,18,42,11,49,13,54,14,73,19,12,13,16,36,18,20,25,18,13,20,18,33,24,29,29,55
2016,6,100101417,2370,1102,46,1268,54,156,7,161,7,275,12,305,13,290,12,316,13,332,14,535,23,79,74,135,159,154,163,144,194,77,87,140,146,136,153,188,341
2016,6,100101433,51,28,55,23,45,3,6,6,12,8,16,8,16,0,0,8,16,7,14,11,22,0,4,4,7,0,5,4,4,3,2,4,1,0,3,3,7
2016,6,100101441,50,26,52,24,48,6,12,7,14,6,12,8,16,8,16,4,8,8,16,3,6,5,1,4,4,4,3,5,0,1,6,2,4,4,1,3,3
2016,6,100101490,116,55,47,61,53,3,3,5,4,19,16,15,13,12,10,22,19,21,18,19,16,0,3,14,9,3,12,9,5,3,2,5,6,9,10,12,14
2016,6,100101546,162,77,48,85,52,7,4,16,10,27,17,15,9,26,16,34,21,12,7,25,15,3,9,13,12,8,20,5,7,4,7,14,3,18,14,7,18
2016,6,100101626,381,180,47,201,53,33,9,45,12,53,14,47,12,54,14,57,15,38,10,54,14,20,24,28,27,27,28,14,12,13,21,25,20,27,29,24,42
2016,6,100101634,105,53,50,52,50,6,6,8,8,4,4,12,11,13,12,9,9,23,22,30,29,2,7,1,7,8,6,11,11,4,1,3,5,5,3,12,19
2016,6,100101722,195,100,51,95,49,16,8,17,9,27,14,25,13,23,12,20,10,35,18,32,16,10,8,13,15,14,7,19,14,6,9,14,10,9,13,16,18
2016,6,100101755,54,22,41,32,59,2,4,3,6,2,4,3,6,9,17,8,15,6,11,21,39,1,1,1,1,6,4,3,5,1,2,1,2,3,4,3,16
2016,6,100101843,163,81,50,82,50,10,6,5,3,32,20,22,13,17,10,29,18,25,15,23,14,6,3,18,12,7,14,11,10,4,2,14,10,10,15,14,13
2016,6,100101884,116,60,52,56,48,7,6,10,9,18,16,14,12,12,10,15,13,20,17,20,17,6,6,13,8,3,8,10,6,1,4,5,6,9,7,10,14
2016,6,100102113,71,36,51,35,49,0,0,2,3,11,15,6,8,8,11,4,6,24,34,16,23,0,1,8,4,4,3,9,7,0,1,3,2,4,1,15,9
2016,6,100102154,22,12,55,10,45,0,0,0,0,1,5,2,9,2,9,7,32,4,18,6,27,0,0,0,2,1,4,4,1,0,0,1,0,1,3,0,5
2016,6,100102187,195,97,50,98,50,12,6,23,12,24,12,25,13,29,15,31,16,20,10,31,16,6,12,15,14,14,17,10,9,6,11,9,11,15,14,10,22
2016,6,100102201,277,120,43,157,57,11,4,29,10,42,15,32,12,39,14,38,14,33,12,53,19,6,11,20,17,18,17,16,15,5,18,22,15,21,21,17,38
2016,6,100102322,126,58,46,68,54,12,10,7,6,16,13,25,20,5,4,24,19,21,17,16,13,6,4,7,14,2,11,10,4,6,3,9,11,3,13,11,12
2016,6,100102347,542,240,44,302,56,45,8,57,11,80,15,74,14,57,11,75,14,73,13,81,15,20,31,41,40,22,35,34,17,25,26,39,34,35,40,39,64
2016,6,100102484,131,57,44,74,56,7,5,14,11,26,20,12,9,19,15,20,15,13,10,20,15,4,6,11,7,8,9,8,4,3,8,15,5,11,11,5,16
2016,6,100102548,254,101,40,153,60,17,7,23,9,36,14,29,11,21,8,33,13,37,15,58,23,7,11,12,16,13,9,15,18,10,12,24,13,8,24,22,40
2016,6,100102757,235,104,44,131,56,27,11,31,13,35,15,35,15,27,11,39,17,18,8,23,10,8,19,15,20,7,19,9,7,19,12,20,15,20,20,9,16
2016,6,100102781,57,27,47,30,53,2,4,5,9,1,2,12,21,5,9,6,11,18,32,8,14,1,2,1,7,3,3,8,2,1,3,0,5,2,3,10,6
2016,6,100103260,404,186,46,218,54,22,5,37,9,55,14,43,11,38,9,61,15,47,12,101,25,13,23,25,22,21,22,26,34,9,14,30,21,17,39,21,67
2016,6,100103308,146,73,50,73,50,15,10,19,13,17,12,14,10,21,14,20,14,18,12,22,15,10,11,8,7,12,8,8,9,5,8,9,7,9,12,10,13
2016,6,100103478,63,31,49,32,51,1,2,3,5,13,21,3,5,3,5,11,17,11,17,18,29,1,0,9,2,1,6,6,6,0,3,4,1,2,5,5,12
2016,6,100103494,205,87,42,118,58,18,9,19,9,36,18,26,13,21,10,43,21,11,5,31,15,7,10,18,14,9,16,8,5,11,9,18,12,12,27,3,26
2016,6,100103582,95,43,45,52,55,8,8,7,7,12,13,14,15,13,14,12,13,13,14,16,17,5,4,2,8,6,8,6,4,3,3,10,6,7,4,7,12
2016,6,100103902,79,37,47,42,53,6,8,5,6,7,9,12,15,9,11,6,8,19,24,15,19,2,3,5,6,4,2,10,5,4,2,2,6,5,4,9,10
2016,6,100104053,344,171,50,173,50,14,4,26,8,41,12,44,13,32,9,49,14,54,16,84,24,11,14,22,31,16,28,23,26,3,12,19,13,16,21,31,58
2016,6,100104086,100,53,53,47,47,7,7,2,2,18,18,20,20,7,7,19,19,17,17,10,10,4,1,13,12,1,7,9,6,3,1,5,8,6,12,8,4
2016,6,100104166,106,54,51,52,49,3,3,7,7,20,19,8,8,13,12,21,20,8,8,26,25,1,4,12,6,7,12,4,8,2,3,8,2,6,9,4,18
2016,6,100104254,174,82,47,92,53,10,6,16,9,22,13,31,18,17,10,27,16,22,13,29,17,4,9,11,18,9,14,6,11,6,7,11,13,8,13,16,18
2016,6,100104334,61,26,43,35,57,5,8,2,3,13,21,7,11,13,21,8,13,8,13,5,8,3,0,5,3,8,2,3,2,2,2,8,4,5,6,5,3
2016,6,100104375,182,94,52,88,48,7,4,13,7,31,17,29,16,24,13,35,19,27,15,16,9,4,9,16,17,14,15,14,5,3,4,15,12,10,20,13,11
2016,6,100104631,448,202,45,246,55,24,5,27,6,57,13,63,14,39,9,86,19,63,14,89,20,9,16,27,39,16,45,30,20,15,11,30,24,23,41,33,69
2016,6,100105184,114,51,45,63,55,6,5,7,6,14,12,19,17,11,10,18,16,18,16,21,18,5,3,9,7,4,8,9,6,1,4,5,12,7,10,9,15
2016,6,100105416,67,37,55,30,45,5,7,2,3,5,7,7,10,9,13,7,10,22,33,10,15,3,1,4,4,3,4,12,6,2,1,1,3,6,3,10,4
2016,6,100105498,167,76,46,91,54,11,7,12,7,24,14,23,14,21,13,26,16,31,19,19,11,5,7,9,12,10,13,15,5,6,5,15,11,11,13,16,14
2016,6,100105666,42,24,57,18,43,3,7,1,2,7,17,6,14,5,12,11,26,4,10,5,12,3,1,5,3,4,4,1,3,0,0,2,3,1,7,3,2
2016,6,100105842,186,91,49,95,51,13,7,13,7,26,14,18,10,20,11,46,25,22,12,28,15,7,7,15,10,10,24,10,8,6,6,11,8,10,22,12,20
2016,6,100106401,87,40,46,47,54,7,8,8,9,17,20,4,5,9,10,17,20,13,15,12,14,5,6,7,3,4,8,3,4,2,2,10,1,5,9,10,8
2016,6,100106506,110,48,44,62,56,17,15,11,10,13,12,21,19,9,8,10,9,16,15,13,12,11,7,7,9,5,1,6,2,6,4,6,12,4,9,10,11
2016,6,100106916,319,157,49,162,51,10,3,20,6,34,11,27,8,33,10,37,12,70,22,88,28,7,13,19,14,21,21,35,27,3,7,15,13,12,16,35,61
2016,6,100106932,118,52,44,66,56,11,9,6,5,14,12,16,14,14,12,16,14,26,22,15,13,6,2,3,11,8,5,11,6,5,4,11,5,6,11,15,9
2016,6,100107243,150,76,51,74,49,8,5,9,6,20,13,29,19,18,12,20,13,22,15,24,16,3,7,12,19,9,9,9,8,5,2,8,10,9,11,13,16
2016,6,100107661,102,48,47,54,53,8,8,11,11,14,14,14,14,14,14,17,17,15,15,9,9,3,6,7,5,6,11,8,2,5,5,7,9,8,6,7,7
2016,6,100107733,201,93,46,108,54,6,3,27,13,30,15,20,10,31,15,32,16,23,11,32,16,2,16,19,12,15,11,11,7,4,11,11,8,16,21,12,25
2016,6,100108261,523,239,46,284,54,23,4,47,9,77,15,73,14,75,14,69,13,75,14,84,16,11,28,34,41,37,26,38,24,12,19,43,32,38,43,37,60
2016,6,100109230,155,71,46,84,54,7,5,18,12,23,15,15,10,17,11,30,19,15,10,30,19,2,9,12,8,8,15,6,11,5,9,11,7,9,15,9,19
2016,6,100109335,157,82,52,75,48,11,7,11,7,22,14,16,10,14,9,30,19,16,10,37,24,7,6,14,11,5,16,9,14,4,5,8,5,9,14,7,23
2016,6,100109351,102,51,50,51,50,5,5,13,13,12,12,16,16,12,12,15,15,12,12,17,17,3,8,5,11,7,6,5,6,2,5,7,5,5,9,7,11
2016,6,100109866,508,239,47,269,53,37,7,37,7,80,16,68,13,52,10,86,17,66,13,82,16,22,21,43,39,26,37,31,20,15,16,37,29,26,49,35,62
2016,6,100110040,95,46,48,49,52,7,7,9,9,4,4,22,23,6,6,22,23,12,13,13,14,4,5,3,10,5,9,6,4,3,4,1,12,1,13,6,9
2016,6,100110282,19,11,58,8,42,0,0,0,0,3,16,2,11,3,16,2,11,5,26,4,21,0,0,2,1,1,1,3,3,0,0,1,1,2,1,2,1
2016,6,100110305,137,63,46,74,54,4,3,9,7,19,14,17,12,17,12,15,11,28,20,28,20,1,6,7,14,8,6,15,6,3,3,12,3,9,9,13,22
2016,6,100110602,194,86,44,108,56,14,7,21,11,20,10,29,15,22,11,33,17,22,11,33,17,5,9,10,13,12,17,12,8,9,12,10,16,10,16,10,25
2016,6,100110836,599,273,46,326,54,34,6,44,7,66,11,78,13,77,13,75,13,112,19,113,19,14,18,35,42,48,31,50,35,20,26,31,36,29,44,62,78
2016,6,100110940,360,179,50,181,50,19,5,38,11,38,11,56,16,46,13,55,15,48,13,60,17,9,23,24,29,24,26,26,18,10,15,14,27,22,29,22,42
2016,6,100111075,32,18,56,14,44,2,6,5,16,6,19,5,16,4,13,5,16,4,13,1,3,0,3,4,4,1,3,2,1,2,2,2,1,3,2,2,0
2016,6,100111155,584,286,49,298,51,55,9,51,9,57,10,91,16,64,11,73,13,70,12,123,21,28,29,37,57,37,30,29,39,27,22,20,34,27,43,41,84
2016,6,100111196,258,135,52,123,48,7,3,20,8,28,11,33,13,28,11,48,19,34,13,60,23,4,14,19,18,19,26,15,20,3,6,9,15,9,22,19,40
2016,6,100111227,171,76,44,95,56,13,8,21,12,26,15,24,14,27,16,25,15,20,12,15,9,5,10,8,13,14,13,9,4,8,11,18,11,13,12,11,11
2016,6,100111251,528,249,47,279,53,39,7,46,9,47,9,82,16,71,13,80,15,79,15,84,16,17,24,24,43,35,38,40,28,22,22,23,39,36,42,39,56
2016,6,100111268,32,13,41,19,59,4,13,2,6,2,6,4,13,4,13,4,13,6,19,6,19,0,1,1,1,3,2,2,3,4,1,1,3,1,2,4,3
2016,6,100111331,400,187,47,213,53,23,6,31,8,46,12,55,14,49,12,61,15,57,14,78,20,13,16,23,32,24,27,24,28,10,15,23,23,25,34,33,50
2016,6,100111372,52,22,42,30,58,2,4,4,8,12,23,5,10,5,10,10,19,4,8,10,19,0,2,5,2,2,5,2,4,2,2,7,3,3,5,2,6
2016,6,100111380,230,113,49,117,51,15,7,15,7,31,13,30,13,29,13,34,15,47,20,29,13,7,11,17,15,17,16,21,9,8,4,14,15,12,18,26,20
2016,6,100111403,982,460,47,522,53,58,6,82,8,109,11,150,15,98,10,150,15,196,20,139,14,30,41,62,85,45,56,96,45,28,41,47,65,53,94,100,94
2016,6,100111428,18,8,44,10,56,0,0,2,11,1,6,4,22,3,17,4,22,0,0,4,22,0,1,1,3,1,2,0,0,0,1,0,1,2,2,0,4
2016,6,100111436,101,47,47,54,53,5,5,3,3,22,22,8,8,14,14,15,15,16,16,18,18,3,2,14,4,7,8,6,3,2,1,8,4,7,7,10,15
2016,6,100111444,82,38,46,44,54,3,4,9,11,12,15,7,9,15,18,10,12,14,17,12,15,1,4,6,2,7,5,9,4,2,5,6,5,8,5,5,8
2016,6,100111452,174,80,46,94,54,8,5,13,7,10,6,31,18,15,9,34,20,25,14,38,22,4,4,3,21,6,17,12,13,4,9,7,10,9,17,13,25
2016,6,100111460,38,21,55,17,45,1,3,3,8,4,11,8,21,4,11,8,21,6,16,4,11,1,0,2,6,4,3,4,1,0,3,2,2,0,5,2,3
2016,6,100111477,28,12,43,16,57,2,7,4,14,3,11,5,18,6,21,2,7,5,18,1,4,2,1,2,0,4,1,2,0,0,3,1,5,2,1,3,1
2016,6,100111485,59,28,47,31,53,1,2,4,7,8,14,6,10,5,8,12,20,13,22,10,17,0,1,6,3,4,5,6,3,1,3,2,3,1,7,7,7
2016,6,100111493,30,13,43,17,57,4,13,2,7,6,20,3,10,3,10,6,20,3,10,3,10,3,1,2,2,1,2,2,0,1,1,4,1,2,4,1,3
2016,6,100111540,209,104,50,105,50,19,9,18,9,20,10,33,16,33,16,24,11,31,15,31,15,10,9,9,19,18,13,15,11,9,9,11,14,15,11,16,20
2016,6,100111565,301,144,48,157,52,24,8,31,10,32,11,54,18,37,12,54,18,31,10,38,13,11,18,19,31,19,19,18,9,13,13,13,23,18,35,13,29
2016,6,100111645,5545,2551,46,2994,54,374,7,509,9,644,12,762,14,765,14,794,14,705,13,992,18,187,258,329,395,380,374,304,324,187,251,315,367,385,420,401,668
2016,6,100111653,60,27,45,33,55,1,2,4,7,16,27,10,17,6,10,10,17,8,13,5,8,0,0,6,8,2,6,4,1,1,4,10,2,4,4,4,4
2016,6,100111661,32,15,47,17,53,0,0,1,3,4,13,7,22,2,6,8,25,6,19,4,13,0,0,3,4,1,4,3,0,0,1,1,3,1,4,3,4
2016,6,100111717,133,67,50,66,50,14,11,14,11,18,14,13,10,18,14,15,11,15,11,26,20,7,7,12,9,8,10,6,8,7,7,6,4,10,5,9,18
2016,6,100111741,831,427,51,404,49,73,9,100,12,86,10,120,14,107,13,102,12,128,15,115,14,38,54,46,67,58,52,65,47,35,46,40,53,49,50,63,68
2016,6,100111758,287,138,48,149,52,22,8,24,8,37,13,52,18,20,7,43,15,36,13,53,18,14,15,17,28,11,16,19,18,8,9,20,24,9,27,17,35
2016,6,100111774,160,82,51,78,49,14,9,13,8,19,12,25,16,23,14,21,13,12,8,33,21,7,7,11,15,13,12,7,10,7,6,8,10,10,9,5,23
2016,6,100111782,1251,592,47,659,53,101,8,103,8,139,11,180,14,147,12,202,16,207,17,172,14,49,49,67,95,75,97,99,61,52,54,72,85,72,105,108,111
2016,6,100111813,144,70,49,74,51,7,5,10,7,18,13,20,14,24,17,22,15,16,11,27,19,2,4,11,13,10,12,10,8,5,6,7,7,14,10,6,19
2016,6,100111821,160,75,47,85,53,12,8,15,9,18,11,24,15,12,8,29,18,18,11,32,20,6,8,10,11,4,15,11,10,6,7,8,13,8,14,7,22
2016,6,100111838,152,75,49,77,51,12,8,18,12,23,15,14,9,24,16,17,11,19,13,25,16,6,11,10,10,11,7,10,10,6,7,13,4,13,10,9,15
2016,6,100111846,94,47,50,47,50,11,12,8,9,6,6,12,13,11,12,12,13,13,14,21,22,5,6,3,8,3,9,8,5,6,2,3,4,8,3,5,16
2016,6,100111862,372,175,47,197,53,15,4,21,6,49,13,57,15,42,11,52,14,52,14,84,23,6,12,22,36,20,28,26,25,9,9,27,21,22,24,26,59
2016,6,100111887,14,6,43,8,57,1,7,0,0,2,14,1,7,0,0,5,36,3,21,2,14,0,0,2,0,0,3,1,0,1,0,0,1,0,2,2,2
2016,6,100111895,101,44,44,57,56,5,5,6,6,18,18,8,8,18,18,8,8,15,15,23,23,2,3,7,3,10,5,8,6,3,3,11,5,8,3,7,17
2016,6,100111901,18,9,50,9,50,3,17,0,0,1,6,2,11,4,22,1,6,1,6,6,33,2,0,0,1,4,1,0,1,1,0,1,1,0,0,1,5
2016,6,100111918,335,147,44,188,56,20,6,20,6,51,15,48,14,35,10,50,15,45,13,66,20,9,9,30,25,17,18,18,21,11,11,21,23,18,32,27,45
2016,6,100111934,27,13,48,14,52,2,7,0,0,3,11,2,7,5,19,5,19,3,11,7,26,0,0,1,1,4,2,2,3,2,0,2,1,1,3,1,4
2016,6,100111942,668,302,45,366,55,52,8,47,7,75,11,98,15,71,11,82,12,102,15,141,21,27,25,41,51,37,34,42,45,25,22,34,47,34,48,60,96
2016,6,100111950,5,,,,,,,,,,,,,,,,,,,,,,,,,,,,,,,,,,,,
2016,6,100111975,48,25,52,23,48,1,2,6,13,6,13,5,10,6,13,11,23,6,13,7,15,1,1,4,2,4,6,3,4,0,5,2,3,2,5,3,3
2016,6,100111983,48,21,44,27,56,2,4,7,15,9,19,2,4,9,19,5,10,2,4,12,25,0,5,3,2,5,2,2,2,2,2,6,0,4,3,0,10
2016,6,100111991,40,21,53,19,48,1,3,1,3,4,10,2,5,8,20,4,10,6,15,14,35,1,1,3,1,5,2,3,5,0,0,1,1,3,2,3,9
2016,6,100112003,595,292,49,303,51,21,4,42,7,84,14,75,13,61,10,103,17,72,12,137,23,9,20,48,42,33,52,34,54,12,22,36,33,28,51,38,83
2016,6,100112036,93,47,51,46,49,1,1,5,5,12,13,20,22,6,6,20,22,10,11,19,20,1,3,5,16,3,8,6,5,0,2,7,4,3,12,4,14
2016,6,100112085,252,121,48,131,52,13,5,18,7,33,13,40,16,29,12,48,19,33,13,38,15,7,11,20,20,18,21,16,8,6,7,13,20,11,27,17,30
2016,6,100112132,478,228,48,250,52,33,7,42,9,54,11,63,13,63,13,68,14,73,15,82,17,20,19,30,43,32,30,31,23,13,23,24,20,31,38,42,59
2016,6,100112165,297,148,50,149,50,13,4,23,8,30,10,46,15,32,11,50,17,55,19,48,16,9,12,16,29,18,24,24,16,4,11,14,17,14,26,31,32
2016,6,100112204,59,32,54,27,46,4,7,10,17,6,10,5,8,12,20,6,10,6,10,10,17,1,5,5,2,6,5,5,3,3,5,1,3,6,1,1,7
2016,6,100112212,106,58,55,48,45,12,11,6,6,11,10,16,15,12,11,12,11,14,13,23,22,10,3,8,8,5,6,9,9,2,3,3,8,7,6,5,14
2016,6,100112237,176,82,47,94,53,9,5,6,3,27,15,22,13,26,15,31,18,18,10,37,21,6,4,11,15,13,15,7,11,3,2,16,7,13,16,11,26
2016,6,100112261,2084,950,46,1134,54,178,9,186,9,233,11,303,15,265,13,260,12,266,13,393,19,74,100,118,155,140,124,108,131,104,86,115,148,125,136,158,262
2016,6,100112286,688,344,50,344,50,50,7,77,11,104,15,104,15,89,13,97,14,89,13,78,11,31,50,46,63,44,49,38,23,19,27,58,41,45,48,51,55
2016,6,100112300,172,77,45,95,55,7,4,16,9,20,12,20,12,16,9,32,19,14,8,47,27,4,10,11,8,7,16,4,17,3,6,9,12,9,16,10,30
2016,6,100112325,143,75,52,68,48,9,6,7,5,20,14,24,17,20,14,22,15,15,10,26,18,4,5,15,13,9,12,7,10,5,2,5,11,11,10,8,16
2016,6,100112333,38,18,47,20,53,3,8,6,16,6,16,0,0,10,26,0,0,4,11,9,24,2,4,4,0,5,0,1,2,1,2,2,0,5,0,3,7
2016,6,100112341,273,135,49,138,51,25,9,21,8,26,10,42,15,32,12,30,11,41,15,56,21,17,14,14,20,18,12,21,19,8,7,12,22,14,18,20,37
2016,6,100112358,180,88,49,92,51,16,9,16,9,23,13,24,13,25,14,22,12,29,16,25,14,7,8,11,14,12,11,18,7,9,8,12,10,13,11,11,18
2016,6,100112462,260,123,47,137,53,23,9,25,10,40,15,30,12,41,16,29,11,35,13,37,14,12,13,16,16,22,11,20,13,11,12,24,14,19,18,15,24
2016,6,100112534,41,15,37,26,63,1,2,5,12,9,22,8,20,1,2,7,17,3,7,7,17,1,1,6,3,1,3,0,0,0,4,3,5,0,4,3,7
2016,6,100112591,567,269,47,298,53,46,8,61,11,61,11,75,13,81,14,79,14,69,12,95,17,22,25,38,31,42,37,34,40,24,36,23,44,39,42,35,55
2016,6,100112671,133,66,50,67,50,12,9,10,8,18,14,17,13,22,17,14,11,26,20,14,11,8,3,10,9,10,5,14,7,4,7,8,8,12,9,12,7
2016,6,100112688,152,69,45,83,55,13,9,17,11,16,11,17,11,15,10,17,11,27,18,30,20,5,9,7,12,7,7,15,7,8,8,9,5,8,10,12,23
2016,6,100112702,73,35,48,38,52,5,7,3,4,13,18,11,15,8,11,13,18,8,11,12,16,4,1,4,7,4,9,2,4,1,2,9,4,4,4,6,8
2016,6,100112743,449,210,47,239,53,35,8,33,7,47,10,78,17,48,11,69,15,59,13,80,18,18,18,19,46,26,34,26,23,17,15,28,32,22,35,33,57
2016,6,100112751,92,37,40,55,60,3,3,6,7,15,16,11,12,11,12,11,12,16,17,19,21,1,4,6,7,5,2,8,4,2,2,9,4,6,9,8,15
2016,6,100112768,145,68,47,77,53,9,6,13,9,20,14,19,13,20,14,20,14,17,12,27,19,4,4,12,10,11,7,11,9,5,9,8,9,9,13,6,18
2016,6,100112952,247,116,47,131,53,15,6,31,13,28,11,35,14,31,13,36,15,27,11,44,18,6,18,10,21,17,15,16,13,9,13,18,14,14,21,11,31
2016,6,100113101,467,222,48,245,52,39,8,35,7,55,12,85,18,47,10,70,15,61,13,75,16,21,22,26,47,21,32,28,25,18,13,29,38,26,38,33,50
2016,6,100113376,208,90,43,118,57,11,5,16,8,31,15,35,17,23,11,40,19,25,12,27,13,1,9,12,20,11,17,12,8,10,7,19,15,12,23,13,19
2016,6,100113497,57,19,33,38,67,8,14,4,7,7,12,7,12,6,11,7,12,9,16,9,16,1,2,2,3,4,2,4,1,7,2,5,4,2,5,5,8
2016,6,100113585,930,426,46,504,54,59,6,72,8,122,13,129,14,112,12,119,13,136,15,181,19,26,27,62,73,66,52,59,61,33,45,60,56,46,67,77,120
2016,6,100113987,83,36,43,47,57,7,8,9,11,9,11,10,12,10,12,14,17,12,14,12,14,2,3,6,8,5,6,4,2,5,6,3,2,5,8,8,10
2016,6,100114232,100,49,49,51,51,11,11,7,7,17,17,14,14,9,9,16,16,14,14,12,12,4,3,7,9,7,8,8,3,7,4,10,5,2,8,6,9
2016,6,100114240,2177,984,45,1193,55,132,6,181,8,280,13,233,11,294,14,346,16,270,12,441,20,74,96,147,117,145,162,117,126,58,85,133,116,149,184,153,315
2016,6,100114361,158,76,48,82,52,9,6,5,3,6,4,25,16,19,12,26,16,21,13,47,30,5,2,1,21,11,12,9,15,4,3,5,4,8,14,12,32
2016,6,100114394,51,30,59,21,41,1,2,3,6,6,12,7,14,11,22,7,14,9,18,7,14,1,2,4,6,5,5,4,3,0,1,2,1,6,2,5,4
2016,6,100114433,62,26,42,36,58,4,6,8,13,7,11,14,23,7,11,12,19,3,5,7,11,2,2,3,6,4,6,1,2,2,6,4,8,3,6,2,5
2016,6,100114466,1476,668,45,808,55,108,7,105,7,170,12,219,15,187,13,201,14,210,14,276,19,49,54,82,110,107,81,100,85,59,51,88,109,80,120,110,191
2016,6,100114554,162,81,50,81,50,8,5,9,6,19,12,42,26,14,9,25,15,20,12,25,15,7,4,8,27,6,14,9,6,1,5,11,15,8,11,11,19
2016,6,100114675,186,85,46,101,54,20,11,21,11,23,12,30,16,19,10,25,13,21,11,27,15,11,8,8,18,10,10,13,7,9,13,15,12,9,15,8,20
2016,6,100114763,417,185,44,232,56,32,8,27,6,69,17,63,15,45,11,66,16,55,13,60,14,16,11,33,33,24,27,27,14,16,16,36,30,21,39,28,46
2016,6,100114884,2137,993,46,1144,54,156,7,186,9,257,12,292,14,260,12,330,15,252,12,404,19,82,98,128,155,124,146,112,148,74,88,129,137,136,184,140,256
2016,6,100114948,516,232,45,284,55,34,7,37,7,65,13,83,16,52,10,68,13,91,18,86,17,15,21,29,44,25,28,39,31,19,16,36,39,27,40,52,55
2016,6,100115017,199,90,45,109,55,12,6,13,7,18,9,23,12,31,16,28,14,26,13,48,24,3,6,7,15,20,13,9,17,9,7,11,8,11,15,17,31
2016,6,100115113,11,7,64,4,36,1,9,3,27,1,9,3,27,3,27,0,0,0,0,0,0,0,2,1,1,3,0,0,0,1,1,0,2,0,0,0,0
2016,6,100115121,74,33,45,41,55,4,5,9,12,13,18,14,19,7,9,9,12,4,5,14,19,2,4,4,5,5,7,1,5,2,5,9,9,2,2,3,9
2016,6,100115162,17,8,47,9,53,1,6,0,0,5,29,3,18,3,18,3,18,1,6,1,6,0,0,2,2,1,2,1,0,1,0,3,1,2,1,0,1
2016,6,100115170,183,76,42,107,58,5,3,14,8,18,10,22,12,22,12,25,14,23,13,54,30,3,5,7,13,13,13,9,13,2,9,11,9,9,12,14,41
2016,6,100115218,41,21,51,20,49,4,10,4,10,6,15,4,10,12,29,4,10,1,2,6,15,3,3,2,3,7,2,0,1,1,1,4,1,5,2,1,5
2016,6,100115242,242,123,51,119,49,17,7,25,10,23,10,41,17,30,12,40,17,32,13,34,14,13,16,12,22,12,21,16,11,4,9,11,19,18,19,16,23
2016,6,100115275,1191,517,43,674,57,58,5,90,8,148,12,150,13,138,12,171,14,166,14,270,23,25,45,60,76,63,80,79,89,33,45,88,74,75,91,87,181
2016,6,100115314,180,90,50,90,50,13,7,16,9,18,10,26,14,25,14,29,16,28,16,25,14,3,10,12,14,10,16,12,13,10,6,6,12,15,13,16,12
2016,6,100115548,266,128,48,138,52,17,6,22,8,30,11,31,12,31,12,33,12,40,15,62,23,7,14,15,20,15,15,24,18,10,8,15,11,16,18,16,44
2016,6,100115556,77,38,49,39,51,11,14,6,8,13,17,11,14,9,12,10,13,7,9,10,13,6,3,5,10,4,4,3,3,5,3,8,1,5,6,4,7
2016,6,100115636,35,22,63,13,37,3,9,5,14,2,6,6,17,2,6,10,29,1,3,6,17,3,3,2,5,1,5,1,2,0,2,0,1,1,5,0,4
2016,6,100115660,99,48,48,51,52,5,5,3,3,14,14,14,14,9,9,16,16,16,16,22,22,3,1,6,10,6,8,6,8,2,2,8,4,3,8,10,14
2016,6,100115677,366,180,49,186,51,25,7,31,8,54,15,63,17,50,14,50,14,47,13,46,13,15,16,33,37,26,24,21,8,10,15,21,26,24,26,26,38
2016,6,100115716,107,53,50,54,50,5,5,13,12,9,8,10,9,17,16,13,12,14,13,26,24,3,8,5,6,10,8,6,7,2,5,4,4,7,5,8,19
2016,6,100115724,479,236,49,243,51,36,8,40,8,55,11,73,15,63,13,65,14,65,14,82,17,18,21,27,39,36,30,36,29,18,19,28,34,27,35,29,53
2016,6,100115740,43,24,56,19,44,7,16,5,12,4,9,9,21,4,9,5,12,6,14,3,7,6,2,2,5,1,3,2,3,1,3,2,4,3,2,4,0
2016,6,100115894,373,182,49,191,51,19,5,20,5,38,10,67,18,39,10,62,17,62,17,66,18,9,12,17,44,24,24,27,25,10,8,21,23,15,38,35,41
2016,6,100115982,126,64,51,62,49,13,10,13,10,22,17,13,10,13,10,29,23,8,6,15,12,6,7,13,6,9,15,4,4,7,6,9,7,4,14,4,11
2016,6,100116084,23,12,52,11,48,1,4,5,22,5,22,1,4,1,4,5,22,3,13,2,9,1,2,3,1,1,1,2,1,0,3,2,0,0,4,1,1
2016,6,100116092,323,160,50,163,50,35,11,33,10,47,15,47,15,27,8,42,13,52,16,40,12,23,21,23,21,17,17,23,15,12,12,24,26,10,25,29,25
2016,6,100116131,33,14,42,19,58,6,18,4,12,5,15,5,15,8,24,1,3,4,12,0,0,2,2,2,2,4,0,2,0,4,2,3,3,4,1,2,0
2016,6,100116203,515,248,48,267,52,27,5,32,6,58,11,73,14,63,12,80,16,75,15,107,21,16,19,32,41,32,37,37,34,11,13,26,32,31,43,38,73
2016,6,100116590,160,76,48,84,53,11,7,12,8,17,11,27,17,15,9,22,14,30,19,26,16,7,6,8,14,9,8,12,12,4,6,9,13,6,14,18,14
2016,6,100116613,5,,,,,,,,,,,,,,,,,,,,,,,,,,,,,,,,,,,,
2016,6,100116695,305,159,52,146,48,11,4,28,9,41,13,41,13,41,13,50,16,31,10,62,20,7,19,23,27,21,23,18,21,4,9,18,14,20,27,13,41
2016,6,100116718,13,7,54,6,46,0,0,0,0,0,0,2,15,0,0,3,23,1,8,7,54,0,0,0,2,0,1,1,3,0,0,0,0,0,2,0,4
2016,6,100116896,175,85,49,90,51,15,9,13,7,32,18,14,8,26,15,22,13,21,12,32,18,8,5,18,7,16,12,9,10,7,8,14,7,10,10,12,22
2016,6,100116984,26,11,42,15,58,0,0,0,0,1,4,5,19,3,12,10,38,3,12,4,15,0,0,0,2,2,5,1,1,0,0,1,3,1,5,2,3
2016,6,100117527,242,108,45,134,55,18,7,18,7,37,15,30,12,29,12,40,17,34,14,36,15,9,7,17,17,11,20,19,8,9,11,20,13,18,20,15,28
2016,6,100117584,370,173,47,197,53,15,4,21,6,37,10,54,15,38,10,49,13,76,21,80,22,8,12,15,36,21,26,29,26,7,9,22,18,17,23,47,54
2016,6,100117631,72,36,50,36,50,3,4,8,11,9,13,10,14,10,14,11,15,8,11,13,18,3,5,4,6,5,4,6,3,0,3,5,4,5,7,2,10
2016,6,100117953,162,75,46,87,54,9,6,12,7,11,7,21,13,19,12,21,13,32,20,37,23,5,6,6,11,9,10,15,13,4,6,5,10,10,11,17,24
2016,6,100118071,44,24,55,20,45,0,0,6,14,3,7,4,9,7,16,8,18,7,16,9,20,0,3,3,2,5,5,5,1,0,3,0,2,2,3,2,8
2016,6,100118135,51,25,49,26,51,3,6,9,18,6,12,5,10,8,16,11,22,3,6,6,12,3,6,4,1,3,6,0,2,0,3,2,4,5,5,3,4
2016,6,100118223,268,136,51,132,49,8,3,25,9,31,12,54,20,29,11,56,21,40,15,25,9,3,16,18,33,15,23,18,10,5,9,13,21,14,33,22,15
2016,6,100118633,366,177,48,189,52,18,5,31,8,39,11,64,17,39,11,66,18,65,18,44,12,9,14,18,40,22,28,33,13,9,17,21,24,17,38,32,31
2016,6,100118674,221,116,52,105,48,7,3,10,5,24,11,26,12,22,10,41,19,40,18,51,23,5,7,15,19,13,22,21,14,2,3,9,7,9,19,19,37
2016,6,100118834,25,14,56,11,44,0,0,2,8,2,8,3,12,1,4,4,16,9,36,4,16,0,1,2,1,1,2,5,2,0,1,0,2,0,2,4,2
2016,6,100118883,374,158,42,216,58,22,6,25,7,36,10,54,14,45,12,61,16,57,15,74,20,14,12,15,25,17,29,30,16,8,13,21,29,28,32,27,58
2016,6,100118914,78,37,47,41,53,5,6,9,12,13,17,6,8,8,10,9,12,16,21,12,15,2,3,8,1,4,5,8,6,3,6,5,5,4,4,8,6
2016,6,100118922,22,11,50,11,50,4,18,3,14,2,9,0,0,5,23,4,18,2,9,2,9,0,2,2,0,3,1,1,2,4,1,0,0,2,3,1,0
2016,6,100118955,99,55,56,44,44,6,6,8,8,8,8,13,13,12,12,15,15,19,19,18,18,4,6,5,9,8,8,9,6,2,2,3,4,4,7,10,12
2016,6,100118963,33,19,58,14,42,3,9,2,6,3,9,3,9,9,27,9,27,2,6,2,6,2,1,1,2,6,4,1,2,1,1,2,1,3,5,1,0
2016,6,100119008,817,401,49,416,51,68,8,56,7,114,14,107,13,104,13,95,12,134,16,139,17,42,35,51,62,55,42,63,51,26,21,63,45,49,53,71,88
2016,6,100119032,382,190,50,192,50,18,5,26,7,35,9,53,14,39,10,65,17,71,19,75,20,12,14,22,31,22,29,31,29,6,12,13,22,17,36,40,46
2016,6,100119040,24,15,63,9,38,1,4,3,13,2,8,4,17,4,17,1,4,4,17,5,21,1,1,1,3,2,1,2,4,0,2,1,1,2,0,2,1
2016,6,100119057,14,8,57,6,43,0,0,0,0,0,0,3,21,3,21,3,21,2,14,3,21,0,0,0,1,2,2,1,2,0,0,0,2,1,1,1,1
2016,6,100119098,5,,,,,,,,,,,,,,,,,,,,,,,,,,,,,,,,,,,,
2016,6,100119506,610,316,52,294,48,18,3,27,4,47,8,91,15,86,14,101,17,115,19,125,20,12,15,25,61,42,55,61,45,6,12,22,30,44,46,54,80
2016,6,100119643,82,41,50,41,50,1,1,4,5,11,13,4,5,11,13,14,17,15,18,22,27,1,4,5,2,8,5,8,8,0,0,6,2,3,9,7,14
2016,6,100119651,178,92,52,86,48,10,6,19,11,14,8,27,15,25,14,23,13,29,16,31,17,2,13,8,15,16,12,14,12,8,6,6,12,9,11,15,19
2016,6,100119668,5,,,,,,,,,,,,,,,,,,,,,,,,,,,,,,,,,,,,
2016,6,100119684,360,172,48,188,52,13,4,28,8,44,12,49,14,42,12,58,16,71,20,55,15,7,8,27,35,16,32,29,18,6,20,17,14,26,26,42,37
2016,6,100119707,71,36,51,35,49,3,4,2,3,6,8,7,10,8,11,10,14,17,24,18,25,1,2,5,6,3,3,9,7,2,0,1,1,5,7,8,11
2016,6,100119756,70,33,47,37,53,2,3,3,4,8,11,7,10,14,20,10,14,7,10,19,27,0,2,4,1,9,7,4,6,2,1,4,6,5,3,3,13
2016,6,100119940,228,107,47,121,53,10,4,17,7,32,14,40,18,28,12,31,14,41,18,29,13,4,10,16,22,15,13,22,5,6,7,16,18,13,18,19,24
2016,6,100120260,32,18,56,14,44,1,3,4,13,2,6,3,9,9,28,2,6,6,19,5,16,0,2,0,2,7,1,4,2,1,2,2,1,2,1,2,3
2016,6,100120293,5,,,,,,,,,,,,,,,,,,,,,,,,,,,,,,,,,,,,
2016,6,100120308,40,16,40,24,60,2,5,1,3,4,10,1,3,5,13,5,13,8,20,14,35,1,0,2,0,2,3,4,4,1,1,2,1,3,2,4,10
2016,6,100120324,5,,,,,,,,,,,,,,,,,,,,,,,,,,,,,,,,,,,,
2016,6,100120412,179,92,51,87,49,10,6,10,6,15,8,30,17,20,11,28,16,42,23,24,13,6,4,8,19,12,17,19,7,4,6,7,11,8,11,23,17
2016,6,100120461,5,,,,,,,,,,,,,,,,,,,,,,,,,,,,,,,,,,,,
2016,6,100120517,5,,,,,,,,,,,,,,,,,,,,,,,,,,,,,,,,,,,,
2016,6,100120558,337,165,49,172,51,19,6,33,10,37,11,43,13,43,13,62,18,36,11,64,19,14,20,19,25,16,32,12,27,5,13,18,18,27,30,24,37
2016,6,100120687,5,,,,,,,,,,,,,,,,,,,,,,,,,,,,,,,,,,,,
2016,6,100120695,499,220,44,279,56,22,4,20,4,51,10,66,13,55,11,89,18,95,19,101,20,9,6,28,39,27,37,44,30,13,14,23,27,28,52,51,71
2016,6,100120863,12,6,50,6,50,0,0,3,25,0,0,1,8,2,17,1,8,2,17,3,25,0,0,0,1,2,0,2,1,0,3,0,0,0,1,0,2
2016,6,100120871,13,5,38,8,62,0,0,2,15,0,0,0,0,2,15,1,8,3,23,5,38,0,0,0,0,1,1,2,1,0,2,0,0,1,0,1,4
2016,6,100120888,32,15,47,17,53,0,0,1,3,5,16,2,6,0,0,6,19,10,31,8,25,0,0,2,2,0,2,5,4,0,1,3,0,0,4,5,4
2016,6,100120896,20,6,30,14,70,2,10,1,5,2,10,2,10,3,15,2,10,1,5,7,35,0,0,0,2,1,1,1,1,2,1,2,0,2,1,0,6
2016,6,100120902,21,13,62,8,38,0,0,2,10,1,5,3,14,1,5,7,33,4,19,3,14,0,2,0,2,1,3,3,2,0,0,1,1,0,4,1,1
2016,6,100120910,25,11,44,14,56,4,16,0,0,2,8,2,8,3,12,2,8,4,16,8,32,1,0,1,2,2,0,2,3,3,0,1,0,1,2,2,5
2016,6,100120927,5,,,,,,,,,,,,,,,,,,,,,,,,,,,,,,,,,,,,
2016,6,100120935,31,17,55,14,45,1,3,4,13,3,10,4,13,6,19,5,16,5,16,3,10,0,3,2,3,2,3,3,1,1,1,1,1,4,2,2,2
2016,6,100120943,5,,,,,,,,,,,,,,,,,,,,,,,,,,,,,,,,,,,,
2016,6,100120951,115,48,42,67,58,8,7,10,9,6,5,15,13,9,8,32,28,9,8,26,23,3,6,2,5,5,14,5,8,5,4,4,10,4,18,4,18
2016,6,100120968,378,165,44,213,56,27,7,37,10,43,11,56,15,47,12,63,17,46,12,59,16,11,15,19,28,28,23,18,23,16,22,24,28,19,40,28,36
2016,6,100120992,45,27,60,18,40,8,18,3,7,5,11,4,9,9,20,7,16,4,9,5,11,6,2,2,2,8,5,1,1,2,1,3,2,1,2,3,4
2016,6,100121004,15,9,60,6,40,3,20,0,0,1,7,2,13,3,20,0,0,2,13,4,27,2,0,1,0,3,0,1,2,1,0,0,2,0,0,1,2
2016,6,100121012,5,,,,,,,,,,,,,,,,,,,,,,,,,,,,,,,,,,,,
2016,6,100121020,5,,,,,,,,,,,,,,,,,,,,,,,,,,,,,,,,,,,,
2016,6,100121037,36,19,53,17,47,2,6,5,14,1,3,6,17,5,14,4,11,6,17,7,19,1,3,0,3,3,2,3,4,1,2,1,3,2,2,3,3
2016,6,100121045,12,7,58,5,42,1,8,4,33,1,8,2,17,2,17,0,0,0,0,2,17,1,2,0,2,1,0,0,1,0,2,1,0,1,0,0,1
2016,6,100121053,5,,,,,,,,,,,,,,,,,,,,,,,,,,,,,,,,,,,,
2016,6,100121061,5,,,,,,,,,,,,,,,,,,,,,,,,,,,,,,,,,,,,
2016,6,100121078,5,,,,,,,,,,,,,,,,,,,,,,,,,,,,,,,,,,,,
2016,6,100121086,11,5,45,6,55,0,0,1,9,2,18,2,18,1,9,2,18,0,0,3,27,0,1,1,1,1,0,0,1,0,0,1,1,0,2,0,2
2016,6,100121100,56,26,46,30,54,2,4,3,5,6,11,7,13,7,13,5,9,9,16,17,30,1,1,3,3,4,2,5,7,1,2,3,4,3,3,4,10
2016,6,100121117,25,13,52,12,48,0,0,0,0,2,8,1,4,5,20,3,12,4,16,10,40,0,0,1,1,4,1,2,4,0,0,1,0,1,2,2,6
2016,6,100121125,11,6,55,5,45,1,9,1,9,1,9,1,9,1,9,2,18,1,9,3,27,1,1,0,0,1,1,1,1,0,0,1,1,0,1,0,2
2016,6,100121133,61,32,52,29,48,3,5,3,5,4,7,9,15,9,15,4,7,16,26,13,21,1,1,3,6,5,3,8,5,2,2,1,3,4,1,8,8
2016,6,100121141,1450,646,45,804,55,93,6,53,4,113,8,209,14,217,15,220,15,231,16,314,22,48,19,61,102,98,102,100,116,45,34,52,107,119,118,131,198
2016,6,100121158,54,24,44,30,56,3,6,3,6,5,9,6,11,6,11,11,20,7,13,13,24,1,1,1,2,5,6,4,4,2,2,4,4,1,5,3,9
2016,6,100121166,5,,,,,,,,,,,,,,,,,,,,,,,,,,,,,,,,,,,,
2016,6,100121174,46,23,50,23,50,5,11,3,7,1,2,7,15,7,15,7,15,6,13,10,22,1,2,1,4,4,5,4,2,4,1,0,3,3,2,2,8
2016,6,100121190,5,,,,,,,,,,,,,,,,,,,,,,,,,,,,,,,,,,,,
2016,6,100121205,5,,,,,,,,,,,,,,,,,,,,,,,,,,,,,,,,,,,,
2016,6,100121213,140,63,45,77,55,8,6,3,2,13,9,17,12,16,11,28,20,18,13,37,26,5,1,7,7,9,13,8,13,3,2,6,10,7,15,10,24
2016,6,100121221,5,,,,,,,,,,,,,,,,,,,,,,,,,,,,,,,,,,,,
2016,6,100121238,23,10,43,13,57,4,17,2,9,0,0,7,30,1,4,3,13,3,13,3,13,1,1,0,2,1,3,1,1,3,1,0,5,0,0,2,2
2016,6,100121246,16,9,56,7,44,1,6,0,0,3,19,2,13,4,25,3,19,1,6,2,13,0,0,2,0,2,2,1,2,1,0,1,2,2,1,0,0
2016,6,100121254,5,,,,,,,,,,,,,,,,,,,,,,,,,,,,,,,,,,,,
2016,6,100121262,32,13,41,19,59,2,6,1,3,7,22,1,3,6,19,6,19,3,9,6,19,0,1,2,0,3,2,2,3,2,0,5,1,3,4,1,3
2016,6,100121270,39,18,46,21,54,3,8,5,13,7,18,0,0,6,15,5,13,3,8,10,26,1,3,4,0,2,3,1,4,2,2,3,0,4,2,2,6
2016,6,100121295,5,,,,,,,,,,,,,,,,,,,,,,,,,,,,,,,,,,,,
2016,6,100121301,963,469,49,494,51,74,8,79,8,107,11,115,12,126,13,135,14,140,15,187,19,41,46,54,65,64,63,62,74,33,33,53,50,62,72,78,113
2016,6,100121326,16,7,44,9,56,1,6,3,19,0,0,1,6,5,31,1,6,1,6,4,25,0,3,0,0,2,0,1,1,1,0,0,1,3,1,0,3
2016,6,100121334,5,,,,,,,,,,,,,,,,,,,,,,,,,,,,,,,,,,,,
2016,6,100121342,18,11,61,7,39,0,0,0,0,0,0,3,17,1,6,0,0,5,28,9,50,0,0,0,3,1,0,4,3,0,0,0,0,0,0,1,6
2016,6,100121350,26,15,58,11,42,1,4,2,8,3,12,2,8,5,19,4,15,4,15,5,19,0,1,1,2,3,3,2,3,1,1,2,0,2,1,2,2
2016,6,100121367,5,,,,,,,,,,,,,,,,,,,,,,,,,,,,,,,,,,,,
2016,6,100121375,12,8,67,4,33,1,8,0,0,1,8,0,0,3,25,1,8,1,8,5,42,0,0,1,0,2,1,1,3,1,0,0,0,1,0,0,2
2016,6,100121383,28,17,61,11,39,0,0,1,4,1,4,2,7,3,11,5,18,8,29,8,29,0,1,1,0,2,4,5,4,0,0,0,2,1,1,3,4
2016,6,100121391,15,5,33,10,67,1,7,2,13,2,13,1,7,2,13,1,7,3,20,3,20,0,1,0,0,1,0,2,1,1,1,2,1,1,1,1,2
2016,6,100121414,1030,462,45,568,55,65,6,78,8,133,13,139,13,150,15,155,15,140,14,170,17,34,37,65,78,64,76,52,56,31,41,68,61,86,79,88,114
2016,6,100121447,12,7,58,5,42,0,0,0,0,1,8,2,17,0,0,3,25,2,17,4,33,0,0,0,2,0,2,1,2,0,0,1,0,0,1,1,2
2016,6,100121455,5,,,,,,,,,,,,,,,,,,,,,,,,,,,,,,,,,,,,
2016,6,100121471,303,140,46,163,54,20,7,26,9,24,8,30,10,33,11,41,14,68,22,61,20,9,14,16,14,21,20,27,19,11,12,8,16,12,21,41,42
2016,6,100121728,112,56,50,56,50,8,7,7,6,17,15,19,17,9,8,22,20,14,13,16,14,5,3,9,12,3,12,6,6,3,4,8,7,6,10,8,10
2016,6,100121840,157,79,50,78,50,5,3,11,7,33,21,18,11,26,17,36,23,11,7,17,11,3,7,19,11,8,22,5,4,2,4,14,7,18,14,6,13
2016,6,100121961,194,90,46,104,54,15,8,9,5,21,11,27,14,18,9,29,15,35,18,40,21,7,3,12,15,8,13,18,14,8,6,9,12,10,16,17,26
2016,6,100122063,20,11,55,9,45,0,0,0,0,0,0,1,5,3,15,4,20,6,30,6,30,0,0,0,0,2,2,4,3,0,0,0,1,1,2,2,3
2016,6,100122096,119,53,45,66,55,3,3,10,8,10,8,15,13,18,15,18,15,12,10,33,28,1,5,3,9,10,8,7,10,2,5,7,6,8,10,5,23
2016,6,100122184,605,299,49,306,51,24,4,43,7,57,9,80,13,67,11,102,17,93,15,139,23,12,27,29,46,37,57,48,43,12,16,28,34,30,45,45,96
2016,6,100122248,29,15,52,14,48,1,3,1,3,5,17,3,10,3,10,6,21,4,14,6,21,1,1,2,2,1,3,2,3,0,0,3,1,2,3,2,3
2016,6,100122352,480,202,42,278,58,23,5,33,7,55,11,44,9,63,13,77,16,60,13,125,26,11,17,29,21,30,34,25,35,12,16,26,23,33,43,35,90
2016,6,100122360,5,,,,,,,,,,,,,,,,,,,,,,,,,,,,,,,,,,,,
2016,6,100122432,5,,,,,,,,,,,,,,,,,,,,,,,,,,,,,,,,,,,,
2016,6,100122504,5,,,,,,,,,,,,,,,,,,,,,,,,,,,,,,,,,,,,
2016,6,100122633,5,,,,,,,,,,,,,,,,,,,,,,,,,,,,,,,,,,,,
2016,6,100122666,5,,,,,,,,,,,,,,,,,,,,,,,,,,,,,,,,,,,,
2016,6,100122713,35,20,57,15,43,0,0,1,3,6,17,2,6,5,14,6,17,5,14,10,29,0,1,4,2,2,4,3,4,0,0,2,0,3,2,2,6
2016,6,100122721,202,86,43,116,57,11,5,15,7,33,16,24,12,24,12,31,15,30,15,34,17,4,6,12,16,9,16,11,12,7,9,21,8,15,15,19,22
2016,6,100122795,227,103,45,124,55,13,6,16,7,24,11,28,12,24,11,22,10,41,18,59,26,7,9,11,13,15,8,17,23,6,7,13,15,9,14,24,36
2016,6,100122801,33,17,52,16,48,2,6,2,6,4,12,1,3,9,27,8,24,3,9,4,12,0,1,1,0,5,7,1,2,2,1,3,1,4,1,2,2
2016,6,100122875,259,118,46,141,54,11,4,28,11,36,14,28,11,45,17,36,14,37,14,38,15,3,16,18,14,24,17,14,12,8,12,18,14,21,19,23,26
2016,6,100122883,71,39,55,32,45,3,4,5,7,15,21,6,8,17,24,6,8,10,14,9,13,2,4,10,5,9,3,3,3,1,1,5,1,8,3,7,6
2016,6,100122891,11,4,36,7,64,1,9,1,9,1,9,0,0,1,9,2,18,0,0,5,45,0,1,0,0,0,1,0,2,1,0,1,0,1,1,0,3
2016,6,100122963,5,,,,,,,,,,,,,,,,,,,,,,,,,,,,,,,,,,,,
2016,6,100123057,49,24,49,25,51,2,4,3,6,5,10,3,6,15,31,4,8,8,16,9,18,2,2,2,3,6,3,3,3,0,1,3,0,9,1,5,6
2016,6,100123217,186,86,46,100,54,6,3,14,8,34,18,15,8,17,9,29,16,21,11,50,27,3,7,19,9,10,14,6,18,3,7,15,6,7,15,15,32
2016,6,100123973,93,46,49,47,51,3,3,12,13,8,9,13,14,16,17,10,11,15,16,16,17,2,7,3,5,11,5,8,5,1,5,5,8,5,5,7,11
2016,6,100123981,468,204,44,264,56,21,4,40,9,45,10,50,11,48,10,54,12,77,16,133,28,13,26,24,21,19,25,32,44,8,14,21,29,29,29,45,89
2016,6,100123998,178,86,48,92,52,7,4,6,3,24,13,15,8,18,10,23,13,36,20,49,28,4,3,11,9,10,15,19,15,3,3,13,6,8,8,17,34
2016,6,100124042,239,107,45,132,55,8,3,19,8,20,8,35,15,26,11,38,16,36,15,57,24,6,10,8,23,12,18,14,16,2,9,12,12,14,20,22,41
2016,6,100124516,483,198,41,285,59,26,5,30,6,59,12,44,9,51,11,72,15,71,15,130,27,19,11,23,23,26,29,31,36,7,19,36,21,25,43,40,94
2016,6,100124532,69,37,54,32,46,0,0,4,6,9,13,6,9,7,10,17,25,9,13,17,25,0,1,6,4,3,12,4,7,0,3,3,2,4,5,5,10
2016,6,100124565,429,200,47,229,53,35,8,42,10,48,11,57,13,47,11,48,11,68,16,84,20,19,24,25,28,29,22,28,25,16,18,23,29,18,26,40,59
2016,6,100124598,501,225,45,276,55,32,6,39,8,69,14,70,14,64,13,59,12,72,14,96,19,16,22,38,34,30,23,33,29,16,17,31,36,34,36,39,67
2016,6,100124612,98,48,49,50,51,5,5,3,3,12,12,16,16,6,6,17,17,14,14,25,26,2,2,7,11,3,8,8,7,3,1,5,5,3,9,6,18
2016,6,100124661,144,67,47,77,53,8,6,12,8,15,10,22,15,17,12,23,16,22,15,25,17,6,2,7,11,11,10,9,11,2,10,8,11,6,13,13,14
2016,6,100124678,260,145,56,115,44,4,2,6,2,19,7,36,14,44,17,34,13,54,21,63,24,2,2,11,17,31,22,37,23,2,4,8,19,13,12,17,40
2016,6,100124686,256,130,51,126,49,16,6,18,7,20,8,36,14,29,11,41,16,35,14,61,24,8,9,11,23,18,19,16,26,8,9,9,13,11,22,19,35
2016,6,100124700,1171,523,45,648,55,102,9,158,13,169,14,152,13,175,15,153,13,130,11,132,11,53,76,74,76,78,73,60,33,49,82,95,76,97,80,70,99
2016,6,100124717,235,102,43,133,57,16,7,14,6,23,10,31,13,24,10,27,11,38,16,62,26,8,8,13,18,8,14,16,17,8,6,10,13,16,13,22,45
2016,6,100124733,1277,577,45,700,55,62,5,91,7,173,14,142,11,138,11,179,14,178,14,314,25,31,49,83,81,71,92,72,98,31,42,90,61,67,87,106,216
2016,6,100124766,61,26,43,35,57,1,2,5,8,7,11,9,15,7,11,9,15,10,16,13,21,0,3,3,6,4,6,1,3,1,2,4,3,3,3,9,10
2016,6,100124782,336,154,46,182,54,17,5,27,8,35,10,39,12,42,13,53,16,41,12,82,24,11,8,21,26,20,24,16,28,6,19,14,13,22,29,25,54
2016,6,100124790,489,225,46,264,54,33,7,30,6,58,12,75,15,45,9,73,15,73,15,102,21,16,16,28,42,23,34,32,34,17,14,30,33,22,39,41,68
2016,6,100124854,238,112,47,126,53,19,8,24,10,38,16,36,15,32,13,24,10,33,14,32,13,8,7,22,23,14,11,13,14,11,17,16,13,18,13,20,18
2016,6,100124887,236,113,48,123,52,19,8,13,6,34,14,39,17,22,9,34,14,34,14,41,17,12,4,19,21,12,14,16,15,7,9,15,18,10,20,18,26
2016,6,100124975,211,112,53,99,47,18,9,18,9,34,16,32,15,30,14,27,13,25,12,27,13,8,13,21,19,17,15,10,9,10,5,13,13,13,12,15,18
2016,6,100124983,362,161,44,201,56,20,6,34,9,46,13,49,14,42,12,57,16,41,11,73,20,12,15,24,21,23,28,22,16,8,19,22,28,19,29,19,57
2016,6,100124991,194,93,48,101,52,5,3,13,7,28,14,33,17,16,8,37,19,24,12,38,20,2,6,15,19,9,17,10,15,3,7,13,14,7,20,14,23
2016,6,100125028,643,284,44,359,56,59,9,59,9,88,14,92,14,74,12,82,13,83,13,106,16,28,30,42,50,31,45,33,25,31,29,46,42,43,37,50,81
2016,6,100125036,396,199,50,197,50,26,7,37,9,55,14,59,15,55,14,61,15,43,11,60,15,13,24,29,36,28,37,18,14,13,13,26,23,27,24,25,46
2016,6,100125077,150,71,47,79,53,11,7,13,9,20,13,25,17,20,13,23,15,18,12,20,13,6,4,16,10,10,11,9,5,5,9,4,15,10,12,9,15
2016,6,100125116,55,26,47,29,53,0,0,6,11,10,18,10,18,7,13,10,18,5,9,7,13,0,2,6,6,3,7,1,1,0,4,4,4,4,3,4,6
2016,6,100125124,33,19,58,14,42,0,0,4,12,6,18,4,12,4,12,7,21,4,12,4,12,0,3,3,2,2,4,3,2,0,1,3,2,2,3,1,2
2016,6,100125132,255,121,47,134,53,17,7,24,9,40,16,35,14,31,12,42,16,31,12,35,14,8,15,24,17,10,25,13,9,9,9,16,18,21,17,18,26
2016,6,100125140,135,61,45,74,55,8,6,8,6,18,13,17,13,10,7,26,19,22,16,26,19,4,3,9,9,5,12,10,9,4,5,9,8,5,14,12,17
2016,6,100125173,282,139,49,143,51,11,4,18,6,34,12,43,15,37,13,44,16,36,13,59,21,8,6,21,25,16,22,13,28,3,12,13,18,21,22,23,31
2016,6,100125245,291,143,49,148,51,14,5,24,8,41,14,46,16,39,13,36,12,47,16,44,15,9,13,22,27,21,18,21,12,5,11,19,19,18,18,26,32
2016,6,100125317,338,163,48,175,52,18,5,24,7,45,13,47,14,49,14,56,17,30,9,69,20,10,16,27,32,23,22,13,20,8,8,18,15,26,34,17,49
2016,6,100125325,288,137,48,151,52,22,8,23,8,29,10,58,20,33,11,43,15,43,15,37,13,13,9,13,32,16,24,21,9,9,14,16,26,17,19,22,28
2016,6,100125333,496,222,45,274,55,31,6,32,6,71,14,73,15,53,11,93,19,72,15,71,14,15,19,37,36,25,40,29,21,16,13,34,37,28,53,43,50
2016,6,100125358,97,46,47,51,53,13,13,14,14,10,10,14,14,7,7,10,10,13,13,16,16,6,5,3,7,5,7,5,8,7,9,7,7,2,3,8,8
2016,6,100125366,128,62,48,66,52,7,5,5,4,9,7,14,11,13,10,20,16,20,16,40,31,3,4,4,7,7,12,9,16,4,1,5,7,6,8,11,24
2016,6,100125405,262,127,48,135,52,16,6,33,13,45,17,37,14,40,15,30,11,32,12,29,11,9,16,25,22,17,15,14,9,7,17,20,15,23,15,18,20
2016,6,100125421,161,82,51,79,49,14,9,15,9,18,11,21,13,20,12,19,12,22,14,32,20,9,7,10,14,10,9,12,11,5,8,8,7,10,10,10,21
2016,6,100125454,231,109,47,122,53,15,6,29,13,34,15,24,10,24,10,34,15,32,14,39,17,2,13,18,11,14,17,16,18,13,16,16,13,10,17,16,21
2016,6,100125470,90,42,47,48,53,1,1,3,3,7,8,4,4,8,9,17,19,11,12,39,43,0,2,3,3,4,11,4,15,1,1,4,1,4,6,7,24
2016,6,100125501,155,74,48,81,52,10,6,15,10,19,12,19,12,13,8,20,13,24,15,35,23,5,8,10,14,8,7,13,9,5,7,9,5,5,13,11,26
2016,6,100125518,218,108,50,110,50,14,6,13,6,33,15,37,17,14,6,39,18,34,16,34,16,8,10,18,22,6,17,15,12,6,3,15,15,8,22,19,22
2016,6,100125614,152,73,48,79,52,15,10,18,12,19,13,21,14,20,13,16,11,16,11,27,18,6,12,9,12,11,8,8,7,9,6,10,9,9,8,8,20
2016,6,100125671,89,46,52,43,48,9,10,6,7,18,20,13,15,11,12,17,19,7,8,8,9,4,4,9,7,4,10,3,5,5,2,9,6,7,7,4,3
2016,6,100125702,267,120,45,147,55,15,6,17,6,39,15,34,13,19,7,49,18,47,18,47,18,9,9,18,17,8,26,21,12,6,8,21,17,11,23,26,35
2016,6,100125743,58,30,52,28,48,7,12,5,9,8,14,7,12,10,17,9,16,5,9,7,12,3,3,4,4,7,6,1,2,4,2,4,3,3,3,4,5
2016,6,100125936,234,120,51,114,49,22,9,23,10,32,14,40,17,21,9,32,14,26,11,38,16,14,14,23,21,9,15,13,11,8,9,9,19,12,17,13,27
2016,6,100126005,84,44,52,40,48,7,8,6,7,12,14,11,13,8,10,11,13,14,17,15,18,4,4,5,7,5,6,6,7,3,2,7,4,3,5,8,8
2016,6,100126038,194,88,45,106,55,14,7,16,8,28,14,27,14,21,11,27,14,17,9,44,23,7,9,8,18,13,10,7,16,7,7,20,9,8,17,10,28
2016,6,100126070,458,219,48,239,52,33,7,39,9,63,14,67,15,51,11,72,16,54,12,79,17,20,20,33,38,25,37,23,23,13,19,30,29,26,35,31,56
2016,6,100126087,105,48,46,57,54,3,3,11,10,10,10,7,7,14,13,15,14,16,15,29,28,1,4,5,3,7,8,11,9,2,7,5,4,7,7,5,20
2016,6,100126327,456,205,45,251,55,23,5,23,5,53,12,60,13,51,11,71,16,66,14,109,24,11,12,26,32,24,39,32,29,12,11,27,28,27,32,34,80
2016,6,100126456,201,103,51,98,49,21,10,19,9,26,13,27,13,26,13,19,9,28,14,35,17,10,12,16,17,12,10,13,13,11,7,10,10,14,9,15,22
2016,6,100126503,639,329,51,310,49,31,5,32,5,51,8,105,16,84,13,110,17,108,17,118,18,20,16,25,60,51,58,57,42,11,16,26,45,33,52,51,76
2016,6,100126593,112,54,48,58,52,6,5,7,6,8,7,11,10,12,11,19,17,26,23,23,21,4,2,2,8,7,12,14,5,2,5,6,3,5,7,12,18
2016,6,100126624,607,289,48,318,52,43,7,44,7,94,15,89,15,63,10,91,15,81,13,102,17,18,26,52,53,28,42,40,30,25,18,42,36,35,49,41,72
2016,6,100126737,175,88,50,87,50,12,7,10,6,24,14,22,13,29,17,28,16,24,14,26,15,6,5,11,16,18,15,8,9,6,5,13,6,11,13,16,17
2016,6,100126786,172,86,50,86,50,7,4,20,12,22,13,19,11,28,16,28,16,18,10,30,17,5,9,11,8,15,17,12,9,2,11,11,11,13,11,6,21
2016,6,100126858,110,58,53,52,47,2,2,8,7,15,14,21,19,14,13,18,16,14,13,18,16,0,6,6,12,10,12,7,5,2,2,9,9,4,6,7,13
2016,6,100126954,497,233,47,264,53,35,7,50,10,64,13,80,16,55,11,68,14,68,14,77,15,20,28,35,43,21,29,31,26,15,22,29,37,34,39,37,51
2016,6,100127056,271,126,46,145,54,19,7,28,10,28,10,43,16,36,13,38,14,41,15,38,14,9,14,14,19,22,16,20,12,10,14,14,24,14,22,21,26
2016,6,100127080,165,73,44,92,56,4,2,11,7,22,13,25,15,19,12,21,13,25,15,38,23,2,4,13,13,12,10,9,10,2,7,9,12,7,11,16,28
2016,6,100127136,165,82,50,83,50,16,10,10,6,27,16,20,12,20,12,29,18,16,10,27,16,8,7,13,12,7,15,10,10,8,3,14,8,13,14,6,17
2016,6,100127185,105,47,45,58,55,8,8,9,9,14,13,20,19,15,14,11,10,14,13,14,13,4,4,6,11,6,5,5,6,4,5,8,9,9,6,9,8
2016,6,100127208,39,18,46,21,54,1,3,4,10,7,18,5,13,5,13,5,13,4,10,8,21,0,2,6,1,3,2,1,3,1,2,1,4,2,3,3,5
2016,6,100127232,488,226,46,262,54,53,11,56,11,52,11,81,17,53,11,67,14,48,10,78,16,30,28,25,42,26,30,18,27,23,28,27,39,27,37,30,51
2016,6,100127240,176,85,48,91,52,8,5,9,5,22,13,25,14,19,11,29,16,26,15,38,22,4,2,12,17,10,16,10,14,4,7,10,8,9,13,16,24
2016,6,100127257,415,192,46,223,54,37,9,39,9,52,13,69,17,47,11,59,14,65,16,47,11,23,18,31,34,19,25,29,13,14,21,21,35,28,34,36,34
2016,6,100127546,52,17,33,35,67,3,6,5,10,13,25,3,6,5,10,12,23,4,8,7,13,1,1,5,2,2,4,1,1,2,4,8,1,3,8,3,6
2016,6,100127570,265,120,45,145,55,25,9,17,6,34,13,44,17,28,11,38,14,31,12,48,18,12,7,11,27,14,18,17,14,13,10,23,17,14,20,14,34
2016,6,100127601,52,28,54,24,46,3,6,1,2,2,4,8,15,4,8,13,25,3,6,18,35,3,0,1,6,3,8,2,5,0,1,1,2,1,5,1,13
2016,6,100127675,61,26,43,35,57,3,5,7,11,8,13,5,8,10,16,9,15,8,13,11,18,1,1,5,1,6,3,3,6,2,6,3,4,4,6,5,5
2016,6,100127683,197,99,50,98,50,12,6,18,9,20,10,17,9,40,20,21,11,24,12,45,23,3,13,10,7,22,12,12,20,9,5,10,10,18,9,12,25
2016,6,100127691,98,38,39,60,61,6,6,9,9,8,8,17,17,17,17,10,10,14,14,17,17,0,3,3,10,8,3,7,4,6,6,5,7,9,7,7,13
2016,6,100127706,1285,582,45,703,55,106,8,123,10,125,10,199,15,179,14,192,15,170,13,191,15,48,70,65,102,94,81,76,46,58,53,60,97,85,111,94,145
2016,6,100127714,906,435,48,471,52,87,10,89,10,84,9,138,15,119,13,122,13,117,13,150,17,46,46,43,69,65,60,54,52,41,43,41,69,54,62,63,98
2016,6,100127722,332,161,48,171,52,27,8,25,8,41,12,48,14,44,13,37,11,48,14,62,19,16,12,25,25,24,14,18,27,11,13,16,23,20,23,30,35
2016,6,100127771,1595,748,47,847,53,98,6,134,8,184,12,235,15,204,13,226,14,218,14,296,19,51,64,105,134,103,103,90,98,47,70,79,101,101,123,128,198
2016,6,100127835,224,106,47,118,53,21,9,21,9,21,9,47,21,22,10,33,15,23,10,36,16,9,9,12,28,11,19,9,9,12,12,9,19,11,14,14,27
2016,6,100127876,773,354,46,419,54,50,6,54,7,66,9,119,15,93,12,102,13,125,16,164,21,26,28,33,62,53,43,55,54,24,26,33,57,40,59,70,110
2016,6,100127915,234,113,48,121,52,15,6,19,8,30,13,35,15,31,13,33,14,28,12,43,18,9,8,19,20,16,18,8,15,6,11,11,15,15,15,20,28
2016,6,100127923,219,102,47,117,53,13,6,12,5,23,11,29,13,11,5,48,22,44,20,39,18,8,7,11,16,7,20,23,10,5,5,12,13,4,28,21,29
2016,6,100127948,163,86,53,77,47,11,7,21,13,13,8,32,20,23,14,21,13,22,13,20,12,9,12,6,17,12,10,11,9,2,9,7,15,11,11,11,11
2016,6,100127964,502,242,48,260,52,35,7,54,11,52,10,75,15,68,14,75,15,56,11,87,17,24,24,29,41,32,34,26,32,11,30,23,34,36,41,30,55
2016,6,100127997,216,102,47,114,53,8,4,24,11,30,14,26,12,27,13,39,18,36,17,26,12,4,11,15,16,16,19,13,8,4,13,15,10,11,20,23,18
2016,6,100128074,650,306,47,344,53,23,4,56,9,56,9,98,15,102,16,99,15,98,15,118,18,16,26,25,51,51,47,42,48,7,30,31,47,51,52,56,70
2016,6,100128082,317,153,48,164,52,19,6,30,9,31,10,60,19,34,11,48,15,35,11,60,19,10,13,21,33,20,24,16,16,9,17,10,27,14,24,19,44
2016,6,100128105,118,52,44,66,56,5,4,10,8,17,14,12,10,20,17,16,14,16,14,22,19,3,2,10,7,9,7,6,8,2,8,7,5,11,9,10,14
2016,6,100128138,360,173,48,187,52,20,6,27,8,36,10,57,16,56,16,52,14,47,13,65,18,11,12,16,27,35,28,16,28,9,15,20,30,21,24,31,37
2016,6,100128146,103,45,44,58,56,4,4,9,9,11,11,15,15,11,11,17,17,8,8,28,27,2,1,6,10,5,9,3,9,2,8,5,5,6,8,5,19
2016,6,100128187,906,415,46,491,54,67,7,78,9,100,11,145,16,112,12,127,14,104,11,173,19,40,39,48,80,58,56,44,50,27,39,52,65,54,71,60,123
2016,6,100128275,3830,1788,47,2042,53,457,12,390,10,332,9,563,15,616,16,461,12,399,10,612,16,236,192,176,251,311,222,181,219,221,198,156,312,305,239,218,393
2016,6,100128322,328,161,49,167,51,19,6,22,7,27,8,51,16,42,13,46,14,49,15,72,22,7,10,15,33,21,23,23,29,12,12,12,18,21,23,26,43
2016,6,100128330,276,134,49,142,51,10,4,20,7,43,16,39,14,35,13,55,20,36,13,38,14,6,10,22,19,21,25,20,11,4,10,21,20,14,30,16,27
2016,6,100128347,151,70,46,81,54,11,7,14,9,20,13,19,13,21,14,13,9,25,17,28,19,7,6,12,9,10,4,15,7,4,8,8,10,11,9,10,21
2016,6,100128363,316,152,48,164,52,20,6,18,6,37,12,48,15,44,14,39,12,60,19,50,16,8,10,22,29,25,20,28,10,12,8,15,19,19,19,32,40
2016,6,100128443,446,220,49,226,51,28,6,31,7,56,13,76,17,53,12,62,14,72,16,68,15,12,12,32,47,27,29,37,24,16,19,24,29,26,33,35,44
2016,6,100128476,322,149,46,173,54,33,10,23,7,37,11,56,17,46,14,47,15,44,14,36,11,14,12,17,35,23,20,17,11,19,11,20,21,23,27,27,25
2016,6,100128484,28,17,61,11,39,3,11,1,4,2,7,6,21,2,7,7,25,1,4,6,21,2,0,2,4,2,4,0,3,1,1,0,2,0,3,1,3
2016,6,100128523,286,134,47,152,53,22,8,26,9,37,13,39,14,33,12,47,16,26,9,56,20,12,11,21,16,20,24,12,18,10,15,16,23,13,23,14,38
2016,6,100128556,316,154,49,162,51,21,7,27,9,22,7,48,15,61,19,43,14,32,10,62,20,12,9,10,24,31,26,16,26,9,18,12,24,30,17,16,36
2016,6,100128580,586,276,47,310,53,50,9,48,8,72,12,87,15,81,14,91,16,54,9,103,18,21,25,34,48,41,49,26,32,29,23,38,39,40,42,28,71
2016,6,100128611,195,93,48,102,52,10,5,12,6,30,15,30,15,26,13,33,17,23,12,31,16,2,4,17,18,14,17,9,12,8,8,13,12,12,16,14,19
2016,6,100128660,523,256,49,267,51,29,6,37,7,56,11,77,15,75,14,74,14,78,15,97,19,16,13,31,46,37,42,31,40,13,24,25,31,38,32,47,57
2016,6,100128677,334,160,48,174,52,25,7,25,7,45,13,58,17,31,9,58,17,43,13,49,15,12,10,27,32,15,28,23,13,13,15,18,26,16,30,20,36
2016,6,100128685,204,105,51,99,49,7,3,14,7,22,11,30,15,14,7,38,19,34,17,45,22,4,9,14,20,7,18,18,15,3,5,8,10,7,20,16,30
2016,6,100128757,252,127,50,125,50,22,9,18,7,24,10,46,18,29,12,24,10,40,16,49,19,11,13,11,28,18,11,20,15,11,5,13,18,11,13,20,34
2016,6,100128765,188,92,49,96,51,12,6,16,9,24,13,39,21,21,11,26,14,24,13,26,14,7,8,12,21,9,12,12,11,5,8,12,18,12,14,12,15
2016,6,100128853,170,77,45,93,55,11,6,15,9,14,8,24,14,20,12,17,10,28,16,41,24,4,6,8,14,13,10,10,12,7,9,6,10,7,7,18,29
2016,6,100128861,189,88,47,101,53,4,2,18,10,30,16,34,18,28,15,32,17,23,12,20,11,4,9,12,19,14,17,8,5,0,9,18,15,14,15,15,15
2016,6,100128878,291,146,50,145,50,20,7,32,11,33,11,35,12,50,17,30,10,45,15,46,16,11,15,17,20,32,14,22,15,9,17,16,15,18,16,23,31
2016,6,100128900,594,271,46,323,54,49,8,54,9,79,13,75,13,66,11,88,15,68,11,115,19,25,28,48,41,34,34,30,31,24,26,31,34,32,54,38,84
2016,6,100129236,104,57,55,47,45,11,11,6,6,10,10,19,18,8,8,9,9,19,18,22,21,9,2,7,11,4,5,10,9,2,4,3,8,4,4,9,13
2016,6,100129252,155,80,52,75,48,11,7,22,14,28,18,14,9,26,17,18,12,21,14,15,10,5,12,18,7,15,8,10,5,6,10,10,7,11,10,11,10
2016,6,100129533,266,115,43,151,57,10,4,18,7,41,15,39,15,25,9,42,16,44,17,47,18,6,8,16,25,13,17,19,11,4,10,25,14,12,25,25,36
2016,6,100129574,63,27,43,36,57,3,5,1,2,12,19,14,22,6,10,8,13,11,17,8,13,1,0,6,7,3,3,6,1,2,1,6,7,3,5,5,7
2016,6,100129605,60,25,42,35,58,2,3,5,8,5,8,7,12,5,8,11,18,12,20,13,22,0,2,3,3,3,7,4,3,2,3,2,4,2,4,8,10
2016,6,100129621,375,183,49,192,51,32,9,36,10,36,10,56,15,46,12,51,14,58,15,60,16,11,22,22,27,27,25,33,16,21,14,14,29,19,26,25,44
2016,6,100129701,229,107,47,122,53,17,7,20,9,40,17,37,16,25,11,31,14,30,13,29,13,5,11,18,20,16,15,14,8,12,9,22,17,9,16,16,21
2016,6,100129775,91,51,56,40,44,2,2,2,2,15,16,13,14,7,8,18,20,16,18,18,20,2,0,9,9,3,11,11,6,0,2,6,4,4,7,5,12
2016,6,100129871,139,59,42,80,58,9,6,8,6,11,8,23,17,21,15,15,11,20,14,32,23,2,4,7,9,11,10,8,8,7,4,4,14,10,5,12,24
2016,6,100129888,50,23,46,27,54,0,0,3,6,3,6,6,12,8,16,6,12,8,16,16,32,0,3,1,4,5,3,3,4,0,0,2,2,3,3,5,12
2016,6,100129896,143,63,44,80,56,8,6,8,6,25,17,20,14,14,10,27,19,13,9,28,20,2,5,13,12,6,14,4,7,6,3,12,8,8,13,9,21
2016,6,100129968,432,260,60,172,40,9,2,11,3,24,6,72,17,73,17,84,19,76,18,83,19,2,6,15,38,50,60,44,45,7,5,9,34,23,24,32,38
2016,6,100129984,219,103,47,116,53,8,4,9,4,38,17,29,13,23,11,43,20,40,18,29,13,5,3,21,19,8,18,22,7,3,6,17,10,15,25,18,22
2016,6,100130046,106,50,47,56,53,8,8,9,8,15,14,9,8,9,8,27,25,14,13,15,14,4,3,8,5,2,16,6,6,4,6,7,4,7,11,8,9
2016,6,100130101,75,37,49,38,51,4,5,3,4,10,13,14,19,5,7,11,15,16,21,12,16,1,0,5,10,2,6,8,5,3,3,5,4,3,5,8,7
2016,6,100130302,79,36,46,43,54,1,1,11,14,11,14,8,10,13,16,9,11,7,9,19,24,1,2,6,3,6,6,3,9,0,9,5,5,7,3,4,10
2016,6,100130310,235,114,49,121,51,11,5,16,7,19,8,32,14,32,14,47,20,26,11,52,22,7,10,9,17,18,24,10,19,4,6,10,15,14,23,16,33
2016,6,100130415,197,94,48,103,52,10,5,25,13,28,14,29,15,22,11,35,18,19,10,29,15,5,16,11,19,10,16,7,10,5,9,17,10,12,19,12,19
2016,6,100130665,70,39,56,31,44,6,9,6,9,6,9,17,24,4,6,11,16,10,14,10,14,3,5,5,10,1,6,6,3,3,1,1,7,3,5,4,7
2016,6,100130946,294,132,45,162,55,22,7,23,8,42,14,40,14,42,14,30,10,47,16,48,16,9,10,20,21,22,12,21,17,13,13,22,19,20,18,26,31
2016,6,100131466,239,111,46,128,54,27,11,17,7,37,15,29,12,31,13,14,6,44,18,40,17,13,10,16,15,12,7,25,13,14,7,21,14,19,7,19,27
2016,6,100131554,85,42,49,43,51,5,6,1,1,13,15,11,13,8,9,10,12,18,21,19,22,2,1,7,6,5,5,9,7,3,0,6,5,3,5,9,12
2016,6,100131562,101,48,48,53,52,7,7,7,7,23,23,3,3,12,12,19,19,14,14,16,16,3,4,9,0,9,9,10,4,4,3,14,3,3,10,4,12
2016,6,100131810,335,165,49,170,51,18,5,34,10,45,13,44,13,42,13,58,17,53,16,41,12,10,16,26,25,20,29,26,13,8,18,19,19,22,29,27,28
2016,6,100132113,178,88,49,90,51,6,3,10,6,32,18,18,10,24,13,27,15,30,17,31,17,4,9,16,11,14,14,11,9,2,1,16,7,10,13,19,22
2016,6,100132170,75,35,47,40,53,0,0,8,11,15,20,4,5,11,15,9,12,9,12,19,25,0,4,8,0,7,4,3,9,0,4,7,4,4,5,6,10
2016,6,100132242,63,34,54,29,46,3,5,2,3,6,10,12,19,8,13,8,13,16,25,8,13,0,1,3,11,5,4,10,0,3,1,3,1,3,4,6,8
2016,6,100132322,1398,655,47,743,53,109,8,113,8,156,11,210,15,186,13,241,17,200,14,183,13,57,65,85,104,90,110,86,58,52,48,71,106,96,131,114,125
2016,6,100132363,156,80,51,76,49,8,5,17,11,18,12,24,15,18,12,24,15,26,17,21,13,6,8,10,14,7,12,16,7,2,9,8,10,11,12,10,14
2016,6,100132443,557,284,51,273,49,58,10,56,10,72,13,70,13,73,13,76,14,77,14,75,13,31,35,47,45,34,36,33,23,27,21,25,25,39,40,44,52
2016,6,100132597,172,81,47,91,53,14,8,9,5,15,9,36,21,17,10,26,15,28,16,27,16,7,6,6,18,9,12,12,11,7,3,9,18,8,14,16,16
2016,6,100133180,63,31,49,32,51,5,8,6,10,7,11,5,8,6,10,13,21,15,24,6,10,2,5,4,3,4,7,6,0,3,1,3,2,2,6,9,6
2016,6,100133285,68,33,49,35,51,9,13,7,10,3,4,12,18,7,10,10,15,7,10,13,19,7,2,1,6,5,5,4,3,2,5,2,6,2,5,3,10
2016,6,100133293,265,121,46,144,54,38,14,25,9,40,15,45,17,27,10,29,11,28,11,33,12,22,12,20,17,13,13,15,9,16,13,20,28,14,16,13,24
2016,6,100133638,229,121,53,108,47,20,9,15,7,48,21,31,14,33,14,34,15,24,10,24,10,11,7,28,22,17,15,13,8,9,8,20,9,16,19,11,16
2016,6,100133742,52,21,40,31,60,0,0,2,4,5,10,5,10,5,10,11,21,9,17,15,29,0,0,2,5,2,4,4,4,0,2,3,0,3,7,5,11
2016,6,100133750,356,167,47,189,53,31,9,26,7,57,16,58,16,30,8,59,17,42,12,53,15,16,16,26,32,18,26,18,15,15,10,31,26,12,33,24,38
2016,6,100134061,107,56,52,51,48,7,7,10,9,15,14,19,18,15,14,17,16,9,8,15,14,4,5,11,10,6,8,4,8,3,5,4,9,9,9,5,7
2016,6,100134270,267,129,48,138,52,6,2,18,7,37,14,35,13,27,10,39,15,51,19,54,20,2,9,22,20,15,21,21,19,4,9,15,15,12,18,30,35
2016,6,100134672,246,121,49,125,51,7,3,21,9,33,13,21,9,30,12,54,22,30,12,50,20,6,11,15,13,17,29,17,13,1,10,18,8,13,25,13,37
2016,6,100135014,63,33,52,30,48,7,11,4,6,8,13,10,16,13,21,8,13,3,5,10,16,4,3,3,7,8,4,1,3,3,1,5,3,5,4,2,7
2016,6,100135127,281,128,46,153,54,17,6,24,9,41,15,32,11,36,13,44,16,41,15,46,16,9,12,24,15,15,21,17,15,8,12,17,17,21,23,24,31
2016,6,100135561,154,75,49,79,51,4,3,9,6,18,12,26,17,16,10,35,23,23,15,23,15,2,4,12,16,7,19,9,6,2,5,6,10,9,16,14,17
2016,6,100135738,166,79,48,87,52,5,3,10,6,16,10,20,12,16,10,36,22,37,22,26,16,1,5,7,12,9,20,16,9,4,5,9,8,7,16,21,17
2016,6,100135746,55,35,64,20,36,3,5,6,11,5,9,7,13,3,5,10,18,11,20,10,18,3,4,4,6,2,6,7,3,0,2,1,1,1,4,4,7
2016,6,100136186,170,75,44,95,56,8,5,10,6,26,15,14,8,24,14,26,15,30,18,32,19,4,7,11,8,10,12,13,10,4,3,15,6,14,14,17,22
2016,6,100136233,118,52,44,66,56,6,5,9,8,17,14,15,13,13,11,22,19,20,17,16,14,2,5,10,4,7,8,8,8,4,4,7,11,6,14,12,8
2016,6,100136602,290,150,52,140,48,17,6,17,6,30,10,45,16,23,8,41,14,52,18,65,22,14,13,14,24,14,19,27,25,3,4,16,21,9,22,25,40
2016,6,100137155,150,67,45,83,55,6,4,12,8,12,8,7,5,14,9,21,14,39,26,39,26,5,7,5,3,7,9,16,15,1,5,7,4,7,12,23,24
2016,6,100137372,38,19,50,19,50,2,5,4,11,4,11,3,8,3,8,11,29,3,8,8,21,2,2,1,1,2,8,1,2,0,2,3,2,1,3,2,6
2016,6,100137653,552,255,46,297,54,30,5,33,6,51,9,46,8,55,10,91,16,95,17,151,27,12,22,29,24,29,49,43,47,18,11,22,22,26,42,52,104
2016,6,100138028,258,113,44,145,56,12,5,15,6,36,14,32,12,26,10,44,17,40,16,53,21,7,6,18,18,14,18,19,13,5,9,18,14,12,26,21,40
2016,6,100138663,196,97,49,99,51,10,5,24,12,15,8,34,17,20,10,36,18,32,16,25,13,5,10,9,22,10,16,18,7,5,14,6,12,10,20,14,18
2016,6,100138872,37,19,51,18,49,2,5,1,3,7,19,3,8,3,8,7,19,8,22,6,16,1,1,2,2,2,5,5,1,1,0,5,1,1,2,3,5
2016,6,100139005,157,80,51,77,49,9,6,14,9,15,10,17,11,23,15,27,17,26,17,26,17,3,7,11,10,15,11,15,8,6,7,4,7,8,16,11,18
2016,6,100139062,241,117,49,124,51,10,4,16,7,34,14,29,12,28,12,45,19,42,17,37,15,3,8,17,16,15,23,25,10,7,8,17,13,13,22,17,27
2016,6,100140040,185,85,46,100,54,11,6,10,5,20,11,22,12,14,8,39,21,26,14,43,23,6,7,9,10,8,18,12,15,5,3,11,12,6,21,14,28
2016,6,100140313,140,73,52,67,48,9,6,10,7,22,16,25,18,13,9,15,11,28,20,18,13,5,5,17,14,7,4,13,8,4,5,5,11,6,11,15,10
2016,6,100140651,32,20,63,12,38,0,0,2,6,3,9,4,13,7,22,3,9,8,25,5,16,0,2,2,3,5,2,4,2,0,0,1,1,2,1,4,3
2016,6,100140723,66,36,55,30,45,6,9,5,8,13,20,8,12,9,14,10,15,10,15,5,8,3,2,9,5,5,6,3,3,3,3,4,3,4,4,7,2
2016,6,100140860,103,49,48,54,52,3,3,7,7,6,6,14,14,9,9,16,16,23,22,25,24,1,4,3,9,4,8,10,10,2,3,3,5,5,8,13,15
2016,6,100140940,91,46,51,45,49,3,3,2,2,5,5,16,18,7,8,18,20,21,23,19,21,2,0,2,11,5,8,13,5,1,2,3,5,2,10,8,14
2016,6,100141188,270,127,47,143,53,10,4,20,7,44,16,32,12,23,9,62,23,36,13,43,16,4,11,23,18,13,26,19,13,6,9,21,14,10,36,17,30
2016,6,100141202,148,69,47,79,53,6,4,8,5,11,7,15,10,9,6,21,14,18,12,60,41,2,4,7,6,6,7,15,22,4,4,4,9,3,14,3,38
2016,6,100141645,166,77,46,89,54,13,8,14,8,19,11,23,14,15,9,33,20,27,16,22,13,7,7,8,12,8,14,15,6,6,7,11,11,7,19,12,16
2016,6,100142325,205,84,41,121,59,10,5,12,6,35,17,20,10,20,10,33,16,30,15,45,22,5,4,16,10,7,16,13,13,5,8,19,10,13,17,17,32
2016,6,100142671,288,136,47,152,53,17,6,22,8,31,11,34,12,35,12,47,16,60,21,42,15,9,11,14,20,18,20,32,12,8,11,17,14,17,27,28,30
2016,6,100143038,186,95,51,91,49,7,4,15,8,20,11,26,14,20,11,35,19,27,15,36,19,3,10,12,17,10,18,12,13,4,5,8,9,10,17,15,23
2016,6,100143528,17,10,59,7,41,0,0,1,6,1,6,1,6,0,0,2,12,4,24,8,47,0,1,1,1,0,1,2,4,0,0,0,0,0,1,2,4
2016,6,100143560,385,172,45,213,55,18,5,31,8,54,14,29,8,46,12,73,19,59,15,75,19,10,13,28,14,26,31,17,33,8,18,26,15,20,42,42,42
2016,6,100143616,100,46,46,54,54,4,4,9,9,13,13,7,7,18,18,14,14,9,9,26,26,2,4,8,2,10,7,5,8,2,5,5,5,8,7,4,18
2016,6,100143681,70,30,43,40,57,3,4,7,10,6,9,9,13,10,14,8,11,13,19,14,20,1,0,2,7,5,5,4,6,2,7,4,2,5,3,9,8
2016,6,100143720,53,23,43,30,57,0,0,4,8,7,13,6,11,8,15,11,21,8,15,9,17,0,2,3,2,6,4,4,2,0,2,4,4,2,7,4,7
2016,6,100143817,261,122,47,139,53,33,13,40,15,36,14,36,14,27,10,34,13,28,11,27,10,19,15,15,23,11,20,10,9,14,25,21,13,16,14,18,18
2016,6,100143841,37,21,57,16,43,1,3,1,3,1,3,4,11,3,8,10,27,6,16,11,30,1,0,0,4,3,6,3,4,0,1,1,0,0,4,3,7
2016,6,100143874,171,88,51,83,49,18,11,16,9,21,12,27,16,31,18,23,13,14,8,21,12,9,8,10,16,18,12,8,7,9,8,11,11,13,11,6,14
2016,6,100143890,91,43,47,48,53,5,5,10,11,16,18,8,9,11,12,15,16,7,8,19,21,5,5,6,4,6,7,4,6,0,5,10,4,5,8,3,13
2016,6,100143962,43,25,58,18,42,3,7,3,7,3,7,3,7,6,14,6,14,5,12,14,33,1,2,1,3,4,5,2,7,2,1,2,0,2,1,3,7
2016,6,100143987,708,314,44,394,56,41,6,45,6,95,13,82,12,73,10,92,13,132,19,148,21,23,20,45,41,41,43,53,48,18,25,50,41,32,49,79,100
2016,6,100144015,383,166,43,217,57,35,9,31,8,58,15,51,13,38,10,60,16,56,15,54,14,14,17,23,28,20,24,26,14,21,14,35,23,18,36,30,40
2016,6,100144056,147,77,52,70,48,11,7,3,2,15,10,17,12,18,12,29,20,28,19,26,18,5,3,9,10,10,16,13,11,6,0,6,7,8,13,15,15
2016,6,100144064,55,30,55,25,45,1,2,3,5,12,22,8,15,8,15,11,20,3,5,9,16,1,3,7,5,4,5,2,3,0,0,5,3,4,6,1,6
2016,6,100144103,82,45,55,37,45,8,10,4,5,12,15,19,23,4,5,11,13,12,15,12,15,4,1,10,12,3,5,5,5,4,3,2,7,1,6,7,7
2016,6,100144185,320,150,47,170,53,21,7,27,8,37,12,38,12,37,12,46,14,43,13,71,22,12,16,19,16,21,22,20,24,9,11,18,22,16,24,23,47
2016,6,100144232,223,100,45,123,55,13,6,18,8,31,14,36,16,25,11,27,12,28,13,45,20,9,6,14,21,15,11,16,8,4,12,17,15,10,16,12,37
2016,6,100144257,892,415,47,477,53,66,7,95,11,103,12,154,17,120,13,97,11,133,15,124,14,33,50,50,80,62,45,62,33,33,45,53,74,58,52,71,91
2016,6,100144304,202,96,48,106,52,17,8,13,6,46,23,19,9,25,12,28,14,32,16,22,11,7,7,24,11,14,14,13,6,10,6,22,8,11,14,19,16
2016,6,100144320,207,100,48,107,52,13,6,19,9,32,15,23,11,23,11,30,14,30,14,37,18,5,6,18,17,10,14,15,15,8,13,14,6,13,16,15,22
2016,6,100144337,65,26,40,39,60,3,5,9,14,11,17,10,15,2,3,9,14,14,22,7,11,0,3,4,5,0,5,7,2,3,6,7,5,2,4,7,5
2016,6,100144345,30,16,53,14,47,0,0,3,10,4,13,5,17,2,7,4,13,2,7,10,33,0,2,3,3,1,2,1,4,0,1,1,2,1,2,1,6
2016,6,100144353,30,11,37,19,63,2,7,0,0,2,7,2,7,2,7,5,17,3,10,14,47,1,0,1,1,0,5,0,3,1,0,1,1,2,0,3,11
2016,6,100144378,335,170,51,165,49,19,6,43,13,45,13,60,18,33,10,45,13,48,14,42,13,9,26,25,36,17,20,22,15,10,17,20,24,16,25,26,27
2016,6,100144417,35,15,43,20,57,0,0,3,9,3,9,5,14,3,9,7,20,5,14,9,26,0,1,2,2,2,3,3,2,0,2,1,3,1,4,2,7
2016,6,100144425,36,12,33,24,67,1,3,6,17,9,25,3,8,7,19,4,11,1,3,5,14,1,1,2,2,3,2,0,1,0,5,7,1,4,2,1,4
2016,6,100144433,79,36,46,43,54,3,4,12,15,10,13,12,15,9,11,12,15,10,13,11,14,3,6,2,7,3,8,3,4,0,6,8,5,6,4,7,7
2016,6,100144458,214,99,46,115,54,16,7,23,11,18,8,37,17,30,14,23,11,31,14,36,17,6,12,7,17,19,11,14,13,10,11,11,20,11,12,17,23
2016,6,100144513,428,208,49,220,51,37,9,29,7,63,15,73,17,57,13,56,13,62,14,51,12,20,15,37,40,32,23,31,10,17,14,26,33,25,33,31,41
2016,6,100144521,156,80,51,76,49,10,6,8,5,17,11,20,13,19,12,23,15,30,19,29,19,5,5,9,13,12,9,14,13,5,3,8,7,7,14,16,16
2016,6,100144546,25,12,48,13,52,1,4,3,12,2,8,7,28,1,4,0,0,4,16,7,28,0,3,1,5,0,0,1,2,1,0,1,2,1,0,3,5
2016,6,100144562,162,80,49,82,51,5,3,11,7,29,18,20,12,15,9,33,20,26,16,23,14,3,4,16,12,8,17,14,6,2,7,13,8,7,16,12,17
2016,6,100144595,48,23,48,25,52,3,6,8,17,7,15,5,10,3,6,1,2,8,17,13,27,1,4,6,2,2,0,4,4,2,4,1,3,1,1,4,9
2016,6,100144642,297,131,44,166,56,18,6,18,6,36,12,30,10,28,9,49,16,48,16,70,24,9,8,18,16,14,22,20,24,9,10,18,14,14,27,28,46
2016,6,100144683,367,175,48,192,52,10,3,24,7,57,16,39,11,49,13,50,14,48,13,90,25,5,9,40,20,29,26,17,29,5,15,17,19,20,24,31,61
2016,6,100144810,361,174,48,187,52,33,9,37,10,49,14,52,14,43,12,48,13,42,12,57,16,18,23,24,23,20,27,20,19,15,14,25,29,23,21,22,38
2016,6,100144827,39,19,49,20,51,2,5,4,10,4,10,2,5,8,21,5,13,4,10,10,26,0,2,3,1,6,2,1,4,2,2,1,1,2,3,3,6
2016,6,100144843,357,170,48,187,52,22,6,33,9,55,15,53,15,42,12,55,15,53,15,44,12,12,14,27,31,22,27,20,17,10,19,28,22,20,28,33,27
2016,6,100144907,298,135,45,163,55,21,7,27,9,38,13,54,18,30,10,44,15,40,13,44,15,13,13,13,27,14,19,20,16,8,14,25,27,16,25,20,28
2016,6,100144972,147,67,46,80,54,9,6,19,13,16,11,32,22,13,9,17,12,18,12,23,16,2,8,8,18,6,6,7,12,7,11,8,14,7,11,11,11
2016,6,100145025,295,146,49,149,51,19,6,26,9,54,18,52,18,35,12,38,13,36,12,35,12,12,12,29,33,17,15,17,11,7,14,25,19,18,23,19,24
2016,6,100145066,492,237,48,255,52,46,9,50,10,67,14,80,16,56,11,76,15,57,12,60,12,29,24,36,42,25,40,23,18,17,26,31,38,31,36,34,42
2016,6,100145154,129,58,45,71,55,9,7,15,12,22,17,12,9,15,12,15,12,14,11,27,21,2,7,12,7,7,5,8,10,7,8,10,5,8,10,6,17
2016,6,100145250,276,129,47,147,53,27,10,33,12,40,14,39,14,27,10,41,15,32,12,37,13,11,16,20,21,14,19,14,14,16,17,20,18,13,22,18,23
2016,6,100145267,96,46,48,50,52,7,7,13,14,12,13,9,9,6,6,14,15,12,13,23,24,4,9,5,4,2,7,7,8,3,4,7,5,4,7,5,15
2016,6,100145275,168,77,46,91,54,10,6,15,9,27,16,12,7,21,13,25,15,22,13,36,21,5,5,15,8,10,13,11,10,5,10,12,4,11,12,11,26
2016,6,100145283,176,79,45,97,55,19,11,17,10,24,14,19,11,20,11,19,11,29,16,29,16,8,6,10,7,12,8,16,12,11,11,14,12,8,11,13,17
2016,6,100145291,58,27,47,31,53,9,16,3,5,3,5,10,17,5,9,7,12,10,17,11,19,1,0,3,8,2,4,4,5,8,3,0,2,3,3,6,6
2016,6,100145330,446,198,44,248,56,34,8,32,7,56,13,58,13,47,11,71,16,72,16,76,17,11,21,29,32,28,28,35,14,23,11,27,26,19,43,37,62
2016,6,100145347,225,112,50,113,50,23,10,27,12,25,11,37,16,22,10,33,15,38,17,20,9,10,15,15,19,12,16,19,6,13,12,10,18,10,17,19,14
2016,6,100145363,32,16,50,16,50,0,0,1,3,6,19,2,6,3,9,10,31,3,9,7,22,0,0,2,1,2,6,2,3,0,1,4,1,1,4,1,4
2016,6,100145402,206,108,52,98,48,13,6,16,8,34,17,18,9,23,11,41,20,26,13,35,17,6,11,17,14,14,18,14,14,7,5,17,4,9,23,12,21
2016,6,100145451,22,12,55,10,45,0,0,0,0,3,14,0,0,4,18,2,9,3,14,10,45,0,0,2,0,4,1,1,4,0,0,1,0,0,1,2,6
2016,6,100145468,33,16,48,17,52,5,15,5,15,1,3,5,15,4,12,5,15,4,12,4,12,1,3,0,2,3,3,3,1,4,2,1,3,1,2,1,3
2016,6,100145484,249,128,51,121,49,11,4,13,5,32,13,41,16,20,8,48,19,30,12,54,22,6,10,21,23,9,26,15,18,5,3,11,18,11,22,15,36
2016,6,100145531,213,103,48,110,52,14,7,15,7,31,15,35,16,24,11,32,15,28,13,34,16,6,10,18,16,13,16,13,11,8,5,13,19,11,16,15,23
2016,6,100145597,252,122,48,130,52,21,8,30,12,38,15,30,12,35,14,35,14,27,11,36,14,10,20,20,14,20,15,13,10,11,10,18,16,15,20,14,26
2016,6,100145603,20,10,50,10,50,0,0,0,0,2,10,2,10,4,20,3,15,2,10,7,35,0,0,0,2,3,2,1,2,0,0,2,0,1,1,1,5
2016,6,100145636,104,50,48,54,52,0,0,0,0,1,1,9,9,17,16,22,21,27,26,28,27,0,0,0,4,9,13,14,10,0,0,1,5,8,9,13,18
2016,6,100145740,252,109,43,143,57,10,4,14,6,28,11,23,9,31,12,40,16,44,17,62,25,4,8,10,13,17,20,20,17,6,6,18,10,14,20,24,45
2016,6,100145757,460,202,44,258,56,32,7,56,12,60,13,50,11,56,12,40,9,65,14,101,22,20,32,26,23,27,15,31,28,12,24,34,27,29,25,34,73
2016,6,100145781,61,30,49,31,51,4,7,5,8,11,18,4,7,10,16,7,11,11,18,9,15,1,4,6,2,5,3,6,3,3,1,5,2,5,4,5,6
2016,6,100145798,250,115,46,135,54,20,8,31,12,40,16,31,12,33,13,30,12,32,13,33,13,11,16,21,17,14,16,10,10,9,15,19,14,19,14,22,23
2016,6,100145820,36,19,53,17,47,0,0,2,6,2,6,3,8,8,22,5,14,5,14,11,31,0,0,2,3,6,3,2,3,0,2,0,0,2,2,3,8
2016,6,100145837,242,121,50,121,50,16,7,28,12,26,11,42,17,24,10,33,14,40,17,33,14,8,18,16,22,14,16,18,9,8,10,10,20,10,17,22,24
2016,6,100145878,44,23,52,21,48,2,5,2,5,3,7,6,14,3,7,13,30,5,11,10,23,0,1,3,5,1,5,5,3,2,1,0,1,2,8,0,7
2016,6,100145900,31,14,45,17,55,4,13,6,19,3,10,4,13,0,0,3,10,5,16,6,19,2,2,1,1,0,2,4,2,2,4,2,3,0,1,1,4
2016,6,100145933,549,253,46,296,54,42,8,56,10,78,14,71,13,54,10,70,13,88,16,90,16,24,26,31,40,28,31,38,35,18,30,47,31,26,39,50,55
2016,6,100145958,126,62,49,64,51,0,0,0,0,0,0,1,1,4,3,3,2,17,13,101,80,0,0,0,1,3,2,15,41,0,0,0,0,1,1,2,60
2016,6,100145966,69,36,52,33,48,5,7,11,16,8,12,12,17,5,7,7,10,6,9,15,22,2,7,7,7,2,2,4,5,3,4,1,5,3,5,2,10
2016,6,100146002,27,17,63,10,37,2,7,4,15,5,19,4,15,4,15,1,4,3,11,4,15,1,4,4,2,2,0,2,2,1,0,1,2,2,1,1,2
2016,6,100146010,31,13,42,18,58,3,10,4,13,1,3,6,19,1,3,3,10,3,10,10,32,2,0,1,4,1,1,2,2,1,4,0,2,0,2,1,8
2016,6,100146027,72,38,53,34,47,2,3,7,10,12,17,6,8,9,13,7,10,12,17,17,24,0,4,7,3,4,5,6,9,2,3,5,3,5,2,6,8
2016,6,100146043,81,45,56,36,44,2,2,1,1,4,5,7,9,9,11,9,11,9,11,40,49,2,1,1,4,5,5,5,22,0,0,3,3,4,4,4,18
2016,6,100146084,458,228,50,230,50,37,8,44,10,52,11,85,19,61,13,64,14,54,12,61,13,21,24,28,46,36,34,18,21,16,20,24,39,25,30,36,40
2016,6,100146115,30,20,67,10,33,1,3,4,13,6,20,5,17,2,7,4,13,2,7,6,20,1,2,6,4,0,2,1,4,0,2,0,1,2,2,1,2
2016,6,100146156,75,38,51,37,49,1,1,4,5,3,4,7,9,8,11,18,24,14,19,20,27,1,2,1,4,6,11,9,4,0,2,2,3,2,7,5,16
2016,6,100146172,1048,480,46,568,54,73,7,89,8,130,12,145,14,136,13,148,14,135,13,192,18,43,47,62,77,61,69,64,57,30,42,68,68,75,79,71,135
2016,6,100146197,67,32,48,35,52,3,4,5,7,8,12,14,21,5,7,9,13,12,18,11,16,1,3,5,7,3,4,6,3,2,2,3,7,2,5,6,8
2016,6,100146211,306,152,50,154,50,17,6,36,12,37,12,40,13,29,9,53,17,30,10,64,21,10,17,22,23,13,29,16,22,7,19,15,17,16,24,14,42
2016,6,100146285,218,112,51,106,49,5,2,25,11,22,10,25,11,30,14,38,17,22,10,51,23,2,15,12,17,17,19,11,19,3,10,10,8,13,19,11,32
2016,6,100146308,113,59,52,54,48,1,1,7,6,10,9,12,11,9,8,13,12,22,19,39,35,0,4,5,9,6,7,13,15,1,3,5,3,3,6,9,24
2016,6,100146340,73,35,48,38,52,0,0,6,8,9,12,7,10,10,14,10,14,11,15,20,27,0,2,6,2,7,5,3,10,0,4,3,5,3,5,8,10
2016,6,100146381,241,107,44,134,56,20,8,22,9,22,9,45,19,26,11,35,15,31,13,40,17,13,13,5,24,12,15,9,16,7,9,17,21,14,20,22,24
2016,6,100146478,64,35,55,29,45,5,8,7,11,6,9,7,11,10,16,8,13,8,13,13,20,3,3,4,3,5,4,6,7,2,4,2,4,5,4,2,6
2016,6,100146500,87,45,52,42,48,6,7,10,11,7,8,4,5,14,16,10,11,14,16,22,25,3,7,5,1,6,5,9,9,3,3,2,3,8,5,5,13
2016,6,100146517,59,31,53,28,47,3,5,11,19,8,14,6,10,10,17,5,8,7,12,9,15,2,7,3,5,5,3,4,2,1,4,5,1,5,2,3,7
2016,6,100146525,25,13,52,12,48,1,4,3,12,3,12,1,4,4,16,1,4,3,12,9,36,0,2,3,1,2,1,1,3,1,1,0,0,2,0,2,6
2016,6,100146590,487,227,47,260,53,28,6,35,7,53,11,58,12,38,8,79,16,60,12,136,28,16,18,32,28,20,39,30,44,12,17,21,30,18,40,30,92
2016,6,100146718,5,,,,,,,,,,,,,,,,,,,,,,,,,,,,,,,,,,,,
2016,6,100146734,81,39,48,42,52,6,7,7,9,9,11,13,16,13,16,7,9,16,20,10,12,2,3,5,9,7,4,7,2,4,4,4,4,6,3,9,8
2016,6,100146767,24,10,42,14,58,2,8,0,0,1,4,3,13,2,8,4,17,5,21,7,29,1,0,0,1,1,2,3,2,1,0,1,2,1,2,2,5
2016,6,100146783,52,20,38,32,62,7,13,5,10,10,19,4,8,6,12,9,17,3,6,8,15,3,0,4,3,3,4,1,2,4,5,6,1,3,5,2,6
2016,6,100146791,5,,,,,,,,,,,,,,,,,,,,,,,,,,,,,,,,,,,,
2016,6,100146814,26,15,58,11,42,2,8,1,4,4,15,6,23,1,4,3,12,2,8,7,27,1,1,4,3,0,2,2,2,1,0,0,3,1,1,0,5
2016,6,100146902,385,170,44,215,56,28,7,36,9,38,10,63,16,52,14,56,15,44,11,68,18,10,22,19,36,26,20,19,18,18,14,19,27,26,36,25,50
2016,6,100146943,1609,748,46,861,54,105,7,139,9,200,12,192,12,206,13,196,12,198,12,373,23,56,66,109,93,110,101,83,130,49,73,91,99,96,95,115,243
2016,6,100147061,140,63,45,77,55,20,14,15,11,15,11,22,16,11,8,13,9,12,9,32,23,10,5,9,9,8,7,6,9,10,10,6,13,3,6,6,23
2016,6,100147086,207,108,52,99,48,10,5,12,6,21,10,31,15,25,12,35,17,32,15,41,20,8,5,11,16,19,18,17,14,2,7,10,15,6,17,15,27
2016,6,100147094,314,153,49,161,51,23,7,28,9,25,8,69,22,28,9,43,14,56,18,42,13,14,16,11,32,18,19,25,18,9,12,14,37,10,24,31,24
2016,6,100147100,153,64,42,89,58,9,6,17,11,8,5,16,10,13,8,24,16,22,14,44,29,3,7,3,7,6,11,11,16,6,10,5,9,7,13,11,28
2016,6,100147125,105,53,50,52,50,9,9,16,15,16,15,15,14,6,6,19,18,9,9,15,14,5,10,7,9,2,11,7,2,4,6,9,6,4,8,2,13
2016,6,100147141,126,64,51,62,49,13,10,7,6,19,15,14,11,13,10,19,15,18,14,23,18,5,6,12,9,7,9,8,8,8,1,7,5,6,10,10,15
2016,6,100147158,90,42,47,48,53,7,8,7,8,15,17,13,14,10,11,11,12,10,11,17,19,5,4,8,8,6,5,2,4,2,3,7,5,4,6,8,13
2016,6,100147166,54,25,46,29,54,3,6,5,9,2,4,8,15,7,13,6,11,7,13,16,30,2,4,2,4,3,2,4,4,1,1,0,4,4,4,3,12
2016,6,100147205,250,118,47,132,53,16,6,22,9,28,11,32,13,32,13,30,12,42,17,48,19,9,10,14,18,19,12,21,15,7,12,14,14,13,18,21,33
2016,6,100147262,122,49,40,73,60,2,2,9,7,21,17,20,16,9,7,24,20,18,15,19,16,1,2,8,11,3,11,10,3,1,7,13,9,6,13,8,16
2016,6,100147287,41,21,51,20,49,1,2,3,7,6,15,3,7,6,15,6,15,6,15,10,24,0,1,5,3,2,3,4,3,1,2,1,0,4,3,2,7
2016,6,100147326,59,32,54,27,46,5,8,3,5,5,8,8,14,7,12,9,15,8,14,14,24,3,3,3,6,3,6,3,5,2,0,2,2,4,3,5,9
2016,6,100147334,297,149,50,148,50,22,7,20,7,42,14,43,14,42,14,38,13,39,13,51,17,12,9,24,24,23,18,21,18,10,11,18,19,19,20,18,33
2016,6,100147367,176,91,52,85,48,9,5,16,9,32,18,29,16,12,7,32,18,17,10,29,16,5,10,23,20,3,12,8,10,4,6,9,9,9,20,9,19
2016,6,100147391,240,120,50,120,50,19,8,24,10,20,8,33,14,29,12,31,13,35,15,49,20,12,17,10,15,17,16,18,15,7,7,10,18,12,15,17,34
2016,6,100147406,56,27,48,29,52,2,4,2,4,9,16,4,7,5,9,11,20,9,16,14,25,1,1,4,3,3,4,6,5,1,1,5,1,2,7,3,9
2016,6,100147471,120,56,47,64,53,11,9,6,5,18,15,9,8,20,17,18,15,14,12,24,20,3,1,12,3,14,10,7,6,8,5,6,6,6,8,7,18
2016,6,100147488,577,279,48,298,52,46,8,42,7,71,12,96,17,82,14,71,12,82,14,87,15,23,20,38,49,44,33,40,32,23,22,33,47,38,38,42,55
2016,6,100147568,132,64,48,68,52,5,4,9,7,18,14,17,13,15,11,19,14,25,19,24,18,3,6,5,11,7,11,11,10,2,3,13,6,8,8,14,14
2016,6,100147584,46,23,50,23,50,3,7,6,13,5,11,3,7,6,13,5,11,5,11,13,28,3,5,1,0,3,4,2,5,0,1,4,3,3,1,3,8
2016,6,100147592,286,129,45,157,55,12,4,12,4,25,9,47,16,25,9,58,20,40,14,67,23,4,4,15,25,17,24,19,21,8,8,10,22,8,34,21,46
2016,6,100147648,275,137,50,138,50,9,3,13,5,23,8,34,12,31,11,40,15,55,20,70,25,5,6,14,18,17,18,33,26,4,7,9,16,14,22,22,44
2016,6,100147672,700,349,50,351,50,67,10,68,10,72,10,99,14,96,14,88,13,84,12,126,18,30,43,34,53,53,43,41,52,37,25,38,46,43,45,43,74
2016,6,100147697,318,169,53,149,47,20,6,34,11,40,13,54,17,45,14,56,18,33,10,36,11,10,23,22,32,22,29,15,16,10,11,18,22,23,27,18,20
2016,6,100147703,41,22,54,19,46,1,2,4,10,6,15,8,20,6,15,6,15,4,10,6,15,1,3,3,6,4,2,2,1,0,1,3,2,2,4,2,5
2016,6,100147777,211,94,45,117,55,17,8,17,8,22,10,40,19,15,7,37,18,29,14,34,16,7,9,9,22,7,15,15,10,10,8,13,18,8,22,14,24
2016,6,100147785,49,26,53,23,47,3,6,6,12,2,4,8,16,6,12,5,10,9,18,10,20,1,2,1,6,3,4,6,3,2,4,1,2,3,1,3,7
2016,6,100147808,371,169,46,202,54,22,6,26,7,49,13,71,19,40,11,59,16,65,18,39,11,10,11,25,36,22,26,30,9,12,15,24,35,18,33,35,30
2016,6,100147824,5,,,,,,,,,,,,,,,,,,,,,,,,,,,,,,,,,,,,
2016,6,100147898,169,80,47,89,53,12,7,11,7,21,12,22,13,20,12,23,14,28,17,32,19,4,8,13,12,8,13,11,11,8,3,8,10,12,10,17,21
2016,6,100147920,195,98,50,97,50,11,6,17,9,23,12,29,15,33,17,27,14,21,11,34,17,6,11,11,15,23,10,10,12,5,6,12,14,10,17,11,22
2016,6,100147961,119,62,52,57,48,2,2,4,3,7,6,19,16,9,8,13,11,22,18,43,36,1,2,1,15,7,5,15,16,1,2,6,4,2,8,7,27
2016,6,100147994,68,37,54,31,46,4,6,10,15,10,15,10,15,6,9,11,16,8,12,9,13,2,6,6,6,3,5,5,4,2,4,4,4,3,6,3,5
2016,6,100148006,84,42,50,42,50,5,6,6,7,8,10,7,8,7,8,15,18,10,12,26,31,1,2,5,3,3,9,7,12,4,4,3,4,4,6,3,14
2016,6,100148014,283,149,53,134,47,13,5,19,7,31,11,49,17,34,12,39,14,38,13,60,21,10,14,21,25,20,21,19,19,3,5,10,24,14,18,19,41
2016,6,100148088,437,217,50,220,50,27,6,34,8,29,7,47,11,59,14,52,12,63,14,126,29,13,22,15,24,28,31,37,47,14,12,14,23,31,21,26,79
2016,6,100148110,473,223,47,250,53,31,7,43,9,60,13,68,14,53,11,64,14,56,12,98,21,15,26,30,34,22,34,25,37,16,17,30,34,31,30,31,61
2016,6,100148207,39,19,49,20,51,1,3,5,13,5,13,7,18,3,8,9,23,5,13,4,10,0,3,3,4,1,5,2,1,1,2,2,3,2,4,3,3
2016,6,100148215,131,55,42,76,58,7,5,9,7,15,11,15,11,19,15,21,16,19,15,26,20,4,2,9,5,10,7,10,8,3,7,6,10,9,14,9,18
2016,6,100148223,284,138,49,146,51,16,6,28,10,38,13,38,13,37,13,39,14,38,13,50,18,14,15,18,26,20,15,16,14,2,13,20,12,17,24,22,36
2016,6,100148248,20,10,50,10,50,2,10,1,5,2,10,3,15,0,0,6,30,4,20,2,10,2,0,1,1,0,3,3,0,0,1,1,2,0,3,1,2
2016,6,100148256,60,31,52,29,48,2,3,4,7,11,18,7,12,3,5,11,18,10,17,12,20,1,2,7,6,1,6,3,5,1,2,4,1,2,5,7,7
2016,6,100148264,468,216,46,252,54,25,5,34,7,58,12,72,15,48,10,72,15,66,14,93,20,15,15,29,42,25,34,25,31,10,19,29,30,23,38,41,62
2016,6,100148303,11,8,73,3,27,0,0,1,9,1,9,1,9,3,27,4,36,1,9,0,0,0,1,0,1,2,3,1,0,0,0,1,0,1,1,0,0
2016,6,100148481,146,68,47,78,53,10,7,8,5,18,12,22,15,11,8,38,26,16,11,23,16,4,4,6,15,6,20,7,6,6,4,12,7,5,18,9,17
2016,6,100148795,221,105,48,116,52,13,6,18,8,37,17,32,14,32,14,31,14,22,10,36,16,5,11,20,19,16,14,9,11,8,7,17,13,16,17,13,25
2016,6,100149073,238,110,46,128,54,15,6,20,8,21,9,36,15,28,12,38,16,35,15,45,19,5,9,10,20,16,16,17,17,10,11,11,16,12,22,18,28
2016,6,100149098,172,78,45,94,55,11,6,10,6,29,17,20,12,18,10,31,18,23,13,30,17,6,3,13,10,10,16,12,8,5,7,16,10,8,15,11,22
2016,6,100149596,260,127,49,133,51,14,5,12,5,35,13,42,16,36,14,51,20,34,13,36,14,6,8,22,23,19,23,17,9,8,4,13,19,17,28,17,27
2016,6,100149780,203,89,44,114,56,11,5,17,8,26,13,25,12,25,12,36,18,24,12,39,19,5,7,13,14,14,16,8,12,6,10,13,11,11,20,16,27
2016,6,100150308,314,157,50,157,50,18,6,27,9,31,10,46,15,48,15,51,16,49,16,44,14,11,16,19,26,23,26,26,10,7,11,12,20,25,25,23,34
2016,6,100150558,267,120,45,147,55,13,5,14,5,29,11,32,12,29,11,48,18,38,14,64,24,6,8,13,22,15,21,17,18,7,6,16,10,14,27,21,46
2016,6,100151174,177,80,45,97,55,9,5,12,7,21,12,25,14,16,9,27,15,28,16,39,22,3,7,12,15,8,11,15,9,6,5,9,10,8,16,13,30
2016,6,100151455,58,31,53,27,47,0,0,1,2,7,12,4,7,11,19,11,19,12,21,12,21,0,1,5,2,8,6,7,2,0,0,2,2,3,5,5,10
2016,6,100151744,375,159,42,216,58,23,6,24,6,30,8,53,14,40,11,49,13,75,20,81,22,9,12,18,30,19,18,29,24,14,12,12,23,21,31,46,57
2016,6,100151953,69,31,45,38,55,3,4,4,6,7,10,8,12,7,10,7,10,10,14,23,33,1,2,7,3,3,3,4,8,2,2,0,5,4,4,6,15
2016,6,100152721,176,71,40,105,60,11,6,12,7,19,11,33,19,18,10,31,18,27,15,25,14,4,6,9,15,6,11,12,8,7,6,10,18,12,20,15,17
2016,6,100152770,81,38,47,43,53,8,10,11,14,4,5,18,22,9,11,16,20,7,9,8,10,5,4,2,10,4,6,5,2,3,7,2,8,5,10,2,6
2016,6,100152883,55,16,29,39,71,1,2,5,9,4,7,6,11,5,9,8,15,11,20,15,27,0,1,3,1,2,2,4,3,1,4,1,5,3,6,7,12
2016,6,100153153,285,147,52,138,48,12,4,19,7,39,14,38,13,31,11,57,20,45,16,44,15,5,10,21,29,14,31,21,16,7,9,18,9,17,26,24,28
2016,6,100153338,91,50,55,41,45,5,5,10,11,12,13,14,15,12,13,20,22,7,8,11,12,4,7,7,4,8,10,5,5,1,3,5,10,4,10,2,6
2016,6,100153506,273,124,45,149,55,4,1,29,11,38,14,40,15,25,9,64,23,35,13,38,14,3,14,21,22,11,28,14,11,1,15,17,18,14,36,21,27
2016,6,100153530,119,58,49,61,51,8,7,9,8,15,13,16,13,13,11,23,19,11,9,24,20,3,4,7,11,7,13,5,8,5,5,8,5,6,10,6,16
2016,6,100154171,129,64,50,65,50,3,2,5,4,18,14,16,12,16,12,37,29,20,16,14,11,3,3,9,12,8,17,8,4,0,2,9,4,8,20,12,10
2016,6,100154532,193,98,51,95,49,11,6,12,6,17,9,31,16,18,9,37,19,32,17,35,18,5,6,9,18,11,20,18,11,6,6,8,13,7,17,14,24
2016,6,100154805,260,125,48,135,52,15,6,20,8,43,17,29,11,32,12,39,15,47,18,35,13,8,9,27,14,14,20,22,11,7,11,16,15,18,19,25,24
2016,6,100154862,59,30,51,29,49,1,2,4,7,11,19,7,12,10,17,15,25,4,7,7,12,1,2,5,4,6,8,1,3,0,2,6,3,4,7,3,4
2016,6,100155702,265,122,46,143,54,20,8,16,6,38,14,31,12,33,12,43,16,34,13,50,19,7,9,20,23,14,21,13,15,13,7,18,8,19,22,21,35
2016,6,100156046,67,32,48,35,52,3,4,0,0,7,10,10,15,7,10,17,25,9,13,14,21,1,0,4,5,3,10,5,4,2,0,3,5,4,7,4,10
2016,6,100156167,202,94,47,108,53,19,9,16,8,25,12,31,15,16,8,33,16,23,11,39,19,12,6,17,15,8,15,9,12,7,10,8,16,8,18,14,27
2016,6,100156577,177,85,48,92,52,7,4,17,10,16,9,15,8,17,10,44,25,24,14,37,21,3,9,7,10,8,26,14,8,4,8,9,5,9,18,10,29
2016,6,100156970,203,93,46,110,54,7,3,18,9,36,18,21,10,25,12,32,16,29,14,35,17,1,10,18,12,10,18,15,9,6,8,18,9,15,14,14,26
2016,6,100157634,78,38,49,40,51,6,8,5,6,6,8,8,10,17,22,6,8,14,18,16,21,3,2,5,5,9,5,6,3,3,3,1,3,8,1,8,13
2016,6,100158082,26,12,46,14,54,2,8,2,8,1,4,4,15,2,8,4,15,4,15,7,27,0,1,1,2,1,2,2,3,2,1,0,2,1,2,2,4
2016,6,100158396,158,73,46,85,54,12,8,9,6,20,13,30,19,20,13,31,20,9,6,27,17,6,1,11,20,10,13,4,8,6,8,9,10,10,18,5,19
2016,6,100158611,27,14,52,13,48,1,4,4,15,6,22,6,22,2,7,0,0,7,26,1,4,1,2,2,3,1,0,5,0,0,2,4,3,1,0,2,1
2016,6,100158693,19,9,47,10,53,1,5,0,0,2,11,1,5,4,21,5,26,2,11,4,21,0,0,0,1,3,2,1,2,1,0,2,0,1,3,1,2
2016,6,100158724,116,53,46,63,54,12,10,15,13,19,16,11,9,14,12,18,16,12,10,15,13,6,6,11,6,6,10,6,2,6,9,8,5,8,8,6,13
2016,6,100158740,20,11,55,9,45,1,5,0,0,2,10,1,5,4,20,4,20,3,15,5,25,1,0,2,1,2,3,0,2,0,0,0,0,2,1,3,3
2016,6,100158861,535,256,48,279,52,32,6,52,10,81,15,69,13,68,13,80,15,68,13,85,16,17,33,42,38,33,35,31,27,15,19,39,31,35,45,37,58
2016,6,100158941,98,48,49,50,51,4,4,6,6,5,5,16,16,8,8,11,11,25,26,23,23,0,5,1,10,7,4,17,4,4,1,4,6,1,7,8,19
2016,6,100159027,86,46,53,40,47,5,6,6,7,9,10,17,20,9,10,13,15,16,19,11,13,4,4,7,10,5,6,8,2,1,2,2,7,4,7,8,9
2016,6,100159092,712,321,45,391,55,43,6,48,7,89,13,106,15,84,12,87,12,132,19,123,17,24,27,39,58,44,44,53,32,19,21,50,48,40,43,79,91
2016,6,100159203,526,263,50,263,50,33,6,46,9,72,14,58,11,66,13,82,16,60,11,109,21,17,28,49,29,30,43,28,39,16,18,23,29,36,39,32,70
2016,6,100159211,333,157,47,176,53,23,7,17,5,42,13,48,14,33,10,63,19,50,15,57,17,14,6,25,26,15,30,24,17,9,11,17,22,18,33,26,40
2016,6,100159357,246,113,46,133,54,14,6,36,15,27,11,33,13,31,13,26,11,29,12,50,20,10,15,13,16,16,10,15,18,4,21,14,17,15,16,14,32
2016,6,100159445,337,143,42,194,58,20,6,26,8,55,16,32,9,47,14,50,15,39,12,68,20,12,13,34,13,19,19,19,14,8,13,21,19,28,31,20,54
2016,6,100159494,1843,826,45,1017,55,117,6,145,8,213,12,247,13,190,10,228,12,252,14,451,24,64,67,101,133,90,101,127,143,53,78,112,114,100,127,125,308
2016,6,100159566,40,24,60,16,40,3,8,2,5,3,8,3,8,6,15,6,15,6,15,11,28,1,2,2,2,5,2,5,5,2,0,1,1,1,4,1,6
2016,6,100159621,111,60,54,51,46,2,2,14,13,18,16,18,16,8,7,25,23,13,12,13,12,2,6,10,14,4,14,3,7,0,8,8,4,4,11,10,6
2016,6,100159742,84,47,56,37,44,1,1,1,1,16,19,10,12,6,7,18,21,17,20,15,18,0,0,10,9,3,10,9,6,1,1,6,1,3,8,8,9
2016,6,100159902,60,29,48,31,52,6,10,9,15,7,12,12,20,8,13,5,8,6,10,7,12,2,6,1,7,4,4,1,4,4,3,6,5,4,1,5,3
2016,6,100159910,692,321,46,371,54,45,7,45,7,101,15,87,13,100,14,117,17,87,13,110,16,28,25,55,42,49,52,33,37,17,20,46,45,51,65,54,73
2016,6,100159976,250,115,46,135,54,11,4,17,7,20,8,32,13,38,15,24,10,50,20,58,23,6,11,14,17,20,8,21,18,5,6,6,15,18,16,29,40
2016,6,100160013,545,238,44,307,56,33,6,37,7,80,15,58,11,81,15,81,15,82,15,93,17,15,14,34,33,38,42,33,29,18,23,46,25,43,39,49,64
2016,6,100160070,280,131,47,149,53,16,6,24,9,37,13,40,14,29,10,41,15,36,13,57,20,8,10,24,23,16,17,16,17,8,14,13,17,13,24,20,40
2016,6,100160407,194,87,45,107,55,14,7,9,5,32,16,30,15,23,12,26,13,31,16,29,15,6,5,15,15,15,7,15,9,8,4,17,15,8,19,16,20
2016,6,100160593,606,296,49,310,51,43,7,44,7,77,13,85,14,60,10,89,15,74,12,134,22,20,30,38,53,31,42,34,48,23,14,39,32,29,47,40,86
2016,6,100160745,585,272,46,313,54,42,7,51,9,63,11,74,13,72,12,88,15,60,10,135,23,23,26,40,39,38,47,26,33,19,25,23,35,34,41,34,102
2016,6,100160905,346,162,47,184,53,26,8,22,6,39,11,60,17,36,10,52,15,54,16,57,16,15,12,18,31,18,28,25,15,11,10,21,29,18,24,29,42
2016,6,100161216,248,112,45,136,55,14,6,23,9,31,13,42,17,28,11,37,15,30,12,43,17,7,11,13,25,15,17,12,12,7,12,18,17,13,20,18,31
2016,6,100161265,83,43,52,40,48,4,5,4,5,12,14,12,14,15,18,8,10,10,12,18,22,3,1,5,7,10,7,4,6,1,3,7,5,5,1,6,12
2016,6,100161378,241,106,44,135,56,15,6,22,9,28,12,41,17,33,14,36,15,24,10,42,17,7,10,11,21,20,14,10,13,8,12,17,20,13,22,14,29
2016,6,100161505,435,213,49,222,51,25,6,30,7,60,14,70,16,34,8,78,18,65,15,73,17,17,17,34,37,20,31,35,22,8,13,26,33,14,47,30,51
2016,6,100161521,148,72,49,76,51,7,5,19,13,26,18,12,8,16,11,29,20,15,10,24,16,6,9,14,6,7,14,7,9,1,10,12,6,9,15,8,15
2016,6,100161691,50,23,46,27,54,3,6,3,6,6,12,7,14,4,8,6,12,11,22,10,20,2,2,4,3,1,3,7,1,1,1,2,4,3,3,4,9
2016,6,100161755,59,25,42,34,58,1,2,2,3,11,19,5,8,6,10,11,19,9,15,14,24,1,1,5,2,4,4,2,6,0,1,6,3,2,7,7,8
2016,6,100161810,424,221,52,203,48,25,6,35,8,59,14,65,15,48,11,87,21,60,14,45,11,20,18,35,39,24,37,33,15,5,17,24,26,24,50,27,30
2016,6,100161892,103,52,50,51,50,3,3,12,12,23,22,13,13,6,6,24,23,10,10,12,12,3,8,8,8,4,13,6,2,0,4,15,5,2,11,4,10
2016,6,100161907,83,47,57,36,43,7,8,4,5,11,13,12,14,11,13,8,10,17,20,13,16,4,3,9,7,7,3,8,6,3,1,2,5,4,5,9,7
2016,6,100161956,31,14,45,17,55,3,10,1,3,5,16,3,10,5,16,3,10,5,16,6,19,2,0,1,3,2,2,3,1,1,1,4,0,3,1,2,5
2016,6,100162041,114,56,49,58,51,5,4,13,11,17,15,15,13,14,12,17,15,15,13,18,16,1,11,10,8,5,11,5,5,4,2,7,7,9,6,10,13
2016,6,100162283,68,34,50,34,50,3,4,4,6,11,16,8,12,5,7,11,16,12,18,14,21,1,2,8,4,3,4,8,4,2,2,3,4,2,7,4,10
2016,6,100162468,273,128,47,145,53,12,4,24,9,38,14,34,12,32,12,45,16,36,13,52,19,6,11,21,21,13,21,18,17,6,13,17,13,19,24,18,35
2016,6,100162564,116,57,49,59,51,7,6,15,13,14,12,13,11,27,23,16,14,17,15,7,6,3,8,6,6,13,10,7,4,4,7,8,7,14,6,10,3
2016,6,100162572,424,213,50,211,50,36,8,42,10,52,12,71,17,68,16,57,13,40,9,58,14,20,22,31,34,38,29,22,17,16,20,21,37,30,28,18,41
2016,6,100162611,40,18,45,22,55,3,8,1,3,2,5,7,18,5,13,6,15,10,25,6,15,2,0,1,2,3,4,3,3,1,1,1,5,2,2,7,3
2016,6,100162644,116,58,50,58,50,10,9,13,11,10,9,14,12,27,23,17,15,12,10,13,11,4,5,6,7,12,12,6,6,6,8,4,7,15,5,6,7
2016,6,100162660,104,50,48,54,52,7,7,5,5,13,13,24,23,8,8,23,22,6,6,18,17,4,1,7,14,4,9,4,7,3,4,6,10,4,14,2,11
2016,6,100162685,101,43,43,58,57,10,10,7,7,7,7,25,25,11,11,11,11,18,18,12,12,4,2,4,12,7,3,8,3,6,5,3,13,4,8,10,9
2016,6,100162716,143,75,52,68,48,10,7,11,8,14,10,16,11,19,13,23,16,22,15,28,20,6,6,7,10,10,14,11,11,4,5,7,6,9,9,11,17
2016,6,100162724,53,24,45,29,55,3,6,3,6,3,6,10,19,8,15,8,15,10,19,8,15,1,1,0,4,6,4,6,2,2,2,3,6,2,4,4,6
2016,6,100162740,13,6,46,7,54,2,15,1,8,1,8,2,15,2,15,1,8,1,8,3,23,1,0,0,2,1,1,0,1,1,1,1,0,1,0,1,2
2016,6,100162757,40,20,50,20,50,1,3,1,3,1,3,5,13,2,5,10,25,7,18,13,33,0,1,1,1,2,5,6,4,1,0,0,4,0,5,1,9
2016,6,100162765,52,31,60,21,40,3,6,2,4,11,21,6,12,5,10,11,21,5,10,9,17,2,1,6,6,3,6,3,4,1,1,5,0,2,5,2,5
2016,6,100162798,254,136,54,118,46,23,9,25,10,23,9,42,17,26,10,40,16,24,9,51,20,16,17,12,22,13,22,16,18,7,8,11,20,13,18,8,33
2016,6,100162886,649,321,49,328,51,35,5,53,8,81,12,96,15,80,12,97,15,87,13,120,18,15,35,47,56,44,43,45,36,20,18,34,40,36,54,42,84
2016,6,100162917,1034,469,45,565,55,58,6,88,9,102,10,147,14,128,12,131,13,170,16,210,20,33,36,50,89,67,67,61,66,25,52,52,58,61,64,109,144
2016,6,100162982,458,206,45,252,55,30,7,37,8,47,10,65,14,55,12,66,14,72,16,86,19,16,13,20,36,28,36,33,24,14,24,27,29,27,30,39,62
2016,6,100163002,324,152,47,172,53,21,6,37,11,52,16,34,10,33,10,38,12,42,13,67,21,9,23,27,22,19,13,21,18,12,14,25,12,14,25,21,49
2016,6,100163068,586,279,48,307,52,35,6,45,8,68,12,75,13,83,14,80,14,86,15,114,19,21,23,40,47,42,36,38,32,14,22,28,28,41,44,48,82
2016,6,100163164,807,348,43,459,57,51,6,73,9,97,12,91,11,98,12,113,14,98,12,186,23,22,34,48,41,51,48,41,63,29,39,49,50,47,65,57,123
2016,6,100163180,254,128,50,126,50,14,6,13,5,31,12,36,14,38,15,45,18,26,10,51,20,7,8,16,22,25,22,12,16,7,5,15,14,13,23,14,35
2016,6,100163228,265,133,50,132,50,11,4,17,6,29,11,46,17,34,13,37,14,43,16,48,18,4,10,19,29,18,19,20,14,7,7,10,17,16,18,23,34
2016,6,100163308,939,445,47,494,53,79,8,71,8,113,12,112,12,147,16,151,16,95,10,171,18,43,35,51,56,77,78,45,60,36,36,62,56,70,73,50,111
2016,6,100163324,1343,633,47,710,53,99,7,138,10,149,11,178,13,195,15,191,14,139,10,254,19,47,69,83,97,99,86,64,88,52,69,66,81,96,105,75,166
2016,6,100163357,496,264,53,232,47,24,5,38,8,57,11,75,15,58,12,87,18,71,14,86,17,15,19,36,47,30,53,36,28,9,19,21,28,28,34,35,58
2016,6,100163365,69,36,52,33,48,7,10,9,13,4,6,9,13,16,23,3,4,7,10,14,20,4,6,2,5,9,1,3,6,3,3,2,4,7,2,4,8
2016,6,100163373,61,27,44,34,56,4,7,1,2,4,7,8,13,7,11,10,16,10,16,17,28,2,1,1,6,2,5,6,4,2,0,3,2,5,5,4,13
2016,6,100163412,67,29,43,38,57,4,6,9,13,6,9,11,16,9,13,5,7,11,16,12,18,2,5,3,6,5,3,3,2,2,4,3,5,4,2,8,10
2016,6,100163420,34,19,56,15,44,2,6,5,15,4,12,7,21,3,9,6,18,1,3,6,18,1,1,2,4,2,4,1,4,1,4,2,3,1,2,0,2
2016,6,100163437,93,47,51,46,49,7,8,13,14,8,9,8,9,16,17,16,17,9,10,16,17,3,7,5,3,8,12,2,7,4,6,3,5,8,4,7,9
2016,6,100163453,767,344,45,423,55,52,7,60,8,98,13,107,14,99,13,110,14,106,14,135,18,17,29,55,56,56,45,45,41,35,31,43,51,43,65,61,94
2016,6,100163486,223,104,47,119,53,19,9,19,9,26,12,42,19,20,9,36,16,28,13,33,15,10,15,12,18,9,16,14,10,9,4,14,24,11,20,14,23
2016,6,100164117,843,367,44,476,56,52,6,63,7,105,12,110,13,78,9,140,17,124,15,171,20,23,30,51,62,33,66,55,47,29,33,54,48,45,74,69,124
2016,6,100164133,161,78,48,83,52,6,4,9,6,19,12,23,14,12,7,39,24,27,17,26,16,3,4,10,11,7,19,15,9,3,5,9,12,5,20,12,17
2016,6,100164623,133,62,47,71,53,9,7,7,5,10,8,23,17,11,8,22,17,24,18,27,20,3,4,4,13,5,9,15,9,6,3,6,10,6,13,9,18
2016,6,100165096,285,135,47,150,53,11,4,21,7,43,15,42,15,25,9,57,20,39,14,47,16,3,13,24,28,9,30,16,12,8,8,19,14,16,27,23,35
2016,6,100165248,139,63,45,76,55,13,9,7,5,14,10,22,16,14,10,27,19,22,16,20,14,4,1,6,13,8,12,13,6,9,6,8,9,6,15,9,14
2016,6,100165272,70,37,53,33,47,3,4,5,7,6,9,5,7,11,16,7,10,10,14,23,33,1,4,4,3,6,4,4,11,2,1,2,2,5,3,6,12
2016,6,100165641,80,41,51,39,49,4,5,10,13,10,13,10,13,8,10,21,26,4,5,13,16,1,6,6,5,5,14,0,4,3,4,4,5,3,7,4,9
2016,6,100165658,177,78,44,99,56,15,8,16,9,20,11,25,14,22,12,32,18,20,11,27,15,5,10,9,15,9,15,10,5,10,6,11,10,13,17,10,22
2016,6,100166434,293,134,46,159,54,20,7,25,9,48,16,30,10,36,12,49,17,43,15,42,14,7,12,25,16,16,19,20,19,13,13,23,14,20,30,23,23
2016,6,100167042,74,35,47,39,53,4,5,5,7,8,11,8,11,6,8,13,18,13,18,17,23,2,1,5,4,6,5,7,5,2,4,3,4,0,8,6,12
2016,6,100167091,769,354,46,415,54,33,4,60,8,122,16,80,10,88,11,135,18,99,13,152,20,18,34,56,42,43,66,43,52,15,26,66,38,45,69,56,100
2016,6,100167315,98,47,48,51,52,5,5,10,10,21,21,7,7,17,17,12,12,7,7,19,19,2,6,11,4,11,5,3,5,3,4,10,3,6,7,4,14
2016,6,100168108,241,111,46,130,54,25,10,24,10,38,16,24,10,21,9,42,17,29,12,38,16,15,9,21,13,6,19,16,12,10,15,17,11,15,23,13,26
2016,6,100168583,284,127,45,157,55,17,6,23,8,45,16,45,16,32,11,51,18,31,11,40,14,5,15,19,24,16,25,14,9,12,8,26,21,16,26,17,31
2016,6,100168630,118,60,51,58,49,10,8,9,8,14,12,17,14,8,7,25,21,12,10,23,19,6,5,8,11,2,15,8,5,4,4,6,6,6,10,4,18
2016,6,100168911,95,39,41,56,59,9,9,2,2,11,12,14,15,10,11,9,9,14,15,26,27,4,1,3,8,5,2,7,9,5,1,8,6,5,7,7,17
2016,6,100169005,144,72,50,72,50,8,6,10,7,26,18,19,13,25,17,13,9,18,13,25,17,5,6,13,13,14,6,5,10,3,4,13,6,11,7,13,15
2016,6,100169021,204,105,51,99,49,17,8,19,9,24,12,33,16,29,14,26,13,24,12,32,16,10,12,15,15,19,13,12,9,7,7,9,18,10,13,12,23
2016,6,100170032,178,85,48,93,52,1,1,13,7,31,17,24,13,10,6,41,23,23,13,35,20,1,5,15,17,4,19,13,11,0,8,16,7,6,22,10,24
2016,6,100170104,102,42,41,60,59,10,10,4,4,17,17,16,16,3,3,16,16,17,17,19,19,3,4,5,10,0,8,7,5,7,0,12,6,3,8,10,14
2016,6,100170112,63,35,56,28,44,5,8,6,10,7,11,10,16,4,6,9,14,10,16,12,19,4,2,3,7,2,5,6,6,1,4,4,3,2,4,4,6
2016,6,100170186,100,42,42,58,58,1,1,7,7,15,15,12,12,8,8,15,15,23,23,19,19,1,2,8,8,4,7,7,5,0,5,7,4,4,8,16,14
2016,6,100170530,68,35,51,33,49,2,3,1,1,16,24,8,12,7,10,17,25,8,12,9,13,2,1,7,5,3,9,4,4,0,0,9,3,4,8,4,5
2016,6,100170723,231,119,52,112,48,14,6,18,8,27,12,44,19,21,9,34,15,41,18,32,14,5,8,17,26,12,16,24,11,9,10,10,18,9,18,17,21
2016,6,100171227,153,69,45,84,55,12,8,7,5,26,17,19,12,17,11,32,21,19,12,21,14,7,0,12,7,8,17,10,8,5,7,14,12,9,15,9,13
2016,6,100171524,124,57,46,67,54,6,5,9,7,25,20,17,14,14,11,17,14,28,23,8,6,2,4,11,10,8,7,13,2,4,5,14,7,6,10,15,6
2016,6,100171612,51,22,43,29,57,4,8,6,12,4,8,4,8,8,16,6,12,6,12,13,25,1,4,3,2,2,4,2,4,3,2,1,2,6,2,4,9
2016,6,100171975,119,54,45,65,55,5,4,10,8,31,26,17,14,6,5,17,14,13,11,20,17,2,4,13,12,3,4,9,7,3,6,18,5,3,13,4,13
2016,6,100172052,172,82,48,90,52,6,3,9,5,32,19,26,15,14,8,29,17,31,18,25,15,5,3,18,16,7,9,19,5,1,6,14,10,7,20,12,20
2016,6,100172550,187,88,47,99,53,20,11,13,7,21,11,36,19,17,9,23,12,33,18,24,13,10,7,7,21,7,9,18,9,10,6,14,15,10,14,15,15
2016,6,100172655,35,18,51,17,49,0,0,0,0,4,11,1,3,2,6,3,9,9,26,16,46,0,0,3,1,1,2,3,8,0,0,1,0,1,1,6,8
2016,6,100172702,5,,,,,,,,,,,,,,,,,,,,,,,,,,,,,,,,,,,,
2016,6,100172710,43,25,58,18,42,3,7,3,7,5,12,5,12,9,21,6,14,5,12,7,16,1,2,2,3,6,2,4,5,2,1,3,2,3,4,1,2
2016,6,100172743,5,,,,,,,,,,,,,,,,,,,,,,,,,,,,,,,,,,,,
2016,6,100172751,13,8,62,5,38,1,8,0,0,3,23,1,8,3,23,3,23,0,0,2,15,1,0,3,0,1,2,0,1,0,0,0,1,2,1,0,1
2016,6,100172768,5,,,,,,,,,,,,,,,,,,,,,,,,,,,,,,,,,,,,
2016,6,100172776,16,6,38,10,63,4,25,4,25,0,0,4,25,1,6,0,0,1,6,2,13,1,3,0,1,0,0,0,1,3,1,0,3,1,0,1,1
2016,6,100172784,5,,,,,,,,,,,,,,,,,,,,,,,,,,,,,,,,,,,,
2016,6,100172792,5,,,,,,,,,,,,,,,,,,,,,,,,,,,,,,,,,,,,
2016,6,100172807,16,8,50,8,50,2,13,2,13,0,0,4,25,2,13,3,19,2,13,1,6,0,2,0,2,1,1,1,1,2,0,0,2,1,2,1,0
2016,6,100172815,12,7,58,5,42,1,8,1,8,2,17,1,8,1,8,3,25,2,17,1,8,1,1,0,1,1,1,2,0,0,0,2,0,0,2,0,1
2016,6,100172823,5,,,,,,,,,,,,,,,,,,,,,,,,,,,,,,,,,,,,
2016,6,100172831,5,,,,,,,,,,,,,,,,,,,,,,,,,,,,,,,,,,,,
2016,6,100172848,14,8,57,6,43,1,7,0,0,2,14,2,14,3,21,1,7,1,7,4,29,1,0,2,2,2,0,0,1,0,0,0,0,1,1,1,3
2016,6,100172856,14,8,57,6,43,1,7,4,29,0,0,2,14,1,7,3,21,0,0,3,21,0,4,0,1,1,1,0,1,1,0,0,1,0,2,0,2
2016,6,100172864,14,9,64,5,36,0,0,1,7,1,7,1,7,3,21,2,14,3,21,3,21,0,0,0,1,3,1,2,2,0,1,1,0,0,1,1,1
2016,6,100172872,19,8,42,11,58,0,0,3,16,0,0,3,16,4,21,1,5,3,16,5,26,0,1,0,2,3,1,1,0,0,2,0,1,1,0,2,5
2016,6,100172880,29,14,48,15,52,0,0,0,0,4,14,4,14,4,14,8,28,4,14,5,17,0,0,2,3,2,4,2,1,0,0,2,1,2,4,2,4
2016,6,100172897,20,13,65,7,35,2,10,3,15,4,20,1,5,1,5,4,20,3,15,2,10,2,1,2,1,1,3,1,2,0,2,2,0,0,1,2,0
2016,6,100172903,5,,,,,,,,,,,,,,,,,,,,,,,,,,,,,,,,,,,,
2016,6,100172911,16,8,50,8,50,0,0,1,6,0,0,0,0,1,6,4,25,3,19,7,44,0,1,0,0,1,3,1,2,0,0,0,0,0,1,2,5
2016,6,100172928,5,,,,,,,,,,,,,,,,,,,,,,,,,,,,,,,,,,,,
2016,6,100172936,13,5,38,8,62,2,15,3,23,0,0,1,8,2,15,0,0,2,15,3,23,1,2,0,0,1,0,1,0,1,1,0,1,1,0,1,3
2016,6,100172944,5,,,,,,,,,,,,,,,,,,,,,,,,,,,,,,,,,,,,
2016,6,100172952,5,,,,,,,,,,,,,,,,,,,,,,,,,,,,,,,,,,,,
2016,6,100172960,16,6,38,10,63,0,0,3,19,2,13,4,25,0,0,4,25,2,13,1,6,0,0,1,2,0,2,1,0,0,3,1,2,0,2,1,1
2016,6,100172977,17,7,41,10,59,0,0,2,12,2,12,2,12,0,0,3,18,2,12,6,35,0,2,1,0,0,1,0,3,0,0,1,2,0,2,2,3
2016,6,100172985,5,,,,,,,,,,,,,,,,,,,,,,,,,,,,,,,,,,,,
2016,6,100172993,12,6,50,6,50,0,0,1,8,1,8,1,8,1,8,2,17,1,8,5,42,0,1,1,0,0,1,1,2,0,0,0,1,1,1,0,3
2016,6,100173005,20,10,50,10,50,1,5,2,10,2,10,2,10,4,20,4,20,1,5,4,20,1,2,1,1,3,2,0,0,0,0,1,1,1,2,1,4
2016,6,100173013,5,,,,,,,,,,,,,,,,,,,,,,,,,,,,,,,,,,,,
2016,6,100173021,444,204,46,240,54,40,9,43,10,46,10,57,13,77,17,54,12,64,14,63,14,19,20,15,33,44,24,27,22,21,23,31,24,33,30,37,41
2016,6,100173038,23,10,43,13,57,2,9,1,4,5,22,3,13,2,9,3,13,2,9,5,22,1,0,4,0,1,1,1,2,1,1,1,3,1,2,1,3
2016,6,100173046,5,,,,,,,,,,,,,,,,,,,,,,,,,,,,,,,,,,,,
2016,6,100173054,23,10,43,13,57,1,4,4,17,2,9,1,4,5,22,2,9,3,13,5,22,1,0,1,0,4,0,2,2,0,4,1,1,1,2,1,3
2016,6,100173062,75,36,48,39,52,5,7,2,3,12,16,9,12,10,13,8,11,13,17,16,21,2,0,7,4,5,5,7,6,3,2,5,5,5,3,6,10
2016,6,100173070,5,,,,,,,,,,,,,,,,,,,,,,,,,,,,,,,,,,,,
2016,6,100173087,5,,,,,,,,,,,,,,,,,,,,,,,,,,,,,,,,,,,,
2016,6,100173095,5,,,,,,,,,,,,,,,,,,,,,,,,,,,,,,,,,,,,
2016,6,100173118,41,22,54,19,46,3,7,4,10,5,12,5,12,1,2,7,17,6,15,10,24,1,2,4,5,0,3,4,3,2,2,1,0,1,4,2,7
2016,6,100173126,5,,,,,,,,,,,,,,,,,,,,,,,,,,,,,,,,,,,,
2016,6,100173134,65,28,43,37,57,3,5,7,11,2,3,8,12,11,17,8,12,15,23,11,17,0,4,2,3,5,6,4,4,3,3,0,5,6,2,11,7
2016,6,100173456,285,131,46,154,54,20,7,26,9,46,16,39,14,37,13,53,19,27,9,37,13,6,11,24,21,18,24,14,13,14,15,22,18,19,29,13,24
2016,6,100173681,264,126,48,138,52,17,6,23,9,36,14,44,17,37,14,42,16,36,14,29,11,9,12,17,25,15,18,20,10,8,11,19,19,22,24,16,19
2016,6,100173921,291,135,46,156,54,16,5,39,13,35,12,49,17,44,15,35,12,40,14,33,11,7,20,19,28,20,17,16,8,9,19,16,21,24,18,24,25
2016,6,100174320,212,101,48,111,52,7,3,20,9,21,10,34,16,23,11,37,17,30,14,40,19,5,11,10,18,14,15,16,12,2,9,11,16,9,22,14,28
2016,6,100174466,315,141,45,174,55,17,5,26,8,42,13,41,13,42,13,53,17,45,14,49,16,11,12,19,21,20,22,19,17,6,14,23,20,22,31,26,32
2016,6,100175515,306,152,50,154,50,22,7,21,7,32,10,50,16,32,10,54,18,45,15,50,16,12,9,22,30,22,25,20,12,10,12,10,20,10,29,25,38
2016,6,100175933,234,113,48,121,52,13,6,21,9,37,16,32,14,27,12,42,18,29,12,33,14,6,10,21,21,15,15,18,7,7,11,16,11,12,27,11,26
2016,6,100176228,307,141,46,166,54,14,5,34,11,29,9,43,14,44,14,57,19,48,16,38,12,7,14,19,22,20,24,24,11,7,20,10,21,24,33,24,27
2016,6,100176558,175,85,49,90,51,9,5,16,9,18,10,19,11,30,17,25,14,27,15,31,18,4,9,8,11,15,14,12,12,5,7,10,8,15,11,15,19
2016,6,100177053,191,93,49,98,51,10,5,15,8,25,13,31,16,33,17,21,11,23,12,33,17,7,6,12,18,21,10,10,9,3,9,13,13,12,11,13,24
2016,6,100177205,223,111,50,112,50,18,8,22,10,31,14,35,16,29,13,29,13,33,15,26,12,10,13,18,19,15,12,17,7,8,9,13,16,14,17,16,19
2016,6,100177898,181,83,46,98,54,17,9,18,10,24,13,23,13,22,12,36,20,11,6,30,17,5,11,13,10,13,19,4,8,12,7,11,13,9,17,7,22
2016,6,100178143,489,226,46,263,54,19,4,49,10,69,14,51,10,55,11,84,17,72,15,90,18,14,25,40,24,25,43,34,21,5,24,29,27,30,41,38,69
2016,6,100178578,193,95,49,98,51,10,5,15,8,32,17,30,16,21,11,25,13,29,15,31,16,5,9,13,17,14,11,14,12,5,6,19,13,7,14,15,19
2016,6,100178641,56,29,52,27,48,2,4,3,5,9,16,4,7,7,13,9,16,12,21,10,18,2,1,4,4,3,5,8,2,0,2,5,0,4,4,4,8
2016,6,100178738,85,40,47,45,53,6,7,4,5,3,4,19,22,8,9,18,21,7,8,20,24,4,4,1,9,3,8,4,7,2,0,2,10,5,10,3,13
2016,6,100178770,46,23,50,23,50,6,13,3,7,3,7,10,22,1,2,9,20,4,9,10,22,4,1,2,7,0,4,2,3,2,2,1,3,1,5,2,7
2016,6,100178867,323,145,45,178,55,24,7,28,9,25,8,55,17,35,11,55,17,43,13,58,18,12,14,14,23,15,27,22,18,12,14,11,32,20,28,21,40
2016,6,100178996,2225,1021,46,1204,54,123,6,202,9,222,10,265,12,292,13,325,15,370,17,426,19,65,116,113,135,142,160,158,132,58,86,109,130,150,165,212,294
2016,6,100179370,253,136,54,117,46,14,6,20,8,41,16,41,16,21,8,53,21,25,10,38,15,6,11,28,29,14,27,10,11,8,9,13,12,7,26,15,27
2016,6,100179627,24,14,58,10,42,0,0,3,13,3,13,0,0,8,33,3,13,2,8,5,21,0,2,2,0,5,3,0,2,0,1,1,0,3,0,2,3
2016,6,100179715,5,,,,,,,,,,,,,,,,,,,,,,,,,,,,,,,,,,,,
2016,6,100179828,272,135,50,137,50,16,6,24,9,31,11,40,15,30,11,47,17,42,15,42,15,8,9,15,28,18,22,17,18,8,15,16,12,12,25,25,24
2016,6,100179998,294,134,46,160,54,22,7,30,10,26,9,44,15,47,16,42,14,41,14,42,14,13,11,11,26,24,19,13,17,9,19,15,18,23,23,28,25
2016,6,100180236,231,94,41,137,59,21,9,17,7,37,16,38,16,37,16,29,13,28,12,24,10,8,7,11,20,18,14,10,6,13,10,26,18,19,15,18,18
2016,6,100180412,200,88,44,112,56,19,10,17,9,13,7,34,17,10,5,39,20,41,21,27,14,6,5,5,16,6,20,19,11,13,12,8,18,4,19,22,16
2016,6,100180646,321,158,49,163,51,16,5,20,6,49,15,51,16,40,12,49,15,41,13,55,17,6,11,29,31,23,23,21,14,10,9,20,20,17,26,20,41
2016,6,100181037,181,79,44,102,56,4,2,12,7,23,13,28,15,25,14,29,16,24,13,36,20,1,5,11,13,15,12,9,13,3,7,12,15,10,17,15,23
2016,6,100181125,253,124,49,129,51,19,8,25,10,36,14,42,17,23,9,56,22,26,10,26,10,10,13,16,26,8,28,15,8,9,12,20,16,15,28,11,18
2016,6,100181287,133,67,50,66,50,4,3,9,7,15,11,9,7,19,14,25,19,17,13,35,26,2,3,11,6,11,12,8,14,2,6,4,3,8,13,9,21
2016,6,100181535,83,40,48,43,52,2,2,6,7,18,22,9,11,14,17,14,17,6,7,14,17,1,2,11,4,6,10,2,4,1,4,7,5,8,4,4,10
2016,6,100181711,310,152,49,158,51,14,5,25,8,49,16,34,11,49,16,49,16,33,11,57,18,10,14,28,20,27,19,17,17,4,11,21,14,22,30,16,40
2016,6,100181752,103,50,49,53,51,5,5,5,5,7,7,11,11,12,12,16,16,27,26,20,19,2,4,3,7,5,9,15,5,3,1,4,4,7,7,12,15
2016,6,100181785,250,126,50,124,50,13,5,28,11,46,18,32,13,30,12,39,16,30,12,32,13,9,14,22,20,14,19,12,16,4,14,24,12,16,20,18,16
2016,6,100181840,249,128,51,121,49,22,9,26,10,30,12,47,19,30,12,36,14,34,14,24,10,17,16,17,22,16,15,16,9,5,10,13,25,14,21,18,15
2016,6,100182215,277,122,44,155,56,10,4,23,8,31,11,47,17,30,11,50,18,42,15,44,16,6,11,14,26,12,24,20,9,4,12,17,21,18,26,22,35
2016,6,100182473,66,36,55,30,45,4,6,8,12,8,12,13,20,10,15,7,11,10,15,6,9,2,6,4,8,6,4,4,2,2,2,4,5,4,3,6,4
2016,6,100182512,254,121,48,133,52,10,4,24,9,29,11,34,13,33,13,39,15,46,18,39,15,4,12,16,23,13,22,22,9,6,12,13,11,20,17,24,30
2016,6,100182754,751,332,44,419,56,47,6,64,9,86,11,76,10,64,9,104,14,111,15,199,26,15,34,46,43,26,56,53,59,32,30,40,33,38,48,58,140
2016,6,100182826,362,169,47,193,53,31,9,14,4,45,12,68,19,41,11,67,19,53,15,43,12,15,4,28,40,23,31,15,13,16,10,17,28,18,36,38,30
2016,6,100183057,68,28,41,40,59,4,6,2,3,12,18,6,9,3,4,16,24,13,19,12,18,1,1,4,5,0,6,6,5,3,1,8,1,3,10,7,7
2016,6,100183153,35,16,46,19,54,2,6,4,11,3,9,3,9,6,17,2,6,8,23,7,20,0,3,3,1,3,0,3,3,2,1,0,2,3,2,5,4
2016,6,100183797,1197,560,47,637,53,87,7,110,9,107,9,148,12,217,18,146,12,149,12,233,19,47,53,52,77,113,70,63,85,40,57,55,71,104,76,86,148
2016,6,100183803,131,66,50,65,50,9,7,6,5,21,16,19,15,22,17,21,16,22,17,11,8,4,4,10,11,15,12,9,1,5,2,11,8,7,9,13,10
2016,6,100183924,549,258,47,291,53,28,5,35,6,36,7,103,19,84,15,100,18,100,18,63,11,16,15,18,58,39,47,45,20,12,20,18,45,45,53,55,43
2016,6,100183998,52,29,56,23,44,5,10,3,6,7,13,6,12,7,13,7,13,11,21,6,12,3,2,5,4,3,3,6,3,2,1,2,2,4,4,5,3
2016,6,100184001,30,17,57,13,43,4,13,2,7,1,3,4,13,4,13,2,7,3,10,10,33,2,0,1,4,2,2,1,5,2,2,0,0,2,0,2,5
2016,6,100184018,19,12,63,7,37,1,5,1,5,1,5,2,11,3,16,4,21,0,0,7,37,1,0,1,2,2,3,0,3,0,1,0,0,1,1,0,4
2016,6,100184026,20,9,45,11,55,1,5,0,0,3,15,1,5,0,0,8,40,4,20,3,15,0,0,2,0,0,3,2,2,1,0,1,1,0,5,2,1
2016,6,100184034,1805,834,46,971,54,129,7,137,8,187,10,227,13,206,11,260,14,223,12,436,24,69,66,97,124,103,119,100,156,60,71,90,103,103,141,123,280
2016,6,100184067,5,,,,,,,,,,,,,,,,,,,,,,,,,,,,,,,,,,,,
2016,6,100184075,649,306,47,343,53,49,8,69,11,67,10,101,16,109,17,80,12,92,14,82,13,22,30,33,58,63,32,37,31,27,39,34,43,46,48,55,51
2016,6,100184083,98,46,47,52,53,6,6,8,8,12,12,13,13,18,18,10,10,15,15,16,16,4,6,5,7,7,5,8,4,2,2,7,6,11,5,7,12
2016,6,100184091,43,24,56,19,44,1,2,0,0,0,0,1,2,8,19,6,14,8,19,19,44,1,0,0,0,8,5,2,8,0,0,0,1,0,1,6,11
2016,6,100184114,225,112,50,113,50,4,2,5,2,3,1,7,3,17,8,43,19,55,24,91,40,2,2,2,3,7,27,34,35,2,3,1,4,10,16,21,56
2016,6,100184130,55,28,51,27,49,11,20,3,5,4,7,13,24,2,4,8,15,6,11,8,15,7,2,2,6,1,4,3,3,4,1,2,7,1,4,3,5
2016,6,100184196,491,243,49,248,51,55,11,58,12,48,10,61,12,86,18,60,12,62,13,61,12,30,29,21,36,40,30,33,24,25,29,27,25,46,30,29,37
2016,6,100184202,707,341,48,366,52,45,6,60,8,69,10,72,10,102,14,121,17,101,14,137,19,17,29,34,39,54,62,58,48,28,31,35,33,48,59,43,89
2016,6,100184210,64,27,42,37,58,8,13,11,17,5,8,10,16,11,17,10,16,2,3,7,11,4,3,2,2,6,7,0,3,4,8,3,8,5,3,2,4
2016,6,100184227,6090,2852,47,3238,53,754,12,698,11,475,8,1021,17,1059,17,663,11,701,12,719,12,374,356,231,496,507,331,307,250,380,342,244,525,552,332,394,469
2016,6,100184235,110,53,48,57,52,14,13,15,14,14,13,16,15,17,15,13,12,10,9,11,10,8,10,7,7,6,7,5,3,6,5,7,9,11,6,5,8
2016,6,100184243,270,140,52,130,48,32,12,24,9,25,9,42,16,49,18,34,13,24,9,40,15,23,13,14,18,27,18,12,15,9,11,11,24,22,16,12,25
2016,6,100184251,2061,971,47,1090,53,208,10,294,14,205,10,282,14,430,21,270,13,171,8,201,10,111,148,105,122,214,130,77,64,97,146,100,160,216,140,94,137
2016,6,100184268,128,63,49,65,51,25,20,18,14,8,6,12,9,32,25,12,9,6,5,15,12,12,12,4,4,15,6,2,8,13,6,4,8,17,6,4,7
2016,6,100184284,3088,1404,45,1684,55,329,11,334,11,291,9,463,15,524,17,399,13,365,12,383,12,143,175,140,212,247,201,158,128,186,159,151,251,277,198,207,255
2016,6,100184292,410,212,52,198,48,47,11,40,10,35,9,69,17,58,14,73,18,39,10,49,12,26,20,20,36,33,40,18,19,21,20,15,33,25,33,21,30
2016,6,100184307,309,152,49,157,51,48,16,45,15,30,10,37,12,51,17,52,17,24,8,22,7,23,30,15,13,23,28,13,7,25,15,15,24,28,24,11,15
2016,6,100184315,95,41,43,54,57,6,6,12,13,8,8,16,17,13,14,13,14,9,9,18,19,3,4,2,6,9,3,6,8,3,8,6,10,4,10,3,10
2016,6,100184323,63,33,52,30,48,3,5,6,10,5,8,12,19,9,14,11,17,9,14,8,13,2,4,3,4,5,8,4,3,1,2,2,8,4,3,5,5
2016,6,100184331,320,164,51,156,49,41,13,33,10,39,12,45,14,52,16,46,14,35,11,29,9,24,16,19,28,23,25,19,10,17,17,20,17,29,21,16,19
2016,6,100184348,857,428,50,429,50,103,12,111,13,86,10,119,14,170,20,133,16,77,9,58,7,50,55,40,47,92,72,48,24,53,56,46,72,78,61,29,34
2016,6,100184364,73,38,52,35,48,5,7,4,5,9,12,11,15,10,14,9,12,8,11,17,23,4,4,6,5,5,3,6,5,1,0,3,6,5,6,2,12
2016,6,100184372,66,36,55,30,45,2,3,9,14,6,9,8,12,6,9,11,17,12,18,12,18,1,6,4,6,1,7,7,4,1,3,2,2,5,4,5,8
2016,6,100184397,50,24,48,26,52,2,4,3,6,10,20,10,20,8,16,7,14,5,10,5,10,0,1,7,5,2,5,3,1,2,2,3,5,6,2,2,4
2016,6,100184403,212,103,49,109,51,22,10,24,11,31,15,19,9,39,18,37,17,18,8,22,10,13,15,12,10,15,19,10,9,9,9,19,9,24,18,8,13
2016,6,100184428,1217,541,44,676,56,118,10,100,8,117,10,182,15,167,14,157,13,134,11,242,20,51,46,55,89,79,75,61,85,67,54,62,93,88,82,73,157
2016,6,100184444,25,12,48,13,52,3,12,1,4,3,12,0,0,5,20,6,24,3,12,4,16,2,1,2,0,2,2,2,1,1,0,1,0,3,4,1,3
2016,6,100184460,864,418,48,446,52,53,6,58,7,83,10,111,13,105,12,141,16,138,16,175,20,25,36,42,63,52,64,68,68,28,22,41,48,53,77,70,107
2016,6,100184477,239,119,50,120,50,23,10,18,8,20,8,31,13,32,13,44,18,27,11,44,18,11,7,15,13,14,23,16,20,12,11,5,18,18,21,11,24
2016,6,100184485,184,116,63,68,37,13,7,12,7,14,8,20,11,33,18,56,30,18,10,18,10,8,7,6,13,20,45,12,5,5,5,8,7,13,11,6,13
2016,6,100184493,853,429,50,424,50,54,6,66,8,82,10,120,14,117,14,140,16,107,13,167,20,26,41,42,67,64,67,50,72,28,25,40,53,53,73,57,95
2016,6,100184508,568,287,51,281,49,35,6,29,5,45,8,55,10,89,16,71,13,84,15,160,28,17,19,27,33,40,38,48,65,18,10,18,22,49,33,36,95
2016,6,100184532,3928,1854,47,2074,53,350,9,320,8,350,9,554,14,534,14,517,13,508,13,795,20,187,175,174,287,269,254,214,294,163,145,176,267,265,263,294,501
2016,6,100184540,122,66,54,56,46,8,7,6,5,10,8,9,7,17,14,19,16,22,18,31,25,6,3,5,7,7,12,12,14,2,3,5,2,10,7,10,17
2016,6,100184557,749,354,47,395,53,84,11,76,10,69,9,108,14,101,13,88,12,105,14,118,16,38,34,36,58,53,47,48,40,46,42,33,50,48,41,57,78
2016,6,100184573,1125,571,51,554,49,114,10,131,12,106,9,180,16,205,18,159,14,131,12,99,9,68,71,52,95,94,91,65,35,46,60,54,85,111,68,66,64
2016,6,100184581,277,152,55,125,45,32,12,32,12,12,4,48,17,47,17,30,11,41,15,35,13,15,13,8,27,25,21,24,19,17,19,4,21,22,9,17,16
2016,6,100184598,1787,849,48,938,52,194,11,209,12,185,10,247,14,292,16,241,13,185,10,234,13,86,111,96,126,136,127,82,85,108,98,89,121,156,114,103,149
2016,6,100184620,170,91,54,79,46,27,16,12,7,15,9,28,16,26,15,20,12,14,8,28,16,15,9,8,13,16,8,9,13,12,3,7,15,10,12,5,15
2016,6,100184637,236,123,52,113,48,10,4,24,10,35,15,26,11,26,11,39,17,45,19,31,13,7,9,21,15,10,22,27,12,3,15,14,11,16,17,18,19
2016,6,100184653,114,59,52,55,48,11,10,7,6,12,11,17,15,19,17,17,15,13,11,18,16,6,6,7,7,11,10,5,7,5,1,5,10,8,7,8,11
2016,6,100184661,741,365,49,376,51,66,9,92,12,69,9,90,12,132,18,102,14,84,11,106,14,37,43,37,46,55,57,46,44,29,49,32,44,77,45,38,62
2016,6,100184686,508,251,49,257,51,42,8,57,11,49,10,64,13,93,18,69,14,46,9,88,17,19,33,29,33,53,30,21,33,23,24,20,31,40,39,25,55
2016,6,100184700,1140,572,50,568,50,82,7,123,11,156,14,139,12,154,14,202,18,128,11,156,14,44,64,92,74,67,100,59,72,38,59,64,65,87,102,69,84
2016,6,100184717,759,367,48,392,52,53,7,93,12,70,9,86,11,123,16,139,18,98,13,97,13,23,48,32,39,57,67,55,46,30,45,38,47,66,72,43,51
2016,6,100184741,73,38,52,35,48,4,5,5,7,6,8,7,10,12,16,7,10,13,18,19,26,2,2,4,4,8,5,5,8,2,3,2,3,4,2,8,11
2016,6,100184774,150,75,50,75,50,13,9,20,13,15,10,18,12,24,16,16,11,21,14,23,15,7,9,7,9,14,10,10,9,6,11,8,9,10,6,11,14
2016,6,100184782,1809,873,48,936,52,156,9,157,9,183,10,276,15,283,16,243,13,220,12,291,16,71,81,102,147,139,132,101,100,85,76,81,129,144,111,119,191
2016,6,100184805,150,75,50,75,50,17,11,17,11,9,6,28,19,18,12,21,14,19,13,21,14,9,10,4,13,11,9,11,8,8,7,5,15,7,12,8,13
2016,6,100184813,245,119,49,126,51,15,6,9,4,21,9,17,7,32,13,28,11,36,15,87,36,9,5,6,9,16,18,18,38,6,4,15,8,16,10,18,49
2016,6,100184854,240,120,50,120,50,22,9,21,9,19,8,32,13,34,14,41,17,29,12,42,18,11,9,11,17,20,20,17,15,11,12,8,15,14,21,12,27
2016,6,100184887,809,371,46,438,54,42,5,68,8,81,10,116,14,97,12,100,12,126,16,179,22,22,39,35,60,44,56,64,51,20,29,46,56,53,44,62,128
2016,6,100184934,227,110,48,117,52,5,2,14,6,31,14,28,12,27,12,47,21,31,14,44,19,4,9,14,17,15,25,15,11,1,5,17,11,12,22,16,33
2016,6,100184942,48,24,50,24,50,2,4,2,4,1,2,9,19,7,15,1,2,12,25,14,29,2,1,0,7,3,0,6,5,0,1,1,2,4,1,6,9
2016,6,100184967,1201,583,49,618,51,121,10,102,8,143,12,200,17,159,13,132,11,166,14,178,15,69,52,82,103,84,59,70,64,52,50,61,97,75,73,96,114
2016,6,100184983,579,273,47,306,53,38,7,40,7,70,12,88,15,81,14,85,15,93,16,84,15,19,20,34,51,38,41,38,32,19,20,36,37,43,44,55,52
2016,6,100185028,137,64,47,73,53,10,7,20,15,14,10,10,7,20,15,21,15,14,10,28,20,6,10,5,6,8,11,9,9,4,10,9,4,12,10,5,19
2016,6,100185036,198,91,46,107,54,13,7,14,7,13,7,34,17,26,13,32,16,26,13,40,20,9,6,5,18,13,14,15,11,4,8,8,16,13,18,11,29
2016,6,100185044,419,180,43,239,57,41,10,60,14,44,11,54,13,70,17,51,12,44,11,55,13,22,21,23,24,26,26,18,20,19,39,21,30,44,25,26,35
2016,6,100185077,71,34,48,37,52,12,17,5,7,10,14,10,14,8,11,12,17,12,17,2,3,5,2,5,4,3,8,6,1,7,3,5,6,5,4,6,1
2016,6,100185085,384,191,50,193,50,36,9,38,10,26,7,48,13,62,16,49,13,54,14,71,18,21,18,14,27,26,24,28,33,15,20,12,21,36,25,26,38
2016,6,100185116,1771,806,46,965,54,174,10,102,6,131,7,302,17,222,13,226,13,242,14,372,21,87,44,59,147,123,95,115,136,87,58,72,155,99,131,127,236
2016,6,100185132,1192,584,49,608,51,137,11,137,11,109,9,173,15,231,19,167,14,99,8,139,12,81,71,56,84,110,81,45,56,56,66,53,89,121,86,54,83
2016,6,100185140,5205,2323,45,2882,55,532,10,494,9,481,9,772,15,858,16,629,12,544,10,895,17,263,250,236,380,425,280,210,279,269,244,245,392,433,349,334,616
2016,6,100185157,510,245,48,265,52,52,10,47,9,58,11,68,13,83,16,79,15,57,11,66,13,28,18,28,34,39,40,31,27,24,29,30,34,44,39,26,39
2016,6,100185173,1937,960,50,977,50,243,13,222,11,163,8,290,15,324,17,222,11,242,12,231,12,134,118,88,149,156,106,115,94,109,104,75,141,168,116,127,137
2016,6,100185181,207,104,50,103,50,33,16,36,17,23,11,26,13,45,22,14,7,15,7,15,7,15,20,14,11,22,9,9,4,18,16,9,15,23,5,6,11
2016,6,100185198,508,240,47,268,53,59,12,59,12,58,11,73,14,97,19,60,12,45,9,57,11,30,26,31,30,52,29,25,17,29,33,27,43,45,31,20,40
2016,6,100185220,1877,864,46,1013,54,113,6,159,8,220,12,251,13,277,15,255,14,255,14,347,18,62,84,107,134,138,117,108,114,51,75,113,117,139,138,147,233
2016,6,100185237,369,185,50,184,50,34,9,42,11,47,13,46,12,46,12,53,14,39,11,62,17,18,30,21,25,27,26,18,20,16,12,26,21,19,27,21,42
2016,6,100185245,112,55,49,57,51,6,5,8,7,11,10,17,15,17,15,12,11,16,14,25,22,5,5,5,11,11,5,7,6,1,3,6,6,6,7,9,19
2016,6,100185261,2791,1343,48,1448,52,320,11,309,11,276,10,446,16,493,18,324,12,302,11,321,12,174,169,139,222,251,146,137,105,146,140,137,224,242,178,165,216
2016,6,100185278,12111,6210,51,5901,49,1876,15,1466,12,988,8,2225,18,2472,20,1491,12,744,6,849,7,979,750,520,1071,1357,843,386,304,897,716,468,1154,1115,648,358,545
2016,6,100185325,1158,528,46,630,54,82,7,92,8,122,11,146,13,170,15,190,16,129,11,227,20,39,47,67,76,78,88,59,74,43,45,55,70,92,102,70,153
2016,6,100185333,1371,644,47,727,53,123,9,121,9,128,9,184,13,224,16,208,15,161,12,222,16,54,61,59,98,108,111,81,72,69,60,69,86,116,97,80,150
2016,6,100185341,297,153,52,144,48,44,15,37,12,36,12,40,13,60,20,45,15,19,6,16,5,23,18,24,20,28,25,11,4,21,19,12,20,32,20,8,12
2016,6,100185382,301,147,49,154,51,16,5,31,10,25,8,35,12,52,17,37,12,37,12,68,23,11,14,10,18,25,21,19,29,5,17,15,17,27,16,18,39
2016,6,100185405,172,84,49,88,51,13,8,8,5,18,10,21,12,26,15,29,17,20,12,37,22,7,5,12,9,13,17,8,13,6,3,6,12,13,12,12,24
2016,6,100185413,170,89,52,81,48,14,8,18,11,18,11,22,13,25,15,23,14,19,11,31,18,7,10,11,12,13,13,10,13,7,8,7,10,12,10,9,18
2016,6,100185446,1157,598,52,559,48,82,7,103,9,109,9,157,14,205,18,164,14,172,15,165,14,42,61,48,88,108,89,89,73,40,42,61,69,97,75,83,92
2016,6,100185462,279,126,45,153,55,25,9,33,12,21,8,37,13,32,11,43,15,32,11,56,20,6,16,13,21,16,21,15,18,19,17,8,16,16,22,17,38
2016,6,100185470,3002,1393,46,1609,54,262,9,251,8,287,10,463,15,448,15,402,13,446,15,443,15,130,129,144,239,213,198,191,149,132,122,143,224,235,204,255,294
2016,6,100185495,707,350,50,357,50,43,6,62,9,61,9,91,13,113,16,113,16,104,15,120,17,15,26,38,50,57,62,54,48,28,36,23,41,56,51,50,72
2016,6,100185526,115,56,49,59,51,6,5,8,7,10,9,14,12,11,10,24,21,18,16,24,21,4,4,4,8,5,10,12,9,2,4,6,6,6,14,6,15
2016,6,100185614,432,212,49,220,51,41,9,46,11,45,10,75,17,60,14,58,13,46,11,61,14,24,22,27,44,26,28,19,22,17,24,18,31,34,30,27,39
2016,6,100185630,41,21,51,20,49,3,7,6,15,3,7,5,12,5,12,5,12,12,29,2,5,1,5,2,1,2,3,7,0,2,1,1,4,3,2,5,2
2016,6,100185647,78,47,60,31,40,7,9,8,10,10,13,4,5,16,21,12,15,12,15,9,12,4,6,6,2,9,11,7,2,3,2,4,2,7,1,5,7
2016,6,100185663,182,107,59,75,41,9,5,15,8,17,9,34,19,24,13,36,20,31,17,16,9,4,11,10,26,13,17,22,4,5,4,7,8,11,19,9,12
2016,6,100185671,37,18,49,19,51,6,16,1,3,7,19,6,16,4,11,6,16,0,0,7,19,5,0,3,4,1,4,0,1,1,1,4,2,3,2,0,6
2016,6,100185688,244,127,52,117,48,17,7,16,7,26,11,44,18,27,11,41,17,30,12,43,18,9,9,16,28,14,24,14,13,8,7,10,16,13,17,16,30
2016,6,100185702,160,87,54,73,46,15,9,15,9,19,12,24,15,19,12,17,11,28,18,23,14,10,11,10,14,10,7,15,10,5,4,9,10,9,10,13,13
2016,6,100185710,602,288,48,314,52,23,4,61,10,79,13,82,14,111,18,123,20,65,11,58,10,9,36,37,47,59,54,27,19,14,25,42,35,52,69,38,39
2016,6,100185727,961,450,47,511,53,67,7,107,11,93,10,154,16,146,15,127,13,114,12,153,16,40,51,44,78,76,63,44,54,27,56,49,76,70,64,70,99
2016,6,100185735,109,50,46,59,54,6,6,6,6,10,9,13,12,16,15,13,12,18,17,27,25,3,2,4,9,8,6,9,9,3,4,6,4,8,7,9,18
2016,6,100185743,1525,719,47,806,53,100,7,132,9,130,9,232,15,218,14,201,13,227,15,285,19,42,55,72,129,119,93,115,94,58,77,58,103,99,108,112,191
2016,6,100185768,1133,519,46,614,54,83,7,87,8,113,10,190,17,184,16,149,13,157,14,170,15,43,41,61,107,90,61,71,45,40,46,52,83,94,88,86,125
2016,6,100185776,48,22,46,26,54,3,6,6,13,2,4,3,6,9,19,8,17,3,6,14,29,1,4,1,1,5,3,1,6,2,2,1,2,4,5,2,8
2016,6,100185792,64,33,52,31,48,5,8,6,9,5,8,9,14,13,20,6,9,12,19,8,13,2,3,3,3,8,4,6,4,3,3,2,6,5,2,6,4
2016,6,100185807,26,10,38,16,62,5,19,2,8,6,23,4,15,3,12,2,8,2,8,2,8,2,1,1,3,1,1,1,0,3,1,5,1,2,1,1,2
2016,6,100185815,73,32,44,41,56,6,8,7,10,9,12,8,11,9,12,10,14,14,19,10,14,1,2,4,4,4,4,10,3,5,5,5,4,5,6,4,7
2016,6,100185823,134,68,51,66,49,6,4,2,1,13,10,23,17,14,10,26,19,21,16,29,22,5,0,8,11,8,15,11,10,1,2,5,12,6,11,10,19
2016,6,100185831,52,25,48,27,52,6,12,2,4,5,10,7,13,9,17,7,13,5,10,11,21,2,1,3,1,6,4,3,5,4,1,2,6,3,3,2,6
2016,6,100185864,70,31,44,39,56,2,3,4,6,13,19,6,9,8,11,12,17,11,16,14,20,1,1,6,4,3,6,4,6,1,3,7,2,5,6,7,8
2016,6,100185880,35,19,54,16,46,2,6,2,6,4,11,4,11,4,11,7,20,6,17,6,17,0,1,4,1,3,4,3,3,2,1,0,3,1,3,3,3
2016,6,100185897,576,265,46,311,54,51,9,44,8,50,9,104,18,72,13,77,13,82,14,96,17,26,22,22,47,40,35,37,36,25,22,28,57,32,42,45,60
2016,6,100185903,109,60,55,49,45,15,14,9,8,13,12,8,7,26,24,11,10,18,17,9,8,11,6,6,6,12,6,7,6,4,3,7,2,14,5,11,3
2016,6,100185911,34,12,35,22,65,0,0,6,18,5,15,4,12,7,21,4,12,2,6,6,18,0,3,2,2,3,1,0,1,0,3,3,2,4,3,2,5
2016,6,100185928,99,46,46,53,54,8,8,10,10,13,13,13,13,11,11,19,19,6,6,19,19,3,5,7,9,5,11,1,5,5,5,6,4,6,8,5,14
2016,6,100185936,24,14,58,10,42,1,4,0,0,1,4,2,8,1,4,5,21,6,25,8,33,1,0,1,1,0,4,2,5,0,0,0,1,1,1,4,3
2016,6,100185944,5,,,,,,,,,,,,,,,,,,,,,,,,,,,,,,,,,,,,
2016,6,100185952,42,19,45,23,55,1,2,3,7,8,19,4,10,6,14,7,17,4,10,9,21,1,0,5,0,4,4,3,2,0,3,3,4,2,3,1,7
2016,6,100185977,338,155,46,183,54,32,9,35,10,37,11,58,17,52,15,39,12,47,14,38,11,19,11,20,27,27,15,26,10,13,24,17,31,25,24,21,28
2016,6,100185985,301,139,46,162,54,19,6,29,10,23,8,43,14,47,16,36,12,36,12,68,23,12,11,11,23,23,19,14,26,7,18,12,20,24,17,22,42
2016,6,100185993,379,171,45,208,55,19,5,45,12,36,9,63,17,48,13,54,14,53,14,61,16,7,24,18,31,25,24,21,21,12,21,18,32,23,30,32,40
2016,6,100186046,47,24,51,23,49,4,9,7,15,4,9,6,13,9,19,3,6,1,2,13,28,4,3,1,3,5,1,1,6,0,4,3,3,4,2,0,7
2016,6,100186054,221,107,48,114,52,20,9,31,14,24,11,26,12,34,15,18,8,22,10,46,21,11,18,15,11,17,9,9,17,9,13,9,15,17,9,13,29
2016,6,100186062,2722,1253,46,1469,54,265,10,254,9,245,9,406,15,419,15,366,13,346,13,421,15,138,123,130,198,194,181,143,146,127,131,115,208,225,185,203,275
2016,6,100186070,204,92,45,112,55,16,8,19,9,28,14,31,15,29,14,33,16,28,14,20,10,10,7,16,14,15,13,12,5,6,12,12,17,14,20,16,15
2016,6,100186087,1802,911,51,891,49,139,8,240,13,203,11,222,12,354,20,292,16,215,12,137,8,81,125,110,111,172,144,113,55,58,115,93,111,182,148,102,82
2016,6,100186118,798,380,48,418,52,86,11,100,13,76,10,97,12,145,18,102,13,70,9,122,15,40,52,37,46,70,61,26,48,46,48,39,51,75,41,44,74
2016,6,100186126,1592,737,46,855,54,150,9,140,9,135,8,265,17,268,17,179,11,199,13,256,16,86,70,72,120,142,79,85,83,64,70,63,145,126,100,114,173
2016,6,100186134,1221,542,44,679,56,133,11,106,9,94,8,188,15,190,16,117,10,141,12,252,21,67,55,49,92,94,53,56,76,66,51,45,96,96,64,85,176
2016,6,100186167,356,169,47,187,53,26,7,28,8,51,14,46,13,45,13,61,17,32,9,67,19,14,16,30,23,19,27,18,22,12,12,21,23,26,34,14,45
2016,6,100186206,247,125,51,122,49,17,7,22,9,33,13,26,11,29,12,40,16,24,10,56,23,11,13,20,14,17,20,11,19,6,9,13,12,12,20,13,37
2016,6,100186230,349,168,48,181,52,26,7,35,10,44,13,49,14,54,15,35,10,47,13,59,17,14,18,21,30,26,14,23,22,12,17,23,19,28,21,24,37
2016,6,100186247,47,24,51,23,49,1,2,0,0,6,13,5,11,6,13,11,23,8,17,10,21,1,0,3,5,3,6,3,3,0,0,3,0,3,5,5,7
2016,6,100186255,311,148,48,163,52,14,5,19,6,51,16,55,18,27,9,48,15,55,18,42,14,5,8,27,34,13,19,28,14,9,11,24,21,14,29,27,28
2016,6,100186263,22,11,50,11,50,2,9,3,14,2,9,1,5,6,27,1,5,5,23,2,9,0,0,1,1,4,1,3,1,2,3,1,0,2,0,2,1
2016,6,100186271,508,232,46,276,54,20,4,41,8,71,14,63,12,50,10,73,14,86,17,104,20,8,17,39,42,22,31,39,34,12,24,32,21,28,42,47,70
2016,6,100186351,40,16,40,24,60,3,8,4,10,3,8,7,18,3,8,7,18,8,20,5,13,2,1,1,2,1,4,3,2,1,3,2,5,2,3,5,3
2016,6,100186368,5,,,,,,,,,,,,,,,,,,,,,,,,,,,,,,,,,,,,
2016,6,100186376,219,103,47,116,53,17,8,22,10,30,14,28,13,25,11,30,14,26,12,41,19,7,11,17,15,13,14,13,13,10,11,13,13,12,16,13,28
2016,6,100186384,20,10,50,10,50,1,5,5,25,4,20,0,0,3,15,2,10,3,15,2,10,1,2,2,0,1,1,1,2,0,3,2,0,2,1,2,0
2016,6,100186415,148,74,50,74,50,9,6,22,15,17,11,22,15,17,11,23,16,14,9,24,16,4,11,8,14,9,12,6,10,5,11,9,8,8,11,8,14
2016,6,100186448,292,150,51,142,49,20,7,30,10,41,14,48,16,31,11,48,16,37,13,37,13,12,21,19,31,15,22,16,14,8,9,22,17,16,26,21,23
2016,6,100186456,65,28,43,37,57,9,14,7,11,11,17,8,12,8,12,10,15,5,8,7,11,4,3,5,5,2,5,3,1,5,4,6,3,6,5,2,6
2016,6,100186480,361,180,50,181,50,34,9,39,11,47,13,51,14,41,11,57,16,43,12,49,14,14,20,27,29,20,30,19,21,20,19,20,22,21,27,24,28
2016,6,100186511,538,251,47,287,53,46,9,52,10,87,16,64,12,55,10,73,14,58,11,103,19,26,26,43,34,28,35,27,32,20,26,44,30,27,38,31,71
2016,6,100186528,329,157,48,172,52,24,7,33,10,42,13,42,13,46,14,29,9,52,16,61,19,13,16,21,17,18,15,24,33,11,17,21,25,28,14,28,28
2016,6,100186560,498,226,45,272,55,25,5,43,9,98,20,46,9,58,12,76,15,74,15,78,16,15,24,46,21,28,36,32,24,10,19,52,25,30,40,42,54
2016,6,100186585,366,172,47,194,53,20,5,28,8,58,16,41,11,50,14,49,13,55,15,65,18,15,11,29,29,25,23,19,21,5,17,29,12,25,26,36,44
2016,6,100186632,135,66,49,69,51,9,7,11,8,18,13,22,16,16,12,16,12,20,15,23,17,6,4,5,15,11,7,9,9,3,7,13,7,5,9,11,14
2016,6,100186640,66,28,42,38,58,3,5,7,11,7,11,10,15,9,14,9,14,11,17,10,15,3,2,4,5,4,3,4,3,0,5,3,5,5,6,7,7
2016,6,100186657,301,148,49,153,51,26,9,22,7,39,13,34,11,34,11,48,16,37,12,61,20,19,10,21,21,14,25,15,23,7,12,18,13,20,23,22,38
2016,6,100186681,128,71,55,57,45,12,9,17,13,21,16,19,15,15,12,14,11,18,14,12,9,8,7,13,13,8,7,11,4,4,10,8,6,7,7,7,8
2016,6,100186704,424,202,48,222,52,36,8,35,8,65,15,54,13,37,9,80,19,54,13,63,15,14,21,39,26,16,38,24,24,22,14,26,28,21,42,30,39
2016,6,100186778,354,170,48,184,52,23,6,18,5,54,15,33,9,36,10,45,13,44,12,101,29,12,9,33,20,18,22,25,31,11,9,21,13,18,23,19,70
2016,6,100186825,263,118,45,145,55,8,3,24,9,30,11,36,14,23,9,41,16,43,16,58,22,1,12,20,23,11,16,17,18,7,12,10,13,12,25,26,40
2016,6,100186841,1028,489,48,539,52,70,7,79,8,132,13,141,14,108,11,179,17,142,14,177,17,35,36,77,78,45,87,63,68,35,43,55,63,63,92,79,109
2016,6,100186913,250,109,44,141,56,20,8,36,14,35,14,26,10,32,13,24,10,32,13,45,18,8,11,15,15,14,14,18,14,12,25,20,11,18,10,14,31
2016,6,100186946,192,92,48,100,52,9,5,11,6,26,14,22,11,21,11,29,15,30,16,44,23,5,6,16,11,7,16,15,16,4,5,10,11,14,13,15,28
2016,6,100186987,198,92,46,106,54,10,5,23,12,46,23,30,15,18,9,31,16,18,9,22,11,7,12,21,14,8,18,7,5,3,11,25,16,10,13,11,17
2016,6,100187031,78,36,46,42,54,3,4,6,8,11,14,8,10,9,12,16,21,14,18,11,14,1,4,5,3,6,7,6,4,2,2,6,5,3,9,8,7
2016,6,100187080,230,102,44,128,56,13,6,20,9,31,13,29,13,24,10,47,20,23,10,43,19,8,8,18,11,13,22,8,14,5,12,13,18,11,25,15,29
2016,6,100187097,253,122,48,131,52,19,8,17,7,38,15,40,16,34,13,44,17,30,12,31,12,12,11,23,12,16,25,13,10,7,6,15,28,18,19,17,21
2016,6,100187136,53,23,43,30,57,6,11,7,13,9,17,2,4,9,17,8,15,6,11,6,11,1,5,5,0,4,5,2,1,5,2,4,2,5,3,4,5
2016,6,100187160,24,13,54,11,46,0,0,2,8,2,8,3,13,4,17,3,13,6,25,4,17,0,0,1,3,3,1,4,1,0,2,1,0,1,2,2,3
2016,6,100187177,25,14,56,11,44,0,0,1,4,6,24,4,16,3,12,5,20,4,16,2,8,0,0,4,2,1,3,3,1,0,1,2,2,2,2,1,1
2016,6,100187193,22,12,55,10,45,1,5,0,0,4,18,3,14,2,9,6,27,1,5,5,23,0,0,3,2,1,3,1,2,1,0,1,1,1,3,0,3
2016,6,100187216,167,78,47,89,53,8,5,19,11,11,7,19,11,20,12,19,11,21,13,50,30,6,9,7,8,15,8,7,18,2,10,4,11,5,11,14,32
2016,6,100187224,41,22,54,19,46,2,5,5,12,5,12,3,7,8,20,6,15,6,15,6,15,2,4,2,2,4,3,3,2,0,1,3,1,4,3,3,4
2016,6,100187281,54,26,48,28,52,3,6,2,4,6,11,7,13,6,11,11,20,3,6,16,30,1,2,1,5,4,7,2,4,2,0,5,2,2,4,1,12
2016,6,100187304,31,15,48,16,52,3,10,4,13,2,6,5,16,5,16,2,6,7,23,3,10,2,1,0,4,3,1,3,1,1,3,2,1,2,1,4,2
2016,6,100187337,36,19,53,17,47,4,11,1,3,5,14,7,19,3,8,4,11,5,14,7,19,3,0,3,5,1,3,2,2,1,1,2,2,2,1,3,5
2016,6,100187353,27,15,56,12,44,0,0,2,7,6,22,3,11,8,30,3,11,2,7,3,11,0,0,3,3,4,2,1,2,0,2,3,0,4,1,1,1
2016,6,100187386,49,26,53,23,47,6,12,5,10,7,14,4,8,5,10,7,14,4,8,11,22,3,4,6,1,2,4,2,4,3,1,1,3,3,3,2,7
2016,6,100187400,200,92,46,108,54,1,1,6,3,41,21,80,40,25,13,23,12,10,5,14,7,1,4,20,42,13,8,0,4,0,2,21,38,12,15,10,10
2016,6,100187474,335,153,46,182,54,20,6,31,9,57,17,40,12,51,15,43,13,41,12,52,16,6,19,26,22,29,21,17,13,14,12,31,18,22,22,24,39
2016,6,100187505,79,39,49,40,51,11,14,2,3,5,6,19,24,3,4,17,22,9,11,13,16,4,1,4,11,3,8,4,4,7,1,1,8,0,9,5,9
2016,6,100187538,44,18,41,26,59,3,7,5,11,2,5,7,16,3,7,7,16,4,9,13,30,3,2,0,3,2,3,1,4,0,3,2,4,1,4,3,9
2016,6,100187683,37,17,46,20,54,0,0,1,3,6,16,10,27,2,5,3,8,7,19,8,22,0,0,3,6,0,1,3,4,0,1,3,4,2,2,4,4
2016,6,100187771,78,39,50,39,50,10,13,7,9,10,13,18,23,11,14,6,8,6,8,10,13,6,6,4,9,5,3,1,5,4,1,6,9,6,3,5,5
2016,6,100187827,1657,775,47,882,53,106,6,120,7,212,13,206,12,185,11,235,14,239,14,354,21,60,61,121,105,93,114,111,110,46,59,91,101,92,121,128,244
2016,6,100187843,266,132,50,134,50,14,5,17,6,33,12,35,13,29,11,37,14,52,20,49,18,8,10,18,20,12,23,24,17,6,7,15,15,17,14,28,32
2016,6,100187851,54,31,57,23,43,5,9,6,11,9,17,5,9,11,20,7,13,2,4,9,17,4,3,8,2,7,5,0,2,1,3,1,3,4,2,2,7
2016,6,100187868,29,17,59,12,41,2,7,1,3,7,24,6,21,1,3,5,17,1,3,6,21,2,1,4,3,1,3,0,3,0,0,3,3,0,2,1,3
2016,6,100187876,149,80,54,69,46,8,5,13,9,19,13,17,11,17,11,27,18,18,12,30,20,5,10,12,11,9,12,10,11,3,3,7,6,8,15,8,19
2016,6,100187892,28,16,57,12,43,3,11,2,7,2,7,6,21,1,4,3,11,8,29,3,11,2,2,1,3,1,2,3,2,1,0,1,3,0,1,5,1
2016,6,100187907,15,7,47,8,53,1,7,2,13,0,0,2,13,3,20,0,0,2,13,5,33,1,0,0,1,2,0,1,2,0,2,0,1,1,0,1,3
2016,6,100187915,12,6,50,6,50,0,0,0,0,2,17,2,17,2,17,3,25,1,8,2,17,0,0,1,1,2,1,1,0,0,0,1,1,0,2,0,2
2016,6,100187923,25,13,52,12,48,1,4,4,16,4,16,1,4,5,20,5,20,0,0,5,20,1,3,3,0,2,3,0,1,0,1,1,1,3,2,0,4
2016,6,100187948,17,10,59,7,41,1,6,4,24,0,0,3,18,2,12,2,12,3,18,2,12,1,3,0,1,1,2,0,2,0,1,0,2,1,0,3,0
2016,6,100187956,658,297,45,361,55,53,8,50,8,95,14,96,15,76,12,96,15,93,14,99,15,32,23,41,45,42,44,41,29,21,27,54,51,34,52,52,70
2016,6,100187964,50,27,54,23,46,2,4,3,6,6,12,3,6,12,24,9,18,2,4,13,26,2,2,3,2,7,6,1,4,0,1,3,1,5,3,1,9
2016,6,100187972,5,,,,,,,,,,,,,,,,,,,,,,,,,,,,,,,,,,,,
2016,6,100187997,26,14,54,12,46,1,4,1,4,4,15,1,4,6,23,5,19,2,8,6,23,1,0,3,0,3,4,1,2,0,1,1,1,3,1,1,4
2016,6,100188025,16,7,44,9,56,0,0,1,6,2,13,0,0,1,6,6,38,3,19,3,19,0,0,2,0,0,3,1,1,0,1,0,0,1,3,2,2
2016,6,100188041,227,112,49,115,51,20,9,25,11,37,16,27,12,29,13,29,13,29,13,31,14,10,18,19,13,13,18,11,10,10,7,18,14,16,11,18,21
2016,6,100188058,24,9,38,15,63,2,8,3,13,3,13,3,13,6,25,5,21,0,0,2,8,0,1,0,1,3,3,0,1,2,2,3,2,3,2,0,1
2016,6,100188066,661,314,48,347,52,23,3,37,6,86,13,98,15,72,11,109,16,88,13,148,22,10,16,51,62,38,61,36,40,13,21,35,36,34,48,52,108
2016,6,100188074,11,6,55,5,45,0,0,2,18,0,0,1,9,1,9,0,0,4,36,3,27,0,1,0,0,0,0,3,2,0,1,0,1,1,0,1,1
2016,6,100188082,12,5,42,7,58,1,8,1,8,1,8,1,8,2,17,1,8,3,25,2,17,0,1,0,1,1,0,1,1,1,0,1,0,1,1,2,1
2016,6,100188090,5,,,,,,,,,,,,,,,,,,,,,,,,,,,,,,,,,,,,
2016,6,100188105,17,11,65,6,35,0,0,1,6,3,18,0,0,3,18,2,12,3,18,5,29,0,1,3,0,1,1,3,2,0,0,0,0,2,1,0,3
2016,6,100188113,40,14,35,26,65,2,5,3,8,6,15,6,15,4,10,4,10,2,5,13,33,2,1,2,3,1,1,1,3,0,2,4,3,3,3,1,10
2016,6,100188121,5,,,,,,,,,,,,,,,,,,,,,,,,,,,,,,,,,,,,
2016,6,100188138,93,37,40,56,60,4,4,2,2,2,2,10,11,8,9,21,23,18,19,28,30,2,1,1,3,5,12,6,7,2,1,1,7,3,9,12,21
2016,6,100188146,215,116,54,99,46,7,3,13,6,37,17,37,17,25,12,38,18,22,10,36,17,5,4,25,28,13,18,11,12,2,9,12,9,12,20,11,24
2016,6,100188154,32,16,50,16,50,1,3,3,9,5,16,2,6,2,6,7,22,7,22,5,16,1,1,3,1,0,3,6,1,0,2,2,1,2,4,1,4
2016,6,100188162,51,22,43,29,57,1,2,2,4,5,10,7,14,8,16,9,18,9,18,10,20,0,1,3,3,3,4,3,5,1,1,2,4,5,5,6,5
2016,6,100188195,23,12,52,11,48,1,4,1,4,4,17,1,4,6,26,2,9,2,9,6,26,1,0,1,0,5,0,1,4,0,1,3,1,1,2,1,2
2016,6,100188201,240,111,46,129,54,22,9,24,10,35,15,27,11,31,13,40,17,27,11,34,14,15,15,19,7,15,23,10,7,7,9,16,20,16,17,17,27
2016,6,100188218,192,106,55,86,45,10,5,2,1,11,6,15,8,20,10,26,14,42,22,66,34,5,1,5,8,13,17,27,30,5,1,6,7,7,9,15,36
2016,6,100188234,78,38,49,40,51,5,6,9,12,5,6,15,19,11,14,7,9,11,14,15,19,3,5,2,9,7,3,3,6,2,4,3,6,4,4,8,9
2016,6,100188242,51,28,55,23,45,2,4,7,14,4,8,4,8,13,25,7,14,6,12,8,16,0,6,2,3,9,3,2,3,2,1,2,1,4,4,4,5
2016,6,100188250,566,266,47,300,53,33,6,64,11,73,13,77,14,79,14,91,16,62,11,87,15,16,32,33,41,42,47,28,27,17,32,40,36,37,44,34,60
2016,6,100188275,136,65,48,71,52,11,8,9,7,22,16,20,15,22,16,17,13,13,10,22,16,5,3,10,10,13,8,7,9,6,6,12,10,9,9,6,13
2016,6,100188371,26,13,50,13,50,1,4,4,15,2,8,3,12,2,8,4,15,3,12,7,27,1,1,1,2,2,3,2,1,0,3,1,1,0,1,1,6
2016,6,100188410,737,335,45,402,55,32,4,54,7,77,10,75,10,68,9,94,13,103,14,234,32,14,26,43,39,32,45,45,91,18,28,34,36,36,49,58,143
2016,6,100188476,59,31,53,28,47,3,5,3,5,8,14,8,14,8,14,8,14,11,19,10,17,2,2,4,4,4,5,6,4,1,1,4,4,4,3,5,6
2016,6,100188492,27,11,41,16,59,2,7,1,4,4,15,3,11,6,22,6,22,2,7,3,11,0,0,1,3,3,3,1,0,2,1,3,0,3,3,1,3
2016,6,100188507,11,6,55,5,45,0,0,1,9,2,18,1,9,2,18,3,27,1,9,1,9,0,1,0,1,1,2,1,0,0,0,2,0,1,1,0,1
2016,6,100188515,65,30,46,35,54,2,3,7,11,10,15,5,8,11,17,9,14,8,12,13,20,2,2,4,4,5,4,5,4,0,5,6,1,6,5,3,9
2016,6,100188523,450,214,48,236,52,40,9,40,9,49,11,71,16,53,12,68,15,59,13,70,16,16,24,27,40,23,34,27,23,24,16,22,31,30,34,32,47
2016,6,100188531,74,35,47,39,53,6,8,6,8,6,8,15,20,5,7,11,15,11,15,14,19,3,3,1,10,4,4,7,3,3,3,5,5,1,7,4,11
2016,6,100188564,17,6,35,11,65,1,6,0,0,3,18,5,29,0,0,3,18,3,18,2,12,0,0,3,0,0,1,2,0,1,0,0,5,0,2,1,2
2016,6,100188572,24,12,50,12,50,2,8,3,13,3,13,4,17,2,8,4,17,1,4,5,21,2,2,1,1,1,2,0,3,0,1,2,3,1,2,1,2
2016,6,100188580,46,20,43,26,57,5,11,4,9,4,9,4,9,10,22,4,9,7,15,8,17,4,3,2,0,4,2,4,1,1,1,2,4,6,2,3,7
2016,6,100188597,375,179,48,196,52,24,6,25,7,47,13,44,12,53,14,43,11,67,18,72,19,13,11,25,28,26,23,28,25,11,14,22,16,27,20,39,47
2016,6,100188611,48,24,50,24,50,4,8,5,10,3,6,11,23,8,17,2,4,5,10,10,21,2,2,0,6,5,2,2,5,2,3,3,5,3,0,3,5
2016,6,100188628,68,28,41,40,59,4,6,6,9,6,9,9,13,7,10,12,18,6,9,18,26,1,2,2,7,4,5,2,5,3,4,4,2,3,7,4,13
2016,6,100188644,14,7,50,7,50,1,7,2,14,3,21,2,14,1,7,4,29,1,7,0,0,0,1,2,1,0,2,1,0,1,1,1,1,1,2,0,0
2016,6,100188740,201,91,45,110,55,13,6,14,7,23,11,39,19,18,9,25,12,37,18,32,16,3,6,11,24,10,8,16,13,10,8,12,15,8,17,21,19
2016,6,100188781,1390,669,48,721,52,75,5,104,7,160,12,172,12,180,13,185,13,195,14,319,23,47,54,85,96,104,89,94,100,28,50,75,76,76,96,101,219
2016,6,100188798,89,45,51,44,49,4,4,2,2,6,7,11,12,12,13,11,12,17,19,26,29,1,1,4,6,9,6,8,10,3,1,2,5,3,5,9,16
2016,6,100188804,329,150,46,179,54,12,4,20,6,46,14,41,12,35,11,48,15,55,17,72,22,6,10,23,20,17,23,25,26,6,10,23,21,18,25,30,46
2016,6,100188812,30,17,57,13,43,3,10,0,0,1,3,7,23,1,3,5,17,4,13,9,30,1,0,0,3,0,3,4,6,2,0,1,4,1,2,0,3
2016,6,100188820,120,57,48,63,53,6,5,7,6,13,11,16,13,12,10,18,15,21,18,27,23,3,4,7,8,5,11,10,9,3,3,6,8,7,7,11,18
2016,6,100188837,528,245,46,283,54,40,8,39,7,82,16,79,15,50,9,94,18,63,12,81,15,17,19,41,45,26,41,32,24,23,20,41,34,24,53,31,57
2016,6,100188845,2272,1038,46,1234,54,119,5,173,8,250,11,320,14,261,11,345,15,305,13,499,22,67,79,123,176,132,158,143,160,52,94,127,144,129,187,162,339
2016,6,100188853,147,76,52,71,48,5,3,11,7,18,12,30,20,18,12,20,14,17,12,28,19,3,9,7,21,10,12,7,7,2,2,11,9,8,8,10,21
2016,6,100188861,80,34,43,46,58,2,3,1,1,8,10,10,13,5,6,19,24,8,10,27,34,2,1,4,6,2,9,3,7,0,0,4,4,3,10,5,20
2016,6,100188886,23,10,43,13,57,1,4,2,9,3,13,4,17,1,4,1,4,4,17,7,30,0,2,1,3,0,0,3,1,1,0,2,1,1,1,1,6
2016,6,100188894,30,12,40,18,60,1,3,4,13,4,13,3,10,5,17,1,3,5,17,7,23,0,3,2,1,2,0,2,2,1,1,2,2,3,1,3,5
2016,6,100188933,37,17,46,20,54,4,11,7,19,9,24,3,8,1,3,3,8,3,8,7,19,0,6,5,1,0,0,3,2,4,1,4,2,1,3,0,5
2016,6,100188958,120,56,47,64,53,13,11,5,4,13,11,20,17,14,12,14,12,19,16,22,18,7,1,6,10,7,6,14,5,6,4,7,10,7,8,5,17
2016,6,100188966,109,54,50,55,50,7,6,10,9,22,20,8,7,16,15,15,14,13,12,18,17,4,6,14,1,7,9,7,6,3,4,8,7,9,6,6,12
2016,6,100188974,70,32,46,38,54,5,7,8,11,8,11,11,16,6,9,7,10,16,23,9,13,1,5,4,5,1,4,8,4,4,3,4,6,5,3,8,5
2016,6,100188990,445,217,49,228,51,33,7,38,9,71,16,64,14,56,13,62,14,56,13,65,15,19,19,39,37,30,31,24,18,14,19,32,27,26,31,32,47
2016,6,100189027,29,13,45,16,55,1,3,1,3,5,17,3,10,7,24,4,14,2,7,6,21,0,0,2,1,4,2,2,2,1,1,3,2,3,2,0,4
2016,6,100189043,46,24,52,22,48,5,11,8,17,4,9,9,20,6,13,0,0,3,7,11,24,3,4,3,2,5,0,2,5,2,4,1,7,1,0,1,6
2016,6,100189051,97,49,51,48,49,9,9,7,7,11,11,16,16,11,11,14,14,15,15,14,14,6,5,7,8,6,6,5,6,3,2,4,8,5,8,10,8
2016,6,100189068,97,48,49,49,51,2,2,10,10,11,11,9,9,13,13,15,15,12,12,25,26,1,8,4,5,6,9,6,9,1,2,7,4,7,6,6,16
2016,6,100189084,563,248,44,315,56,46,8,47,8,77,14,74,13,75,13,77,14,75,13,92,16,21,26,28,39,35,35,32,32,25,21,49,35,40,42,43,60
2016,6,100189092,37,17,46,20,54,4,11,6,16,7,19,3,8,8,22,3,8,1,3,5,14,0,3,4,1,4,2,1,2,4,3,3,2,4,1,0,3
2016,6,100189164,400,179,45,221,55,20,5,51,13,55,14,37,9,50,13,55,14,45,11,87,22,9,21,29,23,21,28,22,26,11,30,26,14,29,27,23,61
2016,6,100189172,59,29,49,30,51,1,2,2,3,10,17,10,17,6,10,12,20,5,8,13,22,0,0,7,5,5,5,4,3,1,2,3,5,1,7,1,10
2016,6,100189180,146,63,43,83,57,7,5,20,14,22,15,17,12,15,10,18,12,20,14,27,18,3,10,11,5,9,9,10,6,4,10,11,12,6,9,10,21
2016,6,100189228,34,17,50,17,50,0,0,5,15,7,21,3,9,6,18,5,15,2,6,6,18,0,2,4,1,1,4,2,3,0,3,3,2,5,1,0,3
2016,6,100189252,275,131,48,144,52,23,8,17,6,33,12,48,17,41,15,34,12,30,11,49,18,12,7,15,27,25,19,13,13,11,10,18,21,16,15,17,36
2016,6,100189308,175,74,42,101,58,17,10,10,6,28,16,20,11,23,13,22,13,21,12,34,19,10,4,9,12,12,9,12,6,7,6,19,8,11,13,9,28
2016,6,100189324,234,115,49,119,51,14,6,17,7,40,17,26,11,49,21,35,15,16,7,37,16,9,9,23,13,27,20,7,7,5,8,17,13,22,15,9,30
2016,6,100189332,363,174,48,189,52,21,6,29,8,35,10,52,14,37,10,58,16,56,15,75,21,10,16,21,25,23,28,31,20,11,13,14,27,14,30,25,55
2016,6,100189357,17,6,35,11,65,1,6,1,6,1,6,2,12,1,6,4,24,0,0,7,41,0,0,0,1,0,3,0,2,1,1,1,1,1,1,0,5
2016,6,100189365,179,81,45,98,55,10,6,7,4,5,3,21,12,25,14,29,16,31,17,51,28,8,3,3,7,13,15,16,16,2,4,2,14,12,14,15,35
2016,6,100189373,186,87,47,99,53,7,4,18,10,20,11,29,16,22,12,28,15,20,11,42,23,5,7,11,13,11,15,9,16,2,11,9,16,11,13,11,26
2016,6,100189381,1326,623,47,703,53,63,5,105,8,173,13,152,11,169,13,197,15,171,13,296,22,37,53,84,84,86,89,80,110,26,52,89,68,83,108,91,186
2016,6,100189404,225,124,55,101,45,10,4,19,8,39,17,28,12,29,13,33,15,32,14,35,16,4,13,22,19,14,20,17,15,6,6,17,9,15,13,15,20
2016,6,100189412,204,94,46,110,54,13,6,20,10,18,9,23,11,21,10,32,16,32,16,45,22,7,10,8,11,12,17,15,14,6,10,10,12,9,15,17,31
2016,6,100189420,149,79,53,70,47,6,4,9,6,10,7,18,12,20,13,22,15,32,21,32,21,4,5,5,11,11,12,18,13,2,4,5,7,9,10,14,19
2016,6,100189437,537,256,48,281,52,28,5,63,12,82,15,66,12,56,10,60,11,69,13,113,21,10,29,43,42,30,29,32,41,18,34,39,24,26,31,37,72
2016,6,100189461,148,71,48,77,52,6,4,13,9,19,13,16,11,24,16,21,14,22,15,27,18,2,6,9,10,16,13,10,5,4,7,10,6,8,8,12,22
2016,6,100189486,82,43,52,39,48,10,12,5,6,8,10,8,10,20,24,3,4,7,9,21,26,9,3,5,4,10,2,3,7,1,2,3,4,10,1,4,14
2016,6,100189500,799,366,46,433,54,66,8,62,8,106,13,127,16,83,10,78,10,108,14,169,21,34,29,49,71,44,32,44,63,32,33,57,56,39,46,64,106
2016,6,100189517,56,26,46,30,54,1,2,1,2,8,14,4,7,8,14,4,7,7,13,23,41,1,0,5,2,4,1,1,12,0,1,3,2,4,3,6,11
2016,6,100189541,223,122,55,101,45,11,5,20,9,38,17,32,14,26,12,28,13,31,14,37,17,5,13,24,24,15,12,16,13,6,7,14,8,11,16,15,24
2016,6,100189646,156,73,47,83,53,10,6,21,13,17,11,20,13,17,11,23,15,21,13,27,17,3,10,12,10,12,8,10,8,7,11,5,10,5,15,11,19
2016,6,100189750,153,82,54,71,46,17,11,12,8,13,8,31,20,14,9,16,10,24,16,26,17,9,5,6,20,8,10,13,11,8,7,7,11,6,6,11,15
2016,6,100189830,21,13,62,8,38,0,0,1,5,2,10,1,5,3,14,4,19,6,29,4,19,0,1,2,0,1,3,3,3,0,0,0,1,2,1,3,1
2016,6,100189847,508,221,44,287,56,24,5,37,7,45,9,67,13,64,13,93,18,72,14,106,21,10,19,17,31,30,47,36,31,14,18,28,36,34,46,36,75
2016,6,100189855,1213,563,46,650,54,65,5,79,7,117,10,166,14,151,12,192,16,175,14,268,22,26,37,75,88,77,97,77,86,39,42,42,78,74,95,98,182
2016,6,100189863,443,207,47,236,53,22,5,39,9,35,8,58,13,59,13,48,11,56,13,126,28,7,22,19,30,37,24,21,47,15,17,16,28,22,24,35,79
2016,6,100189871,5,,,,,,,,,,,,,,,,,,,,,,,,,,,,,,,,,,,,
2016,6,100189902,237,120,51,117,49,11,5,22,9,35,15,26,11,26,11,36,15,40,17,41,17,7,12,24,14,14,16,18,15,4,10,11,12,12,20,22,26
2016,6,100189935,216,102,47,114,53,5,2,23,11,24,11,27,13,28,13,38,18,32,15,39,18,2,12,11,12,16,18,14,17,3,11,13,15,12,20,18,22
2016,6,100189968,72,37,51,35,49,2,3,4,6,11,15,11,15,8,11,12,17,10,14,14,19,1,4,6,9,5,5,6,1,1,0,5,2,3,7,4,13
2016,6,100189976,636,300,47,336,53,43,7,57,9,70,11,92,14,88,14,82,13,75,12,129,20,25,34,38,48,48,39,27,41,18,23,32,44,40,43,48,88
2016,6,100190005,141,65,46,76,54,11,8,15,11,12,9,14,10,20,14,18,13,28,20,23,16,4,6,3,9,12,10,11,10,7,9,9,5,8,8,17,13
2016,6,100190013,296,148,50,148,50,19,6,35,12,37,13,44,15,38,13,57,19,30,10,36,12,13,18,20,26,19,27,14,11,6,17,17,18,19,30,16,25
2016,6,100190038,108,55,51,53,49,4,4,12,11,19,18,15,14,16,15,19,18,13,12,10,9,1,5,9,11,9,9,6,5,3,7,10,4,7,10,7,5
2016,6,100190101,170,80,47,90,53,7,4,11,6,23,14,22,13,28,16,30,18,21,12,28,16,3,8,12,9,15,14,9,10,4,3,11,13,13,16,12,18
2016,6,100190167,751,359,48,392,52,60,8,70,9,74,10,98,13,98,13,79,11,99,13,173,23,36,44,36,55,54,37,41,56,24,26,38,43,44,42,58,117
2016,6,100190183,403,159,39,244,61,6,1,1,0,8,2,13,3,22,5,29,7,50,12,274,68,3,1,0,10,14,18,32,81,3,0,8,3,8,11,18,193
2016,6,100190222,664,312,47,352,53,54,8,51,8,73,11,92,14,83,13,83,13,91,14,137,21,32,34,34,47,40,41,38,46,22,17,39,45,43,42,53,91
2016,6,100190255,371,181,49,190,51,17,5,35,9,38,10,51,14,47,13,46,12,62,17,75,20,10,14,23,27,27,21,33,26,7,21,15,24,20,25,29,49
2016,6,100190310,577,278,48,299,52,49,8,44,8,67,12,91,16,63,11,71,12,80,14,112,19,26,21,34,54,29,34,40,40,23,23,33,37,34,37,40,72
2016,6,100190415,235,113,48,122,52,10,4,19,8,39,17,35,15,26,11,40,17,27,11,39,17,7,8,19,25,12,20,9,13,3,11,20,10,14,20,18,26
2016,6,100190511,273,140,51,133,49,16,6,38,14,35,13,41,15,31,11,41,15,30,11,41,15,9,20,22,22,20,19,17,11,7,18,13,19,11,22,13,30
2016,6,100190528,63,33,52,30,48,2,3,3,5,6,10,10,16,5,8,11,17,13,21,13,21,1,2,3,5,3,7,6,6,1,1,3,5,2,4,7,7
2016,6,100190536,227,107,47,120,53,16,7,17,7,30,13,27,12,33,15,31,14,32,14,41,18,10,7,12,14,15,16,17,16,6,10,18,13,18,15,15,25
2016,6,100190552,153,72,47,81,53,7,5,18,12,21,14,21,14,11,7,23,15,21,14,31,20,3,10,12,8,6,11,12,10,4,8,9,13,5,12,9,21
2016,6,100190624,185,93,50,92,50,20,11,18,10,30,16,33,18,20,11,28,15,13,7,23,12,13,10,17,17,9,13,7,7,7,8,13,16,11,15,6,16
2016,6,100190673,206,102,50,104,50,14,7,12,6,31,15,23,11,28,14,29,14,28,14,41,20,6,5,17,17,14,16,15,12,8,7,14,6,14,13,13,29
2016,6,100190704,248,126,51,122,49,10,4,18,7,40,16,34,14,21,8,50,20,35,14,40,16,5,13,22,22,5,29,18,12,5,5,18,12,16,21,17,28
2016,6,100190800,163,87,53,76,47,11,7,12,7,27,17,24,15,17,10,23,14,25,15,24,15,8,4,19,17,8,9,8,14,3,8,8,7,9,14,17,10
2016,6,100190841,87,43,49,44,51,4,5,1,1,12,14,12,14,4,5,19,22,14,16,21,24,3,0,6,9,1,9,8,7,1,1,6,3,3,10,6,14
2016,6,100190866,32,20,63,12,38,3,9,3,9,2,6,2,6,4,13,7,22,5,16,6,19,2,2,0,2,3,4,4,3,1,1,2,0,1,3,1,3
2016,6,100190890,294,138,47,156,53,22,7,32,11,38,13,50,17,24,8,50,17,34,12,44,15,11,16,18,28,10,25,19,11,11,16,20,22,14,25,15,33
2016,6,100190954,210,95,45,115,55,12,6,13,6,28,13,22,10,17,8,38,18,32,15,48,23,9,6,13,11,7,18,15,16,3,7,15,11,10,20,17,32
2016,6,100190970,32,17,53,15,47,0,0,4,13,8,25,1,3,4,13,5,16,4,13,6,19,0,2,5,1,1,2,2,4,0,2,3,0,3,3,2,2
2016,6,100191007,366,189,52,177,48,20,5,33,9,43,12,44,12,51,14,65,18,46,13,64,17,9,16,34,30,23,29,25,23,11,17,9,14,28,36,21,41
2016,6,100191056,31,14,45,17,55,3,10,2,6,4,13,3,10,4,13,4,13,6,19,5,16,0,2,1,2,1,3,4,1,3,0,3,1,3,1,2,4
2016,6,100191080,133,64,48,69,52,5,4,7,5,18,14,17,13,10,8,29,22,19,14,28,21,2,5,10,12,4,10,10,11,3,2,8,5,6,19,9,17
2016,6,100191111,15,7,47,8,53,0,0,0,0,1,7,2,13,0,0,5,33,1,7,6,40,0,0,1,2,0,2,0,2,0,0,0,0,0,3,1,4
2016,6,100191136,22,10,45,12,55,2,9,1,5,2,9,5,23,1,5,3,14,3,14,5,23,1,1,1,1,1,2,2,1,1,0,1,4,0,1,1,4
2016,6,100191144,315,149,47,166,53,11,3,29,9,39,12,38,12,37,12,46,15,36,11,79,25,5,14,21,26,17,25,14,27,6,15,18,12,20,21,22,52
2016,6,100191152,5,,,,,,,,,,,,,,,,,,,,,,,,,,,,,,,,,,,,
2016,6,100191193,396,174,44,222,56,19,5,26,7,45,11,65,16,38,10,56,14,74,19,73,18,5,12,24,32,17,22,40,22,14,14,21,33,21,34,34,51
2016,6,100191208,55,29,53,26,47,6,11,8,15,4,7,6,11,15,27,2,4,5,9,9,16,3,6,1,2,10,2,1,4,3,2,3,4,5,0,4,5
2016,6,100191265,160,73,46,87,54,15,9,10,6,15,9,36,23,14,9,24,15,26,16,20,13,9,5,7,19,4,9,16,4,6,5,8,17,10,15,10,16
2016,6,100191320,536,247,46,289,54,30,6,64,12,61,11,94,18,59,11,88,16,64,12,76,14,14,40,25,53,34,32,30,19,16,24,36,41,25,56,34,57
2016,6,100191337,40,22,55,18,45,1,3,2,5,4,10,8,20,3,8,4,10,9,23,9,23,0,1,3,3,3,1,4,7,1,1,1,5,0,3,5,2
2016,6,100191400,116,57,49,59,51,4,3,13,11,23,20,7,6,16,14,19,16,17,15,17,15,3,3,13,5,7,11,9,6,1,10,10,2,9,8,8,11
2016,6,100191466,84,37,44,47,56,4,5,6,7,10,12,3,4,14,17,11,13,15,18,21,25,2,4,4,1,5,5,8,8,2,2,6,2,9,6,7,13
2016,6,100191505,110,53,48,57,52,17,15,13,12,9,8,24,22,13,12,15,14,7,6,12,11,10,9,5,12,7,6,3,1,7,4,4,12,6,9,4,11
2016,6,100191595,22,12,55,10,45,5,23,5,23,1,5,5,23,0,0,3,14,1,5,2,9,2,5,1,1,0,1,1,1,3,0,0,4,0,2,0,1
2016,6,100191601,222,102,46,120,54,18,8,8,4,22,10,37,17,16,7,39,18,39,18,43,19,8,4,14,21,10,14,17,14,10,4,8,16,6,25,22,29
2016,6,100191626,5,,,,,,,,,,,,,,,,,,,,,,,,,,,,,,,,,,,,
2016,6,100191691,315,147,47,168,53,14,4,34,11,41,13,34,11,49,16,35,11,47,15,61,19,10,13,19,18,23,20,23,21,4,21,22,16,26,15,24,40
2016,6,100191747,226,103,46,123,54,15,7,20,9,26,12,23,10,29,13,21,9,48,21,44,19,10,10,13,8,15,14,21,12,5,10,13,15,14,7,27,32
2016,6,100191771,219,125,57,94,43,17,8,12,5,29,13,35,16,16,7,49,22,31,14,30,14,13,8,21,22,8,30,17,6,4,4,8,13,8,19,14,24
2016,6,100191876,402,185,46,217,54,24,6,32,8,56,14,63,16,54,13,50,12,50,12,73,18,13,18,27,29,25,21,25,27,11,14,29,34,29,29,25,46
2016,6,100192000,272,123,45,149,55,17,6,20,7,40,15,34,13,25,9,50,18,37,14,49,18,9,10,18,18,12,26,19,11,8,10,22,16,13,24,18,38
2016,6,100192090,127,69,54,58,46,8,6,12,9,20,16,14,11,11,9,25,20,12,9,25,20,6,9,11,9,8,13,5,8,2,3,9,5,3,12,7,17
2016,6,100192170,248,120,48,128,52,16,6,28,11,30,12,32,13,33,13,44,18,30,12,35,14,13,16,14,19,15,18,15,10,3,12,16,13,18,26,15,25
2016,6,100192314,424,190,45,234,55,35,8,23,5,43,10,58,14,49,12,67,16,55,13,94,22,13,11,20,35,27,32,26,26,22,12,23,23,22,35,29,68
2016,6,100192388,135,60,44,75,56,11,8,11,8,10,7,24,18,15,11,18,13,20,15,26,19,5,6,5,12,9,10,6,7,6,5,5,12,6,8,14,19
2016,6,100192402,403,191,47,212,53,22,5,16,4,58,14,60,15,33,8,62,15,74,18,78,19,15,8,33,39,14,28,31,23,7,8,25,21,19,34,43,55
2016,6,100192410,87,45,52,42,48,7,8,8,9,16,18,13,15,10,11,14,16,6,7,13,15,1,5,12,7,5,6,4,5,6,3,4,6,5,8,2,8
2016,6,100192443,344,161,47,183,53,21,6,30,9,49,14,50,15,40,12,57,17,28,8,69,20,15,13,22,30,15,27,16,23,6,17,27,20,25,30,12,46
2016,6,100192451,373,173,46,200,54,6,2,6,2,17,5,46,12,97,26,81,22,55,15,65,17,2,5,11,24,37,50,22,22,4,1,6,22,60,31,33,43
2016,6,100192468,31,14,45,17,55,1,3,2,6,5,16,3,10,5,16,3,10,8,26,4,13,1,2,0,2,2,1,5,1,0,0,5,1,3,2,3,3
2016,6,100192476,44,21,48,23,52,1,2,1,2,4,9,3,7,4,9,6,14,8,18,17,39,1,0,4,1,4,1,3,7,0,1,0,2,0,5,5,10
2016,6,100192507,462,243,53,219,47,40,9,44,10,42,9,83,18,59,13,63,14,55,12,76,16,27,25,23,53,37,27,27,24,13,19,19,30,22,36,28,52
2016,6,100192515,51,25,49,26,51,1,2,3,6,6,12,8,16,9,18,8,16,7,14,9,18,0,3,3,5,5,4,3,2,1,0,3,3,4,4,4,7
2016,6,100192523,62,24,39,38,61,2,3,4,6,9,15,5,8,6,10,12,19,13,21,11,18,0,0,5,3,2,6,6,2,2,4,4,2,4,6,7,9
2016,6,100192652,393,183,47,210,53,28,7,31,8,52,13,60,15,45,11,56,14,54,14,67,17,16,15,25,33,21,26,26,21,12,16,27,27,24,30,28,46
2016,6,100192716,994,451,45,543,55,84,8,94,9,112,11,148,15,143,14,152,15,103,10,158,16,45,33,53,76,74,67,52,51,39,61,59,72,69,85,51,107
2016,6,100192732,193,88,46,105,54,11,6,9,5,26,13,22,11,22,11,33,17,26,13,44,23,4,2,15,9,14,16,12,16,7,7,11,13,8,17,14,28
2016,6,100192798,119,52,44,67,56,9,8,12,10,18,15,15,13,12,10,22,18,10,8,21,18,7,4,9,6,6,8,6,6,2,8,9,9,6,14,4,15
2016,6,100192812,19,10,53,9,47,0,0,2,11,1,5,4,21,3,16,1,5,5,26,3,16,0,0,1,3,2,0,3,1,0,2,0,1,1,1,2,2
2016,6,100192820,131,70,53,61,47,0,0,5,4,9,7,23,18,9,7,17,13,34,26,34,26,0,1,8,18,4,8,18,13,0,4,1,5,5,9,16,21
2016,6,100192837,455,210,46,245,54,32,7,34,7,54,12,48,11,40,9,84,18,55,12,108,24,18,18,23,25,21,44,28,33,14,16,31,23,19,40,27,75
2016,6,100192925,123,49,40,74,60,6,5,9,7,9,7,26,21,20,16,12,10,19,15,22,18,1,4,3,13,11,4,5,8,5,5,6,13,9,8,14,14
2016,6,100192933,53,23,43,30,57,0,0,3,6,4,8,11,21,3,6,9,17,8,15,15,28,0,0,2,4,3,4,5,5,0,3,2,7,0,5,3,10
2016,6,100192941,202,96,48,106,52,19,9,21,10,23,11,23,11,23,11,31,15,27,13,35,17,14,13,13,12,11,15,9,9,5,8,10,11,12,16,18,26
2016,6,100192974,515,244,47,271,53,44,9,39,8,52,10,78,15,60,12,65,13,86,17,91,18,27,21,31,36,31,31,35,32,17,18,21,42,29,34,51,59
2016,6,100193027,15,10,67,5,33,1,7,0,0,1,7,1,7,2,13,2,13,2,13,6,40,1,0,0,1,2,1,2,3,0,0,1,0,0,1,0,3
2016,6,100193051,114,55,48,59,52,5,4,4,4,17,15,14,12,19,17,14,12,17,15,24,21,1,3,10,7,12,5,6,11,4,1,7,7,7,9,11,13
2016,6,100193068,250,120,48,130,52,13,5,15,6,26,10,40,16,22,9,55,22,31,12,48,19,5,5,15,20,13,27,17,18,8,10,11,20,9,28,14,30
2016,6,100193148,381,195,51,186,49,13,3,22,6,49,13,51,13,34,9,71,19,68,18,73,19,10,16,26,34,16,35,34,24,3,6,23,17,18,36,34,49
2016,6,100193180,2755,1480,54,1275,46,199,7,220,8,295,11,547,20,393,14,390,14,332,12,379,14,104,108,183,339,247,209,140,150,95,112,112,208,146,181,192,229
2016,6,100193203,149,62,42,87,58,12,8,22,15,23,15,26,17,13,9,23,15,9,6,21,14,4,10,11,11,7,9,3,7,8,12,12,15,6,14,6,14
2016,6,100193277,142,67,47,75,53,6,4,12,8,22,15,25,18,10,7,23,16,21,15,23,16,3,6,11,9,5,14,9,10,3,6,11,16,5,9,12,13
2016,6,100193285,141,68,48,73,52,7,5,12,9,12,9,16,11,16,11,24,17,26,18,28,20,2,8,6,10,9,12,11,10,5,4,6,6,7,12,15,18
2016,6,100193316,190,97,51,93,49,19,10,24,13,27,14,34,18,21,11,18,9,28,15,19,10,12,16,9,18,12,10,11,9,7,8,18,16,9,8,17,10
2016,6,100193324,82,35,43,47,57,3,4,4,5,11,13,10,12,11,13,9,11,17,21,17,21,1,3,6,5,4,2,9,5,2,1,5,5,7,7,8,12
2016,6,100193332,705,327,46,378,54,55,8,59,8,90,13,76,11,100,14,98,14,77,11,150,21,29,27,47,37,57,50,39,41,26,32,43,39,43,48,38,109
2016,6,100193373,56,32,57,24,43,6,11,3,5,4,7,7,13,5,9,8,14,11,20,12,21,3,2,4,3,4,5,7,4,3,1,0,4,1,3,4,8
2016,6,100193404,23,11,48,12,52,3,13,5,22,2,9,2,9,6,26,1,4,4,17,0,0,0,3,1,2,2,1,2,0,3,2,1,0,4,0,2,0
2016,6,100193420,28,11,39,17,61,2,7,3,11,3,11,5,18,2,7,6,21,2,7,5,18,1,1,2,3,1,2,1,0,1,2,1,2,1,4,1,5
2016,6,100193445,5,,,,,,,,,,,,,,,,,,,,,,,,,,,,,,,,,,,,
2016,6,100193453,32,15,47,17,53,4,13,1,3,3,9,6,19,3,9,4,13,6,19,5,16,3,1,1,3,1,1,4,1,1,0,2,3,2,3,2,4
2016,6,100193478,56,32,57,24,43,3,5,8,14,13,23,3,5,10,18,6,11,6,11,7,13,1,4,8,3,5,4,5,2,2,4,5,0,5,2,1,5
2016,6,100193486,25,12,48,13,52,1,4,3,12,4,16,3,12,4,16,3,12,3,12,4,16,1,1,1,2,2,1,3,1,0,2,3,1,2,2,0,3
2016,6,100193494,298,140,47,158,53,20,7,24,8,29,10,50,17,36,12,37,12,40,13,62,21,8,11,16,32,19,18,20,16,12,13,13,18,17,19,20,46
2016,6,100193500,169,72,43,97,57,12,7,14,8,22,13,22,13,19,11,27,16,25,15,28,17,6,3,8,13,9,14,15,4,6,11,14,9,10,13,10,24
2016,6,100193517,539,261,48,278,52,49,9,43,8,60,11,87,16,68,13,65,12,78,14,89,17,30,17,33,54,35,32,33,27,19,26,27,33,33,33,45,62
2016,6,100193525,5,,,,,,,,,,,,,,,,,,,,,,,,,,,,,,,,,,,,
2016,6,100193533,53,27,51,26,49,2,4,11,21,7,13,2,4,11,21,4,8,4,8,12,23,1,9,4,1,6,1,1,4,1,2,3,1,5,3,3,8
2016,6,100193566,122,65,53,57,47,3,2,18,15,45,37,6,5,6,5,11,9,15,12,18,15,0,11,30,5,3,4,7,5,3,7,15,1,3,7,8,13
2016,6,100193574,42,20,48,22,52,2,5,2,5,4,10,3,7,6,14,8,19,4,10,13,31,1,1,3,2,3,4,3,3,1,1,1,1,3,4,1,10
2016,6,100193621,77,39,51,38,49,7,9,12,16,7,9,17,22,5,6,12,16,6,8,11,14,2,4,4,11,2,7,4,5,5,8,3,6,3,5,2,6
2016,6,100193638,364,181,50,183,50,31,9,22,6,34,9,64,18,40,11,46,13,66,18,61,17,18,13,18,33,20,25,34,20,13,9,16,31,20,21,32,41
2016,6,100193646,32,15,47,17,53,2,6,0,0,3,9,0,0,5,16,3,9,7,22,12,38,1,0,0,0,4,2,4,4,1,0,3,0,1,1,3,8
2016,6,100193670,5,,,,,,,,,,,,,,,,,,,,,,,,,,,,,,,,,,,,
2016,6,100193687,11,7,64,4,36,2,18,0,0,0,0,0,0,5,45,0,0,2,18,2,18,2,0,0,0,2,0,2,1,0,0,0,0,3,0,0,1
2016,6,100193695,5,,,,,,,,,,,,,,,,,,,,,,,,,,,,,,,,,,,,
2016,6,100193718,15,9,60,6,40,0,0,0,0,1,7,5,33,2,13,2,13,3,20,2,13,0,0,0,3,2,2,1,1,0,0,1,2,0,0,2,1
2016,6,100193726,62,34,55,28,45,5,8,6,10,5,8,14,23,7,11,4,6,8,13,13,21,3,6,3,8,6,1,4,3,2,0,2,6,1,3,4,10
2016,6,100193767,72,42,58,30,42,7,10,12,17,7,10,8,11,11,15,15,21,8,11,4,6,3,8,5,4,6,9,5,2,4,4,2,4,5,6,3,2
2016,6,100193775,516,236,46,280,54,35,7,48,9,59,11,76,15,66,13,80,16,73,14,79,15,14,22,27,40,33,34,31,35,21,26,32,36,33,46,42,44
2016,6,100193806,73,40,55,33,45,4,5,13,18,8,11,6,8,9,12,7,10,13,18,13,18,1,9,5,4,6,3,6,6,3,4,3,2,3,4,7,7
2016,6,100193822,13,8,62,5,38,0,0,0,0,0,0,2,15,0,0,4,31,3,23,4,31,0,0,0,1,0,2,3,2,0,0,0,1,0,2,0,2
2016,6,100193847,24,14,58,10,42,5,21,0,0,0,0,3,13,3,13,5,21,4,17,4,17,2,0,0,2,1,3,3,3,3,0,0,1,2,2,1,1
2016,6,100193888,5,,,,,,,,,,,,,,,,,,,,,,,,,,,,,,,,,,,,
2016,6,100193896,5,,,,,,,,,,,,,,,,,,,,,,,,,,,,,,,,,,,,
2016,6,100193927,20,12,60,8,40,0,0,0,0,2,10,5,25,1,5,3,15,4,20,5,25,0,0,2,2,1,2,3,2,0,0,0,3,0,1,1,3
2016,6,100193935,190,88,46,102,54,8,4,19,10,30,16,29,15,15,8,41,22,18,9,30,16,2,10,17,14,7,19,9,10,6,9,13,15,8,22,9,20
2016,6,100193976,1621,776,48,845,52,108,7,149,9,190,12,196,12,215,13,196,12,238,15,329,20,49,81,107,102,112,96,103,126,59,68,83,94,103,100,135,203
2016,6,100193992,39,17,44,22,56,1,3,2,5,5,13,4,10,3,8,6,15,5,13,13,33,0,0,3,3,3,2,4,2,1,2,2,1,0,4,1,11
2016,6,100194020,5,,,,,,,,,,,,,,,,,,,,,,,,,,,,,,,,,,,,
2016,6,100194053,214,101,47,113,53,11,5,12,6,30,14,24,11,32,15,42,20,27,13,36,17,6,5,17,12,17,18,12,14,5,7,13,12,15,24,15,22
2016,6,100194117,331,161,49,170,51,16,5,26,8,43,13,43,13,49,15,60,18,32,10,62,19,9,9,25,26,23,33,18,18,7,17,18,17,26,27,14,44
2016,6,100194158,42,21,50,21,50,1,2,4,10,7,17,3,7,5,12,8,19,4,10,10,24,0,2,3,2,4,4,1,5,1,2,4,1,1,4,3,5
2016,6,100194166,313,153,49,160,51,18,6,27,9,41,13,36,12,42,13,46,15,44,14,59,19,8,17,26,16,23,22,22,19,10,10,15,20,19,24,22,40
2016,6,100194174,294,149,51,145,49,11,4,20,7,29,10,44,15,34,12,41,14,45,15,70,24,8,10,14,26,16,25,24,26,3,10,15,18,18,16,21,44
2016,6,100194213,32,17,53,15,47,0,0,1,3,3,9,5,16,5,16,4,13,8,25,6,19,0,0,1,2,4,3,5,2,0,1,2,3,1,1,3,4
2016,6,100194238,44,24,55,20,45,2,5,8,18,0,0,5,11,7,16,3,7,10,23,9,20,0,5,0,3,3,2,5,6,2,3,0,2,4,1,5,3
2016,6,100194262,38,16,42,22,58,1,3,3,8,4,11,5,13,5,13,6,16,9,24,5,13,0,2,0,1,1,3,4,5,1,1,4,4,4,3,5,0
2016,6,100194318,363,167,46,196,54,23,6,32,9,50,14,49,13,38,10,59,16,58,16,54,15,11,15,29,21,19,25,29,18,12,17,21,28,19,34,29,36
2016,6,100194334,183,84,46,99,54,17,9,16,9,14,8,35,19,10,5,29,16,39,21,23,13,5,8,9,16,7,14,19,6,12,8,5,19,3,15,20,17
2016,6,100194430,237,130,55,107,45,12,5,32,14,35,15,30,13,41,17,27,11,26,11,34,14,7,21,25,18,24,12,12,11,5,11,10,12,17,15,14,23
2016,6,100195055,45,25,56,20,44,3,7,3,7,4,9,11,24,4,9,11,24,5,11,4,9,2,1,2,7,3,7,1,2,1,2,2,4,1,4,4,2
2016,6,100195071,195,94,48,101,52,19,10,24,12,22,11,32,16,23,12,29,15,24,12,22,11,12,9,12,15,9,17,11,9,7,15,10,17,14,12,13,13
2016,6,100195096,299,122,41,177,59,15,5,16,5,30,10,42,14,44,15,40,13,36,12,76,25,9,8,16,19,25,17,12,16,6,8,14,23,19,23,24,60
2016,6,100195393,96,42,44,54,56,9,9,9,9,14,15,14,15,14,15,9,9,10,10,17,18,1,5,7,5,8,4,4,8,8,4,7,9,6,5,6,9
2016,6,100195762,137,65,47,72,53,9,7,10,7,27,20,13,9,18,13,20,15,21,15,19,14,4,5,14,9,10,9,7,7,5,5,13,4,8,11,14,12
2016,6,100195795,5,,,,,,,,,,,,,,,,,,,,,,,,,,,,,,,,,,,,
2016,6,100195801,58,34,59,24,41,4,7,8,14,5,9,10,17,5,9,13,22,5,9,8,14,2,5,3,7,3,8,3,3,2,3,2,3,2,5,2,5
2016,6,100195818,149,74,50,75,50,14,9,7,5,22,15,21,14,14,9,21,14,26,17,24,16,6,3,11,12,6,11,14,11,8,4,11,9,8,10,12,13
2016,6,100195826,24,7,29,17,71,4,17,1,4,2,8,3,13,3,13,6,25,1,4,4,17,0,0,1,0,2,3,0,1,4,1,1,3,1,3,1,3
2016,6,100195906,12,7,58,5,42,0,0,2,17,3,25,0,0,0,0,4,33,3,25,0,0,0,2,2,0,0,0,3,0,0,0,1,0,0,4,0,0
2016,6,100195988,43,20,47,23,53,1,2,3,7,4,9,6,14,3,7,10,23,13,30,3,7,1,2,2,1,3,4,7,0,0,1,2,5,0,6,6,3
2016,6,100196483,140,70,50,70,50,8,6,20,14,19,14,18,13,18,13,18,13,12,9,27,19,6,13,12,9,9,9,5,7,2,7,7,9,9,9,7,20
2016,6,100196588,50,27,54,23,46,2,4,4,8,9,18,3,6,10,20,7,14,3,6,12,24,1,2,6,0,8,4,1,5,1,2,3,3,2,3,2,7
2016,6,100196635,295,128,43,167,57,19,6,15,5,23,8,35,12,28,9,38,13,30,10,107,36,7,6,14,23,14,20,13,31,12,9,9,12,14,18,17,76
2016,6,100196643,110,51,46,59,54,5,5,7,6,14,13,8,7,13,12,18,16,11,10,34,31,4,3,7,4,8,10,7,8,1,4,7,4,5,8,4,26
2016,6,100196676,768,369,48,399,52,45,6,65,8,90,12,117,15,72,9,111,14,111,14,157,20,22,31,52,68,37,52,47,60,23,34,38,49,35,59,64,97
2016,6,100196723,130,58,45,72,55,12,9,8,6,11,8,20,15,11,8,16,12,31,24,21,16,2,4,6,12,2,8,15,9,10,4,5,8,9,8,16,12
2016,6,100196780,56,27,48,29,52,4,7,8,14,5,9,7,13,5,9,7,13,9,16,11,20,2,6,3,3,1,5,5,2,2,2,2,4,4,2,4,9
2016,6,100196797,657,328,50,329,50,48,7,73,11,83,13,77,12,112,17,99,15,84,13,81,12,26,41,40,39,57,45,44,36,22,32,43,38,55,54,40,45
2016,6,100196803,790,387,49,403,51,106,13,113,14,87,11,105,13,158,20,105,13,59,7,57,7,49,66,46,46,72,57,30,21,57,47,41,59,86,48,29,36
2016,6,100196916,33,17,52,16,48,0,0,2,6,3,9,5,15,6,18,7,21,4,12,6,18,0,2,2,3,4,2,2,2,0,0,1,2,2,5,2,4
2016,6,100196973,198,99,50,99,50,16,8,25,13,28,14,27,14,25,13,28,14,22,11,27,14,5,14,19,13,15,12,13,8,11,11,9,14,10,16,9,19
2016,6,100196981,229,112,49,117,51,7,3,25,11,28,12,30,13,36,16,30,13,27,12,46,20,4,17,13,20,19,15,12,12,3,8,15,10,17,15,15,34
2016,6,100196998,59,28,47,31,53,3,5,5,8,3,5,8,14,9,15,9,15,11,19,11,19,0,1,1,6,6,6,5,3,3,4,2,2,3,3,6,8
2016,6,100197091,85,44,52,41,48,1,1,8,9,13,15,9,11,16,19,13,15,14,16,11,13,0,6,5,5,10,10,4,4,1,2,8,4,6,3,10,7
2016,6,100197114,146,71,49,75,51,5,3,8,5,13,9,16,11,22,15,20,14,25,17,37,25,3,4,7,8,12,11,13,13,2,4,6,8,10,9,12,24
2016,6,100197122,58,26,45,32,55,4,7,9,16,6,10,10,17,8,14,4,7,6,10,11,19,1,4,1,5,6,1,4,4,3,5,5,5,2,3,2,7
2016,6,100197130,117,61,52,56,48,16,14,15,13,7,6,19,16,21,18,13,11,8,7,18,15,6,9,6,10,12,8,4,6,10,6,1,9,9,5,4,12
2016,6,100197251,80,37,46,43,54,3,4,3,4,10,13,5,6,7,9,13,16,14,18,25,31,1,1,7,2,4,4,5,13,2,2,3,3,3,9,9,12
2016,6,100197276,76,43,57,33,43,3,4,4,5,9,12,16,21,6,8,10,13,12,16,16,21,2,3,5,10,4,5,5,9,1,1,4,6,2,5,7,7
2016,6,100197284,18,7,39,11,61,0,0,1,6,3,17,2,11,1,6,2,11,3,17,6,33,0,1,1,1,0,1,2,1,0,0,2,1,1,1,1,5
2016,6,100197307,61,31,51,30,49,5,8,7,11,9,15,5,8,16,26,2,3,7,11,10,16,3,5,4,5,9,1,2,2,2,2,5,0,7,1,5,8
2016,6,100197403,235,107,46,128,54,15,6,18,8,35,15,27,11,28,12,32,14,45,19,35,15,8,7,17,16,14,14,21,10,7,11,18,11,14,18,24,25
2016,6,100197493,31,16,52,15,48,3,10,1,3,8,26,2,6,1,3,6,19,3,10,7,23,2,0,4,2,1,4,1,2,1,1,4,0,0,2,2,5
2016,6,100197516,29,15,52,14,48,1,3,0,0,6,21,5,17,6,21,2,7,5,17,4,14,1,0,3,4,4,0,1,2,0,0,3,1,2,2,4,2
2016,6,100197557,57,27,47,30,53,2,4,2,4,5,9,7,12,8,14,14,25,6,11,13,23,2,0,4,3,5,6,3,4,0,2,1,4,3,8,3,9
2016,6,100197565,134,66,49,68,51,10,7,23,17,17,13,8,6,31,23,14,10,17,13,14,10,4,11,9,4,13,9,12,4,6,12,8,4,18,5,5,10
2016,6,100197573,1165,570,49,595,51,74,6,108,9,113,10,171,15,205,18,165,14,172,15,157,13,36,51,56,92,109,96,77,53,38,57,57,79,96,69,95,104
2016,6,100197598,5,,,,,,,,,,,,,,,,,,,,,,,,,,,,,,,,,,,,
2016,6,100197934,13,5,38,8,62,0,0,1,8,0,0,2,15,0,0,2,15,4,31,4,31,0,1,0,0,0,1,1,2,0,0,0,2,0,1,3,2
2016,6,100198237,14,7,50,7,50,0,0,1,7,2,14,3,21,4,29,1,7,1,7,2,14,0,0,2,2,2,0,0,1,0,1,0,1,2,1,1,1
2016,6,100198374,24,10,42,14,58,1,4,2,8,6,25,2,8,2,8,10,42,0,0,1,4,0,0,3,0,0,6,0,1,1,2,3,2,2,4,0,0
2016,6,100198405,60,28,47,32,53,6,10,3,5,5,8,13,22,3,5,14,23,9,15,7,12,1,2,2,7,2,5,5,4,5,1,3,6,1,9,4,3
2016,6,100198413,30,14,47,16,53,1,3,2,7,2,7,5,17,2,7,4,13,7,23,7,23,1,1,1,3,0,2,3,3,0,1,1,2,2,2,4,4
2016,6,100198421,52,24,46,28,54,3,6,9,17,11,21,5,10,8,15,6,12,3,6,7,13,0,3,7,2,3,5,1,3,3,6,4,3,5,1,2,4
2016,6,100198702,159,84,53,75,47,18,11,8,5,20,13,38,24,13,8,15,9,33,21,14,9,10,3,10,20,11,8,15,7,8,5,10,18,2,7,18,7
2016,6,100199054,15,8,53,7,47,0,0,0,0,0,0,4,27,2,13,3,20,1,7,5,33,0,0,0,4,1,1,0,2,0,0,0,0,1,2,1,3
2016,6,100199062,30,17,57,13,43,4,13,4,13,3,10,3,10,4,13,2,7,5,17,5,17,4,3,1,1,2,1,3,2,0,1,2,2,2,1,2,3
2016,6,100199070,17,10,59,7,41,3,18,1,6,2,12,3,18,3,18,2,12,0,0,3,18,1,1,2,1,2,2,0,1,2,0,0,2,1,0,0,2
2016,6,100199087,29,15,52,14,48,0,0,1,3,3,10,4,14,2,7,4,14,3,10,12,41,0,1,2,3,2,2,0,5,0,0,1,1,0,2,3,7
2016,6,100199095,46,23,50,23,50,1,2,4,9,3,7,5,11,4,9,9,20,6,13,14,30,1,3,2,4,2,5,2,4,0,1,1,1,2,4,4,10
2016,6,100199101,61,30,49,31,51,8,13,6,10,3,5,8,13,12,20,6,10,10,16,8,13,4,3,1,4,8,4,3,3,4,3,2,4,4,2,7,5
2016,6,100199126,5,,,,,,,,,,,,,,,,,,,,,,,,,,,,,,,,,,,,
2016,6,100199134,41,14,34,27,66,4,10,4,10,0,0,5,12,4,10,5,12,6,15,13,32,1,3,0,2,1,1,2,4,3,1,0,3,3,4,4,9
2016,6,100199142,5,,,,,,,,,,,,,,,,,,,,,,,,,,,,,,,,,,,,
2016,6,100199150,29,19,66,10,34,1,3,1,3,3,10,2,7,4,14,6,21,7,24,5,17,1,1,2,1,3,3,5,3,0,0,1,1,1,3,2,2
2016,6,100199175,34,17,50,17,50,0,0,2,6,1,3,3,9,6,18,2,6,7,21,13,38,0,1,1,2,4,1,4,4,0,1,0,1,2,1,3,9
2016,6,100199183,44,24,55,20,45,4,9,4,9,4,9,7,16,7,16,6,14,5,11,7,16,1,4,1,5,4,3,3,3,3,0,3,2,3,3,2,4
2016,6,100199191,50,23,46,27,54,3,6,4,8,6,12,6,12,6,12,9,18,7,14,9,18,0,1,1,4,5,5,2,5,3,3,5,2,1,4,5,4
2016,6,100199206,44,21,48,23,52,0,0,3,7,2,5,9,20,3,7,6,14,12,27,9,20,0,1,1,6,1,3,5,4,0,2,1,3,2,3,7,5
2016,6,100199222,22,12,55,10,45,1,5,2,9,3,14,2,9,5,23,4,18,1,5,4,18,0,2,3,1,3,2,0,1,1,0,0,1,2,2,1,3
2016,6,100199230,19,8,42,11,58,0,0,0,0,0,0,2,11,3,16,4,21,3,16,7,37,0,0,0,1,2,1,1,3,0,0,0,1,1,3,2,4
2016,6,100199247,43,25,58,18,42,2,5,3,7,3,7,13,30,6,14,6,14,5,12,5,12,1,1,1,10,4,3,3,2,1,2,2,3,2,3,2,3
2016,6,100199255,43,19,44,24,56,4,9,4,9,3,7,8,19,3,7,8,19,4,9,9,21,1,2,1,4,2,4,1,4,3,2,2,4,1,4,3,5
2016,6,100199263,160,76,48,84,53,17,11,17,11,14,9,8,5,30,19,17,11,29,18,28,18,11,6,8,5,12,10,17,7,6,11,6,3,18,7,12,21
2016,6,100199271,14,4,29,10,71,1,7,5,36,1,7,2,14,3,21,2,14,0,0,0,0,0,1,1,1,0,1,0,0,1,4,0,1,3,1,0,0
2016,6,100199288,19,10,53,9,47,3,16,0,0,2,11,4,21,1,5,4,21,5,26,0,0,1,0,1,4,0,1,3,0,2,0,1,0,1,3,2,0
2016,6,100199296,42,23,55,19,45,3,7,7,17,3,7,7,17,7,17,7,17,2,5,6,14,3,4,1,2,4,4,2,3,0,3,2,5,3,3,0,3
2016,6,100199302,27,12,44,15,56,2,7,3,11,0,0,5,19,3,11,6,22,0,0,8,30,1,2,0,1,2,4,0,2,1,1,0,4,1,2,0,6
2016,6,100199351,5,,,,,,,,,,,,,,,,,,,,,,,,,,,,,,,,,,,,
2016,6,100199376,47,27,57,20,43,3,6,3,6,3,6,1,2,7,15,7,15,10,21,13,28,3,1,1,1,5,5,6,5,0,2,2,0,2,2,4,8
2016,6,100199392,179,90,50,89,50,7,4,14,8,26,15,23,13,28,16,21,12,26,15,34,19,4,9,12,16,14,9,12,14,3,5,14,7,14,12,14,20
2016,6,100199616,33,19,58,14,42,0,0,3,9,2,6,7,21,3,9,8,24,2,6,8,24,0,1,1,4,2,5,1,5,0,2,1,3,1,3,1,3
2016,6,100200020,15,8,53,7,47,2,13,0,0,3,20,0,0,1,7,5,33,0,0,4,27,2,0,0,0,1,3,0,2,0,0,3,0,0,2,0,2
2016,6,100200496,5,,,,,,,,,,,,,,,,,,,,,,,,,,,,,,,,,,,,
2016,6,100200502,5,,,,,,,,,,,,,,,,,,,,,,,,,,,,,,,,,,,,
2016,6,100200744,331,162,49,169,51,22,7,12,4,18,5,26,8,23,7,36,11,50,15,144,44,11,6,10,12,13,24,27,59,11,6,8,14,10,12,23,85
2016,6,100201088,50,22,44,28,56,4,8,6,12,6,12,4,8,10,20,11,22,4,8,5,10,2,1,4,2,6,5,1,1,2,5,2,2,4,6,3,4
2016,6,100201096,12,7,58,5,42,1,8,3,25,1,8,3,25,2,17,0,0,1,8,1,8,1,1,1,1,2,0,0,1,0,2,0,2,0,0,1,0
2016,6,100201102,49,21,43,28,57,10,20,5,10,2,4,11,22,7,14,3,6,5,10,6,12,3,0,1,4,5,2,4,2,7,5,1,7,2,1,1,4
2016,6,100201658,24,16,67,8,33,3,13,0,0,6,25,2,8,2,8,9,38,0,0,2,8,3,0,3,2,1,6,0,1,0,0,3,0,1,3,0,1
2016,6,100202137,5,,,,,,,,,,,,,,,,,,,,,,,,,,,,,,,,,,,,
2016,6,100202506,33,14,42,19,58,2,6,2,6,5,15,2,6,5,15,5,15,4,12,8,24,1,1,3,0,2,3,2,2,1,1,2,2,3,2,2,6
2016,6,100203637,54,27,50,27,50,5,9,6,11,9,17,3,6,12,22,4,7,10,19,5,9,2,5,6,3,4,2,4,1,3,1,3,0,8,2,6,4
2016,6,100203741,39,19,49,20,51,3,8,5,13,5,13,6,15,2,5,6,15,5,13,7,18,2,4,3,3,0,1,3,3,1,1,2,3,2,5,2,4
2016,6,100203774,67,39,58,28,42,7,10,6,9,9,13,8,12,12,18,8,12,8,12,9,13,6,6,4,3,8,4,3,5,1,0,5,5,4,4,5,4
2016,6,100204647,336,166,49,170,51,21,6,27,8,41,12,44,13,37,11,37,11,63,19,66,20,10,21,23,23,21,17,26,25,11,6,18,21,16,20,37,41
2016,6,100204848,137,65,47,72,53,6,4,11,8,21,15,12,9,13,9,21,15,21,15,32,23,2,6,12,6,7,11,10,11,4,5,9,6,6,10,11,21
2016,6,100204864,62,32,52,30,48,6,10,8,13,8,13,7,11,10,16,9,15,7,11,7,11,3,5,4,5,4,6,5,0,3,3,4,2,6,3,2,7
2016,6,100204944,81,40,49,41,51,6,7,8,10,15,19,6,7,10,12,16,20,6,7,14,17,3,7,7,3,4,8,4,4,3,1,8,3,6,8,2,10
2016,6,100204952,25,11,44,14,56,2,8,4,16,2,8,4,16,2,8,3,12,2,8,6,24,0,3,0,3,1,2,2,0,2,1,2,1,1,1,0,6
2016,6,100204960,26,13,50,13,50,3,12,1,4,4,15,5,19,1,4,6,23,2,8,4,15,0,1,2,4,0,2,2,2,3,0,2,1,1,4,0,2
2016,6,100204977,15,9,60,6,40,1,7,0,0,2,13,3,20,2,13,1,7,2,13,4,27,1,0,1,2,2,0,0,3,0,0,1,1,0,1,2,1
2016,6,100205070,42,23,55,19,45,4,10,5,12,2,5,5,12,8,19,6,14,3,7,9,21,3,2,1,4,4,4,2,3,1,3,1,1,4,2,1,6
2016,6,100205087,5,,,,,,,,,,,,,,,,,,,,,,,,,,,,,,,,,,,,
2016,6,100205206,46,22,48,24,52,2,4,5,11,5,11,2,4,4,9,14,30,8,17,6,13,2,1,3,0,1,8,6,1,0,4,2,2,3,6,2,5
2016,6,100205351,28,9,32,19,68,5,18,3,11,3,11,3,11,2,7,1,4,3,11,8,29,1,1,0,0,1,1,3,2,4,2,3,3,1,0,0,6
2016,6,100205392,35,17,49,18,51,3,9,2,6,7,20,7,20,2,6,4,11,5,14,5,14,1,1,4,4,2,1,2,2,2,1,3,3,0,3,3,3
2016,6,100205544,46,19,41,27,59,5,11,5,11,6,13,5,11,4,9,5,11,9,20,7,15,3,2,3,1,2,3,4,1,2,3,3,4,2,2,5,6
2016,6,100205938,5,,,,,,,,,,,,,,,,,,,,,,,,,,,,,,,,,,,,
2016,6,100205946,30,14,47,16,53,2,7,3,10,3,10,2,7,1,3,2,7,8,27,9,30,0,1,1,1,1,1,6,3,2,2,2,1,0,1,2,6
2016,6,100206312,212,101,48,111,52,11,5,18,8,22,10,33,16,19,9,33,16,38,18,38,18,6,11,10,17,11,12,22,12,5,7,12,16,8,21,16,26
2016,6,100206763,44,25,57,19,43,3,7,5,11,6,14,6,14,7,16,3,7,7,16,7,16,3,2,5,2,4,1,5,3,0,3,1,4,3,2,2,4
2016,6,100206851,181,91,50,90,50,10,6,30,17,24,13,14,8,47,26,27,15,17,9,12,7,6,16,12,6,21,15,11,4,4,14,12,8,26,12,6,8
2016,6,100206868,626,307,49,319,51,45,7,81,13,78,12,53,8,102,16,139,22,79,13,49,8,25,43,38,24,47,72,40,18,20,38,40,29,55,67,39,31
2016,6,100207025,95,57,60,38,40,5,5,10,11,18,19,14,15,12,13,20,21,6,6,10,11,4,6,13,9,7,12,3,3,1,4,5,5,5,8,3,7
2016,6,100207058,87,35,40,52,60,4,5,10,11,11,13,12,14,10,11,11,13,12,14,17,20,3,2,4,7,5,4,5,5,1,8,7,5,5,7,7,12
2016,6,100207170,5,,,,,,,,,,,,,,,,,,,,,,,,,,,,,,,,,,,,
2016,6,100207187,16,8,50,8,50,1,6,0,0,0,0,4,25,1,6,3,19,3,19,4,25,1,0,0,2,1,1,1,2,0,0,0,2,0,2,2,2
2016,6,100207218,1024,495,48,529,52,104,10,104,10,137,13,127,12,172,17,152,15,93,9,135,13,55,56,70,54,78,81,46,55,49,48,67,73,94,71,47,80
2016,6,100207242,70,37,53,33,47,5,7,4,6,11,16,8,11,7,10,14,20,5,7,16,23,3,1,9,3,4,9,4,4,2,3,2,5,3,5,1,12
2016,6,100207306,80,40,50,40,50,3,4,8,10,17,21,6,8,9,11,14,18,12,15,11,14,2,5,7,5,4,7,5,5,1,3,10,1,5,7,7,6
2016,6,100207355,175,88,50,87,50,10,6,13,7,18,10,31,18,12,7,40,23,22,13,29,17,7,8,7,18,9,22,9,8,3,5,11,13,3,18,13,21
2016,6,100207363,13,8,62,5,38,1,8,0,0,2,15,4,31,0,0,4,31,0,0,2,15,1,0,1,2,0,3,0,1,0,0,1,2,0,1,0,1
2016,6,100207371,679,326,48,353,52,59,9,72,11,65,10,84,12,113,17,87,13,82,12,117,17,27,36,43,38,52,45,40,45,32,36,22,46,61,42,42,72
2016,6,100207468,284,140,49,144,51,44,15,48,17,34,12,36,13,61,21,19,7,24,8,18,6,16,26,23,14,30,11,10,10,28,22,11,22,31,8,14,8
2016,6,100207476,33,14,42,19,58,3,9,2,6,5,15,9,27,1,3,5,15,6,18,2,6,2,0,2,5,0,3,2,0,1,2,3,4,1,2,4,2
2016,6,100207484,5,,,,,,,,,,,,,,,,,,,,,,,,,,,,,,,,,,,,
2016,6,100207507,356,179,50,177,50,40,11,30,8,37,10,44,12,42,12,66,19,41,12,56,16,22,12,22,27,22,35,18,21,18,18,15,17,20,31,23,35
2016,6,100207886,213,110,52,103,48,43,20,29,14,15,7,26,12,61,29,19,9,11,5,9,4,26,15,4,11,30,13,5,6,17,14,11,15,31,6,6,3
2016,6,100207894,34,15,44,19,56,3,9,5,15,4,12,1,3,9,26,5,15,6,18,1,3,0,3,1,1,4,2,4,0,3,2,3,0,5,3,2,1
2016,6,100208236,496,253,51,243,49,51,10,50,10,65,13,62,13,94,19,81,16,41,8,52,10,29,28,39,31,50,37,20,19,22,22,26,31,44,44,21,33
2016,6,100208244,43,25,58,18,42,2,5,7,16,6,14,8,19,3,7,10,23,3,7,4,9,2,3,3,5,2,6,3,1,0,4,3,3,1,4,0,3
2016,6,100208252,86,41,48,45,52,7,8,7,8,11,13,8,9,14,16,15,17,6,7,18,21,3,5,7,2,7,9,3,5,4,2,4,6,7,6,3,13
2016,6,100208260,36,16,44,20,56,6,17,2,6,3,8,6,17,6,17,6,17,3,8,4,11,2,1,1,2,5,2,2,1,4,1,2,4,1,4,1,3
2016,6,100208277,67,35,52,32,48,5,7,8,12,4,6,5,7,9,13,8,12,15,22,13,19,3,6,2,3,3,6,5,7,2,2,2,2,6,2,10,6
2016,6,100208293,90,54,60,36,40,9,10,8,9,8,9,21,23,14,16,16,18,7,8,7,8,8,4,3,14,6,10,5,4,1,4,5,7,8,6,2,3
2016,6,100208324,445,234,53,211,47,73,16,58,13,25,6,83,19,94,21,59,13,26,6,27,6,45,34,14,39,46,33,13,10,28,24,11,44,48,26,13,17
2016,6,100208398,27,17,63,10,37,0,0,6,22,2,7,5,19,7,26,6,22,1,4,0,0,0,6,1,1,5,4,0,0,0,0,1,4,2,2,1,0
2016,6,100208404,167,79,47,88,53,25,15,28,17,13,8,27,16,31,19,23,14,13,8,7,4,14,13,6,11,15,9,8,3,11,15,7,16,16,14,5,4
2016,6,100208654,5,,,,,,,,,,,,,,,,,,,,,,,,,,,,,,,,,,,,
2016,6,100208662,762,376,49,386,51,68,9,76,10,89,12,108,14,114,15,101,13,88,12,118,15,43,42,44,53,51,57,43,43,25,34,45,55,63,44,45,75
2016,6,100208670,5,,,,,,,,,,,,,,,,,,,,,,,,,,,,,,,,,,,,
2016,6,100208687,39,21,54,18,46,1,3,6,15,2,5,1,3,8,21,5,13,6,15,10,26,0,3,2,1,5,2,3,5,1,3,0,0,3,3,3,5
2016,6,100208734,71,38,54,33,46,10,14,12,17,8,11,14,20,11,15,6,8,4,6,6,8,9,7,6,6,4,3,2,1,1,5,2,8,7,3,2,5
2016,6,100208775,243,118,49,125,51,30,12,29,12,24,10,31,13,32,13,32,13,29,12,36,15,10,17,16,16,13,21,13,12,20,12,8,15,19,11,16,24
2016,6,100208855,15,9,60,6,40,1,7,0,0,4,27,1,7,2,13,1,7,1,7,5,33,1,0,3,1,1,0,1,2,0,0,1,0,1,1,0,3
2016,6,100208863,5,,,,,,,,,,,,,,,,,,,,,,,,,,,,,,,,,,,,
2016,6,100208888,30,19,63,11,37,8,27,6,20,1,3,4,13,6,20,3,10,2,7,0,0,7,5,0,1,4,1,1,0,1,1,1,3,2,2,1,0
2016,6,100208896,14,7,50,7,50,0,0,1,7,1,7,5,36,0,0,3,21,1,7,3,21,0,1,0,3,0,1,1,1,0,0,1,2,0,2,0,2
2016,6,100208902,16,11,69,5,31,1,6,4,25,3,19,1,6,7,44,0,0,0,0,0,0,1,3,1,1,5,0,0,0,0,1,2,0,2,0,0,0
2016,6,100208910,16,6,38,10,63,2,13,0,0,1,6,2,13,3,19,1,6,3,19,4,25,0,0,1,1,0,1,2,1,2,0,0,1,3,0,1,3
2016,6,100208927,23,13,57,10,43,1,4,3,13,2,9,4,17,4,17,3,13,1,4,5,22,1,2,1,4,2,0,0,3,0,1,1,0,2,3,1,2
2016,6,100208943,52,24,46,28,54,5,10,4,8,8,15,11,21,5,10,10,19,7,13,2,4,1,2,5,6,1,5,4,0,4,2,3,5,4,5,3,2
2016,6,100209125,262,125,48,137,52,17,6,23,9,25,10,47,18,31,12,47,18,30,11,42,16,11,13,11,23,20,19,15,13,6,10,14,24,11,28,15,29
2016,6,100209133,95,48,51,47,49,11,12,14,15,10,11,10,11,14,15,10,11,8,8,18,19,4,8,5,6,10,7,2,6,7,6,5,4,4,3,6,12
2016,6,100209141,1713,786,46,927,54,95,6,133,8,155,9,233,14,194,11,252,15,252,15,399,23,48,69,91,125,108,112,113,120,47,64,64,108,86,140,139,279
2016,6,100209182,410,216,53,194,47,12,3,45,11,38,9,54,13,62,15,53,13,58,14,88,21,10,25,21,30,31,32,27,40,2,20,17,24,31,21,31,48
2016,6,100209213,149,76,51,73,49,7,5,24,16,12,8,16,11,31,21,15,10,21,14,23,15,3,14,8,7,15,10,11,8,4,10,4,9,16,5,10,15
2016,6,100209221,40,19,48,21,53,5,13,1,3,2,5,7,18,4,10,5,13,4,10,12,30,1,0,1,5,1,3,2,6,4,1,1,2,3,2,2,6
2016,6,100209238,301,155,51,146,49,24,8,39,13,29,10,51,17,60,20,39,13,33,11,26,9,13,23,18,27,28,22,14,10,11,16,11,24,32,17,19,16
2016,6,100209262,5,,,,,,,,,,,,,,,,,,,,,,,,,,,,,,,,,,,,
2016,6,100209270,127,65,51,62,49,17,13,7,6,15,12,15,12,11,9,23,18,20,16,19,15,10,5,11,7,5,11,10,6,7,2,4,8,6,12,10,13
2016,6,100209287,164,76,46,88,54,12,7,14,9,20,12,23,14,13,8,33,20,10,6,39,24,5,8,12,15,6,15,2,13,7,6,8,8,7,18,8,26
2016,6,100209295,26,16,62,10,38,0,0,3,12,4,15,3,12,4,15,5,19,2,8,5,19,0,3,2,1,3,3,2,2,0,0,2,2,1,2,0,3
2016,6,100209326,37,19,51,18,49,1,3,3,8,5,14,4,11,6,16,4,11,2,5,12,32,0,3,2,2,3,2,1,6,1,0,3,2,3,2,1,6
2016,6,100209391,662,320,48,342,52,34,5,44,7,99,15,105,16,67,10,120,18,95,14,98,15,17,24,58,66,31,51,47,26,17,20,41,39,36,69,48,72
2016,6,100209414,5,,,,,,,,,,,,,,,,,,,,,,,,,,,,,,,,,,,,
2016,6,100209422,5,,,,,,,,,,,,,,,,,,,,,,,,,,,,,,,,,,,,
2016,6,100209447,52,25,48,27,52,6,12,7,13,6,12,5,10,15,29,10,19,2,4,1,2,2,2,5,3,4,8,1,0,4,5,1,2,11,2,1,1
2016,6,100209455,155,78,50,77,50,14,9,18,12,13,8,21,14,20,13,23,15,21,14,25,16,10,12,8,10,12,10,10,6,4,6,5,11,8,13,11,19
2016,6,100209463,283,136,48,147,52,26,9,13,5,31,11,38,13,26,9,66,23,36,13,47,17,19,5,18,17,16,33,19,9,7,8,13,21,10,33,17,38
2016,6,100209471,5,,,,,,,,,,,,,,,,,,,,,,,,,,,,,,,,,,,,
2016,6,100209488,28,17,61,11,39,0,0,0,0,3,11,3,11,4,14,5,18,7,25,6,21,0,0,2,3,4,3,3,2,0,0,1,0,0,2,4,4
2016,6,100209510,448,208,46,240,54,23,5,41,9,61,14,56,13,51,11,71,16,64,14,81,18,10,20,35,32,24,30,31,26,13,21,26,24,27,41,33,55
2016,7,LVDPA0001,648475,287516,44,360959,56,50305,8,48953,8,54407,8,103759,16,92125,14,85386,13,85914,13,127626,20,25939,25092,27398,50364,44308,38673,35383,40359,24366,23861,27009,53395,47817,46713,50531,87267
2016,7,LVDPA0002,57359,26069,45,31290,55,4869,8,5017,9,5656,10,8590,15,7873,14,7547,13,7231,13,10576,18,2505,2513,2797,4380,3877,3543,3027,3427,2364,2504,2859,4210,3996,4004,4204,7149
2016,7,LVDPA0003,45241,20434,45,24807,55,2976,7,3465,8,3877,9,5970,13,6271,14,6575,15,6589,15,9518,21,1529,1779,2003,2975,3024,3145,2841,3138,1447,1686,1874,2995,3247,3430,3748,6380
2016,7,LVDPA0004,6078,2844,47,3234,53,408,7,451,7,537,9,778,13,747,12,849,14,817,13,1491,25,206,233,262,408,384,430,380,541,202,218,275,370,363,419,437,950
2016,7,LVDPA0005,80093,35593,44,44500,56,5462,7,5898,7,7354,9,10070,13,10352,13,12371,15,11662,15,16924,21,2874,3029,3741,5245,4925,5772,4837,5170,2588,2869,3613,4825,5427,6599,6825,11754
2016,7,LVDPA0006,30251,13467,45,16784,55,1914,6,2461,8,2990,10,3722,12,3982,13,4532,15,4652,15,5998,20,1001,1309,1563,1859,1828,2077,1993,1837,913,1152,1427,1863,2154,2455,2659,4161
2016,7,LVDPA0007,68520,30327,44,38193,56,5271,8,6079,9,7237,11,8644,13,8819,13,9335,14,8795,13,14340,21,2740,3102,3705,4124,4228,4287,3681,4460,2531,2977,3532,4520,4591,5048,5114,9880
2016,7,LVDPA0008,35766,16040,45,19726,55,2491,7,2836,8,3681,10,4308,12,4764,13,5074,14,5079,14,7533,21,1278,1439,1830,2165,2271,2375,2194,2488,1213,1397,1851,2143,2493,2699,2885,5045
2016,7,LVDPA0009,22035,10020,45,12015,55,1482,7,1907,9,2312,10,3032,14,2902,13,3178,14,3088,14,4134,19,762,918,1223,1599,1446,1456,1325,1291,720,989,1089,1433,1456,1722,1763,2843
2016,7,LVDPA0010,15718,6932,44,8786,56,1166,7,1262,8,1743,11,2127,14,1901,12,2108,13,2093,13,3318,21,593,638,930,1039,896,897,863,1076,573,624,813,1088,1005,1211,1230,2242
2016,7,LVDPA0011,25720,11558,45,14162,55,2023,8,2120,8,2677,10,3655,14,3225,13,3566,14,3337,13,5117,20,1076,1079,1397,1781,1576,1584,1380,1685,947,1041,1280,1874,1649,1982,1957,3432
2016,7,LVDPA0012,25152,11204,45,13948,55,2017,8,2152,9,2400,10,3463,14,3800,15,3077,12,3228,13,5015,20,1020,1087,1234,1754,1857,1412,1196,1644,997,1065,1166,1709,1943,1665,2032,3371
2016,7,LVDPA0013,11748,5377,46,6371,54,885,8,980,8,1491,13,1534,13,1498,13,1637,14,1494,13,2229,19,462,494,755,824,722,734,635,751,423,486,736,710,776,903,859,1478
2016,7,LVDPA0014,16708,7518,45,9190,55,1392,8,1520,9,1973,12,2281,14,2301,14,2167,13,1973,12,3101,19,711,773,1033,1118,1064,1001,849,969,681,747,940,1163,1237,1166,1124,2132
2016,7,LVDPA0015,12503,5595,45,6908,55,900,7,1087,9,1480,12,1696,14,1593,13,1658,13,1647,13,2442,20,462,560,721,839,774,739,704,796,438,527,759,857,819,919,943,1646
2016,7,LVDPA0016,12084,5439,45,6645,55,901,7,1067,9,1298,11,1679,14,1516,13,1710,14,1655,14,2258,19,456,531,637,881,738,785,694,717,445,536,661,798,778,925,961,1541
2016,7,LVDPA0017,13495,6137,45,7358,55,1350,10,1191,9,1464,11,2141,16,1898,14,1700,13,1519,11,2232,17,696,587,740,1024,909,786,663,732,654,604,724,1117,989,914,856,1500
2016,7,LVDPA0018,8634,3801,44,4833,56,440,5,651,8,941,11,865,10,1039,12,1323,15,1533,18,1842,21,213,329,485,474,482,573,635,610,227,322,456,391,557,750,898,1232
2016,7,LVDPA0019,7891,3538,45,4353,55,454,6,597,8,962,12,973,12,1039,13,1201,15,1148,15,1517,19,223,319,495,505,493,541,509,453,231,278,467,468,546,660,639,1064
2016,7,LVDPA0020,9946,4525,45,5421,55,661,7,821,8,1184,12,1344,14,1280,13,1343,14,1418,14,1895,19,343,419,625,721,619,604,550,644,318,402,559,623,661,739,868,1251
2016,7,LVDPA0021,759,381,50,378,50,44,6,68,9,67,9,94,12,122,16,123,16,113,15,128,17,16,31,44,51,61,69,56,53,28,37,23,43,61,54,57,75
2016,7,LVDPA0022,7439,3230,43,4209,57,509,7,572,8,874,12,935,13,881,12,1081,15,1083,15,1504,20,245,276,429,476,422,479,446,457,264,296,445,459,459,602,637,1047
2016,7,LVDPA0023,6193,2846,46,3347,54,476,8,574,9,700,11,817,13,941,15,867,14,751,12,1067,17,235,296,355,421,458,410,309,362,241,278,345,396,483,457,442,705
2016,7,LVDPA0024,4649,2219,48,2430,52,406,9,384,8,400,9,618,13,663,14,624,13,593,13,961,21,211,209,208,324,324,313,267,363,195,175,192,294,339,311,326,598
2016,7,LVDPA0025,9342,4203,45,5139,55,679,7,754,8,1034,11,1221,13,1150,12,1295,14,1357,15,1852,20,365,388,547,614,538,584,553,614,314,366,487,607,612,711,804,1238
2016,7,LVDPA0026,8243,3773,46,4470,54,849,10,844,10,780,9,1184,14,1360,16,994,12,906,11,1326,16,435,424,398,576,658,461,386,435,414,420,382,608,702,533,520,891
2016,7,LVDPA0027,4765,2199,46,2566,54,272,6,379,8,577,12,553,12,543,11,689,14,622,13,1130,24,147,181,305,320,273,325,264,384,125,198,272,233,270,364,358,746
2016,7,LVDPA0028,8336,3665,44,4671,56,474,6,640,8,814,10,1057,13,1127,14,1293,16,1239,15,1692,20,236,325,404,547,538,603,498,514,238,315,410,510,589,690,741,1178
2016,7,LVDPA0029,7143,3168,44,3975,56,421,6,576,8,856,12,847,12,812,11,1059,15,994,14,1578,22,205,276,443,433,396,464,443,508,216,300,413,414,416,595,551,1070
2016,7,LVDPA0030,5775,2684,46,3091,54,460,8,472,8,693,12,777,13,739,13,731,13,786,14,1117,19,244,232,387,397,379,329,344,372,216,240,306,380,360,402,442,745
2016,7,LVDPA0031,8061,3661,45,4400,55,545,7,645,8,926,11,1072,13,1011,13,1079,13,1128,14,1655,21,269,329,473,542,507,496,482,563,276,316,453,530,504,583,646,1092
2016,7,LVDPA0032,5763,2571,45,3192,55,367,6,471,8,619,11,700,12,697,12,813,14,939,16,1157,20,193,269,297,357,345,369,383,358,174,202,322,343,352,444,556,799
2016,7,LVDPA0033,7625,3373,44,4252,56,488,6,650,9,778,10,922,12,911,12,1080,14,1310,17,1486,19,247,296,403,442,479,488,549,469,241,354,375,480,432,592,761,1017
2016,7,LVDPA0034,479,237,49,242,51,24,5,45,9,55,11,64,13,49,10,81,17,65,14,96,20,13,20,34,36,25,42,33,34,11,25,21,28,24,39,32,62
2016,7,LVDPA0035,2795,1277,46,1518,54,184,7,196,7,316,11,378,14,337,12,374,13,394,14,616,22,93,88,152,197,174,188,172,213,91,108,164,181,163,186,222,403
2016,7,LVDPA0036,3277,1481,45,1796,55,171,5,249,8,370,11,402,12,407,12,516,16,492,15,670,20,74,125,182,222,197,241,216,224,97,124,188,180,210,275,276,446
2016,7,LVDPA0037,6867,3223,47,3644,53,710,10,743,11,662,10,949,14,1071,16,866,13,751,11,1115,16,378,371,338,468,510,425,329,404,332,372,324,481,561,441,422,711
2016,7,LVDPA0038,2550,1138,45,1412,55,145,6,197,8,260,10,324,13,251,10,422,17,345,14,606,24,76,94,136,174,117,194,166,181,69,103,124,150,134,228,179,425
2016,7,LVDPA0039,2146,982,46,1164,54,109,5,150,7,196,9,287,13,269,13,332,15,303,14,500,23,42,74,111,149,140,168,134,164,67,76,85,138,129,164,169,336
2016,7,LVDPA0040,2280,1048,46,1232,54,126,6,205,9,231,10,270,12,297,13,339,15,377,17,435,19,68,118,117,137,145,166,163,134,58,87,114,133,152,173,214,301
2016,7,LVDPA0041,2116,939,44,1177,56,132,6,167,8,260,12,247,12,266,13,320,15,268,13,456,22,54,87,144,132,121,166,113,122,78,80,116,115,145,154,155,334
2016,7,LVDPA0042,4683,2033,43,2650,57,271,6,339,7,466,10,540,12,496,11,666,14,682,15,1223,26,151,174,240,282,241,283,281,381,120,165,226,258,255,383,401,842
2016,7,LVDPA0043,2070,926,45,1144,55,114,6,164,8,269,13,264,13,238,11,278,13,242,12,501,24,57,93,132,138,105,139,112,150,57,71,137,126,133,139,130,351
2016,7,LVDPA0044,3515,1625,46,1890,54,314,9,340,10,378,11,511,15,510,15,428,12,429,12,605,17,157,186,187,263,261,202,195,174,157,154,191,248,249,226,234,431
2016,7,LVDPA0045,1372,644,47,728,53,61,4,102,7,161,12,137,10,189,14,201,15,220,16,301,22,38,47,92,80,102,94,113,78,23,55,69,57,87,107,107,223
2016,7,LVDPA0046,2688,1259,47,1429,53,170,6,212,8,332,12,361,13,317,12,415,15,319,12,562,21,95,113,180,189,162,201,145,174,75,99,152,172,155,214,174,388
2016,7,LVDPA0047,3736,1701,46,2035,54,249,7,359,10,449,12,489,13,450,12,497,13,494,13,749,20,134,189,229,238,223,218,218,252,115,170,220,251,227,279,276,497
2016,7,LVDPA0048,3915,1792,46,2123,54,309,8,339,9,448,11,488,12,543,14,462,12,535,14,791,20,160,186,212,252,262,217,222,281,149,153,236,236,281,245,313,510
2016,7,LVDPA0050,2484,1149,46,1335,54,144,6,188,8,270,11,268,11,308,12,388,16,351,14,567,23,76,91,143,146,156,189,159,189,68,97,127,122,152,199,192,378
2016,7,LVDPA0051,2933,1303,44,1630,56,177,6,238,8,342,12,323,11,304,10,404,14,436,15,709,24,106,116,163,160,154,172,193,239,71,122,179,163,150,232,243,470
2016,7,LVDPA0052,1565,719,46,846,54,83,5,124,8,156,10,195,12,209,13,242,15,222,14,334,21,47,66,79,111,107,112,89,108,36,58,77,84,102,130,133,226
2016,7,LVDPA0053,6715,2983,44,3732,56,428,6,464,7,733,11,921,14,759,11,1093,16,1053,16,1264,19,234,236,383,486,349,455,457,383,194,228,350,435,410,638,596,881
2016,7,LVDPA0054,1967,924,47,1043,53,127,6,162,8,216,11,254,13,241,12,247,13,291,15,429,22,67,86,104,133,136,125,131,142,60,76,112,121,105,122,160,287
2016,7,LVDPA0055,2082,959,46,1123,54,117,6,163,8,270,13,242,12,222,11,306,15,287,14,475,23,65,84,135,141,106,149,129,150,52,79,135,101,116,157,158,325
2016,7,LVDPA0056,2852,1342,47,1510,53,220,8,225,8,313,11,371,13,350,12,374,13,436,15,563,20,123,116,157,196,182,171,195,202,97,109,156,175,168,203,241,361
2016,7,LVDPA0057,1297,621,48,676,52,71,5,98,8,152,12,156,12,167,13,169,13,184,14,300,23,45,51,79,85,95,81,90,95,26,47,73,71,72,88,94,205
2016,7,LVDPA0059,6489,3053,47,3436,53,797,12,735,11,533,8,1064,16,1139,18,730,11,721,11,770,12,397,379,265,515,549,360,318,270,400,356,268,549,590,370,403,500
2016,7,LVDPA0060,5138,2338,46,2800,54,351,7,485,9,605,12,712,14,698,14,721,14,633,12,933,18,180,247,307,368,340,332,265,299,171,238,298,344,358,389,368,634
2016,7,LVDPA0061,21345,9424,44,11921,56,1391,7,1596,7,1892,9,3067,14,2841,13,3068,14,3350,16,4140,19,703,807,976,1569,1406,1372,1341,1250,688,789,916,1498,1435,1696,2009,2890
2016,7,LVDPA0062,2943,1340,46,1603,54,181,6,221,8,335,11,386,13,326,11,451,15,400,14,643,22,100,107,177,217,162,215,172,190,81,114,158,169,164,236,228,453
2016,7,LVDPA0063,2074,936,45,1138,55,106,5,150,7,233,11,257,12,233,11,274,13,330,16,491,24,52,68,116,144,113,136,151,156,54,82,117,113,120,138,179,335
2016,7,LVDPA0064,2392,1085,45,1307,55,128,5,175,7,269,11,313,13,296,12,356,15,348,15,507,21,76,86,129,176,138,169,153,158,52,89,140,137,158,187,195,349
2016,7,LVDPA0065,1442,653,45,789,55,101,7,105,7,167,12,213,15,189,13,193,13,206,14,268,19,45,54,81,109,108,77,98,81,56,51,86,104,81,116,108,187
2016,7,LVDPA0066,1718,768,45,950,55,97,6,127,7,174,10,210,12,170,10,239,14,212,12,489,28,40,65,96,117,90,111,99,150,57,62,78,93,80,128,113,339
2016,7,LVDPA0067,1245,574,46,671,54,92,7,104,8,149,12,151,12,145,12,162,13,151,12,291,23,48,53,82,74,79,84,59,95,44,51,67,77,66,78,92,196
2016,7,LVDPA0068,515,241,47,274,53,31,6,35,7,55,11,64,12,43,8,81,16,67,13,139,27,17,18,33,32,24,39,35,43,14,17,22,32,19,42,32,96
2016,7,LVDPA0069,1278,565,44,713,56,61,5,98,8,159,12,163,13,153,12,180,14,177,14,287,22,27,48,68,85,71,86,84,96,34,50,91,78,82,94,93,191
2016,7,LVDPA0070,2114,963,46,1151,54,182,9,188,9,235,11,305,14,271,13,263,12,270,13,400,19,74,101,118,157,144,125,110,134,108,87,117,148,127,138,160,266
2016,7,LVDPA0071,500,237,47,263,53,36,7,47,9,40,8,70,14,79,16,52,10,74,15,102,20,21,20,19,38,40,28,32,39,15,27,21,32,39,24,42,63
2016,7,LVDPA0072,1829,819,45,1010,55,117,6,144,8,209,11,246,13,189,10,223,12,252,14,449,25,64,67,97,133,91,98,126,143,53,77,112,113,98,125,126,306
2016,7,LVDPA0073,1436,671,47,765,53,102,7,106,7,201,14,181,13,169,12,199,14,192,13,286,20,57,55,108,93,86,92,89,91,45,51,93,88,83,107,103,195
2016,7,LVDPA0074,1688,778,46,910,54,96,6,118,7,217,13,216,13,195,12,244,14,221,13,381,23,50,51,105,131,104,116,102,119,46,67,112,85,91,128,119,262
2016,7,LVDPA0075,915,419,46,496,54,54,6,70,8,120,13,122,13,113,12,119,13,138,15,179,20,23,26,62,68,68,52,61,59,31,44,58,54,45,67,77,120
2016,7,LVDPA0076,3459,1557,45,1902,55,230,7,252,7,321,9,404,12,444,13,498,14,528,15,782,23,127,118,171,200,190,241,244,266,103,134,150,204,254,257,284,516
2016,7,LVDPA0077,908,422,46,486,54,55,6,74,8,114,13,125,14,121,13,115,13,125,14,179,20,22,29,57,72,57,62,63,60,33,45,57,53,64,53,62,119
2016,7,LVDPA0078,2383,1044,44,1339,56,146,6,170,7,249,10,273,11,283,12,329,14,361,15,572,24,69,79,123,141,147,141,160,184,77,91,126,132,136,188,201,388
2016,7,LVDPA0079,1649,776,47,873,53,106,6,145,9,203,12,219,13,225,14,186,11,238,14,327,20,53,75,103,110,121,87,102,125,53,70,100,109,104,99,136,202
2016,7,LVDPA0080,7490,3354,45,4136,55,474,6,579,8,780,10,1045,14,943,13,1059,14,1166,16,1444,19,247,308,375,565,468,457,474,460,227,271,405,480,475,602,692,984
2016,7,LVDPA0081,124,68,55,56,45,9,7,8,6,9,7,12,10,26,21,23,19,14,11,23,19,4,4,5,7,15,11,6,16,5,4,4,5,11,12,8,7
2016,7,LVDPA0082,2495,1140,46,1355,54,128,5,186,7,282,11,345,14,282,11,378,15,345,14,549,22,70,87,140,188,143,174,162,176,58,99,142,157,139,204,183,373
2016,7,LVDPA0083,1326,623,47,703,53,63,5,105,8,173,13,152,11,169,13,197,15,171,13,296,22,37,53,84,84,86,89,80,110,26,52,89,68,83,108,91,186
2016,7,LVDPA0084,586,269,46,317,54,31,5,40,7,54,9,53,9,57,10,97,17,99,17,155,26,12,25,30,27,30,52,45,48,19,15,24,26,27,45,54,107
2016,7,LVDPA0085,1072,489,46,583,54,64,6,64,6,134,13,144,13,103,10,188,18,142,13,233,22,36,34,69,80,45,95,65,65,28,30,65,64,58,93,77,168
2016,7,LVDPA0086,1104,478,43,626,57,56,5,76,7,113,10,105,10,131,12,164,15,177,16,282,26,29,32,54,54,69,82,89,69,27,44,59,51,62,82,88,213
2016,7,LVDPA0087,1702,776,46,926,54,108,6,150,9,198,12,214,13,182,11,242,14,251,15,357,21,55,74,98,118,88,118,106,119,53,76,100,96,94,124,145,238
2016,7,LVDPA0088,2173,987,45,1186,55,147,7,145,7,219,10,323,15,270,12,304,14,330,15,435,20,66,73,109,161,129,131,141,177,81,72,110,162,141,173,189,258
2016,7,LVDPA0089,1899,873,46,1026,54,112,6,162,9,226,12,246,13,286,15,256,13,259,14,352,19,60,86,110,132,140,120,108,117,52,76,116,114,146,136,151,235
2016,7,LVDPA0090,2895,1393,48,1502,52,320,11,329,11,292,10,460,16,505,17,337,12,322,11,330,11,173,180,147,230,257,152,147,107,147,149,145,230,248,185,175,223
2016,7,LVDPA0091,1797,870,48,927,52,152,8,155,9,184,10,270,15,287,16,240,13,219,12,290,16,70,80,103,144,142,131,100,100,82,75,81,126,145,109,119,190
2016,7,LVDPA0092,124,65,52,59,48,2,2,4,3,8,6,20,16,9,7,12,10,23,19,46,37,1,2,2,16,7,4,15,18,1,2,6,4,2,8,8,28
2016,7,LVDPA0093,743,350,47,393,53,34,5,57,8,79,11,89,12,95,13,127,17,96,13,166,22,18,28,43,54,44,62,48,53,16,29,36,35,51,65,48,113
2016,7,LVDPA0094,1112,503,45,609,55,63,6,103,9,117,11,138,12,107,10,141,13,138,12,305,27,38,55,63,79,47,64,56,101,25,48,54,59,60,77,82,204
2016,7,LVDPA0095,1601,750,47,851,53,97,6,132,8,188,12,236,15,202,13,229,14,219,14,298,19,51,63,106,135,101,104,91,99,46,69,82,101,101,125,128,199
2016,7,LVDPA0096,623,307,49,316,51,22,4,42,7,87,14,81,13,62,10,109,17,75,12,145,23,9,21,51,46,34,54,35,57,13,21,36,35,28,55,40,88
2016,7,LVDPA0097,948,438,46,510,54,57,6,56,6,127,13,127,13,115,12,143,15,122,13,201,21,27,24,65,71,56,69,61,65,30,32,62,56,59,74,61,136
2016,7,LVDPA0098,852,370,43,482,57,52,6,64,8,108,13,110,13,80,9,142,17,124,15,172,20,23,30,52,62,34,67,55,47,29,34,56,48,46,75,69,125
2016,7,LVDPA0099,1207,591,49,616,51,122,10,102,8,142,12,203,17,159,13,133,11,166,14,180,15,70,52,81,106,84,60,71,67,52,50,61,97,75,73,95,113
2016,7,LVDPA0100,1766,809,46,957,54,102,6,137,8,156,9,241,14,200,11,259,15,264,15,407,23,51,71,91,127,110,117,119,123,51,66,65,114,90,142,145,284
2016,7,LVDPA0102,2225,1006,45,1219,55,133,6,183,8,282,13,237,11,301,14,350,16,280,13,459,21,74,97,148,121,148,162,122,134,59,86,134,116,153,188,158,325
2016,7,LVDPA0103,3577,1695,47,1882,53,462,13,306,9,244,7,631,18,625,17,410,11,466,13,433,12,235,154,128,308,307,198,213,152,227,152,116,323,318,212,253,281
2016,7,LVDPA0104,2357,1071,45,1286,55,165,7,180,8,235,10,355,15,313,13,348,15,323,14,438,19,89,97,109,175,154,155,146,146,76,83,126,180,159,193,177,292
2016,7,LVDPA0105,864,418,48,446,52,53,6,58,7,83,10,111,13,105,12,141,16,138,16,175,20,25,36,42,63,52,64,68,68,28,22,41,48,53,77,70,107
2016,7,LVDPA0106,932,447,48,485,52,47,5,71,8,96,10,126,14,98,11,168,18,130,14,196,21,22,39,50,73,46,82,63,72,25,32,46,53,52,86,67,124
2016,7,LVDPA0107,1385,660,48,725,52,49,4,101,7,178,13,165,12,170,12,203,15,225,16,294,21,28,59,106,88,82,90,111,96,21,42,72,77,88,113,114,198
2016,7,LVDPA0108,1736,822,47,914,53,185,11,198,11,183,11,238,14,280,16,235,14,185,11,232,13,82,105,95,122,129,123,82,84,103,93,88,116,151,112,103,148
2016,7,LVDPA0109,728,320,44,408,56,42,6,48,7,98,13,84,12,79,11,93,13,132,18,152,21,23,20,46,42,44,43,53,49,19,28,52,42,35,50,79,103
2016,7,LVDPA0110,1184,547,46,637,54,63,5,85,7,130,11,142,12,141,12,170,14,159,13,294,25,31,43,65,73,78,85,70,102,32,42,65,69,63,85,89,192
2016,7,LVDPA0111,2591,1210,47,1381,53,263,10,235,9,280,11,373,14,386,15,372,14,265,10,417,16,128,115,138,175,185,190,124,155,135,120,142,198,201,182,141,262
2016,7,LVDPA0112,776,350,45,426,55,51,7,61,8,99,13,111,14,100,13,107,14,108,14,139,18,17,30,54,59,57,43,46,44,34,31,45,52,43,64,62,95
2016,7,LVDPA0113,14239,6319,44,7920,56,1017,7,1127,8,1294,9,2122,15,2094,15,1996,14,1931,14,2658,19,509,562,653,1098,1027,905,780,785,508,565,641,1024,1067,1091,1151,1873
2016,7,LVDPA0114,409,191,47,218,53,31,8,33,8,48,12,79,19,43,11,53,13,56,14,66,16,15,20,22,43,18,25,25,23,16,13,26,36,25,28,31,43
2016,7,LVDPA0115,1994,977,49,1017,51,170,9,170,9,192,10,283,14,262,13,268,13,282,14,367,18,91,91,94,145,127,141,145,143,79,79,98,138,135,127,137,224
2016,7,LVDPA0116,481,221,46,260,54,30,6,30,6,61,13,70,15,39,8,94,20,65,14,92,19,14,18,28,42,16,50,32,21,16,12,33,28,23,44,33,71
2016,7,LVDPA0117,1266,582,46,684,54,79,6,108,9,177,14,149,12,163,13,164,13,199,16,227,18,42,58,98,84,78,67,84,71,37,50,79,65,85,97,115,156
2016,7,LVDPA0118,994,465,47,529,53,37,4,94,9,109,11,138,14,144,14,162,16,145,15,165,17,23,44,51,76,72,75,59,65,14,50,58,62,72,87,86,100
2016,7,LVDPA0119,1039,484,47,555,53,52,5,90,9,103,10,136,13,117,11,134,13,136,13,271,26,27,58,54,79,61,62,60,83,25,32,49,57,56,72,76,188
2016,7,LVDPA0120,1106,518,47,588,53,68,6,79,7,139,13,138,12,140,13,167,15,151,14,224,20,34,38,76,75,69,79,73,74,34,41,63,63,71,88,78,150
2016,7,LVDPA0121,428,187,44,241,56,26,6,30,7,45,11,60,14,48,11,70,16,65,15,84,20,17,15,21,30,18,33,33,20,9,15,24,30,30,37,32,64
2016,7,LVDPA0122,852,428,50,424,50,54,6,66,8,82,10,120,14,117,14,139,16,107,13,167,20,26,41,42,67,64,66,50,72,28,25,40,53,53,73,57,95
2016,7,LVDPA0123,406,190,47,216,53,33,8,28,7,40,10,69,17,44,11,62,15,50,12,80,20,18,15,16,40,24,31,22,24,15,13,24,29,20,31,28,56
2016,7,LVDPA0124,1108,520,47,588,53,64,6,85,8,135,12,160,14,116,10,167,15,219,20,162,15,34,43,79,91,54,65,106,48,30,42,56,69,62,102,113,114
2016,7,LVDPA0125,1034,470,45,564,55,58,6,88,9,102,10,147,14,128,12,131,13,171,17,209,20,33,36,50,89,67,67,62,66,25,52,52,58,61,64,109,143
2016,7,LVDPA0126,1276,576,45,700,55,62,5,91,7,172,13,142,11,138,11,179,14,178,14,314,25,31,49,82,81,71,92,72,98,31,42,90,61,67,87,106,216
2016,7,LVDPA0128,494,236,48,258,52,30,6,48,10,64,13,62,13,55,11,78,16,71,14,86,17,16,25,38,35,26,33,34,29,14,23,26,27,29,45,37,57
2016,7,LVDPA0129,594,294,49,300,51,23,4,41,7,52,9,80,13,65,11,100,17,95,16,138,23,11,27,27,46,37,55,49,42,12,14,25,34,28,45,46,96
2016,7,LVDPA0130,521,260,50,261,50,35,7,40,8,42,8,73,14,59,11,97,19,89,17,86,17,23,22,14,39,36,51,39,36,12,18,28,34,23,46,50,50
2016,7,LVDPA0131,536,251,47,285,53,40,7,38,7,85,16,73,14,53,10,90,17,68,13,89,17,24,21,47,41,26,39,31,22,16,17,38,32,27,51,37,67
2016,7,LVDPA0132,581,288,50,293,50,46,8,34,6,57,10,56,10,73,13,86,15,95,16,134,23,26,17,23,34,41,43,50,54,20,17,34,22,32,43,45,80
2016,7,LVDPA0133,762,350,46,412,54,33,4,60,8,120,16,80,10,88,12,133,17,97,13,151,20,18,34,55,42,43,65,41,52,15,26,65,38,45,68,56,99
2016,7,LVDPA0134,605,294,49,311,51,46,8,46,8,75,12,97,16,86,14,74,12,89,15,92,15,23,20,41,49,46,35,44,36,23,26,34,48,40,39,45,56
2016,7,LVDPA0135,379,188,50,191,50,25,7,37,10,43,11,46,12,58,15,42,11,59,16,69,18,14,15,24,26,36,20,28,25,11,22,19,20,22,22,31,44
2016,7,LVDPA0136,555,246,44,309,56,36,6,44,8,52,9,71,13,64,12,73,13,77,14,138,25,18,20,24,39,32,34,32,47,18,24,28,32,32,39,45,91
2016,7,LVDPA0137,883,427,48,456,52,60,7,81,9,111,13,112,13,107,12,105,12,115,13,192,22,35,39,72,61,54,52,57,57,25,42,39,51,53,53,58,135
2016,7,LVDPA0138,2129,991,47,1138,53,158,7,187,9,261,12,284,13,267,13,321,15,250,12,401,19,81,96,130,151,130,142,111,150,77,91,131,133,137,179,139,251
2016,7,LVDPA0139,533,244,46,289,54,32,6,63,12,59,11,92,17,56,11,86,16,64,12,81,15,16,39,22,51,32,33,30,21,16,24,37,41,24,53,34,60
2016,7,LVDPA0140,722,334,46,388,54,48,7,46,6,105,15,91,13,103,14,119,16,95,13,115,16,28,25,56,46,51,53,37,38,20,21,49,45,52,66,58,77
2016,7,LVDPA0141,657,312,47,345,53,43,7,61,9,69,11,96,15,91,14,82,12,79,12,136,21,25,38,36,51,50,38,28,46,18,23,33,45,41,44,51,90
2016,7,LVDPA0142,1108,509,46,599,54,66,6,82,7,98,9,160,14,135,12,151,14,171,15,245,22,35,37,53,91,73,65,73,82,31,45,45,69,62,86,98,163
2016,7,LVDPA0143,312,151,48,161,52,14,4,28,9,35,11,36,12,42,13,57,18,36,12,64,21,11,18,18,22,16,28,13,25,3,10,17,14,26,29,23,39
2016,7,LVDPA0144,694,330,48,364,52,47,7,54,8,103,15,100,14,71,10,110,16,92,13,117,17,20,32,58,59,32,51,44,34,27,22,45,41,39,59,48,83
2016,7,LVDPA0146,550,258,47,292,53,39,7,48,9,49,9,85,15,72,13,84,15,83,15,90,16,17,25,25,44,36,40,42,29,22,23,24,41,36,44,41,61
2016,7,LVDPA0147,5320,2611,49,2709,51,780,15,542,10,408,8,993,19,973,18,597,11,546,10,481,9,430,286,214,468,474,304,243,192,350,256,194,525,499,293,303,289
2016,7,LVDPA0148,675,348,52,327,48,22,3,31,5,55,8,100,15,97,14,110,16,126,19,134,20,15,17,28,66,49,59,65,49,7,14,27,34,48,51,61,85
2016,7,LVDPA0149,418,206,49,212,51,20,5,35,8,56,13,64,15,46,11,65,16,52,12,80,19,16,20,30,41,24,29,22,24,4,15,26,23,22,36,30,56
2016,7,LVDPA0150,333,168,50,165,50,21,6,23,7,32,10,49,15,29,9,48,14,60,18,71,21,16,16,15,24,18,22,30,27,5,7,17,25,11,26,30,44
2016,7,LVDPA0151,433,198,46,235,54,11,3,36,8,57,13,34,8,68,16,60,14,42,10,125,29,6,18,28,21,33,35,17,40,5,18,29,13,35,25,25,85
2016,7,LVDPA0152,1006,474,47,532,53,77,8,114,11,115,11,147,15,142,14,146,15,104,10,161,16,36,57,63,85,69,67,47,50,41,57,52,62,73,79,57,111
2016,7,LVDPA0153,883,400,45,483,55,56,6,73,8,113,13,124,14,115,13,130,15,115,13,157,18,34,38,54,65,51,58,52,48,22,35,59,59,64,72,63,109
2016,7,LVDPA0154,548,253,46,295,54,41,7,53,10,61,11,58,11,71,13,68,12,70,13,126,23,22,30,35,32,33,34,31,36,19,23,26,26,38,34,39,90
2016,7,LVDPA0155,1200,571,48,629,52,84,7,117,10,132,11,152,13,153,13,149,12,181,15,232,19,39,62,70,84,78,72,81,85,45,55,62,68,75,77,100,147
2016,7,LVDPA0156,524,251,48,273,52,44,8,39,7,53,10,78,15,64,12,67,13,86,16,93,18,27,21,32,36,34,33,35,33,17,18,21,42,30,34,51,60
2016,7,LVDPA0157,318,159,50,159,50,13,4,23,7,41,13,42,13,32,10,65,20,49,15,53,17,5,12,21,31,14,36,22,18,8,11,20,11,18,29,27,35
2016,7,LVDPA0158,344,148,43,196,57,13,4,32,9,50,15,36,10,50,15,47,14,41,12,75,22,7,11,23,18,26,22,19,22,6,21,27,18,24,25,22,53
2016,7,LVDPA0159,635,286,45,349,55,40,6,38,6,64,10,72,11,57,9,81,13,117,18,166,26,19,20,34,37,31,42,53,50,21,18,30,35,26,39,64,116
2016,7,LVDPA0160,252,131,52,121,48,8,3,13,5,26,10,31,12,24,10,44,17,47,19,59,23,6,9,16,22,14,23,24,17,2,4,10,9,10,21,23,42
2016,7,LVDPA0161,533,236,44,297,56,42,8,50,9,78,15,72,14,58,11,74,14,74,14,85,16,18,28,40,39,23,34,36,18,24,22,38,33,35,40,38,67
2016,7,LVDPA0162,335,168,50,167,50,17,5,27,8,56,17,43,13,47,14,56,17,35,10,54,16,11,15,33,28,26,22,17,16,6,12,23,15,21,34,18,38
2016,7,LVDPA0163,572,257,45,315,55,23,4,48,8,81,14,71,12,60,10,83,15,91,16,115,20,9,19,42,45,27,35,42,38,14,29,39,26,33,48,49,77
2016,7,LVDPA0164,437,201,46,236,54,23,5,40,9,60,14,46,11,45,10,65,15,49,11,109,25,14,25,28,23,24,24,27,36,9,15,32,23,21,41,22,73
2016,7,LVDPA0165,502,246,49,256,51,40,8,42,8,59,12,76,15,67,13,66,13,66,13,86,17,20,22,28,42,38,30,36,30,20,20,31,34,29,36,30,56
2016,7,LVDPA0166,949,447,47,502,53,54,6,93,10,113,12,127,13,112,12,128,13,148,16,174,18,29,47,57,67,60,57,65,65,25,46,56,60,52,71,83,109
2016,7,LVDPA0167,1400,657,47,743,53,109,8,115,8,155,11,210,15,187,13,242,17,198,14,184,13,57,67,85,104,91,110,85,58,52,48,70,106,96,132,113,126
2016,7,LVDPA0169,448,204,46,244,54,37,8,29,6,70,16,72,16,48,11,70,16,57,13,65,15,20,12,34,39,26,29,29,15,17,17,36,33,22,41,28,50
2016,7,LVDPA0170,241,113,47,128,53,23,10,14,6,29,12,44,18,23,10,36,15,31,13,41,17,12,6,11,27,12,17,17,11,11,8,18,17,11,19,14,30
2016,7,LVDPA0171,651,309,47,342,53,55,8,52,8,85,13,92,14,91,14,106,16,58,9,112,17,24,27,41,51,45,55,30,36,31,25,44,41,46,51,28,76
2016,7,LVDPA0172,991,483,49,508,51,75,8,80,8,109,11,121,12,129,13,138,14,144,15,195,20,42,46,54,68,68,64,63,78,33,34,55,53,61,74,81,117
2016,7,LVDPA0173,674,327,49,347,51,36,5,45,7,99,15,108,16,67,10,123,18,95,14,101,15,18,25,58,68,31,53,47,27,18,20,41,40,36,70,48,74
2016,7,LVDPA0174,523,239,46,284,54,23,4,47,9,78,15,73,14,75,14,68,13,76,15,83,16,11,28,34,41,37,26,38,24,12,19,44,32,38,42,38,59
2016,7,LVDPA0175,355,181,51,174,49,14,4,33,9,49,14,45,13,49,14,57,16,36,10,72,20,8,20,28,29,24,28,20,24,6,13,21,16,25,29,16,48
2016,7,LVDPA0176,482,212,44,270,56,21,4,19,4,51,11,62,13,54,11,87,18,88,18,100,21,8,6,28,37,26,37,40,30,13,13,23,25,28,50,48,70
2016,7,LVDPA0177,657,295,45,362,55,28,4,46,7,71,11,66,10,66,10,79,12,116,18,185,28,17,29,36,31,29,40,53,60,11,17,35,35,37,39,63,125
2016,7,LVDPA0178,325,150,46,175,54,12,4,31,10,39,12,42,13,30,9,51,16,52,16,68,21,1,17,26,27,14,23,20,22,11,14,13,15,16,28,32,46
2016,7,LVDPA0179,661,314,48,347,52,23,3,37,6,86,13,98,15,72,11,109,16,88,13,148,22,10,16,51,62,38,61,36,40,13,21,35,36,34,48,52,108
2016,7,LVDPA0180,2761,1264,46,1497,54,203,7,250,9,309,11,337,12,341,12,359,13,378,14,584,21,107,128,174,172,165,165,173,180,96,122,135,165,176,194,205,404
2016,7,LVDPA0181,283,141,50,142,50,19,7,28,10,27,10,32,11,46,16,39,14,36,13,56,20,9,16,12,18,23,22,19,22,10,12,15,14,23,17,17,34
2016,7,LVDPA0182,303,144,48,159,52,12,4,22,7,46,15,43,14,28,9,60,20,40,13,52,17,3,14,26,29,11,31,17,13,9,8,20,14,17,29,23,39
2016,7,LVDPA0183,245,119,49,126,51,15,6,20,8,30,12,35,14,25,10,41,17,26,11,53,22,8,12,15,22,12,20,10,20,7,8,15,13,13,21,16,33
2016,7,LVDPA0184,381,178,47,203,53,15,4,21,6,37,10,57,15,39,10,51,13,79,21,82,22,8,12,15,37,22,26,31,27,7,9,22,20,17,25,48,55
2016,7,LVDPA0185,3136,1444,46,1692,54,380,12,305,10,278,9,492,16,483,15,408,13,327,10,463,15,194,147,146,218,244,187,149,159,186,158,132,274,239,221,178,304
2016,7,LVDPA0186,509,245,48,264,52,45,9,44,9,58,11,81,16,67,13,62,12,74,15,78,15,27,17,32,50,34,31,31,23,18,27,26,31,33,31,43,55
2016,7,LVDPA0187,602,293,49,309,51,33,5,49,8,75,12,86,14,65,11,90,15,99,16,105,17,13,24,39,55,35,39,53,35,20,25,36,31,30,51,46,70
2016,7,LVDPA0188,141,68,48,73,52,11,8,11,8,14,10,15,11,15,11,26,18,21,15,28,20,6,4,9,8,8,15,9,9,5,7,5,7,7,11,12,19
2016,7,LVDPA0189,790,359,45,431,55,49,6,50,6,107,14,92,12,74,9,125,16,106,13,187,24,25,28,50,51,38,67,51,49,24,22,57,41,36,58,55,138
2016,7,LVDPA0190,1062,503,47,559,53,75,7,82,8,136,13,146,14,111,10,184,17,145,14,183,17,38,36,80,80,46,88,64,71,37,46,56,66,65,96,81,112
2016,7,LVDPA0191,212,101,48,111,52,8,4,12,6,36,17,20,9,26,12,34,16,35,17,41,19,5,9,17,12,15,18,13,12,3,3,19,8,11,16,22,29
2016,7,LVDPA0192,502,234,47,268,53,20,4,50,10,69,14,52,10,58,12,84,17,73,15,96,19,15,26,39,25,27,44,34,24,5,24,30,27,31,40,39,72
2016,7,LVDPA0193,475,222,47,253,53,33,7,49,10,64,13,75,16,54,11,66,14,66,14,68,14,18,27,36,39,20,29,30,23,15,22,28,36,34,37,36,45
2016,7,LVDPA0194,155,69,45,86,55,4,3,11,7,12,8,20,13,23,15,26,17,21,14,38,25,1,6,3,13,15,13,7,11,3,5,9,7,8,13,14,27
2016,7,LVDPA0196,365,175,48,190,52,14,4,34,9,47,13,44,12,60,16,34,9,48,13,84,23,8,13,26,23,30,16,24,35,6,21,21,21,30,18,24,49
2016,7,LVDPA0197,805,370,46,435,54,65,8,62,8,108,13,128,16,84,10,78,10,109,14,171,21,33,29,50,71,45,32,45,65,32,33,58,57,39,46,64,106
2016,7,LVDPA0198,433,188,43,245,57,38,9,39,9,66,15,55,13,49,11,63,15,61,14,62,14,15,19,27,30,25,26,29,17,23,20,39,25,24,37,32,45
2016,7,LVDPA0199,375,179,48,196,52,23,6,28,7,50,13,43,11,54,14,42,11,52,14,83,22,9,15,32,17,29,22,19,36,14,13,18,26,25,20,33,47
2016,7,LVDPA0200,252,131,52,121,48,16,6,24,10,37,15,38,15,33,13,39,15,30,12,35,14,7,15,18,23,18,24,14,12,9,9,19,15,15,15,16,23
2016,7,LVDPA0201,317,145,46,172,54,19,6,24,8,46,15,42,13,32,10,55,17,45,14,54,17,11,12,20,22,16,28,22,14,8,12,26,20,16,27,23,40
2016,7,LVDPA0202,240,105,44,135,56,11,5,17,7,31,13,28,12,28,12,42,18,34,14,49,20,5,7,15,16,17,19,13,13,6,10,16,12,11,23,21,36
2016,7,LVDPA0203,564,263,47,301,53,36,6,43,8,83,15,76,13,76,13,68,12,80,14,102,18,19,23,49,39,36,27,39,31,17,20,34,37,40,41,41,71
2016,7,LVDPA0204,592,269,45,323,55,52,9,62,10,76,13,70,12,111,19,67,11,57,10,97,16,28,28,39,32,50,30,28,34,24,34,37,38,61,37,29,63
2016,7,LVDPA0205,225,114,51,111,49,7,3,16,7,25,11,32,14,19,8,43,19,36,16,47,21,4,9,16,21,10,21,18,15,3,7,9,11,9,22,18,32
2016,7,LVDPA0206,284,136,48,148,52,19,7,29,10,38,13,48,17,24,8,49,17,34,12,43,15,11,15,18,27,10,25,19,11,8,14,20,21,14,24,15,32
2016,7,LVDPA0207,366,175,48,191,52,13,4,28,8,44,12,50,14,42,11,59,16,75,20,55,15,7,8,27,36,16,32,31,18,6,20,17,14,26,27,44,37
2016,7,LVDPA0208,459,207,45,252,55,23,5,22,5,53,12,60,13,50,11,72,16,69,15,110,24,11,12,26,32,24,40,33,29,12,10,27,28,26,32,36,81
2016,7,LVDPA0209,194,89,46,105,54,8,4,14,7,20,10,33,17,26,13,21,11,46,24,26,13,4,4,9,19,16,12,19,6,4,10,11,14,10,9,27,20
2016,7,LVDPA0210,275,136,49,139,51,14,5,18,7,32,12,39,14,30,11,37,13,54,20,51,19,8,11,17,23,12,23,24,18,6,7,15,16,18,14,30,33
2016,7,LVDPA0211,469,219,47,250,53,33,7,36,8,54,12,51,11,40,9,87,19,57,12,111,24,19,20,23,27,21,45,30,34,14,16,31,24,19,42,27,77
2016,7,LVDPA0212,314,146,46,168,54,21,7,25,8,49,16,31,10,37,12,55,18,43,14,53,17,8,12,26,16,17,23,20,24,13,13,23,15,20,32,23,29
2016,7,LVDPA0213,348,172,49,176,51,22,6,23,7,29,8,55,16,44,13,47,14,55,16,73,21,8,9,15,35,24,22,26,33,14,14,14,20,20,25,29,40
2016,7,LVDPA0214,274,129,47,145,53,10,4,20,7,45,16,33,12,25,9,62,23,37,14,42,15,4,11,23,19,14,26,19,13,6,9,22,14,11,36,18,29
2016,7,LVDPA0215,518,241,47,277,53,22,4,34,7,59,11,61,12,59,11,77,15,67,13,139,27,13,16,31,37,26,36,38,44,9,18,28,24,33,41,29,95
2016,7,LVDPA0216,226,112,50,114,50,8,4,19,8,23,10,29,13,28,12,40,18,32,14,47,21,3,11,14,18,14,21,14,17,5,8,9,11,14,19,18,30
2016,7,LVDPA0217,361,174,48,187,52,17,5,31,9,37,10,64,18,40,11,64,18,64,18,44,12,8,14,17,40,23,27,33,12,9,17,20,24,17,37,31,32
2016,7,LVDPA0218,209,95,45,114,55,14,7,12,6,22,11,26,12,18,9,42,20,29,14,46,22,6,8,10,12,10,19,14,16,8,4,12,14,8,23,15,30
2016,7,LVDPA0219,113,55,49,58,51,7,6,14,12,13,12,11,10,13,12,22,19,13,12,20,18,2,6,9,5,7,12,9,5,5,8,4,6,6,10,4,15
2016,7,LVDPA0220,340,155,46,185,54,23,7,28,8,26,8,32,9,39,11,50,15,77,23,65,19,9,14,16,16,22,27,31,20,14,14,10,16,17,23,46,45
2016,7,LVDPA0221,1382,649,47,733,53,86,6,117,8,119,9,206,15,194,14,187,14,202,15,271,20,37,48,66,116,105,87,101,89,49,69,53,90,89,100,101,182
2016,7,LVDPA0222,364,174,48,190,52,21,6,29,8,36,10,52,14,37,10,58,16,56,15,75,21,10,16,21,25,23,28,31,20,11,13,15,27,14,30,25,55
2016,7,LVDPA0223,375,175,47,200,53,28,7,23,6,41,11,65,17,38,10,57,15,58,15,65,17,17,12,19,33,18,30,27,19,11,11,22,32,20,27,31,46
2016,7,LVDPA0224,282,140,50,142,50,17,6,24,9,31,11,40,14,32,11,47,17,45,16,46,16,9,9,15,28,18,22,19,20,8,15,16,12,14,25,26,26
2016,7,LVDPA0225,280,122,44,158,56,14,5,18,6,45,16,39,14,26,9,45,16,44,16,49,18,9,8,17,25,13,19,19,12,5,10,28,14,13,26,25,37
2016,7,LVDPA0226,587,296,50,291,50,63,11,59,10,77,13,71,12,76,13,81,14,78,13,82,14,33,36,49,46,35,39,33,25,30,23,28,25,41,42,45,57
2016,7,LVDPA0227,149,79,53,70,47,6,4,9,6,10,7,18,12,20,13,22,15,32,21,32,21,4,5,5,11,11,12,18,13,2,4,5,7,9,10,14,19
2016,7,LVDPA0228,365,175,48,190,52,25,7,30,8,47,13,54,15,45,12,51,14,45,12,68,19,16,14,22,34,26,21,17,25,9,16,25,20,19,30,28,43
2016,7,LVDPA0229,545,250,46,295,54,41,8,53,10,78,14,71,13,52,10,72,13,87,16,91,17,23,24,31,40,27,32,38,35,18,29,47,31,25,40,49,56
2016,7,LVDPA0230,250,126,50,124,50,13,5,28,11,46,18,32,13,30,12,39,16,30,12,32,13,9,14,22,20,14,19,12,16,4,14,24,12,16,20,18,16
2016,7,LVDPA0231,43,21,49,22,51,0,0,1,2,8,19,3,7,4,9,6,14,11,26,10,23,0,0,5,2,2,2,8,2,0,1,3,1,2,4,3,8
2016,7,LVDPA0232,88,44,50,44,50,0,0,7,8,14,16,7,8,11,13,14,16,13,15,22,25,0,3,9,2,8,7,5,10,0,4,5,5,3,7,8,12
2016,7,LVDPA0233,301,151,50,150,50,26,9,20,7,28,9,54,18,37,12,30,10,44,15,62,21,13,14,14,31,24,13,22,20,13,6,14,23,13,17,22,42
2016,7,LVDPA0234,735,335,46,400,54,44,6,50,7,88,12,110,15,85,12,91,12,139,19,128,17,25,28,38,61,44,47,57,35,19,22,50,49,41,44,82,93
2016,7,LVDPA0235,238,123,52,115,48,23,10,23,10,32,13,41,17,21,9,32,13,28,12,38,16,15,14,23,22,9,15,14,11,8,9,9,19,12,17,14,27
2016,7,LVDPA0236,185,93,50,92,50,17,9,20,11,16,9,31,17,21,11,25,14,25,14,30,16,11,13,10,15,13,11,12,8,6,7,6,16,8,14,13,22
2016,7,LVDPA0237,324,148,46,176,54,18,6,29,9,44,14,43,13,47,15,54,17,44,14,45,14,12,14,19,22,24,22,18,17,6,15,25,21,23,32,26,28
2016,7,LVDPA0238,333,150,45,183,55,27,8,35,11,32,10,51,15,52,16,44,13,46,14,46,14,13,13,15,30,26,19,16,18,14,22,17,21,26,25,30,28
2016,7,LVDPA0239,511,227,44,284,56,32,6,30,6,72,14,75,15,52,10,95,19,76,15,79,15,15,17,37,38,24,41,31,24,17,13,35,37,28,54,45,55
2016,7,LVDPA0240,206,100,49,106,51,8,4,18,9,20,10,15,7,17,8,50,24,29,14,49,24,4,9,8,10,8,31,17,13,4,9,12,5,9,19,12,36
2016,7,LVDPA0241,175,80,46,95,54,9,5,12,7,14,8,21,12,21,12,22,13,33,19,43,25,5,6,6,11,10,10,16,16,4,6,8,10,11,12,17,27
2016,7,LVDPA0242,342,170,50,172,50,15,4,26,8,39,11,44,13,31,9,50,15,56,16,81,24,12,13,22,30,17,29,23,24,3,13,17,14,14,21,33,57
2016,7,LVDPA0243,661,298,45,363,55,53,8,51,8,94,14,96,15,78,12,95,14,94,14,100,15,32,24,40,45,43,44,41,29,21,27,54,51,35,51,53,71
2016,7,LVDPA0244,595,271,46,324,54,34,6,44,7,64,11,78,13,77,13,73,12,112,19,113,19,14,18,34,42,48,30,50,35,20,26,30,36,29,43,62,78
2016,7,LVDPA0245,149,74,50,75,50,8,5,11,7,25,17,21,14,25,17,15,10,21,14,23,15,5,7,12,14,14,7,7,8,3,4,13,7,11,8,14,15
2016,7,LVDPA0246,203,91,45,112,55,8,4,20,10,31,15,19,9,21,10,39,19,20,10,45,22,3,11,17,8,10,20,8,14,5,9,14,11,11,19,12,31
2016,7,LVDPA0247,320,160,50,160,50,14,4,27,8,33,10,51,16,32,10,55,17,55,17,53,17,10,14,18,32,18,26,24,18,4,13,15,19,14,29,31,35
2016,7,LVDPA0249,466,224,48,242,52,49,11,43,9,57,12,67,14,60,13,74,16,57,12,59,13,29,22,25,38,30,34,31,15,20,21,32,29,30,40,26,44
2016,7,LVDPA0250,184,86,47,98,53,13,7,10,5,21,11,28,15,16,9,47,26,19,10,30,16,5,4,9,18,8,25,8,9,8,6,12,10,8,22,11,21
2016,7,LVDPA0251,285,131,46,154,54,5,2,29,10,38,13,40,14,26,9,67,24,37,13,43,15,4,14,21,22,12,31,15,12,1,15,17,18,14,36,22,31
2016,7,LVDPA0252,316,156,49,160,51,18,6,25,8,50,16,41,13,34,11,59,19,36,11,53,17,9,11,31,25,19,25,23,13,9,14,19,16,15,34,13,40
2016,7,LVDPA0253,60,29,48,31,52,0,0,3,5,6,10,6,10,6,10,6,10,12,20,21,35,0,0,2,5,5,4,6,7,0,3,4,1,1,2,6,14
2016,7,LVDPA0254,726,342,47,384,53,59,8,70,10,76,10,95,13,96,13,78,11,87,12,165,23,36,43,35,54,51,34,35,54,23,27,41,41,45,44,52,111
2016,7,LVDPA0255,297,162,55,135,45,7,2,10,3,26,9,37,12,52,18,37,12,58,20,70,24,2,3,15,17,35,24,38,28,5,7,11,20,17,13,20,42
2016,7,LVDPA0256,672,317,47,355,53,55,8,51,8,76,11,94,14,81,12,85,13,89,13,141,21,33,34,36,48,38,42,38,48,22,17,40,46,43,43,51,93
2016,7,LVDPA0257,349,158,45,191,55,17,5,38,11,37,11,46,13,52,15,62,18,51,15,46,13,7,17,21,23,23,27,24,16,10,21,16,23,29,35,27,30
2016,7,LVDPA0258,3412,1602,47,1810,53,266,8,299,9,307,9,484,14,501,15,470,14,485,14,600,18,146,157,168,259,245,224,219,184,120,142,139,225,256,246,266,416
2016,7,LVDPA0259,231,118,51,113,49,15,6,27,12,35,15,26,11,32,14,34,15,27,12,35,15,6,12,22,12,21,15,14,16,9,15,13,14,11,19,13,19
2016,7,LVDPA0260,85,47,55,38,45,5,6,5,6,9,11,12,14,7,8,12,14,21,25,14,16,1,3,6,7,5,7,12,6,4,2,3,5,2,5,9,8
2016,7,LVDPA0261,172,77,45,95,55,4,2,12,7,24,14,25,15,21,12,21,12,25,15,40,23,2,4,15,13,13,10,9,11,2,8,9,12,8,11,16,29
2016,7,LVDPA0262,194,95,49,99,51,6,3,9,5,11,6,30,15,16,8,34,18,44,23,44,23,3,4,5,20,9,16,23,15,3,5,6,10,7,18,21,29
2016,7,LVDPA0263,414,187,45,227,55,33,8,32,8,47,11,55,13,46,11,61,15,72,17,68,16,11,22,25,29,27,25,34,14,22,10,22,26,19,36,38,54
2016,7,LVDPA0264,281,128,46,153,54,17,6,24,9,41,15,32,11,36,13,44,16,41,15,46,16,9,12,24,15,15,21,17,15,8,12,17,17,21,23,24,31
2016,7,LVDPA0265,333,145,44,188,56,23,7,29,9,43,13,37,11,27,8,47,14,52,16,75,23,11,15,19,20,17,16,20,27,12,14,24,17,10,31,32,48
2016,7,LVDPA0266,212,116,55,96,45,8,4,18,8,38,18,26,12,25,12,31,15,32,15,34,16,4,12,21,17,12,19,17,14,4,6,17,9,13,12,15,20
2016,7,LVDPA0267,316,148,47,168,53,14,4,33,10,43,14,33,10,47,15,35,11,49,16,62,20,10,12,21,18,21,19,25,22,4,21,22,15,26,16,24,40
2016,7,LVDPA0268,524,242,46,282,54,36,7,54,10,68,13,90,17,55,10,89,17,70,13,62,12,16,28,35,54,28,39,24,18,20,26,33,36,27,50,46,44
2016,7,LVDPA0269,152,70,46,82,54,7,5,8,5,18,12,19,13,15,10,23,15,28,18,34,22,4,4,9,10,6,14,12,11,3,4,9,9,9,9,16,23
2016,7,LVDPA0271,266,117,44,149,56,12,5,15,6,38,14,33,12,26,10,48,18,41,15,53,20,7,6,19,19,14,19,20,13,5,9,19,14,12,29,21,40
2016,7,LVDPA0272,193,96,50,97,50,20,10,19,10,31,16,33,17,20,10,30,16,13,7,27,14,13,10,18,17,9,14,7,8,7,9,13,16,11,16,6,19
2016,7,LVDPA0273,599,262,44,337,56,37,6,39,7,86,14,68,11,84,14,86,14,94,16,105,18,17,16,38,37,39,44,40,31,20,23,48,31,45,42,54,74
2016,7,LVDPA0274,311,161,52,150,48,28,9,28,9,34,11,54,17,42,14,40,13,44,14,41,13,20,18,18,25,24,17,22,17,8,10,16,29,18,23,22,24
2016,7,LVDPA0275,1180,590,50,590,50,121,10,149,13,101,9,154,13,229,19,164,14,125,11,137,12,70,73,50,81,102,93,67,54,51,76,51,73,127,71,58,83
2016,7,LVDPA0276,315,150,48,165,52,11,3,29,9,39,12,38,12,38,12,46,15,35,11,79,25,5,14,21,26,18,25,14,27,6,15,18,12,20,21,21,52
2016,7,LVDPA0277,216,104,48,112,52,4,2,13,6,32,15,24,11,27,13,45,21,27,13,44,20,3,7,16,15,14,24,13,12,1,6,16,9,13,21,14,32
2016,7,LVDPA0278,291,135,46,156,54,28,10,33,11,42,14,42,14,27,9,44,15,34,12,41,14,11,16,21,22,14,22,14,15,17,17,21,20,13,22,20,26
2016,7,LVDPA0279,335,172,51,163,49,19,6,29,9,41,12,40,12,47,14,58,17,42,13,59,18,8,13,33,27,22,25,23,21,11,16,8,13,25,33,19,38
2016,7,LVDPA0280,468,216,46,252,54,42,9,43,9,52,11,60,13,79,17,55,12,67,14,70,15,21,19,21,33,46,24,28,24,21,24,31,27,33,31,39,46
2016,7,LVDPA0281,221,109,49,112,51,14,6,14,6,33,15,23,10,31,14,31,14,31,14,44,20,6,6,17,17,15,18,16,14,8,8,16,6,16,13,15,30
2016,7,LVDPA0282,257,127,49,130,51,7,3,10,4,22,9,30,12,30,12,39,15,50,19,69,27,3,3,14,17,16,17,31,26,4,7,8,13,14,22,19,43
2016,7,LVDPA0283,173,77,45,96,55,15,9,16,9,19,11,26,15,21,12,31,18,20,12,25,14,6,10,8,16,8,15,10,4,9,6,11,10,13,16,10,21
2016,7,LVDPA0284,199,93,47,106,53,15,8,9,5,21,11,27,14,18,9,31,16,37,19,41,21,7,3,12,15,8,14,20,14,8,6,9,12,10,17,17,27
2016,7,LVDPA0285,558,257,46,301,54,40,7,51,9,61,11,72,13,68,12,84,15,58,10,124,22,22,26,39,37,35,45,24,29,18,25,22,35,33,39,34,95
2016,7,LVDPA0286,574,275,48,299,52,49,9,42,7,63,11,91,16,63,11,71,12,81,14,114,20,27,20,32,53,30,33,39,41,22,22,31,38,33,38,42,73
2016,7,LVDPA0287,275,134,49,141,51,6,2,19,7,37,13,38,14,29,11,39,14,53,19,54,20,2,9,22,23,16,21,22,19,4,10,15,15,13,18,31,35
2016,7,LVDPA0288,337,160,47,177,53,22,7,27,8,40,12,39,12,37,11,51,15,47,14,74,22,13,16,21,17,21,25,21,26,9,11,19,22,16,26,26,48
2016,7,LVDPA0289,363,176,48,187,52,18,5,28,8,57,16,60,17,35,10,50,14,58,16,57,16,8,14,31,34,19,22,28,20,10,14,26,26,16,28,30,37
2016,7,LVDPA0290,474,200,42,274,58,22,5,32,7,55,12,44,9,63,13,75,16,60,13,123,26,10,17,29,22,30,33,25,34,12,15,26,22,33,42,35,89
2016,7,LVDPA0291,437,210,48,227,52,24,5,31,7,43,10,66,15,64,15,58,13,66,15,85,19,12,10,24,37,31,35,26,35,12,21,19,29,33,23,40,50
2016,7,LVDPA0292,451,203,45,248,55,25,6,34,8,49,11,71,16,53,12,58,13,79,18,82,18,8,18,25,34,27,24,41,26,17,16,24,37,26,34,38,56
2016,7,LVDPA0293,152,73,48,79,52,9,6,12,8,22,14,15,10,21,14,21,14,16,11,36,24,3,7,12,9,9,14,8,11,6,5,10,6,12,7,8,25
2016,7,LVDPA0294,425,195,46,230,54,26,6,33,8,59,14,64,15,57,13,55,13,52,12,79,19,14,19,28,29,27,24,26,28,12,14,31,35,30,31,26,51
2016,7,LVDPA0295,500,224,45,276,55,36,7,41,8,56,11,66,13,62,12,69,14,76,15,94,19,16,16,24,36,32,38,35,27,20,25,32,30,30,31,41,67
2016,7,LVDPA0296,200,88,44,112,56,19,10,17,9,13,7,34,17,10,5,39,20,41,21,27,14,6,5,5,16,6,20,19,11,13,12,8,18,4,19,22,16
2016,7,LVDPA0297,894,407,46,487,54,74,8,81,9,105,12,128,14,131,15,138,15,91,10,146,16,40,31,49,66,67,63,44,47,34,50,56,62,64,75,47,99
2016,7,LVDPA0298,446,197,44,249,56,26,6,39,9,56,13,60,13,44,10,63,14,58,13,100,22,12,19,30,31,20,29,19,37,14,20,26,29,24,34,39,63
2016,7,LVDPA0299,155,78,50,77,50,6,4,10,6,18,12,11,7,20,13,27,17,24,15,39,25,4,4,14,7,12,12,10,15,2,6,4,4,8,15,14,24
2016,7,LVDPA0300,312,143,46,169,54,12,4,26,8,27,9,44,14,40,13,47,15,42,13,74,24,9,13,11,31,16,26,15,22,3,13,16,13,24,21,27,52
2016,7,LVDPA0301,525,252,48,273,52,49,9,54,10,75,14,84,16,57,11,82,16,59,11,65,12,30,26,40,44,25,43,25,19,19,28,35,40,32,39,34,46
2016,7,LVDPA0302,614,283,46,331,54,50,8,59,10,82,13,79,13,68,11,89,14,70,11,117,19,26,33,50,42,35,34,31,32,24,26,32,37,33,55,39,85
2016,7,LVDPA0303,476,232,49,244,51,42,9,51,11,58,12,76,16,80,17,63,13,42,9,64,13,23,27,30,35,44,32,22,19,19,24,28,41,36,31,20,45
2016,7,LVDPA0304,43,24,56,19,44,4,9,0,0,5,12,1,2,6,14,7,16,8,19,12,28,2,0,4,0,4,6,6,2,2,0,1,1,2,1,2,10
2016,7,LVDPA0305,160,71,44,89,56,9,6,12,8,16,10,20,13,20,13,26,16,24,15,33,21,6,4,9,9,10,10,13,10,3,8,7,11,10,16,11,23
2016,7,LVDPA0306,900,431,48,469,52,85,9,91,10,84,9,138,15,121,13,118,13,119,13,144,16,44,47,43,69,66,55,56,51,41,44,41,69,55,63,63,93
2016,7,LVDPA0307,785,339,43,446,57,51,6,72,9,92,12,89,11,94,12,112,14,94,12,181,23,22,34,46,40,49,48,39,61,29,38,46,49,45,64,55,120
2016,7,LVDPA0308,72,30,42,42,58,5,7,2,3,15,21,8,11,15,21,10,14,9,13,8,11,3,0,5,4,9,3,4,2,2,2,10,4,6,7,5,6
2016,7,LVDPA0309,95,50,53,45,47,3,3,3,3,21,22,9,9,11,12,20,21,12,13,16,17,2,2,12,6,5,11,6,6,1,1,9,3,6,9,6,10
2016,7,LVDPA0310,558,246,44,312,56,46,8,47,8,76,14,74,13,75,13,77,14,72,13,91,16,21,26,27,39,35,35,31,32,25,21,49,35,40,42,41,59
2016,7,LVDPA0311,547,262,48,285,52,36,7,62,11,57,10,78,14,81,15,82,15,61,11,90,16,24,27,32,42,38,38,28,33,12,35,25,36,43,44,33,57
2016,7,LVDPA0312,204,94,46,110,54,13,6,20,10,18,9,23,11,21,10,32,16,32,16,45,22,7,10,8,11,12,17,15,14,6,10,10,12,9,15,17,31
2016,7,LVDPA0313,310,149,48,161,52,18,6,20,6,36,12,39,13,34,11,52,17,35,11,76,25,6,12,16,26,17,26,15,31,12,8,20,13,17,26,20,45
2016,7,LVDPA0314,357,172,48,185,52,19,5,12,3,56,16,50,14,30,8,56,16,64,18,70,20,14,7,32,35,12,26,27,19,5,5,24,15,18,30,37,51
2016,7,LVDPA0315,123,60,49,63,51,8,7,8,7,13,11,14,11,19,15,14,11,17,14,30,24,1,4,8,7,12,8,9,11,7,4,5,7,7,6,8,19
2016,7,LVDPA0316,227,117,52,110,48,15,7,18,8,34,15,22,10,25,11,41,18,33,15,39,17,6,11,17,16,16,17,18,16,9,7,17,6,9,24,15,23
2016,7,LVDPA0317,346,164,47,182,53,23,7,19,5,42,12,51,15,34,10,65,19,53,15,59,17,13,8,25,27,16,31,26,18,10,11,17,24,18,34,27,41
2016,7,LVDPA0318,260,133,51,127,49,10,4,19,7,42,16,36,14,21,8,52,20,37,14,43,17,5,14,24,23,5,30,18,14,5,5,18,13,16,22,19,29
2016,7,LVDPA0319,180,85,47,95,53,6,3,11,6,20,11,24,13,15,8,45,25,27,15,32,18,3,5,10,12,8,23,14,10,3,6,10,12,7,22,13,22
2016,7,LVDPA0320,242,122,50,120,50,23,10,28,12,26,11,40,17,24,10,38,16,40,17,23,10,10,15,16,22,13,18,21,7,13,13,10,18,11,20,19,16
2016,7,LVDPA0321,530,255,48,275,52,31,6,52,10,82,15,70,13,65,12,82,15,67,13,81,15,17,33,44,38,30,37,31,25,14,19,38,32,35,45,36,56
2016,7,LVDPA0322,204,101,50,103,50,11,5,24,12,15,7,37,18,21,10,37,18,34,17,25,12,5,10,9,24,11,16,19,7,6,14,6,13,10,21,15,18
2016,7,LVDPA0323,522,232,44,290,56,57,11,56,11,41,8,79,15,66,13,65,12,64,12,94,18,21,24,22,42,31,34,30,28,36,32,19,37,35,31,34,66
2016,7,LVDPA0324,278,127,46,151,54,17,6,31,11,32,12,40,14,37,13,38,14,32,12,51,18,6,18,11,23,20,16,17,16,11,13,21,17,17,22,15,35
2016,7,LVDPA0325,69,29,42,40,58,4,6,2,3,2,3,6,9,7,10,18,26,13,19,17,25,2,1,1,2,4,11,4,4,2,1,1,4,3,7,9,13
2016,7,LVDPA0326,243,107,44,136,56,28,12,31,13,35,14,37,15,28,12,39,16,21,9,24,10,8,19,15,22,7,19,10,7,20,12,20,15,21,20,11,17
2016,7,LVDPA0327,233,108,46,125,54,7,3,24,10,22,9,36,15,25,11,43,18,34,15,42,18,5,10,12,19,15,17,18,12,2,14,10,17,10,26,16,30
2016,7,LVDPA0328,266,120,45,146,55,13,5,14,5,29,11,32,12,29,11,48,18,38,14,63,24,6,8,13,22,15,21,17,18,7,6,16,10,14,27,21,45
2016,7,LVDPA0329,314,147,47,167,53,27,9,19,6,37,12,50,16,48,15,36,11,37,12,60,19,13,8,16,28,29,18,18,17,14,11,21,22,19,18,19,43
2016,7,LVDPA0330,385,188,49,197,51,33,9,36,9,36,9,60,16,46,12,50,13,62,16,62,16,12,22,21,29,28,25,34,17,21,14,15,31,18,25,28,45
2016,7,LVDPA0331,463,221,48,242,52,34,7,39,8,57,12,65,14,60,13,69,15,64,14,75,16,20,19,32,45,28,32,26,19,14,20,25,20,32,37,38,56
2016,7,LVDPA0332,356,153,43,203,57,20,6,28,8,57,16,34,10,47,13,58,16,41,12,71,20,12,15,35,14,20,23,20,14,8,13,22,20,27,35,21,57
2016,7,LVDPA0333,1326,602,45,724,55,109,8,95,7,134,10,174,13,198,15,181,14,176,13,259,20,56,49,60,96,90,82,74,95,53,46,74,78,108,99,102,164
2016,7,LVDPA0334,292,139,48,153,52,17,6,22,8,32,11,34,12,36,12,47,16,60,21,44,15,9,11,15,20,19,20,32,13,8,11,17,14,17,27,28,31
2016,7,LVDPA0335,279,127,46,152,54,20,7,18,6,40,14,31,11,37,13,45,16,35,13,53,19,7,11,21,23,15,22,13,15,13,7,19,8,22,23,22,38
2016,7,LVDPA0336,77,38,49,39,51,3,4,6,8,7,9,5,6,11,14,7,9,15,19,23,30,1,5,4,3,5,4,6,10,2,1,3,2,6,3,9,13
2016,7,LVDPA0337,329,160,49,169,51,15,5,28,9,45,14,47,14,46,14,39,12,51,16,58,18,9,15,24,27,25,20,24,16,6,13,21,20,21,19,27,42
2016,7,LVDPA0338,358,168,47,190,53,23,6,30,8,49,14,53,15,40,11,60,17,31,9,72,20,15,13,22,32,15,29,17,25,8,17,27,21,25,31,14,47
2016,7,LVDPA0339,498,264,53,234,47,24,5,39,8,58,12,72,14,59,12,88,18,73,15,85,17,15,20,37,45,29,54,36,28,9,19,21,27,30,34,37,57
2016,7,LVDPA0340,189,93,49,96,51,2,1,13,7,32,17,24,13,11,6,42,22,26,14,39,21,2,5,16,17,5,20,15,13,0,8,16,7,6,22,11,26
2016,7,LVDPA0341,170,80,47,90,53,12,7,15,9,18,11,25,15,13,8,30,18,21,12,36,21,6,8,10,11,5,15,12,13,6,7,8,14,8,15,9,23
2016,7,LVDPA0342,537,256,48,281,52,28,5,63,12,82,15,66,12,56,10,60,11,69,13,113,21,10,29,43,42,30,29,32,41,18,34,39,24,26,31,37,72
2016,7,LVDPA0343,540,247,46,293,54,47,9,42,8,50,9,92,17,72,13,69,13,78,14,90,17,26,22,22,40,40,30,34,33,21,20,28,52,32,39,44,57
2016,7,LVDPA0344,206,92,45,114,55,4,2,9,4,8,4,20,10,18,9,39,19,43,21,65,32,3,2,6,12,8,20,23,18,1,7,2,8,10,19,20,47
2016,7,LVDPA0345,182,83,46,99,54,9,5,12,7,21,12,26,14,16,9,28,15,29,16,41,23,3,7,12,16,8,11,16,10,6,5,9,10,8,17,13,31
2016,7,LVDPA0346,546,258,47,288,53,35,6,35,6,68,12,84,15,76,14,79,14,91,17,78,14,18,17,34,49,37,37,37,29,17,18,34,35,39,42,54,49
2016,7,LVDPA0347,299,137,46,162,54,15,5,21,7,42,14,37,12,27,9,53,18,51,17,53,18,9,12,19,20,13,27,23,14,6,9,23,17,14,26,28,39
2016,7,LVDPA0348,198,102,52,96,48,20,10,19,10,26,13,25,13,26,13,19,10,28,14,35,18,10,12,16,16,12,10,13,13,10,7,10,9,14,9,15,22
2016,7,LVDPA0349,47,21,45,26,55,4,9,2,4,3,6,4,9,5,11,7,15,7,15,15,32,0,0,3,1,2,4,3,8,4,2,0,3,3,3,4,7
2016,7,LVDPA0350,257,137,53,120,47,23,9,25,10,23,9,42,16,26,10,39,15,27,11,52,20,16,17,12,22,13,21,18,18,7,8,11,20,13,18,9,34
2016,7,LVDPA0351,474,220,46,254,54,25,5,37,8,58,12,73,15,50,11,72,15,67,14,92,19,15,17,29,42,26,35,25,31,10,20,29,31,24,37,42,61
2016,7,LVDPA0352,356,175,49,181,51,38,11,41,12,43,12,48,13,59,17,49,14,37,10,41,12,23,17,19,27,28,25,20,16,15,24,24,21,31,24,17,25
2016,7,LVDPA0353,242,115,48,127,52,9,4,25,10,32,13,30,12,32,13,39,16,25,10,50,21,2,14,22,14,17,20,14,12,7,11,10,16,15,19,11,38
2016,7,LVDPA0354,456,220,48,236,52,38,8,39,9,68,15,61,13,38,8,88,19,56,12,68,15,16,22,41,30,17,44,25,25,22,17,27,31,21,44,31,43
2016,7,LVDPA0355,267,129,48,138,52,11,4,24,9,43,16,37,14,28,10,45,17,33,12,46,17,7,10,23,26,13,22,12,16,4,14,20,11,15,23,21,30
2016,7,LVDPA0356,280,129,46,151,54,11,4,30,11,39,14,28,10,50,18,37,13,41,15,44,16,3,16,21,14,27,18,16,14,8,14,18,14,23,19,25,30
2016,7,LVDPA0357,279,124,44,155,56,23,8,24,9,24,9,50,18,31,11,38,14,38,14,51,18,14,13,5,26,17,17,12,20,9,11,19,24,14,21,26,31
2016,7,LVDPA0358,147,76,52,71,48,5,3,11,7,18,12,30,20,18,12,20,14,17,12,28,19,3,9,7,21,10,12,7,7,2,2,11,9,8,8,10,21
2016,7,LVDPA0359,328,159,48,169,52,18,5,23,7,48,15,56,17,38,12,47,14,44,13,54,16,6,13,28,34,22,21,22,13,12,10,20,22,16,26,22,41
2016,7,LVDPA0360,350,173,49,177,51,18,5,34,10,48,14,44,13,45,13,60,17,56,16,45,13,10,16,27,25,22,31,28,14,8,18,21,19,23,29,28,31
2016,7,LVDPA0361,88,47,53,41,47,2,2,3,3,16,18,12,14,7,8,16,18,15,17,17,19,0,2,13,8,2,9,6,7,2,1,3,4,5,7,9,10
2016,7,LVDPA0362,164,74,45,90,55,8,5,5,3,5,3,21,13,21,13,27,16,28,17,49,30,6,2,3,7,12,14,15,15,2,3,2,14,9,13,13,34
2016,7,LVDPA0363,96,47,49,49,51,7,7,7,7,10,10,16,17,14,15,11,11,18,19,13,14,2,3,5,12,7,7,7,4,5,4,5,4,7,4,11,9
2016,7,LVDPA0364,126,55,44,71,56,5,4,10,8,26,21,12,10,14,11,19,15,22,17,18,14,2,2,14,6,6,9,9,7,3,8,12,6,8,10,13,11
2016,7,LVDPA0365,245,113,46,132,54,13,5,19,8,42,17,35,14,34,14,38,16,23,9,41,17,5,11,22,20,17,16,10,12,8,8,20,15,17,22,13,29
2016,7,LVDPA0366,87,38,44,49,56,7,8,9,10,9,10,10,11,10,11,14,16,13,15,15,17,2,3,6,8,5,6,5,3,5,6,3,2,5,8,8,12
2016,7,LVDPA0367,86,45,52,41,48,4,5,11,13,8,9,10,12,13,15,16,19,13,15,11,13,3,6,2,5,7,7,9,6,1,5,6,5,6,9,4,5
2016,7,LVDPA0368,888,409,46,479,54,66,7,77,9,96,11,144,16,110,12,121,14,102,11,172,19,40,39,47,79,56,55,43,50,26,38,49,65,54,66,59,122
2016,7,LVDPA0369,277,122,44,155,56,10,4,23,8,31,11,47,17,30,11,49,18,41,15,46,17,6,11,14,26,12,24,19,10,4,12,17,21,18,25,22,36
2016,7,LVDPA0370,273,127,47,146,53,21,8,31,11,46,17,32,12,36,13,35,13,32,12,40,15,12,16,25,17,15,19,10,13,9,15,21,15,21,16,22,27
2016,7,LVDPA0371,241,132,55,109,45,12,5,33,14,36,15,30,12,41,17,29,12,26,11,34,14,7,22,25,18,24,13,12,11,5,11,11,12,17,16,14,23
2016,7,LVDPA0372,333,167,50,166,50,27,8,36,11,48,14,53,16,37,11,53,16,39,12,40,12,13,26,21,33,18,24,17,15,14,10,27,20,19,29,22,25
2016,7,LVDPA0373,124,54,44,70,56,8,6,13,10,18,15,19,15,11,9,18,15,15,12,22,18,5,3,8,11,5,8,7,7,3,10,10,8,6,10,8,15
2016,7,LVDPA0374,1730,764,44,966,56,164,9,154,9,187,11,258,15,202,12,256,15,253,15,256,15,81,75,88,134,87,106,112,81,83,79,99,124,115,150,141,175
2016,7,LVDPA0375,296,143,48,153,52,14,5,23,8,39,13,43,15,42,14,55,19,28,9,52,18,8,8,23,26,19,30,15,14,6,15,16,17,23,25,13,38
2016,7,LVDPA0376,174,80,46,94,54,10,6,15,9,27,16,15,9,21,12,25,14,25,14,36,21,5,5,15,10,10,13,12,10,5,10,12,5,11,12,13,26
2016,7,LVDPA0377,190,92,48,98,52,14,7,15,8,27,14,25,13,26,14,21,11,32,17,30,16,4,6,10,17,13,12,18,12,10,9,17,8,13,9,14,18
2016,7,LVDPA0378,248,123,50,125,50,23,9,24,10,24,10,45,18,28,11,37,15,32,13,35,14,15,16,12,22,12,19,16,11,8,8,12,23,16,18,16,24
2016,7,LVDPA0379,155,74,48,81,52,10,6,15,10,19,12,19,12,13,8,20,13,24,15,35,23,5,8,10,14,8,7,13,9,5,7,9,5,5,13,11,26
2016,7,LVDPA0380,1562,728,47,834,53,146,9,138,9,130,8,261,17,262,17,173,11,199,13,253,16,85,70,70,120,138,77,85,83,61,68,60,141,124,96,114,170
2016,7,LVDPA0382,1283,580,45,703,55,104,8,122,10,126,10,199,16,177,14,194,15,170,13,191,15,47,69,66,102,92,82,76,46,57,53,60,97,85,112,94,145
2016,7,LVDPA0383,486,224,46,262,54,41,8,26,5,61,13,85,17,59,12,80,16,68,14,66,14,16,10,37,48,32,37,22,22,25,16,24,37,27,43,46,44
2016,7,LVDPA0384,264,121,46,143,54,13,5,23,9,33,13,36,14,27,10,50,19,29,11,53,20,8,9,20,17,16,23,10,18,5,14,13,19,11,27,19,35
2016,7,LVDPA0385,677,313,46,364,54,47,7,47,7,52,8,99,15,94,14,104,15,99,15,135,20,26,22,26,53,45,48,44,49,21,25,26,46,49,56,55,86
2016,7,LVDPA0386,209,109,52,100,48,5,2,13,6,25,12,29,14,23,11,38,18,25,12,51,24,3,10,13,17,17,21,11,17,2,3,12,12,6,17,14,34
2016,7,LVDPA0387,194,87,45,107,55,4,2,13,7,25,13,29,15,29,15,32,16,24,12,38,20,1,5,13,13,17,15,9,14,3,8,12,16,12,17,15,24
2016,7,LVDPA0388,114,60,53,54,47,4,4,9,8,22,19,10,9,12,11,22,19,18,16,17,15,2,6,10,8,6,12,9,7,2,3,12,2,6,10,9,10
2016,7,LVDPA0389,158,69,44,89,56,12,8,9,6,17,11,17,11,26,16,21,13,20,13,36,23,5,4,8,6,13,11,10,12,7,5,9,11,13,10,10,24
2016,7,LVDPA0390,220,109,50,111,50,21,10,16,7,17,8,35,16,26,12,29,13,35,16,41,19,10,9,12,21,13,11,17,16,11,7,5,14,13,18,18,25
2016,7,LVDPA0391,181,80,44,101,56,14,8,15,8,29,16,26,14,20,11,25,14,13,7,39,22,7,8,8,18,11,8,6,14,7,7,21,8,9,17,7,25
2016,7,LVDPA0392,129,59,46,70,54,10,8,12,9,18,14,18,14,18,14,19,15,13,10,21,16,6,7,8,11,10,10,2,5,4,5,10,7,8,9,11,16
2016,7,LVDPA0393,559,280,50,279,50,33,6,47,8,79,14,64,11,68,12,92,16,63,11,113,20,17,28,52,33,31,47,31,41,16,19,27,31,37,45,32,72
2016,7,LVDPA0394,624,307,49,317,51,35,6,49,8,80,13,93,15,75,12,95,15,84,13,113,18,15,32,47,54,41,43,43,32,20,17,33,39,34,52,41,81
2016,7,LVDPA0395,285,137,48,148,52,26,9,13,5,31,11,38,13,26,9,67,24,36,13,48,17,19,5,18,17,16,34,19,9,7,8,13,21,10,33,17,39
2016,7,LVDPA0396,478,253,53,225,47,41,9,47,10,48,10,86,18,59,12,66,14,55,12,76,16,27,26,27,56,37,29,27,24,14,21,21,30,22,37,28,52
2016,7,LVDPA0397,368,175,48,193,52,31,8,27,7,57,15,58,16,32,9,63,17,45,12,55,15,16,17,26,32,20,29,19,16,15,10,31,26,12,34,26,39
2016,7,LVDPA0398,195,88,45,107,55,19,10,19,10,26,13,19,10,25,13,23,12,32,16,32,16,8,6,12,7,15,10,17,13,11,13,14,12,10,13,15,19
2016,7,LVDPA0399,165,74,45,91,55,7,4,23,14,24,15,19,12,18,11,21,13,23,14,30,18,3,12,13,6,10,11,12,7,4,11,11,13,8,10,11,23
2016,7,LVDPA0400,323,163,50,160,50,25,8,24,7,47,15,48,15,43,13,42,13,41,13,53,16,14,12,26,28,23,20,22,18,11,12,21,20,20,22,19,35
2016,7,LVDPA0401,214,101,47,113,53,21,10,16,7,24,11,41,19,19,9,28,13,35,16,30,14,11,8,10,23,8,11,19,11,10,8,14,18,11,17,16,19
2016,7,LVDPA0402,215,116,54,99,46,7,3,13,6,37,17,37,17,25,12,38,18,22,10,36,17,5,4,25,28,13,18,11,12,2,9,12,9,12,20,11,24
2016,7,LVDPA0403,180,85,47,95,53,15,8,14,8,22,12,26,14,15,8,37,21,29,16,22,12,9,7,9,14,8,16,16,6,6,7,13,12,7,21,13,16
2016,7,LVDPA0404,305,150,49,155,51,24,8,28,9,26,9,65,21,29,10,38,12,56,18,39,13,15,16,11,30,18,18,25,17,9,12,15,35,11,20,31,22
2016,7,LVDPA0405,185,86,46,99,54,7,4,18,10,20,11,29,16,22,12,28,15,20,11,41,22,5,7,11,13,11,15,9,15,2,11,9,16,11,13,11,26
2016,7,LVDPA0406,262,126,48,136,52,16,6,25,10,40,15,37,14,30,11,43,16,33,13,38,15,8,16,24,19,10,25,13,11,8,9,16,18,20,18,20,27
2016,7,LVDPA0407,411,200,49,211,51,23,6,29,7,55,13,68,17,33,8,71,17,66,16,66,16,16,14,32,36,19,27,35,21,7,15,23,32,14,44,31,45
2016,7,LVDPA0408,223,98,44,125,56,16,7,22,10,23,10,40,18,28,13,26,12,20,9,48,22,6,10,12,26,14,10,8,12,10,12,11,14,14,16,12,36
2016,7,LVDPA0409,143,60,42,83,58,19,13,16,11,20,14,23,16,12,8,15,10,22,15,16,11,12,7,11,10,5,4,8,3,7,9,9,13,7,11,14,13
2016,7,LVDPA0410,321,161,50,160,50,29,9,38,12,45,14,39,12,39,12,51,16,37,12,43,13,17,27,23,19,22,24,17,12,12,11,22,20,17,27,20,31
2016,7,LVDPA0411,816,375,46,441,54,43,5,68,8,83,10,116,14,98,12,103,13,126,15,179,22,22,39,36,60,45,58,64,51,21,29,47,56,53,45,62,128
2016,7,LVDPA0412,321,158,49,163,51,10,3,20,6,34,11,27,8,33,10,38,12,70,22,89,28,7,13,19,14,21,22,35,27,3,7,15,13,12,16,35,62
2016,7,LVDPA0413,1270,643,51,627,49,126,10,117,9,132,10,185,15,172,14,160,13,179,14,199,16,83,57,78,101,88,80,85,71,43,60,54,84,84,80,94,128
2016,7,LVDPA0414,56,26,46,30,54,1,2,3,5,5,9,9,16,5,9,8,14,8,14,17,30,0,2,1,6,2,4,4,7,1,1,4,3,3,4,4,10
2016,7,LVDPA0415,284,128,45,156,55,16,6,23,8,44,15,47,17,32,11,49,17,32,11,41,14,4,15,19,27,16,24,14,9,12,8,25,20,16,25,18,32
2016,7,LVDPA0416,557,278,50,279,50,52,9,47,8,46,8,95,17,78,14,85,15,66,12,88,16,27,23,17,50,42,43,38,38,25,24,29,45,36,42,28,50
2016,7,LVDPA0417,205,84,41,121,59,10,5,12,6,35,17,20,10,20,10,33,16,30,15,45,22,5,4,16,10,7,16,13,13,5,8,19,10,13,17,17,32
2016,7,LVDPA0418,155,76,49,79,51,4,3,9,6,18,12,26,17,17,11,35,23,23,15,23,15,2,4,12,16,8,19,9,6,2,5,6,10,9,16,14,17
2016,7,LVDPA0419,165,85,52,80,48,7,4,17,10,14,8,24,15,24,15,22,13,27,16,30,18,1,12,8,14,15,11,13,11,6,5,6,10,9,11,14,19
2016,7,LVDPA0420,65,27,42,38,58,3,5,5,8,15,23,6,9,0,0,7,11,10,15,19,29,1,1,8,2,0,3,4,8,2,4,7,4,0,4,6,11
2016,7,LVDPA0421,2958,1339,45,1619,55,312,11,319,11,277,9,446,15,504,17,370,13,350,12,380,13,134,166,131,205,242,184,150,127,178,153,146,241,262,186,200,253
2016,7,LVDPA0422,486,230,47,256,53,31,6,44,9,61,13,71,15,55,11,67,14,59,12,98,20,15,27,30,36,22,37,26,37,16,17,31,35,33,30,33,61
2016,7,LVDPA0423,99,55,56,44,44,2,2,2,2,15,15,15,15,7,7,21,21,16,16,21,21,2,0,9,11,3,12,11,7,0,2,6,4,4,9,5,14
2016,7,LVDPA0424,864,413,48,451,52,59,7,83,10,84,10,100,12,133,15,137,16,92,11,176,20,25,46,43,54,71,63,49,62,34,37,41,46,62,74,43,114
2016,7,LVDPA0425,553,260,47,293,53,33,6,57,10,69,12,77,14,76,14,91,16,64,12,86,16,16,29,31,41,41,47,28,27,17,28,38,36,35,44,36,59
2016,7,LVDPA0426,170,80,47,90,53,10,6,14,8,26,15,18,11,24,14,26,15,24,14,28,16,5,4,16,9,11,13,11,11,5,10,10,9,13,13,13,17
2016,7,LVDPA0427,361,178,49,183,51,31,9,21,6,32,9,65,18,41,11,44,12,65,18,62,17,18,13,17,33,20,24,33,20,13,8,15,32,21,20,32,42
2016,7,LVDPA0428,62,35,56,27,44,0,0,3,5,6,10,4,6,11,18,9,15,8,13,21,34,0,1,5,4,8,6,4,7,0,2,1,0,3,3,4,14
2016,7,LVDPA0429,242,113,47,129,53,11,5,23,10,37,15,32,13,28,12,39,16,33,14,39,16,4,12,19,18,11,22,17,10,7,11,18,14,17,17,16,29
2016,7,LVDPA0430,281,129,46,152,54,20,7,26,9,44,16,39,14,37,13,51,18,26,9,38,14,6,11,23,21,18,23,13,14,14,15,21,18,19,28,13,24
2016,7,LVDPA0431,316,138,44,178,56,20,6,18,6,40,13,33,10,32,10,53,17,48,15,72,23,11,8,18,19,15,23,20,24,9,10,22,14,17,30,28,48
2016,7,LVDPA0432,243,115,47,128,53,19,8,27,11,42,17,33,14,34,14,23,9,32,13,33,14,8,9,25,21,15,11,11,15,11,18,17,12,19,12,21,18
2016,7,LVDPA0433,206,85,41,121,59,6,3,15,7,20,10,24,12,23,11,33,16,26,13,59,29,4,5,7,15,14,17,10,13,2,10,13,9,9,16,16,46
2016,7,LVDPA0434,132,58,44,74,56,15,11,9,7,20,15,18,14,7,5,22,17,16,12,25,19,8,3,11,8,2,11,8,7,7,6,9,10,5,11,8,18
2016,7,LVDPA0435,160,77,48,83,52,16,10,18,11,20,13,21,13,24,15,16,10,16,10,29,18,6,12,10,12,13,8,8,8,10,6,10,9,11,8,8,21
2016,7,LVDPA0436,46,24,52,22,48,1,2,2,4,4,9,5,11,7,15,3,7,5,11,19,41,1,1,3,4,4,1,2,8,0,1,1,1,3,2,3,11
2016,7,LVDPA0437,241,136,56,105,44,18,7,14,6,32,13,35,15,20,8,51,21,33,14,38,16,13,10,23,22,11,32,17,8,5,4,9,13,9,19,16,30
2016,7,LVDPA0438,368,168,46,200,54,34,9,41,11,46,13,46,13,42,11,64,17,43,12,52,14,18,18,27,19,19,29,22,16,16,23,19,27,23,35,21,36
2016,7,LVDPA0439,71,33,46,38,54,2,3,1,1,8,11,9,13,5,7,17,24,8,11,21,30,2,1,4,5,2,9,3,7,0,0,4,4,3,8,5,14
2016,7,LVDPA0440,376,178,47,198,53,10,3,24,6,59,16,40,11,50,13,52,14,50,13,91,24,5,9,40,20,29,27,18,30,5,15,19,20,21,25,32,61
2016,7,LVDPA0441,334,162,49,172,51,28,8,30,9,44,13,56,17,35,10,54,16,39,12,48,14,19,15,22,32,19,25,15,15,9,15,22,24,16,29,24,33
2016,7,LVDPA0442,222,107,48,115,52,20,9,17,8,29,13,35,16,18,8,35,16,25,11,43,19,13,7,20,18,9,16,10,14,7,10,9,17,9,19,15,29
2016,7,LVDPA0443,77,41,53,36,47,5,6,6,8,9,12,12,16,5,6,12,16,12,16,16,21,4,2,3,8,3,6,7,8,1,4,6,4,2,6,5,8
2016,7,LVDPA0444,219,107,49,112,51,13,6,13,6,22,10,33,15,21,10,42,19,36,16,39,18,6,6,10,20,11,23,20,11,7,7,12,13,10,19,16,28
2016,7,LVDPA0445,137,65,47,72,53,11,8,9,7,22,16,20,15,22,16,18,13,13,9,22,16,5,3,10,10,13,8,7,9,6,6,12,10,9,10,6,13
2016,7,LVDPA0447,79,43,54,36,46,0,0,1,1,10,13,6,8,12,15,13,16,19,24,18,23,0,1,7,4,9,7,10,5,0,0,3,2,3,6,9,13
2016,7,LVDPA0448,227,106,47,121,53,18,8,18,8,33,15,37,16,23,10,45,20,25,11,28,12,7,9,15,24,8,22,12,9,11,9,18,13,15,23,13,19
2016,7,LVDPA0449,238,114,48,124,52,18,8,27,11,24,10,37,16,31,13,35,15,35,15,31,13,11,14,13,18,19,15,16,8,7,13,11,19,12,20,19,23
2016,7,LVDPA0450,73,33,45,40,55,3,4,9,12,7,10,9,12,7,10,10,14,13,18,15,21,2,5,3,3,5,6,4,5,1,4,4,6,2,4,9,10
2016,7,LVDPA0451,231,109,47,122,53,17,7,20,9,40,17,38,16,25,11,31,13,30,13,30,13,5,11,18,21,16,15,14,9,12,9,22,17,9,16,16,21
2016,7,LVDPA0452,85,41,48,44,52,6,7,7,8,14,16,9,11,6,7,16,19,14,16,13,15,4,2,9,4,1,10,6,5,2,5,5,5,5,6,8,8
2016,7,LVDPA0453,357,173,48,184,52,19,5,18,5,36,10,63,18,39,11,56,16,62,17,64,18,9,11,17,41,24,20,27,24,10,7,19,22,15,36,35,40
2016,7,LVDPA0454,89,28,31,61,69,2,2,7,8,9,10,13,15,7,8,11,12,15,17,25,28,0,2,5,4,4,3,5,5,2,5,4,9,3,8,10,20
2016,7,LVDPA0455,786,351,45,435,55,48,6,71,9,93,12,82,10,67,9,106,13,115,15,204,26,15,38,50,45,29,56,55,63,33,33,43,37,38,50,60,141
2016,7,LVDPA0456,206,99,48,107,52,16,8,10,5,20,10,39,19,23,11,31,15,31,15,36,17,8,7,9,20,11,16,13,15,8,3,11,19,12,15,18,21
2016,7,LVDPA0457,238,119,50,119,50,7,3,20,8,32,13,18,8,30,13,52,22,29,12,50,21,6,11,15,12,17,29,16,13,1,9,17,6,13,23,13,37
2016,7,LVDPA0459,192,84,44,108,56,11,6,14,7,20,10,35,18,18,9,34,18,30,16,30,16,4,9,11,16,7,14,13,10,7,5,9,19,11,20,17,20
2016,7,LVDPA0460,207,98,47,109,53,14,7,13,6,28,14,21,10,23,11,45,22,26,13,37,18,7,7,15,12,11,23,13,10,7,6,13,9,12,22,13,27
2016,7,LVDPA0461,212,98,46,114,54,6,3,28,13,31,15,21,10,33,16,34,16,24,11,35,17,2,16,19,13,16,13,11,8,4,12,12,8,17,21,13,27
2016,7,LVDPA0462,351,173,49,178,51,23,7,28,8,42,12,45,13,37,11,42,12,64,18,70,20,10,22,24,23,21,19,26,28,13,6,18,22,16,23,38,42
2016,7,LVDPA0463,138,63,46,75,54,13,9,7,5,15,11,22,16,14,10,27,20,21,15,19,14,4,1,6,13,8,13,12,6,9,6,9,9,6,14,9,13
2016,7,LVDPA0464,228,114,50,114,50,18,8,22,10,31,14,36,16,29,13,30,13,34,15,28,12,10,13,18,20,15,13,18,7,8,9,13,16,14,17,16,21
2016,7,LVDPA0465,169,85,50,84,50,16,9,10,6,27,16,22,13,20,12,29,17,18,11,27,16,8,7,13,14,7,15,11,10,8,3,14,8,13,14,7,17
2016,7,LVDPA0466,269,136,51,133,49,11,4,17,6,29,11,48,18,34,13,37,14,44,16,49,18,4,10,19,31,18,19,21,14,7,7,10,17,16,18,23,35
2016,7,LVDPA0467,77,34,44,43,56,3,4,4,5,7,9,8,10,7,9,8,10,13,17,27,35,1,2,7,3,3,3,6,9,2,2,0,5,4,5,7,18
2016,7,LVDPA0468,225,107,48,118,52,5,2,23,10,25,11,30,13,28,12,39,17,33,15,42,19,2,12,12,14,16,18,14,19,3,11,13,16,12,21,19,23
2016,7,LVDPA0469,262,125,48,137,52,15,6,21,8,43,16,29,11,33,13,39,15,47,18,35,13,8,9,27,14,14,20,22,11,7,12,16,15,19,19,25,24
2016,7,LVDPA0470,174,82,47,92,53,10,6,16,9,22,13,31,18,17,10,27,16,22,13,29,17,4,9,11,18,9,14,6,11,6,7,11,13,8,13,16,18
2016,7,LVDPA0471,127,70,55,57,45,4,3,15,12,21,17,20,16,8,6,29,23,13,10,17,13,3,7,13,15,4,16,3,9,1,8,8,5,4,13,10,8
2016,7,LVDPA0472,249,118,47,131,53,10,4,24,10,29,12,34,14,33,13,38,15,44,18,37,15,4,12,16,23,13,21,20,9,6,12,13,11,20,17,24,28
2016,7,LVDPA0473,202,90,45,112,55,15,7,12,6,25,12,26,13,30,15,30,15,30,15,34,17,8,4,11,15,17,12,13,10,7,8,14,11,13,18,17,24
2016,7,LVDPA0474,448,221,49,227,51,28,6,31,7,56,13,76,17,53,12,62,14,72,16,70,16,12,12,32,47,27,29,37,25,16,19,24,29,26,33,35,45
2016,7,LVDPA0476,98,46,47,52,53,6,6,9,9,8,8,9,9,15,15,13,13,17,17,21,21,3,1,3,7,8,7,7,10,3,8,5,2,7,6,10,11
2016,7,LVDPA0477,177,79,45,98,55,12,7,11,6,29,16,20,11,21,12,31,18,23,13,30,17,6,4,13,9,11,16,12,8,6,7,16,11,10,15,11,22
2016,7,LVDPA0478,200,97,49,103,52,5,3,13,7,29,15,34,17,16,8,38,19,26,13,39,20,2,6,16,20,9,18,10,16,3,7,13,14,7,20,16,23
2016,7,LVDPA0479,233,120,52,113,48,14,6,18,8,28,12,44,19,22,9,34,15,41,18,32,14,5,8,17,26,13,16,24,11,9,10,11,18,9,18,17,21
2016,7,LVDPA0480,226,111,49,115,51,20,9,19,8,19,8,33,15,32,14,35,15,26,12,42,19,9,7,10,19,19,18,14,15,11,12,9,14,13,17,12,27
2016,7,LVDPA0481,228,107,47,121,53,17,7,22,10,30,13,28,12,26,11,31,14,27,12,47,21,7,11,17,15,14,14,14,15,10,11,13,13,12,17,13,32
2016,7,LVDPA0482,119,59,50,60,50,7,6,5,4,8,7,22,18,10,8,21,18,20,17,26,22,3,3,3,13,5,10,13,9,4,2,5,9,5,11,7,17
2016,7,LVDPA0483,105,45,43,60,57,1,1,7,7,15,14,13,12,8,8,15,14,25,24,21,20,1,2,8,9,4,7,8,6,0,5,7,4,4,8,17,15
2016,7,LVDPA0484,269,127,47,142,53,33,12,42,16,36,13,36,13,28,10,35,13,31,12,28,10,19,16,15,23,12,20,13,9,14,26,21,13,16,15,18,19
2016,7,LVDPA0485,217,101,47,116,53,10,5,13,6,33,15,27,12,31,14,37,17,23,11,43,20,7,9,13,17,15,18,9,13,3,4,20,10,16,19,14,30
2016,7,LVDPA0488,173,86,50,87,50,6,3,6,3,20,12,25,14,20,12,22,13,40,23,34,20,4,3,11,14,14,12,17,11,2,3,9,11,6,10,23,23
2016,7,LVDPA0489,177,93,53,84,47,12,7,21,12,13,7,35,20,26,15,21,12,25,14,24,14,9,12,6,19,14,10,12,11,3,9,7,16,12,11,13,13
2016,7,LVDPA0490,134,66,49,68,51,10,7,23,17,17,13,8,6,31,23,14,10,17,13,14,10,4,11,9,4,13,9,12,4,6,12,8,4,18,5,5,10
2016,7,LVDPA0491,400,179,45,221,55,20,5,51,13,55,14,37,9,50,13,55,14,45,11,87,22,9,21,29,23,21,28,22,26,11,30,26,14,29,27,23,61
2016,7,LVDPA0492,154,69,45,85,55,6,4,13,8,12,8,7,5,16,10,22,14,39,25,39,25,5,7,5,3,8,10,16,15,1,6,7,4,8,12,23,24
2016,7,LVDPA0493,82,41,50,41,50,7,9,6,7,15,18,8,10,13,16,11,13,10,12,12,15,4,3,10,7,8,2,5,2,3,3,5,1,5,9,5,10
2016,7,LVDPA0494,51,23,45,28,55,2,4,2,4,10,20,4,8,6,12,9,18,7,14,11,22,1,0,5,2,2,4,6,3,1,2,5,2,4,5,1,8
2016,7,LVDPA0495,127,54,43,73,57,10,8,12,9,25,20,16,13,22,17,17,13,6,5,19,15,4,4,10,8,8,10,4,6,6,8,15,8,14,7,2,13
2016,7,LVDPA0496,351,168,48,183,52,22,6,35,10,46,13,40,11,48,14,49,14,47,13,64,18,9,18,29,18,26,24,24,20,13,17,17,22,22,25,23,44
2016,7,LVDPA0497,201,102,51,99,49,8,4,14,7,20,10,27,13,26,13,31,15,23,11,52,26,5,11,11,19,13,14,9,20,3,3,9,8,13,17,14,32
2016,7,LVDPA0498,77,41,53,36,47,3,4,9,12,11,14,10,13,6,8,19,25,5,6,14,18,1,5,7,5,4,14,1,4,2,4,4,5,2,5,4,10
2016,7,LVDPA0499,1524,661,43,863,57,102,7,86,6,112,7,209,14,208,14,219,14,266,17,322,21,49,41,53,113,103,109,100,93,53,45,59,96,105,110,166,229
2016,7,LVDPA0500,253,114,45,139,55,15,6,23,9,32,13,43,17,28,11,38,15,30,12,44,17,8,11,13,26,15,17,12,12,7,12,19,17,13,21,18,32
2016,7,LVDPA0501,216,111,51,105,49,16,7,16,7,22,10,37,17,25,12,36,17,27,13,37,17,9,9,13,22,14,21,13,10,7,7,9,15,11,15,14,27
2016,7,LVDPA0502,263,133,51,130,49,12,5,23,9,40,15,44,17,26,10,51,19,34,13,33,13,11,12,21,27,12,26,18,6,1,11,19,17,14,25,16,27
2016,7,LVDPA0503,219,103,47,116,53,12,5,10,5,34,16,24,11,33,15,42,19,27,12,37,17,7,3,20,12,17,18,12,14,5,7,14,12,16,24,15,23
2016,7,LVDPA0504,204,96,47,108,53,10,5,25,12,28,14,29,14,22,11,36,18,20,10,34,17,5,16,11,19,10,17,7,11,5,9,17,10,12,19,13,23
2016,7,LVDPA0505,72,33,46,39,54,2,3,4,6,6,8,6,8,1,1,13,18,16,22,24,33,1,3,3,4,0,5,8,9,1,1,3,2,1,8,8,15
2016,7,LVDPA0506,274,133,49,141,51,21,8,22,8,33,12,52,19,16,6,42,15,37,14,51,19,13,15,14,28,9,16,21,17,8,7,19,24,7,26,16,34
2016,7,LVDPA0507,195,99,51,96,49,18,9,17,9,18,9,31,16,31,16,23,12,29,15,28,14,10,9,8,18,17,13,15,9,8,8,10,13,14,10,14,19
2016,7,LVDPA0508,186,93,50,93,50,11,6,17,9,17,9,18,10,26,14,30,16,37,20,30,16,4,7,12,10,16,13,19,12,7,10,5,8,10,17,18,18
2016,7,LVDPA0509,253,125,49,128,51,6,2,19,8,38,15,35,14,31,12,53,21,35,14,36,14,4,9,21,17,19,25,19,11,2,10,17,18,12,28,16,25
2016,7,LVDPA0510,143,72,50,71,50,11,8,9,6,22,15,13,9,12,8,25,17,16,11,35,24,7,4,14,8,5,12,9,13,4,5,8,5,7,13,7,22
2016,7,LVDPA0511,56,25,45,31,55,3,5,15,27,5,9,7,13,6,11,7,13,4,7,9,16,1,7,2,2,4,4,2,3,2,8,3,5,2,3,2,6
2016,7,LVDPA0512,292,152,52,140,48,17,6,39,13,38,13,42,14,35,12,44,15,33,11,44,15,10,21,24,23,22,22,19,11,7,18,14,19,13,22,14,33
2016,7,LVDPA0513,105,50,48,55,52,6,6,6,6,7,7,9,9,11,10,18,17,25,24,23,22,4,2,2,6,7,11,13,5,2,4,5,3,4,7,12,18
2016,7,LVDPA0514,53,28,53,25,47,5,9,2,4,6,11,5,9,4,8,15,28,5,9,11,21,4,2,4,3,3,6,3,3,1,0,2,2,1,9,2,8
2016,7,LVDPA0515,371,168,45,203,55,22,6,26,7,48,13,70,19,40,11,58,16,67,18,40,11,10,11,24,36,22,25,31,9,12,15,24,34,18,33,36,31
2016,7,LVDPA0516,105,48,46,57,54,8,8,6,6,9,9,12,11,12,11,14,13,15,14,29,28,5,4,4,6,5,8,7,9,3,2,5,6,7,6,8,20
2016,7,LVDPA0517,346,161,47,185,53,21,6,32,9,57,16,43,12,53,15,43,12,44,13,53,15,7,20,26,24,31,21,19,13,14,12,31,19,22,22,25,40
2016,7,LVDPA0518,636,301,47,335,53,46,7,66,10,65,10,99,16,104,16,80,13,92,14,84,13,21,30,31,58,60,32,37,32,25,36,34,41,44,48,55,52
2016,7,LVDPA0519,467,230,49,237,51,34,7,43,9,73,16,65,14,59,13,66,14,58,12,69,15,20,22,41,37,31,34,26,19,14,21,32,28,28,32,32,50
2016,7,LVDPA0521,105,53,50,52,50,6,6,8,8,4,4,12,11,13,12,9,9,23,22,30,29,2,7,1,7,8,6,11,11,4,1,3,5,5,3,12,19
2016,7,LVDPA0522,107,46,43,61,57,11,10,3,3,11,10,17,16,11,10,10,9,15,14,29,27,5,2,3,10,6,3,7,10,6,1,8,7,5,7,8,19
2016,7,LVDPA0523,285,132,46,153,54,16,6,24,8,39,14,40,14,29,10,41,14,38,13,58,20,8,10,24,23,16,17,17,17,8,14,15,17,13,24,21,41
2016,7,LVDPA0524,57,27,47,30,53,6,11,2,4,7,12,10,18,10,18,6,11,9,16,7,12,4,1,2,6,5,3,4,2,2,1,5,4,5,3,5,5
2016,7,LVDPA0525,154,74,48,80,52,5,3,9,6,15,10,17,11,14,9,34,22,34,22,26,17,1,4,7,10,8,19,16,9,4,5,8,7,6,15,18,17
2016,7,LVDPA0526,415,197,47,218,53,21,5,26,6,47,11,62,15,47,11,66,16,67,16,79,19,12,15,26,35,21,32,32,24,9,11,21,27,26,34,35,55
2016,7,LVDPA0527,319,154,48,165,52,19,6,30,9,31,10,60,19,35,11,49,15,34,11,61,19,10,13,21,33,21,24,16,16,9,17,10,27,14,25,18,45
2016,7,LVDPA0528,177,84,47,93,53,9,5,11,6,23,13,24,14,28,16,32,18,21,12,29,16,4,8,12,11,15,15,9,10,5,3,11,13,13,17,12,19
2016,7,LVDPA0529,196,87,44,109,56,14,7,21,11,20,10,30,15,22,11,33,17,23,12,33,17,5,9,10,14,12,17,12,8,9,12,10,16,10,16,11,25
2016,7,LVDPA0531,243,118,49,125,51,19,8,13,5,37,15,39,16,25,10,36,15,35,14,39,16,12,4,21,21,14,15,17,14,7,9,16,18,11,21,18,25
2016,7,LVDPA0532,287,127,44,160,56,21,7,24,8,38,13,49,17,31,11,44,15,37,13,43,15,13,11,13,23,14,19,19,15,8,13,25,26,17,25,18,28
2016,7,LVDPA0533,225,108,48,117,52,8,4,9,4,40,18,31,14,23,10,43,19,43,19,28,12,5,3,22,21,8,18,24,7,3,6,18,10,15,25,19,21
2016,7,LVDPA0534,524,241,46,283,54,35,7,48,9,60,11,77,15,64,12,82,16,75,14,83,16,14,22,27,41,32,35,33,37,21,26,33,36,32,47,42,46
2016,7,LVDPA0535,66,33,50,33,50,4,6,2,3,6,9,6,9,6,9,19,29,2,3,21,32,3,1,1,3,4,10,1,10,1,1,5,3,2,9,1,11
2016,7,LVDPA0536,108,51,47,57,53,6,6,6,6,25,23,3,3,12,11,22,20,15,14,19,18,2,4,10,0,9,11,11,4,4,2,15,3,3,11,4,15
2016,7,LVDPA0537,364,156,43,208,57,22,6,24,7,30,8,51,14,39,11,46,13,74,20,78,21,9,12,18,28,19,17,29,24,13,12,12,23,20,29,45,54
2016,7,LVDPA0538,1197,509,43,688,57,71,6,98,8,86,7,105,9,119,10,141,12,220,18,357,30,31,56,48,54,63,60,96,101,40,42,38,51,56,81,124,256
2016,7,LVDPA0539,176,89,51,87,49,12,7,10,6,24,14,22,13,29,16,28,16,25,14,26,15,6,5,11,16,18,15,9,9,6,5,13,6,11,13,16,17
2016,7,LVDPA0540,65,23,35,42,65,9,14,4,6,7,11,9,14,7,11,8,12,11,17,10,15,1,2,2,4,5,3,5,1,8,2,5,5,2,5,6,9
2016,7,LVDPA0541,126,69,55,57,45,8,6,12,10,20,16,14,11,11,9,25,20,11,9,25,20,6,9,11,9,8,13,5,8,2,3,9,5,3,12,6,17
2016,7,LVDPA0542,128,57,45,71,55,21,16,13,10,13,10,13,10,18,14,17,13,17,13,16,13,9,6,7,4,6,10,9,6,12,7,6,9,12,7,8,10
2016,7,LVDPA0543,388,172,44,216,56,29,7,36,9,38,10,63,16,53,14,56,14,45,12,68,18,10,22,19,36,27,20,20,18,19,14,19,27,26,36,25,50
2016,7,LVDPA0544,248,121,49,127,51,24,10,31,13,25,10,28,11,50,20,34,14,25,10,31,13,12,15,15,13,23,21,10,12,12,16,10,15,27,13,15,19
2016,7,LVDPA0545,424,190,45,234,55,35,8,23,5,43,10,58,14,49,12,67,16,55,13,94,22,13,11,20,35,27,32,26,26,22,12,23,23,22,35,29,68
2016,7,LVDPA0546,150,64,43,86,57,12,8,12,8,19,13,19,13,18,12,24,16,22,15,24,16,6,3,7,11,8,12,13,4,6,9,12,8,10,12,9,20
2016,7,LVDPA0547,280,126,45,154,55,20,7,36,13,43,15,29,10,36,13,30,11,33,12,53,19,8,11,19,18,15,19,19,17,12,25,24,11,21,11,14,36
2016,7,LVDPA0548,296,145,49,151,51,24,8,22,7,40,14,51,17,26,9,51,17,38,13,44,15,12,10,25,28,11,26,21,12,12,12,15,23,15,25,17,32
2016,7,LVDPA0549,148,69,47,79,53,6,4,8,5,11,7,15,10,9,6,21,14,18,12,60,41,2,4,7,6,6,7,15,22,4,4,4,9,3,14,3,38
2016,7,LVDPA0550,235,107,46,128,54,17,7,20,9,24,10,43,18,20,9,38,16,34,14,39,17,7,11,11,24,10,16,17,11,10,9,13,19,10,22,17,28
2016,7,LVDPA0551,468,206,44,262,56,33,7,56,12,61,13,51,11,57,12,42,9,66,14,102,22,21,32,27,23,28,16,31,28,12,24,34,28,29,26,35,74
2016,7,LVDPA0553,54,29,54,25,46,3,6,5,9,7,13,4,7,7,13,11,20,6,11,11,20,3,3,3,1,5,9,2,3,0,2,4,3,2,2,4,8
2016,7,LVDPA0554,270,135,50,135,50,18,7,28,10,46,17,37,14,36,13,37,14,32,12,36,13,8,14,26,22,19,19,19,8,10,14,20,15,17,18,13,28
2016,7,LVDPA0555,138,66,48,72,52,15,11,7,5,19,14,24,17,12,9,27,20,11,8,23,17,2,4,11,15,8,15,6,5,13,3,8,9,4,12,5,18
2016,7,LVDPA0556,66,33,50,33,50,7,11,4,6,9,14,8,12,14,21,7,11,5,8,12,18,4,3,3,5,8,4,2,4,3,1,6,3,6,3,3,8
2016,7,LVDPA0557,654,288,44,366,56,59,9,61,9,88,13,92,14,77,12,82,13,85,13,110,17,28,31,42,50,32,45,34,26,31,30,46,42,45,37,51,84
2016,7,LVDPA0558,350,168,48,182,52,23,7,18,5,54,15,33,9,36,10,44,13,43,12,99,28,12,9,33,20,18,22,24,30,11,9,21,13,18,22,19,69
2016,7,LVDPA0559,82,34,41,48,59,3,4,9,11,13,16,11,13,8,10,15,18,9,11,14,17,2,4,4,6,2,8,4,4,1,5,9,5,6,7,5,10
2016,7,LVDPA0560,350,160,46,190,54,17,5,42,12,33,9,59,17,42,12,51,15,50,14,56,16,6,24,15,30,24,21,19,21,11,18,18,29,18,30,31,35
2016,7,LVDPA0561,170,84,49,86,51,12,7,16,9,18,11,23,14,28,16,23,14,20,12,30,18,6,5,11,14,14,13,11,10,6,11,7,9,14,10,9,20
2016,7,LVDPA0562,119,58,49,61,51,7,6,9,8,16,13,9,8,12,10,27,23,15,13,24,20,4,3,9,6,3,16,6,11,3,6,7,3,9,11,9,13
2016,7,LVDPA0563,202,86,43,116,57,11,5,15,7,33,16,24,12,24,12,31,15,30,15,34,17,4,6,12,16,9,16,11,12,7,9,21,8,15,15,19,22
2016,7,LVDPA0565,127,58,46,69,54,6,5,7,6,16,13,20,16,12,9,22,17,19,15,25,20,5,3,11,8,4,9,10,8,1,4,5,12,8,13,9,17
2016,7,LVDPA0566,399,200,50,199,50,26,7,38,10,55,14,59,15,55,14,63,16,43,11,60,15,13,24,29,36,28,38,18,14,13,14,26,23,27,25,25,46
2016,7,LVDPA0567,55,31,56,24,44,5,9,4,7,13,24,2,4,10,18,4,7,6,11,11,20,4,3,8,1,4,3,4,4,1,1,5,1,6,1,2,7
2016,7,LVDPA0568,110,45,41,65,59,10,9,5,5,17,15,16,15,5,5,16,15,20,18,21,19,3,4,5,10,1,8,8,6,7,1,12,6,4,8,12,15
2016,7,LVDPA0569,209,105,50,104,50,16,8,26,12,29,14,29,14,25,12,29,14,23,11,32,15,5,15,20,14,15,13,13,10,11,11,9,15,10,16,10,22
2016,7,LVDPA0570,412,204,50,208,50,34,8,39,9,43,10,63,15,43,10,54,13,51,12,85,21,21,25,26,40,26,24,21,21,13,14,17,23,17,30,30,64
2016,7,LVDPA0571,358,169,47,189,53,29,8,26,7,43,12,65,18,35,10,63,18,41,11,56,16,10,12,23,39,19,29,20,17,19,14,20,26,16,34,21,39
2016,7,LVDPA0572,223,104,47,119,53,19,9,19,9,26,12,42,19,20,9,36,16,28,13,33,15,10,15,12,18,9,16,14,10,9,4,14,24,11,20,14,23
2016,7,LVDPA0573,193,93,48,100,52,12,6,16,8,24,12,39,20,21,11,27,14,25,13,29,15,7,8,12,21,9,13,11,12,5,8,12,18,12,14,14,17
2016,7,LVDPA0574,218,109,50,109,50,11,5,18,8,26,12,34,16,38,17,26,12,25,11,40,18,7,7,13,20,24,14,11,13,4,11,13,14,14,12,14,27
2016,7,LVDPA0575,340,156,46,184,54,24,7,29,9,26,8,59,17,35,10,59,17,44,13,64,19,12,14,15,27,15,29,23,21,12,15,11,32,20,30,21,43
2016,7,LVDPA0577,367,182,50,185,50,20,5,40,11,38,10,56,15,47,13,57,16,48,13,61,17,10,23,24,29,24,28,26,18,10,17,14,27,23,29,22,43
2016,7,LVDPA0578,508,234,46,274,54,25,5,43,8,99,19,47,9,61,12,76,15,78,15,79,16,15,24,47,22,31,36,34,25,10,19,52,25,30,40,44,54
2016,7,LVDPA0579,479,242,51,237,49,38,8,47,10,54,11,88,18,67,14,66,14,55,11,64,13,22,26,29,48,39,36,19,23,16,21,25,40,28,30,36,41
2016,7,LVDPA0580,120,56,47,64,53,14,12,14,12,16,13,14,12,11,9,18,15,20,17,13,11,8,5,10,7,6,9,10,1,6,9,6,7,5,9,10,12
2016,7,LVDPA0581,69,35,51,34,49,2,3,4,6,5,7,9,13,8,12,12,17,16,23,13,19,2,3,3,6,3,8,7,3,0,1,2,3,5,4,9,10
2016,7,LVDPA0582,356,168,47,188,53,20,6,28,8,55,15,40,11,50,14,47,13,54,15,62,17,15,11,28,28,25,22,19,20,5,17,27,12,25,25,35,42
2016,7,LVDPA0583,228,110,48,118,52,21,9,13,6,48,21,26,11,26,11,31,14,35,15,28,12,9,7,26,15,15,15,15,8,12,6,22,11,11,16,20,20
2016,7,LVDPA0584,277,127,46,150,54,21,8,24,9,36,13,38,14,31,11,46,17,26,9,55,20,11,10,19,15,19,23,12,18,10,14,17,23,12,23,14,37
2016,7,LVDPA0585,479,230,48,249,52,45,9,49,10,86,18,63,13,52,11,71,15,53,11,60,13,26,24,41,33,27,32,24,23,19,25,45,30,25,39,29,37
2016,7,LVDPA0586,67,33,49,34,51,5,7,3,4,5,7,6,9,8,12,9,13,15,22,16,24,1,3,4,4,3,3,9,6,4,0,1,2,5,6,6,10
2016,7,LVDPA0587,312,145,46,167,54,18,6,29,9,44,14,44,14,31,10,55,18,48,15,43,14,10,13,27,20,15,23,24,13,8,16,17,24,16,32,24,30
2016,7,LVDPA0588,209,91,44,118,56,11,5,16,8,31,15,36,17,23,11,40,19,25,12,27,13,1,9,12,21,11,17,12,8,10,7,19,15,12,23,13,19
2016,7,LVDPA0589,171,82,48,89,52,8,5,19,11,27,16,15,9,31,18,32,19,12,7,27,16,4,10,13,12,11,19,5,8,4,9,14,3,20,13,7,19
2016,7,LVDPA0590,251,134,53,117,47,14,6,20,8,41,16,38,15,24,10,52,21,24,10,38,15,6,10,29,26,16,27,9,11,8,10,12,12,8,25,15,27
2016,7,LVDPA0591,290,143,49,147,51,17,6,14,5,38,13,42,14,42,14,59,20,37,13,41,14,8,9,24,23,22,28,19,10,9,5,14,19,20,31,18,31
2016,7,LVDPA0592,175,85,49,90,51,15,9,13,7,32,18,14,8,26,15,22,13,21,12,32,18,8,5,18,7,16,12,9,10,7,8,14,7,10,10,12,22
2016,7,LVDPA0593,67,30,45,37,55,2,3,4,6,10,15,9,13,10,15,10,15,7,10,15,22,1,2,3,8,4,5,4,3,1,2,7,1,6,5,3,12
2016,7,LVDPA0594,120,57,48,63,53,0,0,0,0,1,1,11,9,18,15,25,21,32,27,33,28,0,0,0,5,10,15,16,11,0,0,1,6,8,10,16,22
2016,7,LVDPA0595,197,104,53,93,47,13,7,21,11,18,9,31,16,36,18,17,9,26,13,35,18,6,10,13,14,21,9,12,19,7,11,5,17,15,8,14,16
2016,7,LVDPA0596,320,145,45,175,55,32,10,32,10,36,11,56,18,48,15,37,12,43,13,36,11,19,9,20,26,25,13,24,9,13,23,16,30,23,24,19,27
2016,7,LVDPA0597,158,79,50,79,50,9,6,13,8,21,13,22,14,21,13,20,13,20,13,32,20,6,5,7,15,15,9,9,13,3,8,14,7,6,11,11,19
2016,7,LVDPA0598,49,24,49,25,51,4,8,1,2,3,6,6,12,5,10,14,29,5,10,11,22,2,1,2,5,4,8,1,1,2,0,1,1,1,6,4,10
2016,7,LVDPA0599,193,91,47,102,53,15,8,26,13,22,11,21,11,30,16,30,16,25,13,24,12,13,13,8,12,13,13,12,7,2,13,14,9,17,17,13,17
2016,7,LVDPA0600,132,66,50,66,50,10,8,18,14,28,21,16,12,15,11,18,14,12,9,15,11,4,9,18,10,8,8,6,3,6,9,10,6,7,10,6,12
2016,7,LVDPA0601,68,34,50,34,50,8,12,7,10,11,16,9,13,7,10,10,15,9,13,7,10,4,5,3,5,4,5,6,2,4,2,8,4,3,5,3,5
2016,7,LVDPA0602,42,22,52,20,48,4,10,3,7,5,12,2,5,5,12,9,21,6,14,8,19,2,2,2,1,1,5,4,5,2,1,3,1,4,4,2,3
2016,7,LVDPA0603,377,171,45,206,55,25,7,29,8,54,14,57,15,45,12,56,15,49,13,62,16,13,13,26,32,21,24,24,18,12,16,28,25,24,32,25,44
2016,7,LVDPA0604,298,131,44,167,56,20,7,31,10,36,12,40,13,34,11,48,16,43,14,46,15,7,12,16,20,20,20,19,17,13,19,20,20,14,28,24,29
2016,7,LVDPA0605,277,128,46,149,54,23,8,27,10,43,16,33,12,44,16,33,12,38,14,36,13,12,14,16,18,23,12,21,12,11,13,27,15,21,21,17,24
2016,7,LVDPA0606,176,90,51,86,49,12,7,20,11,25,14,24,14,15,9,23,13,21,12,36,20,6,16,14,17,6,11,9,11,6,4,11,7,9,12,12,25
2016,7,LVDPA0607,154,73,47,81,53,6,4,12,8,25,16,13,8,15,10,25,16,23,15,35,23,2,6,14,7,8,13,11,12,4,6,11,6,7,12,12,23
2016,7,LVDPA0608,242,110,45,132,55,13,5,16,7,25,10,28,12,25,10,25,10,43,18,67,28,7,9,12,13,15,10,18,26,6,7,13,15,10,15,25,41
2016,7,LVDPA0609,134,66,49,68,51,3,2,5,4,19,14,17,13,16,12,39,29,20,15,15,11,3,3,9,13,8,18,8,4,0,2,10,4,8,21,12,11
2016,7,LVDPA0610,229,114,50,115,50,20,9,25,11,39,17,27,12,30,13,30,13,27,12,31,14,10,18,20,13,13,19,11,10,10,7,19,14,17,11,16,21
2016,7,LVDPA0611,183,93,51,90,49,12,7,28,15,32,17,17,9,29,16,23,13,21,11,21,11,6,15,20,8,16,11,10,7,6,13,12,9,13,12,11,14
2016,7,LVDPA0612,249,120,48,129,52,21,8,30,12,37,15,29,12,35,14,33,13,27,11,37,15,10,20,20,13,20,14,13,10,11,10,17,16,15,19,14,27
2016,7,LVDPA0613,119,67,56,52,44,7,6,9,8,8,7,16,13,12,10,15,13,25,21,27,23,5,7,5,11,8,8,13,10,2,2,3,5,4,7,12,17
2016,7,LVDPA0614,101,53,52,48,48,8,8,8,8,16,16,15,15,12,12,13,13,7,7,22,22,4,5,10,8,7,7,4,8,4,3,6,7,5,6,3,14
2016,7,LVDPA0615,177,82,46,95,54,6,3,13,7,34,19,14,8,15,8,28,16,21,12,46,26,3,6,19,9,9,13,6,17,3,7,15,5,6,15,15,29
2016,7,LVDPA0616,298,141,47,157,53,22,7,23,8,31,10,59,20,33,11,45,15,45,15,40,13,13,9,13,32,16,25,23,10,9,14,18,27,17,20,22,30
2016,7,LVDPA0617,164,85,52,79,48,8,5,11,7,25,15,29,18,16,10,19,12,36,22,20,12,4,5,17,18,9,6,17,9,4,6,8,11,7,13,19,11
2016,7,LVDPA0618,61,32,52,29,48,2,3,3,5,9,15,5,8,9,15,9,15,12,20,12,20,2,1,4,5,4,5,8,3,0,2,5,0,5,4,4,9
2016,7,LVDPA0619,50,25,50,25,50,4,8,4,8,10,20,3,6,7,14,6,12,8,16,8,16,3,3,5,1,4,2,5,2,1,1,5,2,3,4,3,6
2016,7,LVDPA0620,294,149,51,145,49,11,4,20,7,29,10,44,15,34,12,41,14,45,15,70,24,8,10,14,26,16,25,24,26,3,10,15,18,18,16,21,44
2016,7,LVDPA0621,245,104,42,141,58,17,7,14,6,23,9,34,14,24,10,30,12,38,16,65,27,8,8,13,19,8,15,16,17,9,6,10,15,16,15,22,48
2016,7,LVDPA0622,430,222,52,208,48,25,6,37,9,59,14,65,15,49,11,86,20,61,14,48,11,20,19,35,39,25,36,33,15,5,18,24,26,24,50,28,33
2016,7,LVDPA0623,924,451,49,473,51,108,12,123,13,75,8,106,11,178,19,80,9,89,10,165,18,56,61,40,47,90,47,42,68,52,62,35,59,88,33,47,97
2016,7,LVDPA0626,153,67,44,86,56,9,6,8,5,13,8,26,17,21,14,18,12,23,15,35,23,2,4,9,11,11,11,10,9,7,4,4,15,10,7,13,26
2016,7,LVDPA0627,84,44,52,40,48,7,8,6,7,12,14,11,13,8,10,11,13,14,17,15,18,4,4,5,7,5,6,6,7,3,2,7,4,3,5,8,8
2016,7,LVDPA0628,294,138,47,156,53,17,6,38,13,35,12,51,17,41,14,39,13,42,14,31,11,8,20,19,28,18,19,17,9,9,18,16,23,23,20,25,22
2016,7,LVDPA0629,76,36,47,40,53,6,8,6,8,15,20,6,8,9,12,15,20,6,8,13,17,2,2,8,4,4,9,2,5,4,4,7,2,5,6,4,8
2016,7,LVDPA0630,138,73,53,65,47,2,1,5,4,10,7,24,17,10,7,19,14,34,25,34,25,1,1,8,18,5,9,18,13,1,4,2,6,5,10,16,21
2016,7,LVDPA0631,267,128,48,139,52,17,6,22,8,30,11,30,11,31,12,33,12,41,15,63,24,7,14,15,19,15,15,25,18,10,8,15,11,16,18,16,45
2016,7,LVDPA0632,516,232,45,284,55,34,7,37,7,65,13,83,16,52,10,68,13,91,18,86,17,15,21,29,44,25,28,39,31,19,16,36,39,27,40,52,55
2016,7,LVDPA0633,823,383,47,440,53,56,7,90,11,80,10,136,17,126,15,102,12,104,13,129,16,34,43,38,68,64,51,38,47,22,47,42,68,62,51,66,82
2016,7,LVDPA0634,422,206,49,216,51,37,9,45,11,45,11,75,18,59,14,57,14,45,11,59,14,22,21,27,44,26,27,18,21,15,24,18,31,33,30,27,38
2016,7,LVDPA0635,1017,455,45,562,55,65,6,78,8,132,13,136,13,148,15,153,15,137,13,168,17,34,37,64,75,64,75,51,55,31,41,68,61,84,78,86,113
2016,7,LVDPA0636,56,28,50,28,50,1,2,8,14,7,13,7,13,7,13,6,11,7,13,13,23,0,5,1,5,3,5,4,5,1,3,6,2,4,1,3,8
2016,7,LVDPA0637,104,53,51,51,49,5,5,13,13,13,13,16,15,12,12,15,14,13,13,17,16,3,8,6,11,7,6,6,6,2,5,7,5,5,9,7,11
2016,7,LVDPA0638,134,69,51,65,49,13,10,7,5,19,14,16,12,14,10,19,14,18,13,28,21,5,6,12,10,8,9,8,11,8,1,7,6,6,10,10,17
2016,7,LVDPA0639,171,82,48,89,52,6,4,13,8,24,14,19,11,21,12,27,16,36,21,25,15,1,7,13,10,11,12,22,6,5,6,11,9,10,15,14,19
2016,7,LVDPA0640,62,28,45,34,55,1,2,1,2,8,13,10,16,6,10,11,18,18,29,7,11,0,0,5,5,3,5,8,2,1,1,3,5,3,6,10,5
2016,7,LVDPA0641,263,129,49,134,51,16,6,33,13,45,17,37,14,40,15,30,11,32,12,30,11,9,16,25,22,17,15,15,10,7,17,20,15,23,15,17,20
2016,7,LVDPA0642,61,33,54,28,46,5,8,11,18,6,10,10,16,8,13,4,7,7,11,10,16,1,7,4,6,5,1,5,4,4,4,2,4,3,3,2,6
2016,7,LVDPA0643,363,174,48,189,52,22,6,34,9,55,15,53,15,44,12,56,15,52,14,47,13,12,15,27,31,23,28,20,18,10,19,28,22,21,28,32,29
2016,7,LVDPA0644,45,23,51,22,49,2,4,2,4,9,20,4,9,5,11,4,9,8,18,11,24,1,1,4,3,2,1,7,4,1,1,5,1,3,3,1,7
2016,7,LVDPA0645,177,91,51,86,49,13,7,17,10,25,14,21,12,23,13,17,10,35,20,26,15,9,8,13,11,14,6,19,11,4,9,12,10,9,11,16,15
2016,7,LVDPA0646,140,68,49,72,51,5,4,8,6,13,9,16,11,21,15,20,14,22,16,35,25,3,4,7,8,12,11,10,13,2,4,6,8,9,9,12,22
2016,7,LVDPA0647,66,28,42,38,58,4,6,4,6,2,3,6,9,11,17,9,14,8,12,22,33,2,1,1,2,8,5,4,5,2,3,1,4,3,4,4,17
2016,7,LVDPA0649,245,109,44,136,56,18,7,18,7,37,15,30,12,29,12,43,18,34,14,36,15,9,7,17,17,11,21,19,8,9,11,20,13,18,22,15,28
2016,7,LVDPA0650,505,237,47,268,53,53,10,58,11,55,11,83,16,57,11,69,14,52,10,78,15,30,29,27,44,29,31,20,27,23,29,28,39,28,38,32,51
2016,7,LVDPA0651,276,132,48,144,52,17,6,23,8,38,14,45,16,39,14,43,16,39,14,32,12,9,12,18,26,15,19,21,12,8,11,20,19,24,24,18,20
2016,7,LVDPA0652,48,25,52,23,48,1,2,3,6,2,4,9,19,2,4,8,17,15,31,8,17,1,1,1,5,1,6,7,3,0,2,1,4,1,2,8,5
2016,7,LVDPA0653,306,139,45,167,55,19,6,12,4,38,12,36,12,31,10,58,19,38,12,74,24,12,7,15,15,15,26,18,31,7,5,23,21,16,32,20,43
2016,7,LVDPA0654,116,57,49,59,51,4,3,13,11,23,20,7,6,16,14,19,16,17,15,17,15,3,3,13,5,7,11,9,6,1,10,10,2,9,8,8,11
2016,7,LVDPA0655,370,186,50,184,50,34,9,47,13,45,12,40,11,68,18,52,14,32,9,52,14,19,26,22,21,29,33,12,24,15,21,23,19,39,19,20,28
2016,7,LVDPA0657,243,121,50,122,50,19,8,24,10,20,8,35,14,29,12,32,13,35,14,49,20,12,17,10,16,17,16,18,15,7,7,10,19,12,16,17,34
2016,7,LVDPA0658,101,48,48,53,52,4,4,4,4,13,13,15,15,11,11,14,14,17,17,23,23,3,3,2,10,5,8,7,10,1,1,11,5,6,6,10,13
2016,7,LVDPA0659,190,97,51,93,49,19,10,24,13,27,14,34,18,21,11,18,9,28,15,19,10,12,16,9,18,12,10,11,9,7,8,18,16,9,8,17,10
2016,7,LVDPA0660,276,131,47,145,53,21,8,29,11,32,12,35,13,33,12,33,12,42,15,51,18,11,15,16,19,19,14,21,16,10,14,16,16,14,19,21,35
2016,7,LVDPA0661,46,21,46,25,54,4,9,2,4,9,20,6,13,4,9,6,13,7,15,8,17,2,0,4,4,2,4,2,3,2,2,5,2,2,2,5,5
2016,7,LVDPA0662,260,121,47,139,53,11,4,23,9,37,14,34,13,29,11,43,17,34,13,49,19,5,11,21,21,11,19,17,16,6,12,16,13,18,24,17,33
2016,7,LVDPA0663,196,94,48,102,52,9,5,11,6,26,13,22,11,21,11,29,15,34,17,44,22,5,6,16,11,7,16,17,16,4,5,10,11,14,13,17,28
2016,7,LVDPA0664,595,293,49,302,51,49,8,49,8,71,12,108,18,80,13,93,16,73,12,72,12,30,24,39,53,35,49,36,27,19,25,32,55,45,44,37,45
2016,7,LVDPA0665,212,90,42,122,58,18,8,19,9,38,18,28,13,21,10,44,21,11,5,33,16,7,10,19,16,9,16,8,5,11,9,19,12,12,28,3,28
2016,7,LVDPA0666,107,53,50,54,50,5,5,13,12,9,8,10,9,17,16,13,12,14,13,26,24,3,8,5,6,10,8,6,7,2,5,4,4,7,5,8,19
2016,7,LVDPA0668,115,57,50,58,50,7,6,12,10,24,21,8,7,18,16,15,13,13,11,18,16,4,6,15,1,9,9,7,6,3,6,9,7,9,6,6,12
2016,7,LVDPA0669,178,83,47,95,53,11,6,13,7,19,11,30,17,19,11,25,14,30,17,31,17,7,7,9,15,11,9,12,13,4,6,10,15,8,16,18,18
2016,7,LVDPA0670,67,31,46,36,54,5,7,2,3,9,13,9,13,9,13,7,10,11,16,15,22,2,0,5,4,5,4,5,6,3,2,4,5,4,3,6,9
2016,7,LVDPA0671,76,33,43,43,57,3,4,9,12,15,20,10,13,2,3,11,14,16,21,10,13,0,3,6,5,0,6,9,4,3,6,9,5,2,5,7,6
2016,7,LVDPA0672,76,42,55,34,45,6,8,4,5,9,12,11,14,11,14,8,11,15,20,12,16,4,3,7,7,7,3,7,4,2,1,2,4,4,5,8,8
2016,7,LVDPA0673,72,43,60,29,40,3,4,9,13,6,8,13,18,15,21,8,11,9,13,9,13,2,5,5,9,10,3,5,4,1,4,1,4,5,5,4,5
2016,7,LVDPA0674,46,25,54,21,46,1,2,6,13,4,9,6,13,6,13,5,11,9,20,9,20,1,5,3,3,4,3,3,3,0,1,1,3,2,2,6,6
2016,7,LVDPA0675,89,40,45,49,55,6,7,15,17,13,15,5,6,19,21,8,9,9,10,14,16,2,7,6,2,10,6,3,4,4,8,7,3,9,2,6,10
2016,7,LVDPA0676,111,48,43,63,57,6,5,7,6,15,14,17,15,16,14,18,16,16,14,16,14,3,3,7,9,9,4,6,7,3,4,8,8,7,14,10,9
2016,7,LVDPA0677,257,118,46,139,54,11,4,17,7,20,8,33,13,38,15,24,9,50,19,64,25,6,11,14,18,20,8,21,20,5,6,6,15,18,16,29,44
2016,7,LVDPA0678,183,84,46,99,54,17,9,16,9,14,8,35,19,10,5,29,16,39,21,23,13,5,8,9,16,7,14,19,6,12,8,5,19,3,15,20,17
2016,7,LVDPA0679,333,153,46,180,54,33,10,26,8,39,12,58,17,46,14,47,14,44,13,40,12,14,13,19,36,23,20,17,11,19,13,20,22,23,27,27,29
2016,7,LVDPA0680,142,62,44,80,56,8,6,16,11,26,18,13,9,21,15,21,15,15,11,22,15,5,7,11,7,9,10,9,4,3,9,15,6,12,11,6,18
2016,7,LVDPA0682,83,40,48,43,52,0,0,10,12,15,18,5,6,13,16,9,11,10,12,21,25,0,5,8,1,8,4,4,10,0,5,7,4,5,5,6,11
2016,7,LVDPA0683,112,60,54,52,46,11,10,6,5,10,9,20,18,9,8,9,8,23,21,24,21,9,2,7,11,5,5,11,10,2,4,3,9,4,4,12,14
2016,7,LVDPA0684,93,51,55,42,45,0,0,7,8,12,13,8,9,9,10,22,24,15,16,20,22,0,4,9,4,4,15,7,8,0,3,3,4,5,7,8,12
2016,7,LVDPA0685,256,132,52,124,48,11,4,17,7,30,12,46,18,29,11,37,14,35,14,51,20,9,12,20,23,18,19,17,14,2,5,10,23,11,18,18,37
2016,7,LVDPA0686,152,70,46,82,54,11,7,10,7,25,16,18,12,18,12,27,18,19,13,24,16,9,4,12,8,8,13,9,7,2,6,13,10,10,14,10,17
2016,7,LVDPA0687,128,61,48,67,52,12,9,16,13,7,5,22,17,15,12,15,12,21,16,20,16,9,5,5,11,9,9,8,5,3,11,2,11,6,6,13,15
2016,7,LVDPA0688,76,37,49,39,51,5,7,5,7,6,8,8,11,14,18,11,14,13,17,14,18,1,1,3,6,9,7,6,4,4,4,3,2,5,4,7,10
2016,7,LVDPA0689,58,29,50,29,50,5,9,6,10,4,7,10,17,8,14,10,17,5,9,10,17,3,2,3,6,4,6,2,3,2,4,1,4,4,4,3,7
2016,7,LVDPA0690,228,112,49,116,51,14,6,15,7,30,13,31,14,29,13,33,14,47,21,29,13,7,11,17,16,17,15,21,8,7,4,13,15,12,18,26,21
2016,7,LVDPA0691,120,63,53,57,48,3,3,10,8,16,13,22,18,14,12,20,17,14,12,21,18,1,7,7,12,10,13,7,6,2,3,9,10,4,7,7,15
2016,7,LVDPA0692,110,52,47,58,53,6,5,10,9,14,13,14,13,19,17,12,11,18,16,17,15,4,6,7,8,7,6,10,4,2,4,7,6,12,6,8,13
2016,7,LVDPA0693,79,37,47,42,53,4,5,8,10,9,11,7,9,10,13,9,11,7,9,25,32,2,4,5,5,4,4,3,10,2,4,4,2,6,5,4,15
2016,7,LVDPA0694,188,80,43,108,57,18,10,11,6,30,16,22,12,27,14,22,12,23,12,35,19,11,4,9,12,15,9,13,7,7,7,21,10,12,13,10,28
2016,7,LVDPA0695,68,32,47,36,53,2,3,4,6,12,18,4,6,7,10,12,18,14,21,13,19,0,1,8,3,5,4,8,3,2,3,4,1,2,8,6,10
2016,7,LVDPA0696,67,30,45,37,55,7,10,6,9,11,16,3,4,13,19,6,9,8,12,13,19,4,2,4,2,6,4,5,3,3,4,7,1,7,2,3,10
2016,7,LVDPA0697,665,315,47,350,53,52,8,40,6,47,7,76,11,90,14,91,14,93,14,176,26,27,19,27,34,48,45,48,67,25,21,20,42,42,46,45,109
2016,7,LVDPA0698,262,121,46,141,54,38,15,25,10,38,15,45,17,27,10,27,10,28,11,34,13,22,12,20,17,13,12,15,10,16,13,18,28,14,15,13,24
2016,7,LVDPA0699,104,48,46,56,54,16,15,13,13,11,11,19,18,11,11,11,11,9,9,14,13,9,8,2,9,6,5,5,4,7,5,9,10,5,6,4,10
2016,7,LVDPA0700,229,108,47,121,53,10,4,17,7,32,14,40,17,28,12,31,14,41,18,30,13,4,10,16,22,15,13,22,6,6,7,16,18,13,18,19,24
2016,7,LVDPA0702,403,200,50,203,50,33,8,27,7,62,15,65,16,54,13,53,13,57,14,52,13,18,15,37,36,31,23,29,11,15,12,25,29,23,30,28,41
2016,7,LVDPA0703,70,32,46,38,54,5,7,2,3,11,16,6,9,6,9,8,11,6,9,26,37,4,2,5,4,4,4,3,6,1,0,6,2,2,4,3,20
2016,7,LVDPA0704,382,181,47,201,53,16,4,21,5,52,14,58,15,42,11,54,14,52,14,87,23,7,12,24,36,20,29,26,27,9,9,28,22,22,25,26,60
2016,7,LVDPA0705,105,51,49,54,51,6,6,7,7,5,5,18,17,9,9,11,10,25,24,24,23,1,6,1,11,8,4,16,4,5,1,4,7,1,7,9,20
2016,7,LVDPA0706,187,92,49,95,51,16,9,16,9,25,13,26,14,26,14,22,12,30,16,26,14,7,8,12,16,12,11,18,8,9,8,13,10,14,11,12,18
2016,7,LVDPA0707,181,93,51,88,49,5,3,12,7,31,17,21,12,17,9,38,21,27,15,30,17,3,5,18,13,10,21,15,8,2,7,13,8,7,17,12,22
2016,7,LVDPA0708,47,27,57,20,43,0,0,4,9,7,15,4,9,5,11,12,26,4,9,11,23,0,3,6,2,3,8,1,4,0,1,1,2,2,4,3,7
2016,7,LVDPA0709,110,57,52,53,48,12,11,7,6,20,18,13,12,15,14,19,17,10,9,14,13,4,5,11,7,7,11,4,8,8,2,9,6,8,8,6,6
2016,7,LVDPA0710,152,80,53,72,47,17,11,9,6,17,11,17,11,15,10,25,16,26,17,26,17,10,7,12,7,9,12,13,10,7,2,5,10,6,13,13,16
2016,7,LVDPA0711,64,29,45,35,55,4,6,2,3,11,17,6,9,5,8,11,17,7,11,18,28,3,1,4,4,1,5,5,6,1,1,7,2,4,6,2,12
2016,7,LVDPA0712,76,43,57,33,43,6,8,8,11,9,12,7,9,9,12,9,12,9,12,19,25,3,7,4,4,5,5,7,8,3,1,5,3,4,4,2,11
2016,7,LVDPA0713,191,97,51,94,49,9,5,16,8,33,17,37,19,12,6,37,19,17,9,30,16,5,10,23,24,3,14,8,10,4,6,10,13,9,23,9,20
2016,7,LVDPA0714,55,30,55,25,45,3,5,8,15,6,11,9,16,2,4,11,20,5,9,11,20,2,6,5,5,0,5,3,4,1,2,1,4,2,6,2,7
2016,7,LVDPA0715,193,98,51,95,49,7,4,14,7,32,17,32,17,26,13,35,18,27,14,20,10,4,9,17,18,15,15,14,6,3,5,15,14,11,20,13,14
2016,7,LVDPA0716,242,123,51,119,49,5,2,22,9,29,12,47,19,29,12,48,20,41,17,21,9,2,13,15,30,15,20,18,10,3,9,14,17,14,28,23,11
2016,7,LVDPA0717,102,48,47,54,53,6,6,14,14,11,11,17,17,12,12,17,17,10,10,15,15,4,7,5,8,5,9,6,4,2,7,6,9,7,8,4,11
2016,7,LVDPA0718,53,26,49,27,51,5,9,3,6,2,4,8,15,9,17,3,6,6,11,17,32,2,3,1,2,7,2,3,6,3,0,1,6,2,1,3,11
2016,7,LVDPA0719,198,87,44,111,56,21,11,12,6,21,11,28,14,20,10,27,14,26,13,43,22,8,7,9,14,9,16,10,14,13,5,12,14,11,11,16,29
2016,7,LVDPA0720,300,144,48,156,52,24,8,31,10,32,11,54,18,37,12,54,18,30,10,38,13,11,18,19,31,19,19,18,9,13,13,13,23,18,35,12,29
2016,7,LVDPA0721,133,67,50,66,50,4,3,7,5,11,8,16,12,23,17,19,14,18,14,35,26,2,4,6,8,13,11,9,14,2,3,5,8,10,8,9,21
2016,7,LVDPA0722,90,52,58,38,42,5,6,3,3,11,12,9,10,5,6,19,21,9,10,29,32,3,1,10,7,3,12,7,9,2,2,1,2,2,7,2,20
2016,7,LVDPA0723,334,166,50,168,50,33,10,39,12,44,13,46,14,37,11,53,16,41,12,41,12,14,20,26,25,17,28,19,17,19,19,18,21,20,25,22,24
2016,7,LVDPA0724,39,21,54,18,46,0,0,7,18,1,3,2,5,6,15,4,10,10,26,9,23,0,4,1,1,3,3,5,4,0,3,0,1,3,1,5,5
2016,7,LVDPA0725,254,128,50,126,50,14,6,13,5,31,12,36,14,38,15,45,18,26,10,51,20,7,8,16,22,25,22,12,16,7,5,15,14,13,23,14,35
2016,7,LVDPA0726,187,86,46,101,54,18,10,18,10,26,14,23,12,22,12,37,20,12,6,31,17,6,11,14,10,13,19,5,8,12,7,12,13,9,18,7,23
2016,7,LVDPA0727,207,100,48,107,52,13,6,19,9,32,15,23,11,23,11,30,14,30,14,37,18,5,6,18,17,10,14,15,15,8,13,14,6,13,16,15,22
2016,7,LVDPA0728,161,81,50,80,50,8,5,7,4,25,16,28,17,12,7,31,19,30,19,20,12,4,5,14,20,5,14,14,5,4,2,11,8,7,17,16,15
2016,7,LVDPA0729,1110,518,47,592,53,78,7,99,9,96,9,136,12,205,18,128,12,146,13,222,20,41,47,46,73,110,59,60,82,37,52,50,63,95,69,86,140
2016,7,LVDPA0731,78,38,49,40,51,10,13,6,8,10,13,19,24,2,3,11,14,11,14,9,12,5,1,7,10,1,4,9,1,5,5,3,9,1,7,2,8
2016,7,LVDPA0732,90,42,47,48,53,1,1,3,3,7,8,4,4,8,9,17,19,11,12,39,43,0,2,3,3,4,11,4,15,1,1,4,1,4,6,7,24
2016,7,LVDPA0733,102,47,46,55,54,7,7,8,8,17,17,5,5,11,11,19,19,17,17,18,18,5,6,7,4,5,10,4,6,2,2,10,1,6,9,13,12
2016,7,LVDPA0734,94,48,51,46,49,5,5,7,7,15,16,17,18,8,9,19,20,14,15,9,10,3,3,9,10,2,11,6,4,2,4,6,7,6,8,8,5
2016,7,LVDPA0735,138,66,48,72,52,12,9,8,6,19,14,10,7,22,16,23,17,16,12,28,20,3,2,13,4,15,14,8,7,9,6,6,6,7,9,8,21
2016,7,LVDPA0736,150,69,46,81,54,9,6,19,13,16,11,32,21,13,9,18,12,18,12,25,17,2,8,8,18,6,7,7,13,7,11,8,14,7,11,11,12
2016,7,LVDPA0737,329,174,53,155,47,21,6,34,10,43,13,55,17,48,15,58,18,34,10,36,11,11,23,23,32,24,30,15,16,10,11,20,23,24,28,19,20
2016,7,LVDPA0738,39,21,54,18,46,0,0,4,10,8,21,0,0,6,15,7,18,6,15,8,21,0,3,4,0,3,5,2,4,0,1,4,0,3,2,4,4
2016,7,LVDPA0739,295,146,49,149,51,19,6,26,9,54,18,52,18,35,12,38,13,36,12,35,12,12,12,29,33,17,15,17,11,7,14,25,19,18,23,19,24
2016,7,LVDPA0740,174,81,47,93,53,11,6,12,7,24,14,26,15,22,13,27,16,33,19,19,11,5,7,9,15,11,13,16,5,6,5,15,11,11,14,17,14
2016,7,LVDPA0741,369,178,48,191,52,32,9,28,8,49,13,53,14,47,13,41,11,58,16,61,17,19,12,28,30,24,17,22,26,13,16,21,23,23,24,36,35
2016,7,LVDPA0742,697,332,48,365,52,80,11,79,11,66,9,82,12,131,19,87,12,59,8,113,16,39,45,33,39,65,49,21,41,41,34,33,43,66,38,38,72
2016,7,LVDPA0743,66,32,48,34,52,3,5,6,9,4,6,10,15,7,11,8,12,14,21,14,21,1,2,2,6,4,5,8,4,2,4,2,4,3,3,6,10
2016,7,LVDPA0744,375,179,48,196,52,24,6,25,7,47,13,44,12,53,14,43,11,67,18,72,19,13,11,25,28,26,23,28,25,11,14,22,16,27,20,39,47
2016,7,LVDPA0745,185,84,45,101,55,14,8,11,6,21,11,34,18,25,14,36,19,14,8,30,16,6,1,11,22,13,15,7,9,8,10,10,12,12,21,7,21
2016,7,LVDPA0746,153,72,47,81,53,7,5,18,12,21,14,21,14,11,7,23,15,21,14,31,20,3,10,12,8,6,11,12,10,4,8,9,13,5,12,9,21
2016,7,LVDPA0747,69,36,52,33,48,7,10,6,9,11,16,11,16,5,7,10,14,8,12,11,16,3,4,7,5,4,6,3,4,4,2,4,6,1,4,5,7
2016,7,LVDPA0748,113,55,49,58,51,5,4,5,4,14,12,15,13,11,10,17,15,19,17,27,24,3,3,6,10,7,9,7,10,2,2,8,5,4,8,12,17
2016,7,LVDPA0749,148,73,49,75,51,8,5,20,14,19,13,19,13,18,12,19,13,14,9,31,21,6,13,12,9,9,9,6,9,2,7,7,10,9,10,8,22
2016,7,LVDPA0752,94,47,50,47,50,5,5,4,4,13,14,13,14,15,16,11,12,12,13,21,22,3,1,6,6,10,9,5,7,2,3,7,7,5,2,7,14
2016,7,LVDPA0754,92,45,49,47,51,7,8,13,14,7,8,15,16,14,15,8,9,11,12,17,18,5,6,3,9,8,4,3,7,2,7,4,6,6,4,8,10
2016,7,LVDPA0755,131,65,50,66,50,6,5,2,2,11,8,23,18,14,11,25,19,21,16,29,22,5,0,6,11,8,14,11,10,1,2,5,12,6,11,10,19
2016,7,LVDPA0756,219,105,48,114,52,16,7,15,7,23,11,34,16,25,11,41,19,28,13,37,17,10,5,16,22,17,18,11,6,6,10,7,12,8,23,17,31
2016,7,LVDPA0757,345,163,47,182,53,24,7,42,12,55,16,53,15,40,12,45,13,30,9,56,16,12,22,32,28,18,18,15,18,12,20,23,25,22,27,15,38
2016,7,LVDPA0758,374,193,52,181,48,13,3,22,6,48,13,49,13,33,9,69,18,68,18,72,19,10,16,26,33,16,34,34,24,3,6,22,16,17,35,34,48
2016,7,LVDPA0759,65,32,49,33,51,0,0,6,9,6,9,6,9,6,9,15,23,10,15,16,25,0,4,4,3,4,6,4,7,0,2,2,3,2,9,6,9
2016,7,LVDPA0760,208,108,52,100,48,17,8,19,9,24,12,34,16,29,14,26,13,26,13,33,16,10,12,15,16,19,13,14,9,7,7,9,18,10,13,12,24
2016,7,LVDPA0761,203,96,47,107,53,19,9,21,10,23,11,23,11,23,11,31,15,27,13,36,18,14,13,13,12,11,15,9,9,5,8,10,11,12,16,18,27
2016,7,LVDPA0762,89,42,47,47,53,11,12,8,9,7,8,16,18,9,10,16,18,7,8,15,17,8,3,3,7,6,8,4,3,3,5,4,9,3,8,3,12
2016,7,LVDPA0763,203,96,47,107,53,12,6,17,8,18,9,29,14,26,13,32,16,26,13,43,21,7,11,9,15,14,16,10,14,5,6,9,14,12,16,16,29
2016,7,LVDPA0764,220,98,45,122,55,14,6,11,5,31,14,25,11,21,10,39,18,35,16,44,20,5,2,18,11,12,18,16,16,9,9,13,14,9,21,19,28
2016,7,LVDPA0765,97,49,51,48,49,3,3,7,7,9,9,18,19,10,10,18,19,16,16,16,16,2,4,4,10,8,10,7,4,1,3,5,8,2,8,9,12
2016,7,LVDPA0766,248,127,51,121,49,11,4,13,5,32,13,41,17,20,8,48,19,29,12,54,22,6,10,21,23,9,26,14,18,5,3,11,18,11,22,15,36
2016,7,LVDPA0767,72,35,49,37,51,9,13,2,3,4,6,19,26,3,4,15,21,9,13,11,15,3,1,3,11,3,7,4,3,6,1,1,8,0,8,5,8
2016,7,LVDPA0768,123,60,49,63,51,11,9,6,5,15,12,22,18,12,10,19,15,18,15,20,16,6,4,8,10,8,8,11,5,5,2,7,12,4,11,7,15
2016,7,LVDPA0769,119,64,54,55,46,12,10,6,5,13,11,19,16,12,10,16,13,18,15,23,19,10,3,9,9,5,7,12,9,2,3,4,10,7,9,6,14
2016,7,LVDPA0770,96,42,44,54,56,12,13,7,7,16,17,13,14,14,15,14,15,8,8,12,13,4,3,8,7,7,7,4,2,8,4,8,6,7,7,4,10
2016,7,LVDPA0771,73,42,58,31,42,4,5,4,5,11,15,11,15,11,15,12,16,8,11,12,16,4,1,8,8,7,4,5,5,0,3,3,3,4,8,3,7
2016,7,LVDPA0772,1170,522,45,648,55,102,9,158,14,169,14,151,13,175,15,153,13,130,11,132,11,53,76,74,75,78,73,60,33,49,82,95,76,97,80,70,99
2016,7,LVDPA0773,93,40,43,53,57,7,8,7,8,12,13,4,4,14,15,12,13,16,17,21,23,3,4,5,1,5,6,8,8,4,3,7,3,9,6,8,13
2016,7,LVDPA0774,46,23,50,23,50,6,13,3,7,3,7,10,22,1,2,9,20,4,9,10,22,4,1,2,7,0,4,2,3,2,2,1,3,1,5,2,7
2016,7,LVDPA0775,403,191,47,212,53,34,8,36,9,45,11,64,16,48,12,59,15,54,13,63,16,13,22,25,36,22,29,23,21,21,14,20,28,26,30,31,42
2016,7,LVDPA0776,95,50,53,45,47,6,6,2,2,17,18,18,19,8,8,19,20,14,15,11,12,4,1,12,11,2,7,7,6,2,1,5,7,6,12,7,5
2016,7,LVDPA0777,324,152,47,172,53,21,6,37,11,52,16,34,10,33,10,38,12,42,13,67,21,9,23,27,22,19,13,21,18,12,14,25,12,14,25,21,49
2016,7,LVDPA0778,83,38,46,45,54,5,6,11,13,9,11,17,20,12,14,15,18,6,7,8,10,3,4,4,8,7,7,3,2,2,7,5,9,5,8,3,6
2016,7,LVDPA0779,37,22,59,15,41,1,3,2,5,8,22,0,0,7,19,7,19,4,11,8,22,1,2,5,0,4,4,2,4,0,0,3,0,3,3,2,4
2016,7,LVDPA0780,64,32,50,32,50,2,3,3,5,13,20,4,6,8,13,15,23,4,6,15,23,1,2,8,3,4,8,2,4,1,1,5,1,4,7,2,11
2016,7,LVDPA0781,323,151,47,172,53,14,4,21,7,40,12,51,16,29,9,53,16,51,16,64,20,8,9,20,31,16,21,24,22,6,12,20,20,13,32,27,42
2016,7,LVDPA0782,204,101,50,103,50,12,6,23,11,24,12,25,12,30,15,33,16,21,10,36,18,6,12,15,14,14,18,11,11,6,11,9,11,16,15,10,25
2016,7,LVDPA0783,229,112,49,117,51,7,3,25,11,28,12,30,13,36,16,30,13,27,12,46,20,4,17,13,20,19,15,12,12,3,8,15,10,17,15,15,34
2016,7,LVDPA0784,181,90,50,91,50,13,7,16,9,18,10,26,14,25,14,30,17,28,15,25,14,3,10,12,14,10,16,12,13,10,6,6,12,15,14,16,12
2016,7,LVDPA0785,246,113,46,133,54,14,6,36,15,27,11,33,13,31,13,26,11,29,12,50,20,10,15,13,16,16,10,15,18,4,21,14,17,15,16,14,32
2016,7,LVDPA0786,158,83,53,75,47,18,11,8,5,20,13,38,24,13,8,15,9,33,21,13,8,10,3,10,20,11,8,15,6,8,5,10,18,2,7,18,7
2016,7,LVDPA0787,57,26,46,31,54,4,7,4,7,9,16,11,19,11,19,3,5,10,18,5,9,3,1,3,7,7,2,3,0,1,3,6,4,4,1,7,5
2016,7,LVDPA0788,338,149,44,189,56,20,6,20,6,51,15,48,14,36,11,50,15,47,14,66,20,9,9,30,25,18,18,19,21,11,11,21,23,18,32,28,45
2016,7,LVDPA0789,137,62,45,75,55,16,12,7,5,17,12,29,21,5,4,26,19,21,15,16,12,8,4,7,16,2,11,10,4,8,3,10,13,3,15,11,12
2016,7,LVDPA0790,231,122,53,109,47,20,9,15,6,48,21,31,13,33,14,34,15,25,11,25,11,11,7,28,22,17,15,14,8,9,8,20,9,16,19,11,17
2016,7,LVDPA0791,283,138,49,145,51,24,8,19,7,42,15,45,16,40,14,48,17,33,12,32,11,13,12,24,15,21,28,15,10,11,7,18,30,19,20,18,22
2016,7,LVDPA0792,226,105,46,121,54,7,3,20,9,29,13,29,13,27,12,47,21,30,13,37,16,5,5,13,18,12,24,15,13,2,15,16,11,15,23,15,24
2016,7,LVDPA0793,449,218,49,231,51,38,8,46,10,49,11,56,12,85,19,62,14,62,14,51,11,17,23,26,27,42,38,30,15,21,23,23,29,43,24,32,36
2016,7,LVDPA0795,243,121,50,122,50,16,7,28,12,26,11,42,17,24,10,33,14,40,16,34,14,8,18,16,22,14,16,18,9,8,10,10,20,10,17,22,25
2016,7,LVDPA0796,296,148,50,148,50,19,6,35,12,37,13,44,15,38,13,57,19,30,10,36,12,13,18,20,26,19,27,14,11,6,17,17,18,19,30,16,25
2016,7,LVDPA0797,69,38,55,31,45,4,6,1,1,3,4,11,16,6,9,16,23,5,7,23,33,4,0,1,9,4,10,3,7,0,1,2,2,2,6,2,16
2016,7,LVDPA0798,64,31,48,33,52,5,8,6,9,1,2,16,25,6,9,8,13,7,11,15,23,3,3,1,9,4,4,2,5,2,3,0,7,2,4,5,10
2016,7,LVDPA0799,106,49,46,57,54,8,8,11,10,14,13,14,13,12,11,21,20,7,7,19,18,3,6,7,9,6,12,1,5,5,5,7,5,6,9,6,14
2016,7,LVDPA0800,173,79,46,94,54,11,6,15,9,14,8,24,14,21,12,17,10,29,17,42,24,4,6,8,14,14,10,10,13,7,9,6,10,7,7,19,29
2016,7,LVDPA0802,114,55,48,59,52,5,4,4,4,17,15,14,12,19,17,14,12,17,15,24,21,1,3,10,7,12,5,6,11,4,1,7,7,7,9,11,13
2016,7,LVDPA0803,72,37,51,35,49,7,10,6,8,12,17,9,13,13,18,9,13,7,10,9,13,3,3,6,5,9,6,2,3,4,3,6,4,4,3,5,6
2016,7,LVDPA0804,62,25,40,37,60,3,5,2,3,14,23,6,10,6,10,14,23,12,19,5,8,1,0,8,3,3,6,4,0,2,2,6,3,3,8,8,5
2016,7,LVDPA0805,83,40,48,43,52,5,6,8,10,13,16,7,8,14,17,11,13,13,16,12,14,3,4,7,2,6,6,8,4,2,4,6,5,8,5,5,8
2016,7,LVDPA0806,142,64,45,78,55,12,8,10,7,9,6,27,19,15,11,14,10,28,20,27,19,6,6,4,13,7,7,11,10,6,4,5,14,8,7,17,17
2016,7,LVDPA0807,216,105,49,111,51,14,6,15,7,31,14,35,16,26,12,32,15,28,13,35,16,6,10,18,16,14,16,13,12,8,5,13,19,12,16,15,23
2016,7,LVDPA0809,246,115,47,131,53,15,6,21,9,22,9,37,15,29,12,42,17,35,14,45,18,5,10,11,21,16,18,17,17,10,11,11,16,13,24,18,28
2016,7,LVDPA0810,60,28,47,32,53,2,3,5,8,1,2,12,20,5,8,8,13,18,30,9,15,1,2,1,7,3,4,8,2,1,3,0,5,2,4,10,7
2016,7,LVDPA0811,49,24,49,25,51,0,0,2,4,7,14,4,8,2,4,8,16,9,18,17,35,0,1,4,4,0,6,3,6,0,1,3,0,2,2,6,11
2016,7,LVDPA0812,175,82,47,93,53,8,5,13,7,16,9,31,18,21,12,19,11,32,18,35,20,5,6,8,17,11,8,12,15,3,7,8,14,10,11,20,20
2016,7,LVDPA0814,177,89,50,88,50,7,4,14,8,26,15,23,13,28,16,21,12,26,15,32,18,4,9,12,16,14,9,12,13,3,5,14,7,14,12,14,19
2016,7,LVDPA0815,106,52,49,54,51,17,16,11,10,8,8,23,22,13,12,14,13,7,7,13,12,10,8,5,12,7,6,3,1,7,3,3,11,6,8,4,12
2016,7,LVDPA0816,47,22,47,25,53,3,6,4,9,6,13,5,11,6,13,7,15,7,15,9,19,0,1,1,4,5,4,2,5,3,3,5,1,1,3,5,4
2016,7,LVDPA0817,99,50,51,49,49,6,6,6,6,10,10,17,17,10,10,17,17,18,18,15,15,4,4,7,10,6,8,8,3,2,2,3,7,4,9,10,12
2016,7,LVDPA0818,182,88,48,94,52,9,5,18,10,27,15,17,9,23,13,27,15,31,17,30,16,5,7,19,9,12,13,12,11,4,11,8,8,11,14,19,19
2016,7,LVDPA0819,365,176,48,189,52,22,6,34,9,57,16,63,17,44,12,63,17,45,12,37,10,13,17,27,34,23,36,14,12,9,17,30,29,21,27,31,25
2016,7,LVDPA0820,50,28,56,22,44,4,8,2,4,5,10,9,18,3,6,3,6,8,16,16,32,3,2,2,6,3,1,5,6,1,0,3,3,0,2,3,10
2016,7,LVDPA0821,49,27,55,22,45,2,4,2,4,5,10,5,10,7,14,10,20,7,14,11,22,1,2,3,5,4,6,2,4,1,0,2,0,3,4,5,7
2016,7,LVDPA0822,362,161,44,201,56,20,6,34,9,46,13,49,14,42,12,57,16,41,11,73,20,12,15,24,21,23,28,22,16,8,19,22,28,19,29,19,57
2016,7,LVDPA0824,1123,501,45,622,55,70,6,107,10,102,9,116,10,146,13,185,16,141,13,256,23,42,57,52,52,69,92,55,82,28,50,50,64,77,93,86,174
2016,7,LVDPA0825,98,50,51,48,49,7,7,8,8,16,16,15,15,13,13,15,15,10,10,14,14,1,5,12,8,6,7,6,5,6,3,4,7,7,8,4,9
2016,7,LVDPA0827,170,77,45,93,55,14,8,9,5,32,19,29,17,21,12,21,12,24,14,20,12,7,5,15,13,14,6,11,6,7,4,17,16,7,15,13,14
2016,7,LVDPA0828,287,138,48,149,52,18,6,17,6,35,12,42,15,38,13,37,13,53,18,47,16,8,9,21,25,22,19,24,10,10,8,14,17,16,18,29,37
2016,7,LVDPA0829,46,24,52,22,48,3,7,2,4,10,22,5,11,9,20,5,11,5,11,7,15,3,1,6,2,4,3,3,2,0,1,4,3,5,2,2,5
2016,7,LVDPA0830,180,85,47,95,53,14,8,16,9,24,13,30,17,23,13,28,16,21,12,24,13,7,5,18,13,12,14,9,7,7,11,6,17,11,14,12,17
2016,7,LVDPA0831,64,32,50,32,50,3,5,3,5,9,14,8,13,6,9,12,19,4,6,19,30,1,3,3,6,3,8,3,5,2,0,6,2,3,4,1,14
2016,7,LVDPA0832,158,83,53,75,47,11,7,4,3,15,9,20,13,20,13,30,19,32,20,26,16,5,4,9,12,12,16,14,11,6,0,6,8,8,14,18,15
2016,7,LVDPA0833,141,75,53,66,47,15,11,10,7,18,13,14,10,29,21,16,11,9,6,30,21,12,6,13,6,15,8,4,11,3,4,5,8,14,8,5,19
2016,7,LVDPA0834,45,21,47,24,53,0,0,8,18,4,9,7,16,4,9,15,33,4,9,3,7,0,2,1,3,2,11,2,0,0,6,3,4,2,4,2,3
2016,7,LVDPA0835,236,112,47,124,53,22,9,22,9,23,10,48,20,22,9,34,14,27,11,38,16,10,10,12,29,11,20,11,9,12,12,11,19,11,14,16,29
2016,7,LVDPA0836,150,70,47,80,53,11,7,14,9,20,13,19,13,21,14,13,9,24,16,28,19,7,6,12,9,10,4,15,7,4,8,8,10,11,9,9,21
2016,7,LVDPA0837,44,18,41,26,59,0,0,2,5,11,25,3,7,4,9,7,16,12,27,5,11,0,1,4,1,2,3,7,0,0,1,7,2,2,4,5,5
2016,7,LVDPA0842,170,86,51,84,49,7,4,14,8,20,12,24,14,29,17,26,15,18,11,32,19,3,10,9,13,21,10,8,12,4,4,11,11,8,16,10,20
2016,7,LVDPA0844,115,55,48,60,52,8,7,8,7,15,13,20,17,10,9,23,20,10,9,21,18,3,3,7,14,4,13,4,7,5,5,8,6,6,10,6,14
2016,7,LVDPA0845,51,29,57,22,43,1,2,1,2,4,8,11,22,1,2,14,27,7,14,12,24,0,1,2,8,1,8,2,7,1,0,2,3,0,6,5,5
2016,7,LVDPA0846,41,22,54,19,46,2,5,5,12,5,12,3,7,8,20,6,15,6,15,6,15,2,4,2,2,4,3,3,2,0,1,3,1,4,3,3,4
2016,7,LVDPA0847,171,84,49,87,51,14,8,23,13,26,15,15,9,26,15,19,11,20,12,28,16,7,13,12,10,12,9,10,11,7,10,14,5,14,10,10,17
2016,7,LVDPA0848,63,30,48,33,52,6,10,6,10,5,8,5,8,8,13,9,14,11,17,13,21,3,4,2,2,3,7,5,4,3,2,3,3,5,2,6,9
2016,7,LVDPA0849,131,70,53,61,47,7,5,2,2,7,5,11,8,17,13,23,18,26,20,38,29,4,0,4,7,12,14,14,15,3,2,3,4,5,9,12,23
2016,7,LVDPA0850,241,106,44,135,56,15,6,22,9,28,12,41,17,33,14,36,15,24,10,42,17,7,10,11,21,20,14,10,13,8,12,17,20,13,22,14,29
2016,7,LVDPA0852,133,64,48,69,52,5,4,7,5,18,14,17,13,10,8,29,22,19,14,28,21,2,5,10,12,4,10,10,11,3,2,8,5,6,19,9,17
2016,7,LVDPA0853,56,30,54,26,46,2,4,6,11,11,20,5,9,6,11,10,18,2,4,14,25,1,4,6,4,3,7,0,5,1,2,5,1,3,3,2,9
2016,7,LVDPA0854,126,64,51,62,49,8,6,8,6,12,10,33,26,10,8,15,12,17,13,23,18,7,4,7,20,4,9,7,6,1,4,5,13,6,6,10,17
2016,7,LVDPA0855,156,77,49,79,51,15,10,19,12,19,12,17,11,21,13,24,15,19,12,22,14,10,11,8,9,12,10,8,9,5,8,11,8,9,14,11,13
2016,7,LVDPA0856,204,99,49,105,51,18,9,23,11,23,11,22,11,33,16,18,9,21,10,46,23,11,13,14,10,16,9,9,17,7,10,9,12,17,9,12,29
2016,7,LVDPA0857,140,63,45,77,55,20,14,15,11,15,11,22,16,11,8,13,9,12,9,32,23,10,5,9,9,8,7,6,9,10,10,6,13,3,6,6,23
2016,7,LVDPA0858,234,113,48,121,52,15,6,19,8,30,13,35,15,31,13,33,14,28,12,43,18,9,8,19,20,16,18,8,15,6,11,11,15,15,15,20,28
2016,7,LVDPA0859,81,41,51,40,49,6,7,5,6,7,9,8,10,17,21,6,7,14,17,18,22,3,2,6,5,9,5,6,5,3,3,1,3,8,1,8,13
2016,7,LVDPA0860,705,327,46,378,54,55,8,59,8,90,13,76,11,100,14,98,14,77,11,150,21,29,27,47,37,57,50,39,41,26,32,43,39,43,48,38,109
2016,7,LVDPA0861,135,73,54,62,46,13,10,14,10,15,11,25,19,14,10,19,14,18,13,17,13,5,11,11,13,8,11,8,6,8,3,4,12,6,8,10,11
2016,7,LVDPA0862,150,65,43,85,57,1,1,5,3,19,13,12,8,9,6,24,16,11,7,69,46,1,4,11,7,5,12,7,18,0,1,8,5,4,12,4,51
2016,7,LVDPA0863,61,33,54,28,46,4,7,3,5,7,11,7,11,12,20,10,16,9,15,9,15,2,2,3,5,7,4,6,4,2,1,4,2,5,6,3,5
2016,7,LVDPA0866,133,59,44,74,56,8,6,8,6,22,17,19,14,13,10,26,20,12,9,25,19,2,5,11,11,6,13,4,7,6,3,11,8,7,13,8,18
2016,7,LVDPA0867,93,42,45,51,55,9,10,4,4,10,11,15,16,12,13,13,14,12,13,18,19,3,1,5,7,7,6,9,4,6,3,5,8,5,7,3,14
2016,7,LVDPA0869,111,58,52,53,48,7,6,10,9,17,15,19,17,15,14,19,17,9,8,15,14,4,5,12,10,6,9,4,8,3,5,5,9,9,10,5,7
2016,7,LVDPA0870,62,29,47,33,53,4,6,3,5,11,18,3,5,6,10,14,23,8,13,13,21,3,0,5,2,3,8,3,5,1,3,6,1,3,6,5,8
2016,7,LVDPA0871,78,39,50,39,50,2,3,8,10,12,15,6,8,9,12,9,12,13,17,19,24,2,4,8,4,4,5,6,6,0,4,4,2,5,4,7,13
2016,7,LVDPA0872,81,38,47,43,53,6,7,5,6,7,9,12,15,9,11,6,7,20,25,16,20,2,3,5,6,4,2,11,5,4,2,2,6,5,4,9,11
2016,7,LVDPA0873,121,55,45,66,55,13,11,15,12,21,17,11,9,16,13,18,15,12,10,15,12,6,6,12,6,7,10,6,2,7,9,9,5,9,8,6,13
2016,7,LVDPA0874,308,153,50,155,50,31,10,26,8,35,11,46,15,33,11,34,11,43,14,60,19,20,18,19,22,19,13,22,20,11,8,16,24,14,21,21,40
2016,7,LVDPA0875,89,44,49,45,51,5,6,13,15,11,12,14,16,6,7,14,16,12,13,14,16,3,6,6,8,3,6,7,5,2,7,5,6,3,8,5,9
2016,7,LVDPA0876,277,124,45,153,55,12,4,11,4,25,9,46,17,25,9,56,20,37,13,65,23,4,4,15,25,17,23,17,19,8,7,10,21,8,33,20,46
2016,7,LVDPA0877,135,63,47,72,53,4,3,9,7,19,14,16,12,17,13,15,11,28,21,27,20,1,6,7,14,8,6,15,6,3,3,12,2,9,9,13,21
2016,7,LVDPA0878,173,82,47,91,53,12,7,11,6,22,13,22,13,22,13,23,13,28,16,33,19,4,8,14,12,9,13,11,11,8,3,8,10,13,10,17,22
2016,7,LVDPA0879,44,21,48,23,52,3,7,3,7,2,5,5,11,4,9,7,16,11,25,9,20,0,1,2,2,2,3,7,4,3,2,0,3,2,4,4,5
2016,7,LVDPA0880,238,113,47,125,53,15,6,29,12,35,15,24,10,24,10,37,16,33,14,41,17,2,13,19,11,14,19,17,18,13,16,16,13,10,18,16,23
2016,7,LVDPA0881,262,125,48,137,52,17,6,23,9,25,10,47,18,31,12,47,18,30,11,42,16,11,13,11,23,20,19,15,13,6,10,14,24,11,28,15,29
2016,7,LVDPA0885,51,25,49,26,51,0,0,1,2,5,10,3,6,4,8,11,22,12,24,15,29,0,0,3,2,2,6,6,6,0,1,2,1,2,5,6,9
2016,7,LVDPA0886,83,46,55,37,45,5,6,10,12,11,13,13,16,10,12,19,23,5,6,10,12,4,7,7,4,6,10,4,4,1,3,4,9,4,9,1,6
2016,7,LVDPA0887,258,131,51,127,49,16,6,18,7,20,8,36,14,29,11,41,16,37,14,61,24,8,9,11,23,18,19,17,26,8,9,9,13,11,22,20,35
2016,7,LVDPA0888,123,49,40,74,60,6,5,9,7,9,7,26,21,20,16,12,10,19,15,22,18,1,4,3,13,11,4,5,8,5,5,6,13,9,8,14,14
2016,7,LVDPA0890,402,205,51,197,49,38,9,46,11,37,9,51,13,79,20,53,13,36,9,62,15,25,23,24,23,41,31,15,23,13,23,13,28,38,22,21,39
2016,7,LVDPA0891,400,187,47,213,53,23,6,31,8,46,12,55,14,49,12,61,15,57,14,78,20,13,16,23,32,24,27,24,28,10,15,23,23,25,34,33,50
2016,7,LVDPA0892,75,34,45,41,55,8,11,7,9,11,15,14,19,10,13,7,9,7,9,11,15,4,4,5,6,7,3,4,1,4,3,6,8,3,4,3,10
2016,7,LVDPA0893,70,40,57,30,43,6,9,6,9,6,9,16,23,4,6,11,16,9,13,12,17,3,5,5,10,1,6,6,4,3,1,1,6,3,5,3,8
2016,7,LVDPA0895,357,185,52,172,48,1,0,3,1,21,6,37,10,55,15,73,20,61,17,106,30,0,1,18,27,34,38,25,42,1,2,3,10,21,35,36,64
2016,7,LVDPA0896,339,172,51,167,49,19,6,43,13,45,13,61,18,33,10,45,13,50,15,43,13,9,26,25,37,17,20,23,15,10,17,20,24,16,25,27,28
2016,7,LVDPA0897,198,94,47,104,53,10,5,12,6,31,16,30,15,26,13,33,17,25,13,31,16,2,4,18,18,14,17,9,12,8,8,13,12,12,16,16,19
2016,7,LVDPA0898,333,166,50,167,50,35,11,34,10,47,14,48,14,29,9,42,13,54,16,44,13,23,22,23,22,18,17,24,17,12,12,24,26,11,25,30,27
2016,7,LVDPA0899,68,33,49,35,51,6,9,9,13,8,12,12,18,8,12,6,9,9,13,10,15,2,6,1,7,4,4,3,6,4,3,7,5,4,2,6,4
2016,7,LVDPA0900,183,85,46,98,54,19,10,11,6,18,10,41,22,16,9,28,15,28,15,22,12,12,5,8,23,5,11,17,4,7,6,10,18,11,17,11,18
2016,7,LVDPA0901,104,46,44,58,56,5,5,6,6,20,19,8,8,18,17,8,8,16,15,23,22,2,3,8,3,10,5,9,6,3,3,12,5,8,3,7,17
2016,7,LVDPA0903,40,20,50,20,50,0,0,2,5,5,13,5,13,9,23,6,15,7,18,6,15,0,1,4,3,4,3,1,4,0,1,1,2,5,3,6,2
2016,7,LVDPA0905,297,148,50,149,50,36,12,28,9,24,8,40,13,48,16,32,11,47,16,42,14,19,15,11,25,20,16,25,17,17,13,13,15,28,16,22,25
2016,7,LVDPA0906,77,34,44,43,56,3,4,3,4,15,19,7,9,7,9,14,18,10,13,18,23,3,2,6,3,4,6,3,7,0,1,9,4,3,8,7,11
2016,7,LVDPA0907,52,24,46,28,54,7,13,5,10,8,15,7,13,6,12,8,15,7,13,4,8,3,3,4,3,2,4,3,2,4,2,4,4,4,4,4,2
2016,7,LVDPA0908,183,81,44,102,56,10,5,19,10,19,10,20,11,23,13,17,9,37,20,38,21,7,10,8,7,12,13,15,9,3,9,11,13,11,4,22,29
2016,7,LVDPA0909,220,118,54,102,46,18,8,18,8,36,16,32,15,30,14,27,12,28,13,31,14,8,13,23,19,17,15,12,11,10,5,13,13,13,12,16,20
2016,7,LVDPA0910,422,197,47,225,53,35,8,41,10,45,11,57,14,47,11,47,11,65,15,85,20,19,23,24,28,29,22,26,26,16,18,21,29,18,25,39,59
2016,7,LVDPA0913,322,156,48,166,52,22,7,28,9,49,15,57,18,45,14,43,13,40,12,38,12,14,14,28,33,24,20,18,5,8,14,21,24,21,23,22,33
2016,7,LVDPA0914,112,54,48,58,52,9,8,13,12,14,13,17,15,14,13,17,15,17,15,11,10,4,7,7,7,6,11,9,3,5,6,7,10,8,6,8,8
2016,7,LVDPA0915,132,64,48,68,52,10,8,15,11,16,12,13,10,13,10,20,15,22,17,23,17,8,6,10,7,5,8,11,9,2,9,6,6,8,12,11,14
2016,7,LVDPA0916,162,80,49,82,51,4,2,17,10,22,14,17,10,27,17,28,17,17,10,30,19,3,7,11,7,15,17,11,9,1,10,11,10,12,11,6,21
2016,7,LVDPA0917,50,21,42,29,58,5,10,4,8,4,8,4,8,7,14,4,8,8,16,14,28,4,1,2,2,3,2,2,5,1,3,2,2,4,2,6,9
2016,7,LVDPA0918,66,33,50,33,50,7,11,2,3,16,24,10,15,7,11,10,15,4,6,10,15,5,1,10,5,3,4,1,4,2,1,6,5,4,6,3,6
2016,7,LVDPA0919,130,63,48,67,52,7,5,5,4,9,7,14,11,13,10,20,15,20,15,42,32,3,4,4,7,7,12,9,17,4,1,5,7,6,8,11,25
2016,7,LVDPA0920,118,60,51,58,49,10,8,9,8,14,12,17,14,8,7,25,21,12,10,23,19,6,5,8,11,2,15,8,5,4,4,6,6,6,10,4,18
2016,7,LVDPA0921,540,254,47,286,53,33,6,44,8,64,12,75,14,79,15,70,13,75,14,100,19,20,23,37,48,39,30,30,27,13,21,27,27,40,40,45,73
2016,7,LVDPA0922,131,62,47,69,53,7,5,6,5,17,13,16,12,10,8,25,19,20,15,30,23,4,3,9,9,5,11,9,12,3,3,8,7,5,14,11,18
2016,7,LVDPA0925,96,45,47,51,53,7,7,13,14,13,14,9,9,6,6,15,16,12,13,21,22,4,9,5,4,2,7,7,7,3,4,8,5,4,8,5,14
2016,7,LVDPA0927,100,52,52,48,48,8,8,14,14,9,9,8,8,16,16,21,21,7,7,17,17,3,7,7,4,8,15,1,7,5,7,2,4,8,6,6,10
2016,7,LVDPA0928,203,101,50,102,50,11,5,15,7,34,17,31,15,22,11,27,13,29,14,34,17,5,9,15,18,14,13,14,13,6,6,19,13,8,14,15,21
2016,7,LVDPA0931,72,39,54,33,46,3,4,5,7,15,21,6,8,18,25,6,8,10,14,9,13,2,4,10,5,9,3,3,3,1,1,5,1,9,3,7,6
2016,7,LVDPA0933,117,59,50,58,50,3,3,12,10,9,8,19,16,19,16,11,9,23,20,21,18,2,7,3,11,13,6,10,7,1,5,6,8,6,5,13,14
2016,7,LVDPA0935,332,154,46,178,54,31,9,41,12,48,14,43,13,45,14,51,15,31,9,42,13,18,21,24,24,21,25,12,9,13,20,24,19,24,26,19,33
2016,7,LVDPA0936,56,30,54,26,46,3,5,4,7,10,18,4,7,7,13,4,7,11,20,13,23,3,3,6,3,4,0,5,6,0,1,4,1,3,4,6,7
2016,7,LVDPA0937,59,26,44,33,56,4,7,1,2,4,7,8,14,7,12,10,17,9,15,16,27,2,1,1,6,2,5,6,3,2,0,3,2,5,5,3,13
2016,7,LVDPA0938,52,24,46,28,54,8,15,5,10,8,15,7,13,5,10,4,8,6,12,9,17,5,1,4,4,2,2,2,4,3,4,4,3,3,2,4,5
2016,7,LVDPA0939,125,50,40,75,60,2,2,9,7,21,17,20,16,9,7,25,20,19,15,20,16,1,2,8,11,3,11,11,3,1,7,13,9,6,14,8,17
2016,7,LVDPA0941,152,77,51,75,49,13,9,11,7,19,13,25,16,21,14,20,13,12,8,31,20,7,5,11,15,12,11,7,9,6,6,8,10,9,9,5,22
2016,7,LVDPA0942,263,141,54,122,46,3,1,3,1,10,4,39,15,46,17,46,17,61,23,55,21,2,2,2,25,26,26,39,19,1,1,8,14,20,20,22,36
2016,7,LVDPA0943,206,99,48,107,52,15,7,15,7,27,13,23,11,30,15,29,14,30,15,37,18,10,6,12,12,14,16,15,14,5,9,15,11,16,13,15,23
2016,7,LVDPA0944,41,20,49,21,51,0,0,1,2,5,12,6,15,2,5,10,24,7,17,10,24,0,0,4,3,1,7,3,2,0,1,1,3,1,3,4,8
2016,7,LVDPA0945,158,79,50,79,50,9,6,10,6,20,13,29,18,20,13,21,13,22,14,27,17,3,7,12,19,10,10,9,9,6,3,8,10,10,11,13,18
2016,7,LVDPA0947,136,65,48,71,52,7,5,12,9,11,8,15,11,15,11,24,18,26,19,26,19,2,8,5,9,9,12,11,9,5,4,6,6,6,12,15,17
2016,7,LVDPA0948,159,80,50,79,50,5,3,11,7,33,21,18,11,26,16,37,23,11,7,18,11,3,7,19,11,8,23,5,4,2,4,14,7,18,14,6,14
2016,7,LVDPA0949,571,267,47,304,53,54,9,42,7,65,11,92,16,79,14,85,15,77,13,77,13,27,21,31,52,42,40,28,26,27,21,34,40,37,45,49,51
2016,7,LVDPA0950,78,41,53,37,47,3,4,8,10,10,13,12,15,10,13,12,15,9,12,14,18,3,5,5,8,5,5,7,3,0,3,5,4,5,7,2,11
2016,7,LVDPA0951,207,100,48,107,52,14,7,17,8,26,13,32,15,28,14,36,17,27,13,27,13,8,10,16,16,17,16,12,5,6,7,10,16,11,20,15,22
2016,7,LVDPA0952,699,351,50,348,50,50,7,78,11,105,15,104,15,93,13,97,14,90,13,82,12,31,51,47,63,47,49,38,25,19,27,58,41,46,48,52,57
2016,7,LVDPA0953,38,19,50,19,50,2,5,4,11,9,24,8,21,2,5,1,3,10,26,2,5,2,2,4,4,1,0,6,0,0,2,5,4,1,1,4,2
2016,7,LVDPA0954,73,40,55,33,45,15,21,5,7,14,19,13,18,11,15,3,4,6,8,6,8,10,3,8,9,6,1,2,1,5,2,6,4,5,2,4,5
2016,7,LVDPA0955,82,35,43,47,57,3,4,4,5,11,13,10,12,11,13,9,11,17,21,17,21,1,3,6,5,4,2,9,5,2,1,5,5,7,7,8,12
2016,7,LVDPA0956,67,32,48,35,52,4,6,4,6,9,13,14,21,14,21,9,13,4,6,9,13,2,1,5,6,9,5,2,2,2,3,4,8,5,4,2,7
2016,7,LVDPA0957,73,35,48,38,52,5,7,4,5,6,8,15,21,4,5,14,19,11,15,14,19,2,2,1,11,3,6,7,3,3,2,5,4,1,8,4,11
2016,7,LVDPA0958,78,39,50,39,50,9,12,5,6,4,5,15,19,9,12,12,15,11,14,13,17,6,4,1,7,4,6,6,5,3,1,3,8,5,6,5,8
2016,7,LVDPA0959,130,64,49,66,51,5,4,8,6,14,11,16,12,13,10,24,18,14,11,36,28,4,4,7,10,8,14,8,9,1,4,7,6,5,10,6,27
2016,7,LVDPA0960,77,36,47,41,53,5,6,9,12,10,13,11,14,8,10,7,9,16,21,11,14,1,5,6,5,2,4,8,5,4,4,4,6,6,3,8,6
2016,7,LVDPA0961,60,34,57,26,43,4,7,2,3,12,20,8,13,6,10,11,18,6,10,11,18,2,1,6,7,4,6,2,6,2,1,6,1,2,5,4,5
2016,7,LVDPA0963,79,40,51,39,49,3,4,1,1,12,15,9,11,4,5,17,22,13,16,20,25,3,0,6,7,1,9,7,7,0,1,6,2,3,8,6,13
2016,7,LVDPA0964,38,19,50,19,50,2,5,3,8,3,8,3,8,1,3,10,26,3,8,13,34,1,3,2,2,1,5,1,4,1,0,1,1,0,5,2,9
2016,7,LVDPA0965,53,26,49,27,51,2,4,5,9,8,15,7,13,8,15,5,9,6,11,12,23,1,4,4,5,3,2,2,5,1,1,4,2,5,3,4,7
2016,7,LVDPA0968,84,43,51,41,49,13,15,6,7,15,18,12,14,9,11,12,14,7,8,10,12,8,3,7,10,4,5,3,3,5,3,8,2,5,7,4,7
2016,7,LVDPA0970,56,32,57,24,43,2,4,6,11,7,13,7,13,12,21,4,7,11,20,7,13,2,3,5,6,3,3,8,2,0,3,2,1,9,1,3,5
2016,7,LVDPA0971,83,40,48,43,52,5,6,7,8,12,14,9,11,6,7,13,16,12,14,19,23,2,2,7,6,4,6,7,6,3,5,5,3,2,7,5,13
2016,7,LVDPA0972,228,102,45,126,55,13,6,18,8,32,14,37,16,25,11,29,13,28,12,46,20,9,6,14,21,15,12,16,9,4,12,18,16,10,17,12,37
2016,7,LVDPA0973,105,48,46,57,54,3,3,11,10,10,10,7,7,14,13,15,14,16,15,29,28,1,4,5,3,7,8,11,9,2,7,5,4,7,7,5,20
2016,7,LVDPA0974,97,44,45,53,55,8,8,7,7,12,12,14,14,13,13,12,12,15,15,16,16,5,4,2,8,6,8,7,4,3,3,10,6,7,4,8,12
2016,7,LVDPA0975,64,35,55,29,45,4,6,8,13,8,13,13,20,10,16,6,9,9,14,6,9,2,6,4,8,6,4,3,2,2,2,4,5,4,2,6,4
2016,7,LVDPA0977,126,58,46,68,54,7,6,13,10,18,14,21,17,15,12,17,13,8,6,27,21,3,2,10,13,8,10,4,8,4,11,8,8,7,7,4,19
2016,7,LVDPA0978,65,32,49,33,51,1,2,4,6,10,15,13,20,6,9,12,18,5,8,14,22,0,1,7,7,5,5,4,3,1,3,3,6,1,7,1,11
2016,7,LVDPA0982,74,35,47,39,53,7,9,3,4,10,14,9,12,10,14,12,16,3,4,20,27,3,3,6,5,5,6,1,6,4,0,4,4,5,6,2,14
2016,7,LVDPA0984,63,32,51,31,49,1,2,5,8,12,19,6,10,9,14,15,24,4,6,11,17,1,3,5,4,4,10,1,4,0,2,7,2,5,5,3,7
2016,7,LVDPA0985,135,63,47,72,53,14,10,11,8,13,10,16,12,17,13,20,15,12,9,32,24,3,7,6,11,9,11,5,11,11,4,7,5,8,9,7,21
2016,7,LVDPA0986,72,36,50,36,50,1,1,5,7,11,15,13,18,6,8,14,19,9,13,13,18,0,3,7,9,4,5,5,3,1,2,4,4,2,9,4,10
2016,7,LVDPA0988,167,78,47,89,53,11,7,22,13,19,11,20,12,18,11,26,16,21,13,30,18,4,10,12,10,12,10,10,10,7,12,7,10,6,16,11,20
2016,7,LVDPA0989,108,56,52,52,48,3,3,12,11,23,21,13,12,6,6,25,23,10,9,16,15,3,8,8,8,4,14,6,5,0,4,15,5,2,11,4,11
2016,7,LVDPA0990,202,95,47,107,53,10,5,23,11,47,23,30,15,19,9,32,16,19,9,22,11,7,12,22,14,9,18,8,5,3,11,25,16,10,14,11,17
2016,7,LVDPA0991,147,71,48,76,52,4,3,8,5,26,18,23,16,13,9,28,19,25,17,20,14,3,2,14,15,7,9,17,4,1,6,12,8,6,19,8,16
2016,7,LVDPA0992,186,85,46,101,54,20,11,21,11,23,12,30,16,19,10,25,13,21,11,27,15,11,8,8,18,10,10,13,7,9,13,15,12,9,15,8,20
2016,7,LVDPA0993,51,23,45,28,55,5,10,2,4,9,18,5,10,8,16,10,20,2,4,10,20,3,1,5,4,2,5,1,2,2,1,4,1,6,5,1,8
2016,7,LVDPA0994,45,24,53,21,47,2,4,1,2,8,18,10,22,3,7,9,20,1,2,11,24,1,1,6,6,2,5,0,3,1,0,2,4,1,4,1,8
2016,7,LVDPA0995,53,25,47,28,53,6,11,6,11,8,15,10,19,5,9,4,8,6,11,8,15,5,1,2,6,2,2,3,4,1,5,6,4,3,2,3,4
2016,7,LVDPA0997,238,96,40,142,60,22,9,17,7,37,16,39,16,37,16,30,13,32,13,24,10,8,7,11,20,18,14,12,6,14,10,26,19,19,16,20,18
2016,7,LVDPA0998,80,38,48,42,53,9,11,4,5,13,16,14,18,13,16,13,16,3,4,11,14,4,1,8,7,6,7,1,4,5,3,5,7,7,6,2,7
2016,7,LVDPA0999,49,24,49,25,51,2,4,3,6,9,18,5,10,8,16,4,8,6,12,12,24,0,2,5,4,3,3,2,5,2,1,4,1,5,1,4,7
2016,7,LVDPA1000,64,28,44,36,56,1,2,5,8,7,11,10,16,8,13,9,14,10,16,14,22,0,3,3,6,5,6,1,4,1,2,4,4,3,3,9,10
2016,7,LVDPA1001,59,32,54,27,46,4,7,4,7,6,10,12,20,4,7,7,12,11,19,11,19,2,1,6,7,3,3,5,5,2,3,0,5,1,4,6,6
2016,7,LVDPA1002,48,27,56,21,44,3,6,1,2,9,19,7,15,9,19,8,17,6,13,5,10,1,1,7,5,4,5,3,1,2,0,2,2,5,3,3,4
2016,7,LVDPA1003,86,49,57,37,43,5,6,14,16,17,20,8,9,17,20,7,8,7,8,11,13,3,10,11,5,9,4,3,4,2,4,6,3,8,3,4,7
2016,7,LVDPA1005,46,22,48,24,52,1,2,2,4,3,7,3,7,5,11,13,28,2,4,17,37,0,2,1,2,3,6,1,7,1,0,2,1,2,7,1,10
2016,7,LVDPA1009,48,29,60,19,40,4,8,2,4,3,6,9,19,4,8,7,15,9,19,10,21,2,1,2,8,3,4,3,6,2,1,1,1,1,3,6,4
2016,7,LVDPA1010,59,30,51,29,49,2,3,4,7,12,20,4,7,9,15,10,17,6,10,12,20,1,1,8,4,3,5,4,4,1,3,4,0,6,5,2,8
2016,7,LVDPA1011,58,24,41,34,59,0,0,3,5,5,9,5,9,6,10,12,21,9,16,18,31,0,0,2,5,2,5,4,6,0,3,3,0,4,7,5,12
2016,7,LVDPA1014,62,31,50,31,50,7,11,5,8,10,16,9,15,5,8,6,10,5,8,15,24,4,2,6,5,3,1,3,7,3,3,4,4,2,5,2,8
2016,7,LVDPA1015,256,110,43,146,57,11,4,15,6,28,11,23,9,32,13,40,16,44,17,63,25,4,9,10,13,17,20,20,17,7,6,18,10,15,20,24,46
2016,7,LVDPA1017,66,35,53,31,47,7,11,10,15,6,9,8,12,4,6,10,15,5,8,16,24,3,6,3,5,3,7,3,5,4,4,3,3,1,3,2,11
2016,7,LVDPA1019,79,37,47,42,53,3,4,3,4,10,13,5,6,7,9,13,16,13,16,25,32,1,1,7,2,4,4,5,13,2,2,3,3,3,9,8,12
2016,7,LVDPA1021,52,23,44,29,56,0,0,3,6,3,6,5,10,7,13,6,12,10,19,18,35,0,3,1,3,4,3,4,5,0,0,2,2,3,3,6,13
2016,7,LVDPA1024,217,100,46,117,54,16,7,23,11,18,8,38,18,30,14,24,11,32,15,36,17,6,12,7,17,19,12,14,13,10,11,11,21,11,12,18,23
2016,7,LVDPA1027,53,26,49,27,51,1,2,2,4,5,9,7,13,7,13,13,25,6,11,12,23,0,2,3,3,3,6,4,5,1,0,2,4,4,7,2,7
2016,7,LVDPA1029,331,159,48,172,52,51,15,45,14,31,9,42,13,53,16,56,17,30,9,23,7,25,29,15,15,23,30,15,7,26,16,16,27,30,26,15,16
2016,7,LVDPA1030,60,32,53,28,47,3,5,5,8,9,15,4,7,11,18,7,12,7,12,14,23,1,2,6,0,9,4,4,6,2,3,3,4,2,3,3,8
2016,7,LVDPA1031,189,82,43,107,57,13,7,14,7,19,10,39,21,14,7,24,13,36,19,30,16,3,6,7,24,7,8,16,11,10,8,12,15,7,16,20,19
2016,7,LVDPA1032,239,111,46,128,54,27,11,17,7,37,15,29,12,31,13,14,6,44,18,40,17,13,10,16,15,12,7,25,13,14,7,21,14,19,7,19,27
2016,7,LVDPA1033,65,34,52,31,48,2,3,3,5,6,9,10,15,5,8,11,17,13,20,15,23,1,2,3,5,3,7,6,7,1,1,3,5,2,4,7,8
2016,7,LVDPA1035,72,37,51,35,49,6,8,3,4,6,8,8,11,8,11,11,15,10,14,20,28,4,3,4,6,4,7,3,6,2,0,2,2,4,4,7,14
2016,7,LVDPA1036,47,29,62,18,38,3,6,6,13,7,15,9,19,3,6,10,21,5,11,4,9,1,4,4,6,2,7,3,2,2,2,3,3,1,3,2,2
2016,7,LVDPA1037,81,32,40,49,60,5,6,11,14,7,9,12,15,11,14,9,11,12,15,14,17,3,3,5,5,4,3,4,5,2,8,2,7,7,6,8,9
2016,7,LVDPA1038,122,55,45,67,55,11,9,6,5,14,11,18,15,14,11,18,15,26,21,15,12,6,2,3,13,8,6,11,6,5,4,11,5,6,12,15,9
2016,7,LVDPA1039,245,121,49,124,51,27,11,23,9,20,8,46,19,28,11,25,10,38,16,38,16,17,8,9,24,20,10,16,17,10,15,11,22,8,15,22,21
2016,7,LVDPA1040,78,36,46,42,54,3,4,6,8,11,14,8,10,9,12,16,21,14,18,11,14,1,4,5,3,6,7,6,4,2,2,6,5,3,9,8,7
2016,7,LVDPA1041,126,64,51,62,49,13,10,13,10,22,17,13,10,13,10,29,23,8,6,15,12,6,7,13,6,9,15,4,4,7,6,9,7,4,14,4,11
2016,7,LVDPA1043,49,26,53,23,47,5,10,5,10,5,10,7,14,2,4,8,16,7,14,10,20,3,4,3,4,0,3,5,4,2,1,2,3,2,5,2,6
2016,7,LVDPA1044,165,83,50,82,50,14,8,16,10,20,12,21,13,21,13,19,12,22,13,32,19,9,7,11,14,10,9,12,11,5,9,9,7,11,10,10,21
2016,7,LVDPA1046,73,30,41,43,59,1,1,4,5,5,7,2,3,4,5,7,10,6,8,44,60,0,3,4,2,2,6,3,10,1,1,1,0,2,1,3,34
2016,7,LVDPA1047,90,44,49,46,51,5,6,5,6,17,19,8,9,10,11,20,22,9,10,16,18,4,3,9,4,4,11,4,5,1,2,8,4,6,9,5,11
2016,7,LVDPA1048,66,31,47,35,53,6,9,4,6,8,12,8,12,8,12,5,8,3,5,24,36,1,3,1,6,5,3,1,11,5,1,7,2,3,2,2,13
2016,7,LVDPA1049,59,27,46,32,54,2,3,7,12,8,14,11,19,5,8,9,15,10,17,7,12,2,4,3,5,3,4,5,1,0,3,5,6,2,5,5,6
2016,7,LVDPA1050,97,47,48,50,52,8,8,7,7,17,18,11,11,16,16,7,7,17,18,14,14,6,1,9,5,8,2,9,7,2,6,8,6,8,5,8,7
2016,7,LVDPA1051,96,46,48,50,52,5,5,10,10,21,22,7,7,17,18,12,13,7,7,17,18,2,6,11,4,11,5,3,4,3,4,10,3,6,7,4,13
2016,7,LVDPA1052,359,167,47,192,53,5,1,6,2,15,4,42,12,95,26,78,22,55,15,63,18,2,5,10,21,36,49,22,22,3,1,5,21,59,29,33,41
2016,7,LVDPA1053,46,18,39,28,61,2,4,3,7,4,9,4,9,6,13,8,17,6,13,13,28,0,1,3,1,3,4,3,3,2,2,1,3,3,4,3,10
2016,7,LVDPA1054,602,288,48,314,52,23,4,61,10,79,13,82,14,111,18,123,20,65,11,58,10,9,36,37,47,59,54,27,19,14,25,42,35,52,69,38,39
2016,7,LVDPA1055,53,26,49,27,51,6,11,0,0,6,11,10,19,2,4,10,19,8,15,11,21,4,0,2,8,2,3,5,2,2,0,4,2,0,7,3,9
2016,7,LVDPA1057,41,19,46,22,54,0,0,6,15,6,15,3,7,8,20,2,5,7,17,9,22,0,2,4,2,5,1,1,4,0,4,2,1,3,1,6,5
2016,7,LVDPA1059,37,16,43,21,57,1,3,1,3,6,16,6,16,4,11,9,24,6,16,4,11,1,1,3,2,1,5,2,1,0,0,3,4,3,4,4,3
2016,7,LVDPA1060,60,33,55,27,45,1,2,3,5,13,22,9,15,8,13,12,20,5,8,9,15,1,3,8,6,4,5,3,3,0,0,5,3,4,7,2,6
2016,7,LVDPA1061,51,23,45,28,55,1,2,8,16,5,10,8,16,8,16,9,18,5,10,7,14,1,4,4,3,4,3,2,2,0,4,1,5,4,6,3,5
2016,7,LVDPA1063,67,28,42,39,58,2,3,4,6,10,15,6,9,6,9,13,19,14,21,12,18,0,0,6,4,2,7,6,3,2,4,4,2,4,6,8,9
2016,7,LVDPA1066,100,48,48,52,52,7,7,9,9,5,5,22,22,6,6,26,26,12,12,13,13,4,5,3,10,5,11,6,4,3,4,2,12,1,15,6,9
2016,7,LVDPA1068,133,67,50,66,50,14,11,14,11,18,14,13,10,18,14,15,11,15,11,26,20,7,7,12,9,8,10,6,8,7,7,6,4,10,5,9,18
2016,7,LVDPA1069,65,33,51,32,49,4,6,3,5,8,12,10,15,9,14,8,12,13,20,10,15,2,2,4,4,5,5,7,4,2,1,4,6,4,3,6,6
2016,7,LVDPA1070,71,30,42,41,58,6,8,4,6,10,14,11,15,6,8,11,15,9,13,14,20,3,1,4,6,4,5,2,5,3,3,6,5,2,6,7,9
2016,7,LVDPA1071,46,19,41,27,59,5,11,5,11,6,13,5,11,4,9,5,11,9,20,7,15,3,2,3,1,2,3,4,1,2,3,3,4,2,2,5,6
2016,7,LVDPA1072,1578,737,47,841,53,155,10,213,13,168,11,226,14,328,21,198,13,134,8,156,10,86,111,85,100,159,92,58,46,69,102,83,126,169,106,76,110
2016,7,LVDPA1073,175,84,48,91,52,8,5,9,5,22,13,25,14,19,11,28,16,26,15,38,22,4,2,12,17,10,15,10,14,4,7,10,8,9,13,16,24
2016,7,LVDPA1074,59,32,54,27,46,5,8,10,17,8,14,8,14,10,17,5,8,7,12,6,10,4,6,5,4,5,3,4,1,1,4,3,4,5,2,3,5
2016,7,LVDPA1075,87,41,47,46,53,6,7,4,5,3,3,19,22,8,9,19,22,7,8,21,24,4,4,1,9,3,9,4,7,2,0,2,10,5,10,3,14
2016,7,LVDPA1076,94,47,50,47,50,11,12,8,9,6,6,12,13,11,12,12,13,13,14,21,22,5,6,3,8,3,9,8,5,6,2,3,4,8,3,5,16
2016,7,LVDPA1077,139,63,45,76,55,11,8,7,5,25,18,18,13,16,12,29,21,16,12,17,12,6,0,12,7,8,15,9,6,5,7,13,11,8,14,7,11
2016,7,LVDPA1078,227,111,49,116,51,13,6,15,7,40,18,25,11,48,21,35,15,15,7,36,16,9,7,23,13,26,20,6,7,4,8,17,12,22,15,9,29
2016,7,LVDPA1079,89,35,39,54,61,8,9,6,7,26,29,4,4,8,9,18,20,11,12,8,9,4,2,12,1,5,5,5,1,4,4,14,3,3,13,6,7
2016,7,LVDPA1080,87,42,48,45,52,3,3,8,9,14,16,10,11,13,15,16,18,9,10,14,16,1,5,6,7,7,6,6,4,2,3,8,3,6,10,3,10
2016,7,LVDPA1081,58,36,62,22,38,3,5,6,10,5,9,7,12,4,7,10,17,11,19,12,21,3,4,4,6,2,6,7,4,0,2,1,1,2,4,4,8
2016,7,LVDPA1082,150,75,50,75,50,9,6,22,15,17,11,22,15,17,11,24,16,15,10,24,16,4,11,8,14,9,12,7,10,5,11,9,8,8,12,8,14
2016,7,LVDPA1083,56,31,55,25,45,5,9,4,7,4,7,13,23,4,7,8,14,9,16,9,16,4,2,2,7,3,4,6,3,1,2,2,6,1,4,3,6
2016,7,LVDPA1084,48,29,60,19,40,4,8,4,8,6,13,7,15,4,8,12,25,7,15,4,8,3,3,4,5,4,6,3,1,1,1,2,2,0,6,4,3
2016,7,LVDPA1086,71,34,48,37,52,4,6,7,10,11,15,6,8,9,13,14,20,7,10,13,18,0,4,9,2,5,7,4,3,4,3,2,4,4,7,3,10
2016,7,LVDPA1087,53,23,43,30,57,0,0,4,8,7,13,6,11,8,15,11,21,8,15,9,17,0,2,3,2,6,4,4,2,0,2,4,4,2,7,4,7
2016,7,LVDPA1088,119,53,45,66,55,7,6,8,7,16,13,15,13,14,12,16,13,17,14,26,22,2,4,9,8,10,6,7,7,5,4,7,7,4,10,10,19
2016,7,LVDPA1089,72,35,49,37,51,10,14,7,10,10,14,18,25,8,11,6,8,4,6,9,13,6,6,4,9,2,3,1,4,4,1,6,9,6,3,3,5
2016,7,LVDPA1090,69,36,52,33,48,2,3,5,7,18,26,6,9,13,19,12,17,2,3,11,16,1,2,11,3,6,9,0,4,1,3,7,3,7,3,2,7
2016,7,LVDPA1091,123,64,52,59,48,9,7,9,7,11,9,17,14,19,15,20,16,24,20,14,11,5,6,9,8,10,11,10,5,4,3,2,9,9,9,14,9
2016,7,LVDPA1093,60,28,47,32,53,6,10,3,5,5,8,13,22,3,5,14,23,9,15,7,12,1,2,2,7,2,5,5,4,5,1,3,6,1,9,4,3
2016,7,LVDPA1094,69,27,39,42,61,3,4,7,10,17,25,11,16,11,16,6,9,5,7,9,13,1,2,6,5,6,4,2,1,2,5,11,6,5,2,3,8
2016,7,LVDPA1097,124,59,48,65,52,5,4,5,4,20,16,17,14,12,10,22,18,23,19,20,16,0,3,15,10,3,12,10,6,5,2,5,7,9,10,13,14
2016,7,LVDPA1100,54,29,54,25,46,1,2,0,0,10,19,6,11,2,4,11,20,11,20,13,24,0,0,7,5,0,6,6,5,1,0,3,1,2,5,5,8
2016,7,LVDPA1101,59,31,53,28,47,3,5,11,19,8,14,6,10,10,17,5,8,7,12,9,15,2,7,3,5,5,3,4,2,1,4,5,1,5,2,3,7
2016,7,LVDPA1102,197,108,55,89,45,10,5,2,1,11,6,16,8,22,11,26,13,44,22,66,34,5,1,5,8,14,17,28,30,5,1,6,8,8,9,16,36
2016,7,LVDPA1103,50,30,60,20,40,1,2,1,2,1,2,12,24,10,20,11,22,8,16,6,12,0,1,0,8,7,6,5,3,1,0,1,4,3,5,3,3
2016,7,LVDPA1104,76,38,50,38,50,4,5,3,4,10,13,14,18,5,7,12,16,16,21,12,16,1,0,5,10,2,7,8,5,3,3,5,4,3,5,8,7
2016,7,LVDPA1105,60,31,52,29,48,5,8,4,7,6,10,10,17,8,13,8,13,8,13,11,18,4,3,3,3,5,3,4,6,1,1,3,7,3,5,4,5
2016,7,LVDPA1106,46,20,43,26,57,3,7,4,9,2,4,3,7,5,11,5,11,8,17,16,35,2,2,1,1,2,5,2,5,1,2,1,2,3,0,6,11
2016,7,LVDPA1107,69,32,46,37,54,7,10,5,7,6,9,14,20,7,10,7,10,11,16,12,17,3,2,2,10,4,1,7,3,4,3,4,4,3,6,4,9
2016,7,LVDPA1108,167,78,47,89,53,8,5,19,11,11,7,19,11,20,12,19,11,21,13,50,30,6,9,7,8,15,8,7,18,2,10,4,11,5,11,14,32
2016,7,LVDPA1109,79,40,51,39,49,2,3,6,8,11,14,14,18,6,8,16,20,9,11,15,19,2,3,8,9,4,7,4,3,0,3,3,5,2,9,5,12
2016,7,LVDPA1110,54,23,43,31,57,3,6,5,9,5,9,7,13,4,7,9,17,10,19,11,20,2,2,2,3,1,6,4,3,1,3,3,4,3,3,6,8
2016,7,LVDPA1111,49,25,51,24,49,1,2,1,2,5,10,7,14,8,16,7,14,6,12,14,29,1,0,4,5,4,3,4,4,0,1,1,2,4,4,2,10
2016,7,LVDPA1113,148,81,55,67,45,1,1,2,1,6,4,12,8,17,11,23,16,38,26,49,33,1,0,5,5,10,14,27,19,0,2,1,7,7,9,11,30
2016,7,LVDPA1114,93,47,51,46,49,5,5,6,6,15,16,7,8,9,10,16,17,16,17,19,20,2,5,9,4,4,7,9,7,3,1,6,3,5,9,7,12
2016,7,LVDPA1115,50,25,50,25,50,1,2,1,2,6,12,6,12,5,10,12,24,8,16,11,22,0,1,2,4,5,3,5,5,1,0,4,2,0,9,3,6
2016,7,LVDPA1116,93,34,37,59,63,1,1,4,4,6,6,10,11,7,8,8,9,11,12,46,49,1,2,3,4,4,3,7,10,0,2,3,6,3,5,4,36
2016,7,LVDPA1118,62,26,42,36,58,3,5,3,5,7,11,4,6,5,8,11,18,14,23,15,24,1,2,3,3,1,4,6,6,2,1,4,1,4,7,8,9
2016,7,LVDPA1119,48,29,60,19,40,2,4,5,10,2,4,10,21,5,10,11,23,4,8,9,19,2,3,0,8,3,7,4,2,0,2,2,2,2,4,0,7
2016,7,LVDPA1120,100,53,53,47,47,7,7,8,8,15,15,14,14,7,7,14,14,18,18,17,17,6,5,11,8,2,8,9,4,1,3,4,6,5,6,9,13
2016,7,LVDPA1123,47,26,55,21,45,1,2,4,9,8,17,7,15,4,9,10,21,4,9,9,19,1,2,5,6,1,5,2,4,0,2,3,1,3,5,2,5
2016,7,LVDPA1125,88,44,50,44,50,5,6,2,2,13,15,12,14,8,9,10,11,19,22,19,22,2,2,7,6,5,5,10,7,3,0,6,6,3,5,9,12
2016,7,LVDPA1126,69,29,42,40,58,8,12,8,12,12,17,5,7,10,14,10,14,8,12,8,12,1,5,6,2,4,5,4,2,7,3,6,3,6,5,4,6
2016,7,LVDPA1127,172,77,45,95,55,7,4,16,9,20,12,20,12,16,9,32,19,14,8,47,27,4,10,11,8,7,16,4,17,3,6,9,12,9,16,10,30
2016,7,LVDPA1128,53,26,49,27,51,3,6,8,15,7,13,6,11,3,6,3,6,10,19,13,25,1,4,6,3,2,1,5,4,2,4,1,3,1,2,5,9
2016,7,LVDPA1129,284,140,49,144,51,11,4,18,6,34,12,43,15,37,13,44,15,36,13,61,21,8,6,21,25,16,22,13,29,3,12,13,18,21,22,23,32
2016,7,LVDPA1130,1158,528,46,630,54,82,7,92,8,122,11,146,13,170,15,190,16,129,11,227,20,39,47,67,76,78,88,59,74,43,45,55,70,92,102,70,153
2016,7,LVDPA1132,85,40,47,45,53,7,8,9,11,14,16,7,8,9,11,9,11,16,19,14,16,2,3,9,1,5,5,8,7,5,6,5,6,4,4,8,7
2016,7,LVDPA1134,122,65,53,57,47,3,2,18,15,45,37,6,5,6,5,11,9,15,12,18,15,0,11,30,5,3,4,7,5,3,7,15,1,3,7,8,13
2016,7,LVDPA1136,51,30,59,21,41,1,2,3,6,7,14,5,10,4,8,9,18,3,6,19,37,1,1,5,5,1,6,2,9,0,2,2,0,3,3,1,10
2016,7,LVDPA1137,70,35,50,35,50,11,16,6,9,9,13,11,16,6,9,8,11,9,13,10,14,6,2,5,6,2,6,5,3,5,4,4,5,4,2,4,7
2016,7,LVDPA1138,58,27,47,31,53,5,9,2,3,4,7,9,16,5,9,10,17,11,19,12,21,1,1,1,4,4,5,5,6,4,1,3,5,1,5,6,6
2016,7,LVDPA1139,63,31,49,32,51,2,3,4,6,5,8,9,14,4,6,7,11,12,19,20,32,1,3,1,7,2,5,5,7,1,1,4,2,2,2,7,13
2016,7,LVDPA1140,397,189,48,208,52,40,10,64,16,52,13,47,12,85,21,62,16,22,6,25,6,17,29,27,15,44,32,15,10,23,35,25,32,41,30,7,15
2016,7,LVDPA1142,52,28,54,24,46,0,0,3,6,6,12,3,6,10,19,7,13,3,6,20,38,0,3,5,2,5,5,1,7,0,0,1,1,5,2,2,13
2016,7,LVDPA1145,82,44,54,38,46,2,2,4,5,13,16,13,16,9,11,14,17,11,13,16,20,1,4,8,10,6,6,7,2,1,0,5,3,3,8,4,14
2016,7,LVDPA1146,96,41,43,55,57,4,4,6,6,17,18,11,11,11,11,12,13,17,18,18,19,2,4,8,7,5,3,8,4,2,2,9,4,6,9,9,14
2016,7,LVDPA1148,243,118,49,125,51,9,4,17,7,26,11,38,16,24,10,37,15,51,21,41,17,5,8,15,17,11,22,26,14,4,9,11,21,13,15,25,27
2016,7,LVDPA1149,84,38,45,46,55,8,10,10,12,4,5,19,23,9,11,15,18,9,11,10,12,5,4,2,10,4,5,6,2,3,6,2,9,5,10,3,8
2016,7,LVDPA1151,140,64,46,76,54,7,5,12,9,16,11,16,11,19,14,16,11,17,12,37,26,6,4,11,7,7,8,7,14,1,8,5,9,12,8,10,23
2016,7,LVDPA1152,43,26,60,17,40,2,5,2,5,10,23,3,7,4,9,4,9,7,16,11,26,1,2,6,3,2,3,4,5,1,0,4,0,2,1,3,6
2016,7,LVDPA1153,81,43,53,38,47,9,11,12,15,18,22,8,10,10,12,9,11,2,2,13,16,6,7,9,5,3,4,1,8,3,5,9,3,7,5,1,5
2016,7,LVDPA1154,287,117,41,170,59,14,5,15,5,29,10,41,14,43,15,37,13,33,11,75,26,8,8,16,18,24,16,11,16,6,7,13,23,19,21,22,59
2016,7,LVDPA1155,122,56,46,66,54,6,5,9,7,25,20,17,14,14,11,17,14,27,22,7,6,2,4,11,10,8,7,12,2,4,5,14,7,6,10,15,5
2016,7,LVDPA1157,200,92,46,108,54,1,1,6,3,41,21,80,40,25,13,23,12,10,5,14,7,1,4,20,42,13,8,0,4,0,2,21,38,12,15,10,10
2016,7,LVDPA1158,53,27,51,26,49,4,8,4,8,4,8,10,19,5,9,11,21,6,11,9,17,2,2,2,7,3,5,4,2,2,2,2,3,2,6,2,7
2016,7,LVDPA1160,70,41,59,29,41,7,10,6,9,9,13,9,13,12,17,8,11,8,11,11,16,6,6,4,4,8,4,3,6,1,0,5,5,4,4,5,5
2016,7,LVDPA1161,90,34,38,56,62,5,6,7,8,9,10,17,19,14,16,10,11,9,10,19,21,0,2,4,9,7,3,4,5,5,5,5,8,7,7,5,14
2016,7,LVDPA1163,49,24,49,25,51,3,6,4,8,15,31,2,4,5,10,12,24,4,8,4,8,2,1,7,1,2,7,4,0,1,3,8,1,3,5,0,4
2016,7,LVDPA1165,58,31,53,27,47,2,3,5,9,2,3,15,26,7,12,6,10,12,21,9,16,2,3,1,9,4,3,4,5,0,2,1,6,3,3,8,4
2016,7,LVDPA1166,69,33,48,36,52,4,6,10,14,19,28,6,9,7,10,13,19,3,4,7,10,3,4,10,4,1,8,2,1,1,6,9,2,6,5,1,6
2016,7,LVDPA1167,171,88,51,83,49,18,11,16,9,21,12,27,16,31,18,23,13,14,8,21,12,9,8,10,16,18,12,8,7,9,8,11,11,13,11,6,14
2016,7,LVDPA1169,45,19,42,26,58,2,4,5,11,8,18,4,9,3,7,6,13,7,16,10,22,0,1,4,2,3,3,4,2,2,4,4,2,0,3,3,8
2016,7,LVDPA1171,130,64,49,66,51,0,0,0,0,0,0,1,1,4,3,4,3,18,14,103,79,0,0,0,1,3,3,16,41,0,0,0,0,1,1,2,62
2016,7,LVDPA1172,47,21,45,26,55,1,2,2,4,6,13,6,13,4,9,10,21,6,13,12,26,0,1,4,1,2,6,4,3,1,1,2,5,2,4,2,9
2016,7,LVDPA1174,62,32,52,30,48,2,3,4,6,11,18,7,11,3,5,11,18,12,19,12,19,1,2,7,6,1,6,4,5,1,2,4,1,2,5,8,7
2016,7,LVDPA1175,69,36,52,33,48,4,6,9,13,13,19,9,13,9,13,11,16,4,6,10,14,2,4,8,6,4,6,3,3,2,5,5,3,5,5,1,7
2016,7,LVDPA1176,484,230,48,254,52,22,5,38,8,40,8,82,17,83,17,66,14,70,14,83,17,9,18,18,43,48,38,28,28,13,20,22,39,35,28,42,55
2016,7,LVDPA1178,96,48,50,48,50,4,4,2,2,3,3,14,15,8,8,16,17,21,22,28,29,2,1,2,10,5,7,10,11,2,1,1,4,3,9,11,17
2016,7,LVDPA1179,201,118,59,83,41,5,2,5,2,11,5,22,11,36,18,46,23,46,23,30,15,3,3,7,12,22,34,25,12,2,2,4,10,14,12,21,18
2016,7,LVDPA1180,51,26,51,25,49,2,4,5,10,5,10,9,18,1,2,11,22,6,12,12,24,1,3,3,5,1,5,4,4,1,2,2,4,0,6,2,8
2016,7,LVDPA1181,48,24,50,24,50,0,0,0,0,8,17,5,10,3,6,12,25,8,17,12,25,0,0,5,4,2,6,5,2,0,0,3,1,1,6,3,10
2016,7,LVDPA1184,67,32,48,35,52,3,4,0,0,7,10,10,15,7,10,17,25,9,13,14,21,1,0,4,5,3,10,5,4,2,0,3,5,4,7,4,10
2016,7,LVDPA1185,66,36,55,30,45,2,3,9,14,6,9,8,12,6,9,11,17,12,18,12,18,1,6,4,6,1,7,7,4,1,3,2,2,5,4,5,8
2016,7,LVDPA1186,148,71,48,77,52,6,4,13,9,19,13,16,11,24,16,21,14,22,15,27,18,2,6,9,10,16,13,10,5,4,7,10,6,8,8,12,22
2016,7,LVDPA1188,407,175,43,232,57,35,9,29,7,50,12,60,15,45,11,51,13,60,15,77,19,19,15,25,31,23,19,22,21,16,14,25,29,22,32,38,56
2016,7,LVDPA1189,69,36,52,33,48,7,10,6,9,12,17,8,12,16,23,5,7,6,9,9,13,2,5,5,5,10,4,3,2,5,1,7,3,6,1,3,7
2016,7,LVDPA1192,174,82,47,92,53,4,2,16,9,27,16,31,18,26,15,30,17,22,13,18,10,4,8,11,17,13,16,9,4,0,8,16,14,13,14,13,14
2016,7,LVDPA1195,53,24,45,29,55,3,6,2,4,10,19,5,9,8,15,11,21,2,4,12,23,1,1,4,4,3,6,0,5,2,1,6,1,5,5,2,7
2016,7,LVDPA1196,69,32,46,37,54,8,12,6,9,10,14,10,14,4,6,5,7,13,19,13,19,4,4,4,5,1,3,6,5,4,2,6,5,3,2,7,8
2016,7,LVDPA1197,77,38,49,39,51,4,5,6,8,12,16,5,6,14,18,10,13,7,9,19,25,3,4,6,1,9,5,1,9,1,2,6,4,5,5,6,10
2016,7,LVDPA1198,194,90,46,104,54,10,5,16,8,17,9,36,19,17,9,24,12,25,13,49,25,5,6,8,20,11,10,14,16,5,10,9,16,6,14,11,33
2016,7,LVDPA1199,128,61,48,67,52,8,6,10,8,11,9,21,16,19,15,13,10,19,15,27,21,6,5,5,12,12,6,8,7,2,5,6,9,7,7,11,20
2016,7,LVDPA1200,79,36,46,43,54,3,4,12,15,10,13,12,15,9,11,12,15,10,13,11,14,3,6,2,7,3,8,3,4,0,6,8,5,6,4,7,7
2016,7,LVDPA1201,78,41,53,37,47,9,12,15,19,10,13,10,13,5,6,14,18,5,6,10,13,5,10,3,6,2,9,4,2,4,5,7,4,3,5,1,8
2016,7,LVDPA1206,236,118,50,118,50,5,2,5,2,5,2,7,3,17,7,47,20,57,24,93,39,2,2,3,5,7,27,36,36,3,3,2,2,10,20,21,57
2016,7,LVDPA1208,50,25,50,25,50,5,10,3,6,7,14,4,8,6,12,6,12,11,22,8,16,3,1,5,1,3,2,6,4,2,2,2,3,3,4,5,4
2016,7,LVDPA1210,94,54,57,40,43,9,10,9,10,12,13,9,10,18,19,13,14,13,14,11,12,5,7,10,4,10,8,7,3,4,2,2,5,8,5,6,8
2016,7,LVDPA1212,59,32,54,27,46,4,7,5,8,8,14,11,19,5,8,9,15,8,14,9,15,4,4,3,7,3,4,3,4,0,1,5,4,2,5,5,5
2016,7,LVDPA1214,80,36,45,44,55,1,1,11,14,11,14,8,10,13,16,9,11,7,9,20,25,1,2,6,3,6,6,3,9,0,9,5,5,7,3,4,11
2016,7,LVDPA1217,100,46,46,54,54,4,4,9,9,13,13,7,7,18,18,14,14,9,9,26,26,2,4,8,2,10,7,5,8,2,5,5,5,8,7,4,18
2016,7,LVDPA1218,307,169,55,138,45,6,2,4,1,10,3,53,17,44,14,61,20,71,23,58,19,4,2,7,28,27,36,43,22,2,2,3,25,17,25,28,36
2016,7,LVDPA1219,50,22,44,28,56,0,0,3,6,4,8,11,22,3,6,8,16,8,16,13,26,0,0,2,4,3,4,5,4,0,3,2,7,0,4,3,9
2016,7,LVDPA1221,74,38,51,36,49,5,7,4,5,9,12,7,9,14,19,9,12,8,11,18,24,3,3,5,3,9,3,5,7,2,1,4,4,5,6,3,11
2016,7,LVDPA1225,56,26,46,30,54,1,2,1,2,8,14,4,7,8,14,4,7,7,13,23,41,1,0,5,2,4,1,1,12,0,1,3,2,4,3,6,11
2016,7,LVDPA1226,93,47,51,46,49,1,1,5,5,12,13,20,22,6,6,20,22,10,11,19,20,1,3,5,16,3,8,6,5,0,2,7,4,3,12,4,14
2016,7,LVDPA1227,52,25,48,27,52,6,12,10,19,4,8,14,27,4,8,9,17,3,6,2,4,2,2,2,10,2,4,2,1,4,8,2,4,2,5,1,1
2016,7,LVDPA1229,77,33,43,44,57,5,6,13,17,11,14,7,9,10,13,11,14,8,10,12,16,2,8,3,4,4,5,5,2,3,5,8,3,6,6,3,10
2016,7,LVDPA1230,153,82,54,71,46,17,11,12,8,13,8,31,20,14,9,16,10,24,16,26,17,9,5,6,20,8,10,13,11,8,7,7,11,6,6,11,15
2016,7,LVDPA1231,453,180,40,273,60,9,2,3,1,17,4,17,4,29,6,38,8,53,12,287,63,3,2,3,13,18,23,33,85,6,1,14,4,11,15,20,202
2016,7,LVDPA1232,204,92,45,112,55,16,8,19,9,28,14,31,15,29,14,33,16,28,14,20,10,10,7,16,14,15,13,12,5,6,12,12,17,14,20,16,15
2016,7,LVDPA1235,39,19,49,20,51,3,8,6,15,4,10,4,10,6,15,9,23,2,5,5,13,3,4,3,1,2,5,0,1,0,2,1,3,4,4,2,4
2016,7,LVDPA1236,143,75,52,68,48,9,6,7,5,20,14,24,17,20,14,22,15,15,10,26,18,4,5,15,13,9,12,7,10,5,2,5,11,11,10,8,16
2016,7,LVDPA1239,147,69,47,78,53,17,12,12,8,26,18,25,17,20,14,21,14,13,9,13,9,7,2,15,17,11,7,5,5,10,10,11,8,9,14,8,8
2016,7,LVDPA1240,61,31,51,30,49,9,15,8,13,8,13,7,11,9,15,4,7,6,10,10,16,8,3,7,1,6,2,3,1,1,5,1,6,3,2,3,9
2016,7,LVDPA1241,106,55,52,51,48,10,9,8,8,12,11,14,13,14,13,26,25,8,8,14,13,7,6,5,9,4,15,4,5,3,2,7,5,10,11,4,9
2016,7,LVDPA1243,1120,512,46,608,54,82,7,85,8,113,10,187,17,181,16,147,13,157,14,168,15,42,40,61,106,89,59,71,44,40,45,52,81,92,88,86,124
2016,7,LVDPA1244,90,46,51,44,49,2,2,12,13,14,16,12,13,12,13,11,12,15,17,12,13,1,5,7,8,6,6,7,6,1,7,7,4,6,5,8,6
2016,7,LVDPA1245,90,43,48,47,52,9,10,5,6,10,11,11,12,11,12,12,13,12,13,20,22,5,3,4,6,6,8,6,5,4,2,6,5,5,4,6,15
2016,7,LVDPA1246,70,41,59,29,41,4,6,5,7,4,6,12,17,12,17,8,11,11,16,14,20,3,3,3,9,7,5,5,6,1,2,1,3,5,3,6,8
2016,7,LVDPA1247,83,33,40,50,60,7,8,8,10,5,6,13,16,6,7,11,13,12,14,21,25,4,4,2,5,3,3,6,6,3,4,3,8,3,8,6,15
2016,7,LVDPA1248,54,26,48,28,52,5,9,3,6,10,19,7,13,5,9,11,20,8,15,5,9,4,1,2,5,4,7,1,2,1,2,8,2,1,4,7,3
2016,7,LVDPA1249,55,24,44,31,56,0,0,3,5,7,13,10,18,2,4,13,24,7,13,13,24,0,2,4,5,1,5,4,3,0,1,3,5,1,8,3,10
2016,7,LVDPA1253,332,162,49,170,51,22,7,12,4,18,5,26,8,23,7,36,11,50,15,145,44,11,6,10,12,13,24,27,59,11,6,8,14,10,12,23,86
2016,7,LVDPA1256,53,28,53,25,47,3,6,9,17,12,23,6,11,6,11,8,15,5,9,4,8,1,6,6,3,2,5,4,1,2,3,6,3,4,3,1,3
2016,7,LVDPA1257,68,34,50,34,50,5,7,9,13,13,19,6,9,6,9,8,12,11,16,10,15,2,4,7,5,2,5,5,4,3,5,6,1,4,3,6,6
2016,7,LVDPA1259,59,27,46,32,54,9,15,3,5,3,5,11,19,5,8,7,12,10,17,11,19,1,0,3,8,2,4,4,5,8,3,0,3,3,3,6,6
2016,7,LVDPA1261,91,43,47,48,53,5,5,10,11,16,18,8,9,11,12,15,16,7,8,19,21,5,5,6,4,6,7,4,6,0,5,10,4,5,8,3,13
2016,7,LVDPA1262,56,33,59,23,41,5,9,3,5,13,23,6,11,4,7,11,20,2,4,12,21,4,3,7,4,1,5,2,7,1,0,6,2,3,6,0,5
2016,7,LVDPA1263,65,32,49,33,51,4,6,3,5,10,15,10,15,7,11,17,26,6,9,8,12,2,1,4,6,4,10,3,2,2,2,6,4,3,7,3,6
2016,7,LVDPA1264,63,30,48,33,52,5,8,6,10,4,6,10,16,6,10,10,16,6,10,16,25,3,4,2,6,2,5,5,3,2,2,2,4,4,5,1,13
2016,7,LVDPA1265,63,27,43,36,57,3,5,1,2,12,19,14,22,6,10,8,13,11,17,8,13,1,0,6,7,3,3,6,1,2,1,6,7,3,5,5,7
2016,7,LVDPA1267,128,71,55,57,45,12,9,17,13,21,16,19,15,15,12,14,11,18,14,12,9,8,7,13,13,8,7,11,4,4,10,8,6,7,7,7,8
2016,7,LVDPA1268,149,74,50,75,50,10,7,9,6,18,12,19,13,22,15,19,13,28,19,24,16,2,6,8,11,13,9,15,10,8,3,10,8,9,10,13,14
2016,7,LVDPA1269,85,47,55,38,45,6,7,5,6,10,12,14,16,8,9,13,15,12,14,17,20,4,3,7,10,4,8,4,7,2,2,3,4,4,5,8,10
2016,7,LVDPA1274,59,30,51,29,49,1,2,4,7,11,19,7,12,10,17,15,25,4,7,7,12,1,2,5,4,6,8,1,3,0,2,6,3,4,7,3,4
2016,7,LVDPA1276,65,36,55,29,45,3,5,7,11,9,14,10,15,5,8,9,14,10,15,12,18,2,6,6,6,3,3,6,4,1,1,3,4,2,6,4,8
2016,7,LVDPA1278,98,48,49,50,51,5,5,3,3,12,12,16,16,6,6,17,17,14,14,25,26,2,2,7,11,3,8,8,7,3,1,5,5,3,9,6,18
2016,7,LVDPA1279,95,57,60,38,40,5,5,10,11,18,19,14,15,12,13,20,21,6,6,10,11,4,6,13,9,7,12,3,3,1,4,5,5,5,8,3,7
2016,7,LVDPA1281,52,28,54,24,46,4,8,5,10,4,8,20,38,1,2,13,25,3,6,2,4,2,3,1,13,0,5,3,1,2,2,3,7,1,8,0,1
2016,7,LVDPA1284,65,34,52,31,48,5,8,11,17,8,12,10,15,7,11,14,22,4,6,6,9,4,6,2,5,3,8,3,3,1,5,6,5,4,6,1,3
2016,7,LVDPA1285,48,21,44,27,56,2,4,7,15,9,19,2,4,9,19,5,10,2,4,12,25,0,5,3,2,5,2,2,2,2,2,6,0,4,3,0,10
2016,7,LVDPA1289,48,26,54,22,46,6,13,7,15,4,8,11,23,2,4,3,6,6,13,9,19,6,3,4,6,1,2,2,2,0,4,0,5,1,1,4,7
2016,7,LVDPA1290,176,88,50,88,50,10,6,13,7,19,11,31,18,12,7,40,23,22,13,29,16,7,8,7,18,9,22,9,8,3,5,12,13,3,18,13,21
2016,7,LVDPA1291,87,42,48,45,52,2,2,15,17,8,9,8,9,17,20,13,15,7,8,17,20,1,8,5,6,8,5,3,6,1,7,3,2,9,8,4,11
2016,7,LVDPA1292,229,121,53,108,47,4,2,11,5,9,4,43,19,99,43,17,7,18,8,28,12,2,5,5,21,57,12,7,12,2,6,4,22,42,5,11,16
2016,7,LVDPA1295,52,26,50,26,50,3,6,2,4,2,4,5,10,7,13,10,19,10,19,13,25,2,1,1,2,6,5,4,5,1,1,1,3,1,5,6,8
2016,7,LVDPA1296,64,35,55,29,45,5,8,7,11,6,9,7,11,10,16,8,13,8,13,13,20,3,3,4,3,5,4,6,7,2,4,2,4,5,4,2,6
2016,7,LVDPA1297,114,55,48,59,52,3,3,12,11,13,11,21,18,9,8,19,17,23,20,14,12,1,7,6,11,7,4,15,4,2,5,7,10,2,15,8,10
2016,7,LVDPA1298,56,27,48,29,52,0,0,6,11,10,18,10,18,7,13,11,20,5,9,7,13,0,2,6,6,3,8,1,1,0,4,4,4,4,3,4,6
2016,7,LVDPA1299,49,26,53,23,47,0,0,3,6,8,16,6,12,5,10,6,12,9,18,12,24,0,1,7,4,3,4,3,4,0,2,1,2,2,2,6,8
2016,7,LVDPA1303,51,26,51,25,49,4,8,5,10,7,14,7,14,12,24,8,16,1,2,7,14,3,3,3,5,7,4,0,1,1,2,4,2,5,4,1,6
2016,7,LVDPA1305,44,22,50,22,50,5,11,4,9,5,11,6,14,7,16,4,9,7,16,6,14,3,2,4,2,4,2,3,2,2,2,1,4,3,2,4,4
2016,7,LVDPA1306,95,48,51,47,49,11,12,14,15,10,11,10,11,14,15,10,11,8,8,18,19,4,8,5,6,10,7,2,6,7,6,5,4,4,3,6,12
2016,7,LVDPA1307,56,25,45,31,55,0,0,6,11,11,20,8,14,2,4,13,23,9,16,7,13,0,1,8,4,0,8,3,1,0,5,3,4,2,5,6,6
2016,7,LVDPA1308,40,21,53,19,48,1,3,1,3,4,10,2,5,8,20,4,10,6,15,14,35,1,1,3,1,5,2,3,5,0,0,1,1,3,2,3,9
2016,7,LVDPA1309,62,28,45,34,55,10,16,4,6,7,11,5,8,13,21,5,8,7,11,11,18,6,2,4,2,6,2,3,3,4,2,3,3,7,3,4,8
2016,7,LVDPA1310,57,29,51,28,49,9,16,7,12,6,11,13,23,4,7,9,16,7,12,2,4,4,4,4,6,2,5,3,1,5,3,2,7,2,4,4,1
2016,7,LVDPA1312,70,37,53,33,47,5,7,11,16,8,11,12,17,5,7,8,11,6,9,15,21,2,7,7,7,2,3,4,5,3,4,1,5,3,5,2,10
2016,7,LVDPA1315,68,37,54,31,46,5,7,3,4,7,10,8,12,7,10,12,18,12,18,14,21,4,3,4,5,5,7,4,5,1,0,3,3,2,5,8,9
2016,7,LVDPA1317,212,98,46,114,54,12,6,12,6,23,11,29,14,10,5,48,23,43,20,35,17,8,7,11,16,6,20,22,8,4,5,12,13,4,28,21,27
2016,7,LVDPA1320,54,28,52,26,48,4,7,3,6,7,13,6,11,9,17,13,24,4,7,8,15,3,1,4,3,5,7,2,3,1,2,3,3,4,6,2,5
2016,7,LVDPA1321,68,34,50,34,50,4,6,3,4,6,9,4,6,7,10,11,16,8,12,25,37,2,1,1,2,4,7,6,11,2,2,5,2,3,4,2,14
2016,7,LVDPA1322,147,71,48,76,52,13,9,7,5,14,10,23,16,15,10,22,15,27,18,26,18,7,1,5,14,9,12,12,11,6,6,9,9,6,10,15,15
2016,7,LVDPA1323,56,25,45,31,55,5,9,4,7,7,13,7,13,6,11,5,9,9,16,13,23,3,3,2,4,2,3,4,4,2,1,5,3,4,2,5,9
2016,7,LVDPA1325,46,22,48,24,52,1,2,3,7,6,13,5,11,5,11,8,17,3,7,15,33,1,1,4,3,4,4,1,4,0,2,2,2,1,4,2,11
2016,7,LVDPA1327,415,192,46,223,54,37,9,39,9,52,13,69,17,47,11,59,14,65,16,47,11,23,18,31,34,19,25,29,13,14,21,21,35,28,34,36,34
2016,7,LVDPA1329,48,22,46,26,54,1,2,4,8,5,10,9,19,3,6,3,6,11,23,12,25,1,4,2,4,2,3,3,3,0,0,3,5,1,0,8,9
2016,7,LVDPA1332,80,45,56,35,44,3,4,5,6,9,11,17,21,6,8,11,14,13,16,16,20,2,3,5,11,4,5,6,9,1,2,4,6,2,6,7,7
2016,7,LVDPA1334,137,69,50,68,50,9,7,6,4,23,17,19,14,23,17,22,16,22,16,13,9,4,4,12,11,15,12,9,2,5,2,11,8,8,10,13,11
2016,7,LVDPA1335,223,122,55,101,45,11,5,20,9,38,17,32,14,26,12,28,13,31,14,37,17,5,13,24,24,15,12,16,13,6,7,14,8,11,16,15,24
2016,7,LVDPA1337,52,22,42,30,58,2,4,4,8,12,23,5,10,5,10,10,19,4,8,10,19,0,2,5,2,2,5,2,4,2,2,7,3,3,5,2,6
2016,7,LVDPA1339,67,36,54,31,46,5,7,8,12,10,15,6,9,16,24,5,7,12,18,5,7,2,6,7,5,7,3,5,1,3,2,3,1,9,2,7,4
2016,7,LVDPA1340,42,21,50,21,50,2,5,3,7,8,19,5,12,4,10,8,19,4,10,8,19,2,3,3,3,2,3,2,3,0,0,5,2,2,5,2,5
2016,7,LVDPA1341,118,68,58,50,42,4,3,16,14,11,9,27,23,20,17,15,13,17,14,8,7,3,11,8,17,10,8,10,1,1,5,3,10,10,7,7,7
2016,7,LVDPA1344,49,24,49,25,51,1,2,9,18,4,8,5,10,10,20,5,10,10,20,5,10,0,4,2,4,4,3,6,1,1,5,2,1,6,2,4,4
2016,7,LVDPA1345,53,27,51,26,49,4,8,5,9,16,30,1,2,8,15,3,6,6,11,10,19,1,4,10,0,2,2,4,4,3,1,6,1,6,1,2,6
2016,7,LVDPA1346,132,58,44,74,56,12,9,14,11,13,10,10,8,20,15,16,12,24,18,23,17,3,6,4,5,12,9,9,10,9,8,9,5,8,7,15,13
2016,7,LVDPA1347,51,24,47,27,53,1,2,6,12,9,18,6,12,5,10,13,25,6,12,5,10,0,4,5,3,2,6,3,1,1,2,4,3,3,7,3,4
2016,7,LVDPA1348,59,28,47,31,53,1,2,4,7,8,14,6,10,5,8,12,20,13,22,10,17,0,1,6,3,4,5,6,3,1,3,2,3,1,7,7,7
2016,7,LVDPA1351,49,20,41,29,59,3,6,4,8,2,4,5,10,6,12,10,20,4,8,15,31,1,1,1,4,3,5,1,4,2,3,1,1,3,5,3,11
2016,7,LVDPA1352,97,46,47,51,53,13,13,14,14,10,10,14,14,7,7,10,10,13,13,16,16,6,5,3,7,5,7,5,8,7,9,7,7,2,3,8,8
2016,7,LVDPA1357,82,35,43,47,57,7,9,8,10,3,4,9,11,14,17,7,9,12,15,22,27,2,2,2,4,10,3,4,8,5,6,1,5,4,4,8,14
2016,7,LVDPA1359,65,32,49,33,51,4,6,1,2,6,9,12,18,4,6,8,12,14,22,16,25,2,0,4,9,1,4,7,5,2,1,2,3,3,4,7,11
2016,7,LVDPA1360,58,26,45,32,55,4,7,9,16,6,10,10,17,8,14,4,7,6,10,11,19,1,4,1,5,6,1,4,4,3,5,5,5,2,3,2,7
2016,7,LVDPA1361,49,21,43,28,57,1,2,6,12,3,6,13,27,7,14,4,8,3,6,12,24,0,3,1,6,4,2,2,3,1,3,2,7,3,2,1,9
2016,7,LVDPA1363,39,23,59,16,41,0,0,0,0,3,8,1,3,1,3,7,18,4,10,23,59,0,0,2,1,1,4,2,13,0,0,1,0,0,3,2,10
2016,7,LVDPA1364,51,24,47,27,53,3,6,8,16,5,10,4,8,9,18,8,16,4,8,10,20,0,3,4,2,5,5,2,3,3,5,1,2,4,3,2,7
2016,7,LVDPA1366,48,21,44,27,56,3,6,2,4,6,13,8,17,12,25,9,19,3,6,5,10,1,0,3,4,5,5,2,1,2,2,3,4,7,4,1,4
2016,7,LVDPA1368,148,81,55,67,45,2,1,9,6,7,5,10,7,10,7,17,11,30,20,63,43,2,4,4,5,6,9,16,35,0,5,3,5,4,8,14,28
2016,7,LVDPA1369,329,157,48,172,52,24,7,33,10,42,13,42,13,46,14,29,9,52,16,61,19,13,16,21,17,18,15,24,33,11,17,21,25,28,14,28,28
2016,7,LVDPA1370,59,31,53,28,47,5,8,4,7,7,12,8,14,10,17,4,7,7,12,14,24,4,4,4,4,5,1,5,4,1,0,3,4,5,3,2,10
2016,7,LVDPA1371,49,25,51,24,49,2,4,8,16,4,8,5,10,10,20,6,12,4,8,10,20,1,4,3,4,5,3,3,2,1,4,1,1,5,3,1,8
2016,7,LVDPA1372,1184,523,44,661,56,127,11,102,9,92,8,184,16,184,16,112,9,137,12,246,21,64,52,49,91,90,49,55,73,63,50,43,93,94,63,82,173
2016,7,LVDPA1373,276,152,55,124,45,7,3,44,16,92,33,52,19,24,9,18,7,19,7,20,7,5,29,53,28,12,9,8,8,2,15,39,24,12,9,11,12
2016,7,LVDPA1374,75,40,53,35,47,7,9,6,8,9,12,13,17,9,12,11,15,10,13,10,13,4,5,6,6,5,5,4,5,3,1,3,7,4,6,6,5
2016,7,LVDPA1375,144,73,51,71,49,9,6,5,3,6,4,25,17,19,13,26,18,21,15,33,23,5,2,1,21,11,12,9,12,4,3,5,4,8,14,12,21
2016,7,LVDPA1379,51,20,39,31,61,1,2,6,12,6,12,7,14,7,14,5,10,6,12,13,25,1,2,1,3,5,2,1,5,0,4,5,4,2,3,5,8
2016,7,LVDPA1381,60,33,55,27,45,6,10,3,5,9,15,9,15,9,15,7,12,7,12,10,17,2,2,6,7,4,4,3,5,4,1,3,2,5,3,4,5
2016,7,LVDPA1384,144,68,47,76,53,9,6,11,8,17,12,21,15,19,13,24,17,23,16,20,14,7,5,6,11,10,14,10,5,2,6,11,10,9,10,13,15
2016,7,LVDPA1385,38,22,58,16,42,1,3,1,3,1,3,4,11,4,11,10,26,6,16,11,29,1,0,0,4,4,6,3,4,0,1,1,0,0,4,3,7
2016,7,LVDPA1386,52,23,44,29,56,6,12,3,6,7,13,2,4,3,6,8,15,4,8,19,37,2,0,4,2,2,5,4,4,4,3,3,0,1,3,0,15
2016,7,LVDPA1387,67,29,43,38,57,4,6,9,13,6,9,11,16,9,13,5,7,11,16,12,18,2,5,3,6,5,3,3,2,2,4,3,5,4,2,8,10
2016,7,LVDPA1388,97,45,46,52,54,4,4,9,9,18,19,14,14,8,8,15,15,14,14,15,15,2,5,8,5,5,8,4,8,2,4,10,9,3,7,10,7
2016,7,LVDPA1389,114,49,43,65,57,9,8,13,11,11,10,12,11,12,11,11,10,21,18,25,22,3,7,5,8,6,4,11,5,6,6,6,4,6,7,10,20
2016,7,LVDPA1391,432,260,60,172,40,9,2,11,3,24,6,72,17,73,17,84,19,76,18,83,19,2,6,15,38,50,60,44,45,7,5,9,34,23,24,32,38
2016,7,LVDPA1394,60,30,50,30,50,0,0,5,8,5,8,8,13,7,12,14,23,12,20,9,15,0,3,4,4,3,7,6,3,0,2,1,4,4,7,6,6
2016,7,LVDPA1396,48,23,48,25,52,2,4,3,6,5,10,3,6,15,31,3,6,8,17,9,19,2,2,2,3,6,2,3,3,0,1,3,0,9,1,5,6
2016,7,LVDPA1397,120,66,55,54,45,14,12,16,13,13,11,20,17,18,15,17,14,8,7,14,12,9,10,9,11,8,9,4,6,5,6,4,9,10,8,4,8
2016,7,LVDPA1399,236,111,47,125,53,2,1,10,4,15,6,10,4,18,8,22,9,35,15,124,53,1,5,8,5,8,11,21,52,1,5,7,5,10,11,14,72
2016,7,LVDPA1401,63,29,46,34,54,2,3,4,6,7,11,2,3,10,16,13,21,10,16,15,24,1,2,3,2,5,9,2,5,1,2,4,0,5,4,8,10
2016,7,LVDPA1404,156,80,51,76,49,8,5,17,11,18,12,24,15,18,12,24,15,26,17,21,13,6,8,10,14,7,12,16,7,2,9,8,10,11,12,10,14
2016,7,LVDPA1405,67,32,48,35,52,4,6,6,9,8,12,13,19,7,10,13,19,4,6,12,18,2,3,3,8,4,6,0,6,2,3,5,5,3,7,4,6
2016,7,LVDPA1408,51,30,59,21,41,1,2,3,6,6,12,7,14,11,22,7,14,9,18,7,14,1,2,4,6,5,5,4,3,0,1,2,1,6,2,5,4
2016,7,LVDPA1410,98,47,48,51,52,11,11,7,7,17,17,14,14,8,8,16,16,14,14,11,11,4,3,7,9,6,8,8,2,7,4,10,5,2,8,6,9
2016,7,LVDPA1412,53,25,47,28,53,0,0,5,9,9,17,7,13,9,17,8,15,10,19,5,9,0,3,3,4,4,6,3,2,0,2,6,3,5,2,7,3
2016,7,LVDPA1413,109,52,48,57,52,7,6,6,6,14,13,24,22,8,7,24,22,6,6,20,18,4,1,8,14,4,9,4,8,3,5,6,10,4,15,2,12
2016,7,LVDPA1415,77,39,51,38,49,4,5,9,12,13,17,9,12,9,12,9,12,11,14,13,17,2,6,8,5,6,3,6,3,2,3,5,4,3,6,5,10
2016,7,LVDPA1416,94,45,48,49,52,0,0,1,1,1,1,5,5,13,14,21,22,29,31,24,26,0,1,1,2,9,13,13,6,0,0,0,3,4,8,16,18
2016,7,LVDPA1419,61,26,43,35,57,3,5,7,11,8,13,5,8,10,16,9,15,8,13,11,18,1,1,5,1,6,3,3,6,2,6,3,4,4,6,5,5
2016,7,LVDPA1420,70,30,43,40,57,0,0,0,0,0,0,0,0,1,1,1,1,7,10,61,87,0,0,0,0,1,1,6,22,0,0,0,0,0,0,1,39
2016,7,LVDPA1423,41,21,51,20,49,0,0,2,5,4,10,6,15,3,7,6,15,6,15,14,34,0,2,3,3,2,5,3,3,0,0,1,3,1,1,3,11
2016,7,LVDPA1424,212,95,45,117,55,5,2,12,6,14,7,14,7,10,5,14,7,20,9,123,58,3,5,9,7,8,8,9,46,2,7,5,7,2,6,11,77
2016,7,LVDPA1425,42,21,50,21,50,4,10,5,12,4,10,6,14,6,14,6,14,4,10,7,17,2,3,3,4,2,4,2,1,2,2,1,2,4,2,2,6
2016,7,LVDPA1428,78,37,47,41,53,8,10,12,15,10,13,5,6,17,22,4,5,8,10,14,18,1,10,4,1,9,2,4,6,7,2,6,4,8,2,4,8
2016,7,LVDPA1429,68,28,41,40,59,6,9,5,7,14,21,5,7,9,13,9,13,10,15,10,15,1,2,5,1,6,4,5,4,5,3,9,4,3,5,5,6
2016,7,LVDPA1431,55,25,45,30,55,3,5,9,16,8,15,10,18,5,9,4,7,4,7,12,22,1,4,2,4,4,4,1,5,2,5,6,6,1,0,3,7
2016,7,LVDPA1434,60,31,52,29,48,5,8,4,7,8,13,7,12,8,13,9,15,4,7,15,25,4,2,4,6,4,5,1,5,1,2,4,1,4,4,3,10
2016,7,LVDPA1435,65,37,57,28,43,4,6,9,14,8,12,5,8,17,26,10,15,5,8,7,11,3,6,6,3,9,6,2,2,1,3,2,2,8,4,3,5
2016,7,LVDPA1441,65,34,52,31,48,6,9,8,12,9,14,5,8,18,28,2,3,7,11,10,15,4,6,4,5,10,1,2,2,2,2,5,0,8,1,5,8
2016,7,LVDPA1443,159,101,64,58,36,3,2,4,3,8,5,18,11,24,15,29,18,40,25,33,21,2,2,5,14,18,16,25,19,1,2,3,4,6,13,15,14
2016,7,LVDPA1445,57,37,65,20,35,8,14,5,9,10,18,11,19,6,11,7,12,5,9,5,9,6,5,5,9,3,4,2,3,2,0,5,2,3,3,3,2
2016,7,LVDPA1446,61,28,46,33,54,2,3,8,13,13,21,9,15,10,16,6,10,5,8,8,13,0,3,9,5,6,3,1,1,2,5,4,4,4,3,4,7
2016,7,LVDPA1447,49,20,41,29,59,9,18,5,10,13,27,7,14,3,6,3,6,6,12,3,6,1,2,6,5,1,2,2,1,8,3,7,2,2,1,4,2
2016,7,LVDPA1449,52,25,48,27,52,4,8,3,6,1,2,8,15,4,8,10,19,9,17,13,25,2,2,0,3,2,6,5,5,2,1,1,5,2,4,4,8
2016,7,LVDPA1450,66,25,38,41,62,4,6,8,12,7,11,14,21,6,9,14,21,4,6,9,14,2,1,1,8,1,8,2,2,2,7,6,6,5,6,2,7
2016,7,LVDPA1451,31,13,42,18,58,0,0,2,6,0,0,0,0,2,6,3,10,3,10,21,68,0,0,0,0,1,3,3,6,0,2,0,0,1,0,0,15
2016,7,LVDPA1452,49,26,53,23,47,5,10,5,10,5,10,10,20,4,8,6,12,10,20,4,8,4,4,2,4,2,2,6,2,1,1,3,6,2,4,4,2
2016,7,LVDPA1453,69,20,29,49,71,3,4,5,7,2,3,5,7,5,7,1,1,6,9,42,61,1,1,2,1,2,1,2,10,2,4,0,4,3,0,4,32
2016,7,LVDPA1454,117,53,45,64,55,6,5,16,14,18,15,18,15,19,16,14,12,14,12,12,10,4,8,6,9,12,6,5,3,2,8,12,9,7,8,9,9
2016,7,LVDPA1456,49,26,53,23,47,4,8,7,14,17,35,3,6,4,8,5,10,4,8,5,10,1,4,9,1,4,2,2,3,3,3,8,2,0,3,2,2
2016,7,LVDPA1457,53,20,38,33,62,0,0,3,6,8,15,4,8,7,13,8,15,8,15,15,28,0,0,4,2,2,3,3,6,0,3,4,2,5,5,5,9
2016,7,LVDPA1458,60,32,53,28,47,2,3,6,10,11,18,6,10,8,13,7,12,11,18,9,15,1,5,7,5,3,3,6,2,1,1,4,1,5,4,5,7
2016,7,LVDPA1462,69,29,42,40,58,10,14,8,12,12,17,5,7,5,7,9,13,5,7,15,22,3,2,5,3,3,5,1,7,7,6,7,2,2,4,4,8
2016,7,LVDPA1467,83,39,47,44,53,4,5,1,1,1,1,3,4,4,5,4,5,8,10,58,70,1,1,1,1,4,3,5,23,3,0,0,2,0,1,3,35
2016,7,LVDPA1468,68,28,41,40,59,8,12,7,10,13,19,8,12,12,18,5,7,7,10,8,12,4,3,5,2,5,2,4,3,4,4,8,6,7,3,3,5
2016,7,LVDPA1469,148,68,46,80,54,10,7,11,7,27,18,23,16,24,16,26,18,9,6,18,12,5,6,18,14,11,9,4,1,5,5,9,9,13,17,5,17
2016,7,LVDPA1472,55,29,53,26,47,1,2,6,11,8,15,4,7,6,11,12,22,9,16,9,16,1,3,8,2,2,6,4,3,0,3,0,2,4,6,5,6
2016,7,LVDPA1473,57,26,46,31,54,4,7,5,9,8,14,9,16,4,7,14,25,7,12,6,11,2,3,3,5,3,6,2,2,2,2,5,4,1,8,5,4
2016,7,LVDPA1475,380,188,49,192,51,36,9,37,10,25,7,47,12,62,16,48,13,53,14,72,19,21,17,13,27,26,23,28,33,15,20,12,20,36,25,25,39
2016,7,LVDPA1476,447,231,52,216,48,13,3,47,11,42,9,55,12,70,16,59,13,62,14,99,22,10,27,23,30,34,36,29,42,3,20,19,25,36,23,33,57
2016,7,LVDPA1477,1075,558,52,517,48,75,7,95,9,104,10,144,13,191,18,154,14,156,15,156,15,36,58,46,81,103,83,81,70,39,37,58,63,88,71,75,86
2016,7,LVDPA1478,93,51,55,42,45,2,2,1,1,5,5,8,9,9,10,14,15,9,10,45,48,2,1,2,5,5,8,5,23,0,0,3,3,4,6,4,22
2016,7,LVDPA1479,582,284,49,298,51,39,7,80,14,71,12,52,9,99,17,128,22,75,13,38,7,22,42,35,23,45,67,38,12,17,38,36,29,54,61,37,26
2016,7,LVDPA1480,241,122,51,119,49,12,5,8,3,15,6,12,5,36,15,28,12,39,16,91,38,8,5,4,6,23,19,17,40,4,3,11,6,13,9,22,51
2016,7,LVDPA1481,91,41,45,50,55,4,4,3,3,7,8,11,12,8,9,21,23,13,14,24,26,3,1,5,4,3,9,8,8,1,2,2,7,5,12,5,16
2016,7,LVDPA1482,561,282,50,279,50,58,10,82,15,57,10,70,12,114,20,80,14,53,9,47,8,29,51,29,33,52,45,26,17,29,31,28,37,62,35,27,30
2016,7,LVDPA1483,77,38,49,39,51,1,1,4,5,4,5,7,9,6,8,19,25,15,19,21,27,1,2,1,4,4,11,10,5,0,2,3,3,2,8,5,16
2016,7,LVDPA1484,145,74,51,71,49,21,14,12,8,12,8,26,18,19,13,21,14,7,5,27,19,11,9,6,12,12,9,4,11,10,3,6,14,7,12,3,16
2016,7,LVDPA1485,117,63,54,54,46,8,7,6,5,10,9,9,8,16,14,18,15,20,17,30,26,6,3,5,7,7,11,10,14,2,3,5,2,9,7,10,16
2016,7,LVDPA1486,113,51,45,62,55,6,5,6,5,10,9,14,12,16,14,13,12,21,19,27,24,3,2,4,9,8,6,10,9,3,4,6,5,8,7,11,18
2016,7,LVDPA1487,121,64,53,57,47,12,10,11,9,13,11,16,13,14,12,17,14,15,12,23,19,5,8,9,9,6,10,8,9,7,3,4,7,8,7,7,14
2016,7,LVDPA1488,277,135,49,142,51,16,6,30,11,24,9,30,11,51,18,34,12,30,11,62,22,11,13,10,14,25,20,16,26,5,17,14,16,26,14,14,36
2016,7,LVDPA1489,101,51,50,50,50,5,5,5,5,8,8,13,13,11,11,20,20,17,17,22,22,3,4,4,7,5,8,11,9,2,1,4,6,6,12,6,13
2016,7,LVDPA1490,86,39,45,47,55,3,3,6,7,8,9,9,10,7,8,9,10,14,16,30,35,1,4,5,2,3,5,8,11,2,2,3,7,4,4,6,19
2016,7,LVDPA1491,260,136,52,124,48,35,13,31,12,20,8,56,22,59,23,28,11,17,7,14,5,18,16,10,31,30,15,9,7,17,15,10,25,29,13,8,7
2016,7,LVDPA1492,66,33,50,33,50,4,6,5,8,2,3,8,12,9,14,7,11,11,17,20,30,1,4,0,3,6,3,5,11,3,1,2,5,3,4,6,9
2016,7,LVDPA1493,95,41,43,54,57,8,8,6,6,6,6,11,12,13,14,10,11,17,18,24,25,3,0,1,6,7,4,8,12,5,6,5,5,6,6,9,12
2016,7,LVDPA1494,125,57,46,68,54,12,10,4,3,14,11,18,14,19,15,19,15,11,9,28,22,6,1,8,8,10,10,6,8,6,3,6,10,9,9,5,20
2016,7,LVDPA1495,51,20,39,31,61,0,0,1,2,10,20,5,10,6,12,12,24,7,14,10,20,0,1,2,1,4,6,4,2,0,0,8,4,2,6,3,8
2016,7,LVDPA1496,117,60,51,57,49,8,7,12,10,12,10,15,13,24,21,19,16,19,16,8,7,4,6,6,7,14,12,7,4,4,6,6,8,10,7,12,4
2016,7,LVDPA1497,102,57,56,45,44,14,14,9,9,10,10,7,7,26,25,9,9,18,18,9,9,11,6,5,5,12,5,7,6,3,3,5,2,14,4,11,3
2016,7,LVDPA1498,160,75,47,85,53,12,8,15,9,15,9,22,14,29,18,21,13,24,15,22,14,4,8,7,11,17,7,11,10,8,7,8,11,12,14,13,12
2016,7,LVDPA1499,268,143,53,125,47,38,14,29,11,20,7,36,13,51,19,46,17,28,10,20,7,20,15,6,17,32,27,15,11,18,14,14,19,19,19,13,9
2016,7,LVDPA1500,148,72,49,76,51,20,14,18,12,9,6,23,16,27,18,14,9,12,8,25,17,8,11,6,11,14,9,5,8,12,7,3,12,13,5,7,17
2016,7,LVDPA1501,61,32,52,29,48,1,2,5,8,11,18,9,15,13,21,15,25,5,8,2,3,0,3,5,5,8,8,2,1,1,2,6,4,5,7,3,1
2016,7,LVDPA1502,266,128,48,138,52,27,10,43,16,30,11,40,15,52,20,33,12,21,8,20,8,11,22,16,18,26,20,10,5,16,21,14,22,26,13,11,15
2016,7,LVDPA1503,213,103,48,110,52,22,10,24,11,32,15,19,9,39,18,37,17,18,8,22,10,13,15,12,10,15,19,10,9,9,9,20,9,24,18,8,13
2016,7,LVDPA1504,56,32,57,24,43,2,4,4,7,8,14,7,13,5,9,10,18,12,21,8,14,2,3,3,5,3,5,8,3,0,1,5,2,2,5,4,5
2016,7,LVDPA1505,149,80,54,69,46,13,9,12,8,14,9,16,11,26,17,22,15,18,12,28,19,8,3,10,10,11,14,9,15,5,9,4,6,15,8,9,13
2016,7,LVDPA1506,197,91,46,106,54,25,13,13,7,18,9,31,16,22,11,24,12,23,12,41,21,9,5,11,18,12,9,9,18,16,8,7,13,10,15,14,23
2016,7,LVDPA1507,131,67,51,64,49,8,6,14,11,10,8,14,11,22,17,22,17,25,19,16,12,4,8,7,5,13,11,11,8,4,6,3,9,9,11,14,8
2016,7,LVDPA1508,156,82,53,74,47,29,19,23,15,11,7,17,11,43,28,15,10,9,6,9,6,16,12,4,9,20,10,5,6,13,11,7,8,23,5,4,3
2016,7,LVDPA1509,73,41,56,32,44,10,14,9,12,7,10,7,10,16,22,7,10,6,8,11,15,7,6,4,4,10,3,3,4,3,3,3,3,6,4,3,7
2016,7,LVDPA1510,49,25,51,24,49,2,4,7,14,5,10,6,12,11,22,6,12,4,8,8,16,2,2,2,3,7,3,2,4,0,5,3,3,4,3,2,4
2016,7,LVDPA1511,167,98,59,69,41,10,6,14,8,15,9,33,20,25,15,26,16,29,17,15,9,4,10,9,24,15,13,19,4,6,4,6,9,10,13,10,11
2016,7,LVDPA1512,111,58,52,53,48,11,10,7,6,12,11,16,14,19,17,15,14,13,12,18,16,6,6,7,7,11,9,5,7,5,1,5,9,8,6,8,11
2016,7,LVDPA1513,165,83,50,82,50,27,16,24,15,21,13,16,10,40,24,23,14,5,3,9,5,11,14,15,7,16,15,3,2,16,10,6,9,24,8,2,7
2016,7,LVDPA1514,102,40,39,62,61,11,11,19,19,16,16,16,16,12,12,14,14,1,1,13,13,3,8,5,8,6,6,0,4,8,11,11,8,6,8,1,9
2016,7,LVDPA1515,225,109,48,116,52,41,18,37,16,26,12,30,13,51,23,12,5,17,8,11,5,15,19,19,12,25,6,7,6,26,18,7,18,26,6,10,5
2016,7,LVDPA1516,74,44,59,30,41,6,8,8,11,10,14,3,4,16,22,11,15,11,15,9,12,3,6,6,1,9,10,7,2,3,2,4,2,7,1,4,7
2016,7,LVDPA1517,64,35,55,29,45,4,6,10,16,8,13,7,11,12,19,7,11,10,16,6,9,2,6,7,2,5,5,5,3,2,4,1,5,7,2,5,3
2016,7,LVDPA1518,69,36,52,33,48,6,9,10,14,8,12,7,10,12,17,10,14,7,10,9,13,3,6,4,5,5,7,5,1,3,4,4,2,7,3,2,8
2016,7,LVDPA1519,62,34,55,28,45,9,15,6,10,9,15,13,21,4,6,6,10,5,8,10,16,7,5,3,8,2,3,3,3,2,1,6,5,2,3,2,7
2016,7,LVDPA1520,60,31,52,29,48,5,8,7,12,3,5,3,5,10,17,10,17,6,10,16,27,4,2,2,2,4,6,4,7,1,5,1,1,6,4,2,9
2016,7,LVDPA1521,49,28,57,21,43,1,2,3,6,11,22,6,12,8,16,6,12,10,20,4,8,0,2,8,3,5,3,5,2,1,1,3,3,3,3,5,2
2016,7,LVDPA1522,53,23,43,30,57,4,8,3,6,3,6,10,19,8,15,8,15,9,17,8,15,2,1,0,4,5,4,5,2,2,2,3,6,3,4,4,6
2016,7,LVDPA1523,117,66,56,51,44,13,11,18,15,12,10,13,11,33,28,10,9,5,4,13,11,9,11,9,6,19,4,1,7,4,7,3,7,14,6,4,6
2016,7,LVDPA1524,37,18,49,19,51,1,3,2,5,3,8,4,11,7,19,5,14,9,24,6,16,0,1,1,2,7,3,4,0,1,1,2,2,0,2,5,6
2016,7,LVDPA1525,85,44,52,41,48,1,1,5,6,13,15,12,14,9,11,16,19,12,14,17,20,1,3,8,7,7,6,3,9,0,2,5,5,2,10,9,8
2016,7,LVDPA1526,61,28,46,33,54,3,5,7,11,8,13,14,23,6,10,9,15,9,15,5,8,2,1,4,8,3,4,5,1,1,6,4,6,3,5,4,4
2016,7,LVDPA1527,80,38,48,42,53,8,10,11,14,9,11,12,15,13,16,12,15,3,4,12,15,4,4,3,7,7,8,2,3,4,7,6,5,6,4,1,9
2016,7,LVDPA1528,93,45,48,48,52,20,22,13,14,4,4,12,13,24,26,9,10,3,3,8,9,10,8,2,4,12,5,1,3,10,5,2,8,12,4,2,5
2016,7,LVDPA1529,59,29,49,30,51,1,2,7,12,2,3,7,12,10,17,9,15,8,14,15,25,1,3,2,3,6,6,2,6,0,4,0,4,4,3,6,9
2016,7,LVDPA1530,144,73,51,71,49,19,13,26,18,9,6,19,13,31,22,17,12,12,8,11,8,12,11,6,4,18,10,8,4,7,15,3,15,13,7,4,7
2016,7,LVDPA1531,50,24,48,26,52,5,10,5,10,8,16,8,16,8,16,7,14,6,12,3,6,1,2,6,4,2,6,3,0,4,3,2,4,6,1,3,3
2016,7,LVDPA1532,91,45,49,46,51,4,4,11,12,6,7,13,14,16,18,16,18,12,13,13,14,3,4,3,6,8,11,5,5,1,7,3,7,8,5,7,8
2016,7,LVDPA1533,53,23,43,30,57,3,6,8,15,6,11,4,8,10,19,12,23,4,8,6,11,1,3,4,2,6,5,1,1,2,5,2,2,4,7,3,5
2016,7,LVDPA1534,76,40,53,36,47,15,20,12,16,8,11,11,14,20,26,3,4,4,5,3,4,5,8,8,4,11,2,1,1,10,4,0,7,9,1,3,2
2016,7,LVDPA1535,188,93,49,95,51,11,6,27,14,24,13,15,8,43,23,33,18,19,10,16,9,6,14,12,7,19,17,12,6,5,13,12,8,24,16,7,10
2016,7,LVDPA1536,210,96,46,114,54,47,22,29,14,25,12,35,17,42,20,22,10,4,2,6,3,20,14,14,13,19,11,2,3,27,15,11,22,23,11,2,3
2016,7,LVDPA1537,53,29,55,24,45,6,11,5,9,6,11,6,11,9,17,3,6,10,19,8,15,4,3,4,3,4,2,6,3,2,2,2,3,5,1,4,5
2016,7,LVDPA1538,47,18,38,29,62,3,6,7,15,7,15,8,17,8,17,5,11,3,6,6,13,1,2,3,4,4,2,2,0,2,5,4,4,4,3,1,6
2016,7,LVDPA1539,70,32,46,38,54,7,10,1,1,13,19,6,9,9,13,10,14,13,19,11,16,5,0,4,3,4,5,6,5,2,1,9,3,5,5,7,6
2016,7,LVDPA1540,63,34,54,29,46,5,8,6,10,2,3,7,11,17,27,2,3,7,11,17,27,3,3,1,2,11,1,4,9,2,3,1,5,6,1,3,8
2016,7,LVDPA1541,52,25,48,27,52,5,10,2,4,7,13,9,17,3,6,11,21,6,12,9,17,3,0,5,5,2,5,2,3,2,2,2,4,1,6,4,6
2016,7,LVDPA1542,88,42,48,46,52,12,14,19,22,10,11,5,6,22,25,15,17,3,3,2,2,6,9,4,3,11,7,2,0,6,10,6,2,11,8,1,2
2016,7,LVDPA1543,45,26,58,19,42,1,2,1,2,7,16,8,18,5,11,8,18,7,16,8,18,1,1,5,6,3,4,3,3,0,0,2,2,2,4,4,5
2016,7,LVDPA1544,60,27,45,33,55,2,3,4,7,11,18,6,10,6,10,11,18,9,15,11,18,1,1,4,4,3,6,3,5,1,3,7,2,3,5,6,6
2016,7,LVDPA1545,60,30,50,30,50,6,10,11,18,8,13,8,13,13,22,4,7,7,12,3,5,5,4,4,5,8,3,1,0,1,7,4,3,5,1,6,3
2016,7,LVDPA1546,51,23,45,28,55,1,2,2,4,15,29,8,16,6,12,8,16,8,16,3,6,0,0,5,7,2,5,4,0,1,2,10,1,4,3,4,3
2016,7,LVDPA1547,82,38,46,44,54,11,13,5,6,7,9,15,18,11,13,12,15,9,11,12,15,3,4,3,10,5,3,4,6,8,1,4,5,6,9,5,6
2016,7,LVDPA1548,69,30,43,39,57,5,7,7,10,10,14,7,10,10,14,12,17,4,6,14,20,2,3,7,3,2,7,3,3,3,4,3,4,8,5,1,11
2016,7,LVDPA1549,38,18,47,20,53,2,5,7,18,6,16,0,0,8,21,3,8,6,16,6,16,1,3,4,0,4,2,4,0,1,4,2,0,4,1,2,6
2016,7,LVDPA1550,52,28,54,24,46,11,21,7,13,12,23,3,6,6,12,4,8,2,4,7,13,8,5,7,1,1,2,1,3,3,2,5,2,5,2,1,4
2016,7,LVDPA1551,58,29,50,29,50,8,14,7,12,7,12,14,24,6,10,6,10,5,9,5,9,4,5,4,7,1,4,3,1,4,2,3,7,5,2,2,4
2016,7,LVDPA1552,75,40,53,35,47,4,5,13,17,6,8,13,17,11,15,13,17,10,13,5,7,3,6,3,9,5,8,4,2,1,7,3,4,6,5,6,3
2016,7,LVDPA1553,52,26,50,26,50,4,8,13,25,7,13,4,8,9,17,5,10,4,8,6,12,2,7,2,3,5,3,2,2,2,6,5,1,4,2,2,4
2016,7,LVDPA1554,53,26,49,27,51,4,8,4,8,13,25,5,9,10,19,9,17,2,4,6,11,1,2,7,3,4,4,1,4,3,2,6,2,6,5,1,2
2016,7,LVDPA1555,69,32,46,37,54,0,0,2,3,5,7,7,10,7,10,9,13,15,22,24,35,0,1,2,4,4,4,9,8,0,1,3,3,3,5,6,16
2016,7,LVDPA1556,117,58,50,59,50,12,10,13,11,9,8,20,17,25,21,14,12,19,16,5,4,6,8,5,7,11,7,13,1,6,5,4,13,14,7,6,4
2016,7,LVDPA1557,72,35,49,37,51,6,8,14,19,6,8,6,8,18,25,5,7,7,10,10,14,4,9,2,2,6,4,3,5,2,5,4,4,12,1,4,5
2016,7,LVDPA1558,50,26,52,24,48,7,14,10,20,12,24,6,12,6,12,6,12,2,4,1,2,2,5,7,4,2,4,2,0,5,5,5,2,4,2,0,1
2016,7,LVDPA1559,47,21,45,26,55,6,13,6,13,10,21,5,11,6,13,6,13,3,6,5,11,4,3,5,3,2,3,1,0,2,3,5,2,4,3,2,5
2016,7,LVDPA1560,52,28,54,24,46,5,10,6,12,4,8,8,15,9,17,6,12,9,17,5,10,4,3,2,5,3,3,6,2,1,3,2,3,6,3,3,3
2016,7,LVDPA1561,56,30,54,26,46,7,13,6,11,6,11,8,14,11,20,10,18,5,9,3,5,4,4,3,5,4,7,2,1,3,2,3,3,7,3,3,2
2016,7,LVDPA1562,53,27,51,26,49,5,9,6,11,13,25,4,8,7,13,8,15,4,8,6,11,0,3,10,2,3,5,1,3,5,3,3,2,4,3,3,3
2016,7,LVDPA1563,37,19,51,18,49,0,0,0,0,2,5,7,19,11,30,8,22,4,11,5,14,0,0,2,4,3,5,2,3,0,0,0,3,8,3,2,2
2016,7,LVDPA1564,49,24,49,25,51,6,12,2,4,13,27,3,6,10,20,6,12,1,2,8,16,3,1,7,3,3,4,0,3,3,1,6,0,7,2,1,5
2016,7,LVDPA1565,66,34,52,32,48,9,14,8,12,6,9,15,23,8,12,10,15,6,9,4,6,6,5,1,9,4,5,2,2,3,3,5,6,4,5,4,2
2016,7,LVDPA1566,79,32,41,47,59,4,5,6,8,10,13,8,10,10,13,8,10,8,10,25,32,1,1,5,5,4,3,3,10,3,5,5,3,6,5,5,15
2016,7,LVDPA1567,46,16,35,30,65,6,13,1,2,4,9,6,13,7,15,12,26,3,7,7,15,0,0,1,3,4,6,1,1,6,1,3,3,3,6,2,6
2016,7,LVDPA1568,62,26,42,36,58,4,6,12,19,7,11,8,13,12,19,8,13,5,8,6,10,3,4,3,4,5,5,2,0,1,8,4,4,7,3,3,6
2016,7,LVDPA1569,45,24,53,21,47,5,11,7,16,11,24,4,9,3,7,7,16,4,9,4,9,3,2,7,3,2,3,2,2,2,5,4,1,1,4,2,2
2016,7,LVDPA1570,78,36,46,42,54,10,13,12,15,11,14,6,8,13,17,16,21,9,12,1,1,3,7,8,2,3,8,5,0,7,5,3,4,10,8,4,1
2016,7,LVDPA1571,34,17,50,17,50,1,3,4,12,11,32,5,15,7,21,3,9,3,9,0,0,1,0,7,3,3,2,1,0,0,4,4,2,4,1,2,0
2017,0,LV,1950116,895683,46,1054433,54,144500,7,159087,8,188309,10,275790,14,257129,13,269405,14,267987,14,387909,20,74849,81501,96583,141316,127692,128184,118295,127263,69651,77586,91726,134474,129437,141221,149692,260646
2017,1,LV003,246456,114137,46,132319,54,17660,7,21154,9,27290,11,31487,13,29824,12,34104,14,34051,14,50886,21,9096,10852,14036,16541,14831,16378,15344,17059,8564,10302,13254,14946,14993,17726,18707,33827
2017,1,LV005,270173,124847,46,145326,54,16414,6,20294,8,27377,10,32655,12,32440,12,41770,15,41615,15,57608,21,8550,10387,14212,17519,16227,20351,18997,18604,7864,9907,13165,15136,16213,21419,22618,39004
2017,1,LV006,641192,284228,44,356964,56,48735,8,48525,8,52730,8,102081,16,90172,14,83335,13,86967,14,128647,20,25176,24921,26519,49783,43595,37840,35825,40569,23559,23604,26211,52298,46577,45495,51142,88078
2017,1,LV007,365224,171785,47,193439,53,31191,9,33729,9,34749,10,51195,14,52985,15,49395,14,46345,13,65635,18,16228,17230,17894,26035,26542,24250,21080,22526,14963,16499,16855,25160,26443,25145,25265,43109
2017,1,LV008,191691,89772,47,101919,53,13181,7,15335,8,21389,11,25494,13,22078,12,27621,14,26586,14,40007,21,6871,7905,11102,13735,11267,13176,12351,13365,6310,7430,10287,11759,10811,14445,14235,26642
2017,1,LV009,235380,110914,47,124466,53,17319,7,20050,9,24774,11,32878,14,29630,13,33180,14,32423,14,45126,19,8928,10206,12820,17703,15230,16189,14698,15140,8391,9844,11954,15175,14400,16991,17725,29986
2017,3,0010000,641192,284228,44,356964,56,48735,8,48525,8,52730,8,102081,16,90172,14,83335,13,86967,14,128647,20,25176,24921,26519,49783,43595,37840,35825,40569,23559,23604,26211,52298,46577,45495,51142,88078
2017,3,0050000,84289,37524,45,46765,55,5883,7,6508,8,7423,9,10309,12,10532,12,12876,15,12537,15,18221,22,3134,3343,3789,5321,5047,6036,5254,5600,2749,3165,3634,4988,5485,6840,7283,12621
2017,3,0090000,56703,25789,45,30914,55,4920,9,5130,9,5381,9,8372,15,7750,14,7457,13,7253,13,10440,18,2524,2588,2653,4233,3851,3522,3039,3379,2396,2542,2728,4139,3899,3935,4214,7061
2017,3,0110000,22257,10159,46,12098,54,1512,7,1955,9,2211,10,3040,14,2864,13,3211,14,3173,14,4291,19,781,945,1155,1631,1451,1473,1397,1326,731,1010,1056,1409,1413,1738,1776,2965
2017,3,0130000,48660,22067,45,26593,55,3323,7,3728,8,3971,8,6383,13,6544,13,7017,14,7276,15,10418,21,1697,1924,2051,3165,3173,3377,3198,3482,1626,1804,1920,3218,3371,3640,4078,6936
2017,3,0170000,69413,30745,44,38668,56,5498,8,6343,9,7057,10,8750,13,8705,13,9368,13,9144,13,14548,21,2869,3244,3576,4242,4144,4325,3861,4484,2629,3099,3481,4508,4561,5043,5283,10064
2017,3,0210000,28200,12441,44,15759,56,1861,7,2370,8,2709,10,3337,12,3639,13,4126,15,4439,16,5719,20,984,1226,1410,1646,1689,1864,1903,1719,877,1144,1299,1691,1950,2262,2536,4000
2017,3,0250000,22964,10106,44,12858,56,1887,8,1968,9,2272,10,3120,14,2759,12,3176,14,3010,13,4772,21,1002,1016,1152,1459,1283,1384,1235,1575,885,952,1120,1661,1476,1792,1775,3197
2017,3,0270000,35400,15875,45,19525,55,2509,7,2820,8,3529,10,4233,12,4548,13,5032,14,5032,14,7697,22,1309,1405,1737,2157,2161,2377,2197,2532,1200,1415,1792,2076,2387,2655,2835,5165
2017,3,0320200,8263,3742,45,4521,55,559,7,664,8,806,10,1108,13,1024,12,1170,14,1287,16,1645,20,307,342,392,591,519,526,531,534,252,322,414,517,505,644,756,1111
2017,3,0321000,5345,2601,49,2744,51,317,6,429,8,585,11,724,14,627,12,776,15,804,15,1083,20,161,226,304,390,349,401,397,373,156,203,281,334,278,375,407,710
2017,3,0321400,5167,2474,48,2693,52,350,7,368,7,577,11,647,13,561,11,771,15,751,15,1142,22,184,185,306,380,298,395,354,372,166,183,271,267,263,376,397,770
2017,3,0326100,5106,2452,48,2654,52,368,7,424,8,616,12,742,15,564,11,761,15,657,13,974,19,181,210,349,422,289,370,306,325,187,214,267,320,275,391,351,649
2017,3,0327100,3518,1762,50,1756,50,196,6,198,6,414,12,462,13,387,11,579,16,551,16,731,21,105,104,226,265,211,300,287,264,91,94,188,197,176,279,264,467
2017,3,0328200,3415,1590,47,1825,53,228,7,255,7,332,10,458,13,388,11,441,13,507,15,806,24,121,130,154,247,201,231,231,275,107,125,178,211,187,210,276,531
2017,3,0360200,14896,6871,46,8025,54,939,6,1190,8,1813,12,1763,12,1613,11,2287,15,2096,14,3195,21,496,599,931,906,822,1093,987,1037,443,591,882,857,791,1194,1109,2158
2017,3,0360800,3419,1671,49,1748,51,227,7,262,8,427,12,464,14,391,11,493,14,451,13,704,21,123,137,219,281,203,243,239,226,104,125,208,183,188,250,212,478
2017,3,0380200,12344,5754,47,6590,53,756,6,960,8,1418,11,1476,12,1326,11,1939,16,1914,16,2555,21,402,520,735,778,682,937,860,840,354,440,683,698,644,1002,1054,1715
2017,3,0381600,4885,2362,48,2523,52,227,5,342,7,588,12,565,12,564,12,757,15,758,16,1084,22,126,175,317,325,325,375,388,331,101,167,271,240,239,382,370,753
2017,3,0384400,1040,516,50,524,50,46,4,66,6,141,14,120,12,98,9,198,19,149,14,222,21,28,39,67,76,53,106,79,68,18,27,74,44,45,92,70,154
2017,3,0387500,2213,1072,48,1141,52,106,5,170,8,279,13,304,14,272,12,339,15,295,13,448,20,49,83,147,175,144,183,143,148,57,87,132,129,128,156,152,300
2017,3,0400200,23418,11077,47,12341,53,1662,7,2056,9,2491,11,3273,14,2873,12,3383,14,3316,14,4364,19,865,1048,1286,1800,1472,1638,1488,1480,797,1008,1205,1473,1401,1745,1828,2884
2017,3,0406400,8464,4006,47,4458,53,624,7,833,10,970,11,1162,14,1140,13,1221,14,1077,13,1437,17,315,433,492,613,569,605,510,469,309,400,478,549,571,616,567,968
2017,3,0407700,3430,1656,48,1774,52,268,8,263,8,383,11,482,14,400,12,474,14,480,14,680,20,141,142,200,272,221,229,224,227,127,121,183,210,179,245,256,453
2017,3,0409500,7982,3911,49,4071,51,517,6,669,8,917,11,1084,14,947,12,1173,15,1102,14,1573,20,256,370,483,607,520,590,534,551,261,299,434,477,427,583,568,1022
2017,3,0420200,16629,7401,45,9228,55,1289,8,1384,8,1782,11,2218,13,1989,12,2211,13,2212,13,3544,21,665,710,962,1087,942,953,907,1175,624,674,820,1131,1047,1258,1305,2369
2017,3,0421200,3319,1568,47,1751,53,216,7,256,8,328,10,466,14,406,12,436,13,473,14,738,22,104,139,167,266,224,205,226,237,112,117,161,200,182,231,247,501
2017,3,0424701,5168,2557,49,2611,51,325,6,451,9,616,12,687,13,628,12,730,14,728,14,1003,19,165,230,326,391,335,363,372,375,160,221,290,296,293,367,356,628
2017,3,0425700,2142,1002,47,1140,53,134,6,165,8,281,13,273,13,236,11,293,14,295,14,465,22,56,66,147,154,143,142,137,157,78,99,134,119,93,151,158,308
2017,3,0427300,7881,3714,47,4167,53,596,8,624,8,895,11,1069,14,916,12,1179,15,1054,13,1548,20,327,325,452,582,462,543,493,530,269,299,443,487,454,636,561,1018
2017,3,0427500,3734,1850,50,1884,50,255,7,308,8,405,11,549,15,428,11,544,15,478,13,767,21,145,152,218,300,241,282,247,265,110,156,187,249,187,262,231,502
2017,3,0427700,3130,1481,47,1649,53,186,6,250,8,339,11,430,14,359,11,451,14,412,13,703,22,86,129,167,235,185,220,203,256,100,121,172,195,174,231,209,447
2017,3,0429300,3698,1856,50,1842,50,211,6,259,7,406,11,545,15,396,11,610,16,509,14,762,21,101,144,212,325,226,297,263,288,110,115,194,220,170,313,246,474
2017,3,0440200,21405,10383,49,11022,51,1072,5,1380,6,2099,10,2550,12,2672,12,3371,16,3486,16,4775,22,566,716,1085,1451,1427,1713,1744,1681,506,664,1014,1099,1245,1658,1742,3094
2017,3,0440801,7017,3289,47,3728,53,371,5,449,6,768,11,877,12,729,10,1095,16,1123,16,1605,23,179,234,387,500,354,553,544,538,192,215,381,377,375,542,579,1067
2017,3,0460200,20090,9485,47,10605,53,1398,7,1741,9,2281,11,2678,13,2506,12,2816,14,2825,14,3845,19,710,906,1204,1456,1274,1376,1219,1340,688,835,1077,1222,1232,1440,1606,2505
2017,3,0460800,6419,2978,46,3441,54,392,6,547,9,741,12,766,12,684,11,886,14,937,15,1466,23,208,284,373,413,347,428,425,500,184,263,368,353,337,458,512,966
2017,3,0468900,3401,1637,48,1764,52,224,7,238,7,393,12,503,15,354,10,505,15,462,14,722,21,126,121,205,296,186,246,210,247,98,117,188,207,168,259,252,475
2017,3,0500200,20814,9879,47,10935,53,1345,6,1613,8,2488,12,2784,13,2454,12,3088,15,3009,14,4033,19,686,852,1264,1535,1240,1547,1426,1329,659,761,1224,1249,1214,1541,1583,2704
2017,3,0540200,22473,10954,49,11519,51,1444,6,1822,8,2422,11,3202,14,2964,13,3212,14,3131,14,4276,19,767,894,1300,1806,1590,1608,1500,1489,677,928,1122,1396,1374,1604,1631,2787
2017,3,0546701,9628,4577,48,5051,52,1008,10,943,10,915,10,1408,15,1439,15,1220,13,1135,12,1560,16,516,467,476,713,724,608,530,543,492,476,439,695,715,612,605,1017
2017,3,0560200,4554,2259,50,2295,50,268,6,293,6,556,12,642,14,459,10,690,15,696,15,950,21,120,152,303,380,260,352,375,317,148,141,253,262,199,338,321,633
2017,3,0560800,2790,1436,51,1354,49,133,5,168,6,324,12,408,15,289,10,488,17,436,16,544,19,71,93,178,231,163,261,236,203,62,75,146,177,126,227,200,341
2017,3,0561800,3700,1798,49,1902,51,223,6,299,8,427,12,484,13,375,10,563,15,511,14,818,22,116,160,232,276,200,289,240,285,107,139,195,208,175,274,271,533
2017,3,0566900,5754,2845,49,2909,51,441,8,461,8,660,11,749,13,610,11,857,15,816,14,1160,20,209,242,348,413,320,466,425,422,232,219,312,336,290,391,391,738
2017,3,0568700,3503,1726,49,1777,51,267,8,294,8,372,11,484,14,425,12,526,15,516,15,619,18,144,164,201,268,215,275,240,219,123,130,171,216,210,251,276,400
2017,3,0600202,14981,6908,46,8073,54,705,5,1042,7,1541,10,1510,10,1626,11,2396,16,2627,18,3534,24,337,503,818,827,819,1166,1217,1221,368,539,723,683,807,1230,1410,2313
2017,3,0601000,7262,3497,48,3765,52,387,5,539,7,827,11,798,11,807,11,1197,16,1127,16,1580,22,191,271,433,454,431,615,559,543,196,268,394,344,376,582,568,1037
2017,3,0604300,3439,1676,49,1763,51,160,5,238,7,403,12,361,10,343,10,589,17,558,16,787,23,78,122,202,203,181,312,299,279,82,116,201,158,162,277,259,508
2017,3,0620200,23003,10817,47,12186,53,1621,7,2007,9,2759,12,3167,14,2819,12,3087,13,3203,14,4340,19,822,1033,1388,1685,1419,1479,1476,1515,799,974,1371,1482,1400,1608,1727,2825
2017,3,0621200,4803,2292,48,2511,52,275,6,384,8,563,12,597,12,548,11,665,14,702,15,1069,22,143,193,287,334,287,344,342,362,132,191,276,263,261,321,360,707
2017,3,0624200,1347,637,47,710,53,89,7,94,7,151,11,189,14,137,10,182,14,233,17,272,20,49,48,71,100,74,99,104,92,40,46,80,89,63,83,129,180
2017,3,0640600,8541,4062,48,4479,52,558,7,734,9,1018,12,1034,12,918,11,1180,14,1158,14,1941,23,284,371,537,596,471,574,531,698,274,363,481,438,447,606,627,1243
2017,3,0640801,2730,1353,50,1377,50,176,6,197,7,293,11,353,13,320,12,390,14,377,14,624,23,98,103,158,210,173,183,211,217,78,94,135,143,147,207,166,407
2017,3,0641000,8624,4087,47,4537,53,611,7,771,9,994,12,1048,12,1130,13,1121,13,1151,13,1798,21,299,412,512,559,595,540,510,660,312,359,482,489,535,581,641,1138
2017,3,0641401,2618,1263,48,1355,52,153,6,185,7,280,11,363,14,240,9,414,16,394,15,589,22,85,89,143,199,129,220,204,194,68,96,137,164,111,194,190,395
2017,3,0641600,5334,2579,48,2755,52,337,6,492,9,637,12,658,12,601,11,743,14,759,14,1107,21,172,255,337,381,320,380,371,363,165,237,300,277,281,363,388,744
2017,3,0647900,3282,1628,50,1654,50,170,5,254,8,360,11,421,13,378,12,516,16,445,14,738,22,96,139,192,233,206,261,222,279,74,115,168,188,172,255,223,459
2017,3,0648500,1626,813,50,813,50,100,6,112,7,175,11,193,12,142,9,262,16,243,15,399,25,47,60,100,119,86,136,125,140,53,52,75,74,56,126,118,259
2017,3,0649300,2400,1149,48,1251,52,166,7,215,9,263,11,308,13,258,11,335,14,292,12,563,23,89,111,138,172,137,179,135,188,77,104,125,136,121,156,157,375
2017,3,0660200,16588,7916,48,8672,52,1098,7,1354,8,1790,11,2215,13,1973,12,2329,14,2292,14,3537,21,585,703,918,1199,1037,1147,1093,1234,513,651,872,1016,936,1182,1199,2303
2017,3,0661000,4795,2316,48,2479,52,317,7,372,8,574,12,635,13,511,11,704,15,620,13,1062,22,170,189,313,341,279,361,310,353,147,183,261,294,232,343,310,709
2017,3,0661400,7583,3624,48,3959,52,362,5,576,8,842,11,964,13,899,12,1159,15,1114,15,1667,22,198,294,437,542,451,590,529,583,164,282,405,422,448,569,585,1084
2017,3,0680200,12760,5873,46,6887,54,714,6,917,7,1247,10,1524,12,1609,13,2048,16,1930,15,2771,22,358,457,657,833,797,1013,862,896,356,460,590,691,812,1035,1068,1875
2017,3,0681000,5535,2565,46,2970,54,300,5,387,7,628,11,701,13,641,12,867,16,815,15,1196,22,137,200,329,396,314,462,376,351,163,187,299,305,327,405,439,845
2017,3,0681801,2850,1367,48,1483,52,147,5,203,7,316,11,349,12,366,13,428,15,424,15,617,22,88,109,164,206,195,204,192,209,59,94,152,143,171,224,232,408
2017,3,0684901,2569,1255,49,1314,51,147,6,163,6,283,11,336,13,287,11,414,16,403,16,536,21,71,72,157,187,169,205,214,180,76,91,126,149,118,209,189,356
2017,3,0700200,22993,10797,47,12196,53,1549,7,1765,8,2682,12,3025,13,2632,11,3330,14,3272,14,4738,21,790,910,1381,1645,1374,1581,1548,1568,759,855,1301,1380,1258,1749,1724,3170
2017,3,0700800,2501,1208,48,1293,52,123,5,184,7,307,12,304,12,302,12,380,15,362,14,539,22,69,97,176,172,153,184,176,181,54,87,131,132,149,196,186,358
2017,3,0701400,2313,1122,49,1191,51,125,5,171,7,274,12,309,13,258,11,354,15,310,13,512,22,68,80,142,191,138,179,152,172,57,91,132,118,120,175,158,340
2017,3,0701800,3219,1504,47,1715,53,168,5,257,8,407,13,433,13,331,10,456,14,415,13,752,23,88,146,211,227,164,233,202,233,80,111,196,206,167,223,213,519
2017,3,0705500,2815,1325,47,1490,53,166,6,200,7,326,12,356,13,275,10,370,13,401,14,721,26,95,94,155,212,146,178,198,247,71,106,171,144,129,192,203,474
2017,3,0740202,33478,15199,45,18279,55,2585,8,2977,9,3222,10,4515,13,4732,14,4314,13,4322,13,6811,20,1301,1508,1638,2334,2366,2049,1778,2225,1284,1469,1584,2181,2366,2265,2544,4586
2017,3,0740600,9408,4472,48,4936,52,1001,11,1070,11,855,9,1325,14,1483,16,1199,13,1029,11,1446,15,523,532,435,657,748,595,461,521,478,538,420,668,735,604,568,925
2017,3,0741001,5440,2654,49,2786,51,399,7,400,7,549,10,776,14,637,12,816,15,782,14,1081,20,210,214,282,440,315,398,386,409,189,186,267,336,322,418,396,672
2017,3,0741401,9756,4585,47,5171,53,694,7,897,9,1068,11,1245,13,1383,14,1390,14,1262,13,1817,19,345,448,563,689,691,684,560,605,349,449,505,556,692,706,702,1212
2017,3,0760202,9568,4387,46,5181,54,619,6,680,7,1012,11,1249,13,1031,11,1516,16,1554,16,1907,20,336,346,506,672,509,695,718,605,283,334,506,577,522,821,836,1302
2017,3,0761201,11213,5126,46,6087,54,677,6,914,8,1166,10,1359,12,1275,11,1623,14,1863,17,2336,21,347,432,598,702,658,791,837,761,330,482,568,657,617,832,1026,1575
2017,3,0766300,4912,2448,50,2464,50,227,5,333,7,656,13,588,12,540,11,766,16,748,15,1054,21,129,188,362,352,291,409,386,331,98,145,294,236,249,357,362,723
2017,3,0769101,1935,954,49,981,51,127,7,106,5,259,13,262,14,184,10,281,15,284,15,432,22,66,53,128,153,100,142,151,161,61,53,131,109,84,139,133,271
2017,3,0780200,25960,12736,49,13224,51,1576,6,2100,8,2965,11,3355,13,3246,13,4038,16,3714,14,4966,19,793,1090,1599,1856,1713,2114,1859,1712,783,1010,1366,1499,1533,1924,1855,3254
2017,3,0781800,5796,2714,47,3082,53,306,5,427,7,649,11,725,13,653,11,906,16,867,15,1263,22,151,208,322,406,329,456,412,430,155,219,327,319,324,450,455,833
2017,3,0800600,5383,2563,48,2820,52,467,9,551,10,603,11,804,15,786,15,662,12,638,12,872,16,238,296,320,406,413,320,303,267,229,255,283,398,373,342,335,605
2017,3,0800800,22658,10721,47,11937,53,2631,12,2321,10,1810,8,3485,15,3830,17,2754,12,2571,11,3256,14,1373,1170,935,1679,1892,1354,1150,1168,1258,1151,875,1806,1938,1400,1421,2088
2017,3,0801000,19471,8928,46,10543,54,1420,7,1736,9,1744,9,2718,14,2955,15,2741,14,2649,14,3508,18,708,851,901,1402,1490,1326,1133,1117,712,885,843,1316,1465,1415,1516,2391
2017,3,0801200,22309,10451,47,11858,53,2038,9,2063,9,1886,8,3321,15,3676,16,2903,13,2588,12,3834,17,1101,1073,940,1649,1863,1410,1138,1277,937,990,946,1672,1813,1493,1450,2557
2017,3,0801400,5597,2634,47,2963,53,396,7,430,8,468,8,698,12,709,13,804,14,752,13,1340,24,208,217,234,364,366,409,349,487,188,213,234,334,343,395,403,853
2017,3,0801601,17266,7916,46,9350,54,1725,10,1611,9,1759,10,2705,16,2399,14,2140,12,2029,12,2898,17,902,789,867,1293,1165,1015,919,966,823,822,892,1412,1234,1125,1110,1932
2017,3,0801800,7612,3645,48,3967,52,604,8,678,9,664,9,1049,14,1125,15,1007,13,1072,14,1413,19,314,355,348,572,571,516,499,470,290,323,316,477,554,491,573,943
2017,3,0804400,10739,5109,48,5630,52,1282,12,1295,12,890,8,1584,15,1931,18,1288,12,1155,11,1314,12,679,652,443,745,947,637,546,460,603,643,447,839,984,651,609,854
2017,3,0804900,10126,4793,47,5333,53,1197,12,1119,11,977,10,1437,14,1587,16,1389,14,1127,11,1293,13,596,575,462,671,761,699,559,470,601,544,515,766,826,690,568,823
2017,3,0805200,8340,4213,51,4127,49,547,7,577,7,695,8,1207,14,1184,14,1247,15,1186,14,1697,20,294,311,363,663,623,653,577,729,253,266,332,544,561,594,609,968
2017,3,0806000,8120,4033,50,4087,50,712,9,956,12,815,10,1028,13,1302,16,1299,16,974,12,1034,13,371,490,443,509,622,675,504,419,341,466,372,519,680,624,470,615
2017,3,0806900,4976,2449,49,2527,51,380,8,367,7,534,11,717,14,678,14,672,14,691,14,937,19,207,181,293,386,372,344,323,343,173,186,241,331,306,328,368,594
2017,3,0807400,3409,1617,47,1792,53,241,7,297,9,391,11,432,13,471,14,479,14,443,13,655,19,141,162,200,218,247,236,189,224,100,135,191,214,224,243,254,431
2017,3,0807600,18527,8942,48,9585,52,2687,15,2326,13,1573,8,3033,16,3434,19,2240,12,1463,8,1771,10,1398,1203,804,1396,1704,1132,701,604,1289,1123,769,1637,1730,1108,762,1167
2017,3,0808400,6645,3252,49,3393,51,510,8,592,9,637,10,1011,15,1015,15,928,14,883,13,1069,16,255,302,334,577,535,442,421,386,255,290,303,434,480,486,462,683
2017,3,0809200,2187,1048,48,1139,52,147,7,194,9,228,10,308,14,301,14,293,13,305,14,411,19,75,92,120,167,158,140,147,149,72,102,108,141,143,153,158,262
2017,3,0809600,10310,4878,47,5432,53,1017,10,1118,11,995,10,1407,14,1705,17,1422,14,1183,11,1463,14,540,585,529,683,812,692,533,504,477,533,466,724,893,730,650,959
2017,3,0840200,23036,10907,47,12129,53,1691,7,1986,9,2901,13,2974,13,2695,12,3299,14,3200,14,4290,19,840,1005,1502,1639,1336,1614,1430,1541,851,981,1399,1335,1359,1685,1770,2749
2017,3,0840601,5557,2631,47,2926,53,379,7,481,9,663,12,669,12,647,12,770,14,777,14,1171,21,202,247,361,357,328,377,378,381,177,234,302,312,319,393,399,790
2017,3,0880200,28456,13433,47,15023,53,1995,7,2403,8,3347,12,3804,13,3394,12,3879,14,4036,14,5598,20,1031,1265,1752,2037,1725,1851,1809,1963,964,1138,1595,1767,1669,2028,2227,3635
2017,3,0885100,3854,1844,48,2010,52,262,7,286,7,440,11,549,14,381,10,592,15,510,13,834,22,129,149,243,293,213,295,238,284,133,137,197,256,168,297,272,550
2017,3,0887600,1524,732,48,792,52,93,6,111,7,166,11,192,13,191,13,200,13,217,14,354,23,50,58,87,111,112,95,109,110,43,53,79,81,79,105,108,244
2017,3,0888301,3640,1690,46,1950,54,195,5,273,8,392,11,499,14,390,11,551,15,528,15,812,22,102,137,194,285,188,267,257,260,93,136,198,214,202,284,271,552
2017,3,0900200,28248,13275,47,14973,53,2320,8,2635,9,3222,11,3842,14,3678,13,3788,13,3454,12,5309,19,1224,1364,1686,2004,1848,1832,1574,1743,1096,1271,1536,1838,1830,1956,1880,3566
2017,3,0901201,8086,3921,48,4165,52,505,6,745,9,1019,13,1068,13,926,11,1131,14,1109,14,1583,20,285,369,542,564,490,557,542,572,220,376,477,504,436,574,567,1011
2017,3,0905100,7225,3417,47,3808,53,411,6,550,8,692,10,938,13,874,12,1011,14,1033,14,1716,24,205,286,352,506,453,529,495,591,206,264,340,432,421,482,538,1125
2017,3,0905700,2282,1147,50,1135,50,175,8,194,9,276,12,345,15,257,11,269,12,343,15,423,19,85,95,141,214,150,131,163,168,90,99,135,131,107,138,180,255
2017,3,0940200,8058,3666,45,4392,55,507,6,599,7,828,10,976,12,754,9,1185,15,1203,15,2006,25,274,323,424,527,387,563,537,631,233,276,404,449,367,622,666,1375
2017,3,0941600,12305,5934,48,6371,52,956,8,1065,9,1378,11,1702,14,1490,12,1727,14,1686,14,2301,19,507,561,754,940,774,818,784,796,449,504,624,762,716,909,902,1505
2017,3,0941800,3076,1389,45,1687,55,136,4,236,8,278,9,294,10,348,11,431,14,525,17,828,27,70,125,146,153,182,217,248,248,66,111,132,141,166,214,277,580
2017,3,0960200,5988,2864,48,3124,52,454,8,473,8,676,11,823,14,725,12,865,14,831,14,1141,19,240,228,342,456,387,427,406,378,214,245,334,367,338,438,425,763
2017,3,0961000,3035,1390,46,1645,54,184,6,215,7,320,11,414,14,322,11,429,14,418,14,733,24,89,111,165,232,174,203,194,222,95,104,155,182,148,226,224,511
2017,3,0961600,5056,2375,47,2681,53,286,6,392,8,490,10,651,13,573,11,742,15,752,15,1170,23,158,201,250,371,273,371,357,394,128,191,240,280,300,371,395,776
2017,3,0964700,3054,1509,49,1545,51,208,7,262,9,308,10,409,13,400,13,434,14,422,14,611,20,111,130,164,242,219,213,211,219,97,132,144,167,181,221,211,392
2017,3,0967101,7712,3865,50,3847,50,592,8,641,8,823,11,1202,16,909,12,1136,15,1015,13,1394,18,288,329,439,704,502,599,479,525,304,312,384,498,407,537,536,869
2017,3,0967300,1772,868,49,904,51,117,7,145,8,240,14,228,13,184,10,284,16,247,14,327,18,68,71,136,142,88,138,124,101,49,74,104,86,96,146,123,226
2017,3,0980200,11268,5600,50,5668,50,782,7,1006,9,1302,12,1486,13,1382,12,1518,13,1650,15,2142,19,380,528,721,832,727,782,834,796,402,478,581,654,655,736,816,1346
2017,4,0010000,641192,284228,44,356964,56,48735,8,48525,8,52730,8,102081,16,90172,14,83335,13,86967,14,128647,20,25176,24921,26519,49783,43595,37840,35825,40569,23559,23604,26211,52298,46577,45495,51142,88078
2017,4,0050000,84289,37524,45,46765,55,5883,7,6508,8,7423,9,10309,12,10532,12,12876,15,12537,15,18221,22,3134,3343,3789,5321,5047,6036,5254,5600,2749,3165,3634,4988,5485,6840,7283,12621
2017,4,0090000,56703,25789,45,30914,55,4920,9,5130,9,5381,9,8372,15,7750,14,7457,13,7253,13,10440,18,2524,2588,2653,4233,3851,3522,3039,3379,2396,2542,2728,4139,3899,3935,4214,7061
2017,4,0110000,22257,10159,46,12098,54,1512,7,1955,9,2211,10,3040,14,2864,13,3211,14,3173,14,4291,19,781,945,1155,1631,1451,1473,1397,1326,731,1010,1056,1409,1413,1738,1776,2965
2017,4,0130000,48660,22067,45,26593,55,3323,7,3728,8,3971,8,6383,13,6544,13,7017,14,7276,15,10418,21,1697,1924,2051,3165,3173,3377,3198,3482,1626,1804,1920,3218,3371,3640,4078,6936
2017,4,0170000,69413,30745,44,38668,56,5498,8,6343,9,7057,10,8750,13,8705,13,9368,13,9144,13,14548,21,2869,3244,3576,4242,4144,4325,3861,4484,2629,3099,3481,4508,4561,5043,5283,10064
2017,4,0210000,28200,12441,44,15759,56,1861,7,2370,8,2709,10,3337,12,3639,13,4126,15,4439,16,5719,20,984,1226,1410,1646,1689,1864,1903,1719,877,1144,1299,1691,1950,2262,2536,4000
2017,4,0250000,22964,10106,44,12858,56,1887,8,1968,9,2272,10,3120,14,2759,12,3176,14,3010,13,4772,21,1002,1016,1152,1459,1283,1384,1235,1575,885,952,1120,1661,1476,1792,1775,3197
2017,4,0270000,35400,15875,45,19525,55,2509,7,2820,8,3529,10,4233,12,4548,13,5032,14,5032,14,7697,22,1309,1405,1737,2157,2161,2377,2197,2532,1200,1415,1792,2076,2387,2655,2835,5165
2017,4,0320201,7223,3247,45,3976,55,478,7,576,8,695,10,959,13,900,12,1009,14,1141,16,1465,20,262,300,342,497,462,446,467,471,216,276,353,462,438,563,674,994
2017,4,0320244,1017,479,47,538,53,79,8,87,9,109,11,142,14,121,12,157,15,145,14,177,17,43,41,48,90,56,77,63,61,36,46,61,52,65,80,82,116
2017,4,0321007,1886,887,47,999,53,122,6,153,8,190,10,236,13,229,12,243,13,287,15,426,23,65,85,93,122,127,123,129,143,57,68,97,114,102,120,158,283
2017,4,0321027,76,37,49,39,51,5,7,5,7,8,11,10,13,7,9,12,16,15,20,14,18,1,4,4,2,7,6,8,5,4,1,4,8,0,6,7,9
2017,4,0321050,918,450,49,468,51,56,6,66,7,105,11,131,14,93,10,135,15,155,17,177,19,25,28,53,83,51,66,83,61,31,38,52,48,42,69,72,116
2017,4,0321078,951,473,50,478,50,55,6,84,9,125,13,141,15,113,12,148,16,125,13,160,17,30,42,64,72,66,77,65,57,25,42,61,69,47,71,60,103
2017,4,0321080,740,371,50,369,50,46,6,66,9,55,7,122,16,85,11,119,16,110,15,137,19,27,28,29,60,52,63,58,54,19,38,26,62,33,56,52,83
2017,4,0321084,335,162,48,173,52,16,5,13,4,44,13,39,12,41,12,51,15,52,16,79,24,4,10,29,22,18,28,26,25,12,3,15,17,23,23,26,54
2017,4,0321086,429,217,51,212,49,16,4,40,9,57,13,43,10,58,14,67,16,58,14,90,21,9,28,31,29,27,38,27,28,7,12,26,14,31,29,31,62
2017,4,0321413,3139,1436,46,1703,54,217,7,249,8,336,11,412,13,349,11,432,14,458,15,686,22,117,124,180,229,181,203,196,206,100,125,156,183,168,229,262,480
2017,4,0321442,638,320,50,318,50,41,6,33,5,80,13,77,12,56,9,126,20,73,11,152,24,25,17,43,52,26,72,34,51,16,16,37,25,30,54,39,101
2017,4,0321458,679,344,51,335,49,43,6,38,6,86,13,78,11,79,12,104,15,101,15,150,22,16,18,46,48,44,62,56,54,27,20,40,30,35,42,45,96
2017,4,0321492,690,359,52,331,48,48,7,43,6,74,11,73,11,74,11,107,16,118,17,153,22,25,23,36,46,45,57,67,60,23,20,38,27,29,50,51,93
2017,4,0326146,1042,499,48,543,52,93,9,112,11,126,12,181,17,107,10,139,13,132,13,152,15,38,58,71,106,55,71,53,47,55,54,55,75,52,68,79,105
2017,4,0326154,482,237,49,245,51,18,4,54,11,70,15,70,15,54,11,67,14,59,12,90,19,7,29,39,40,28,28,32,34,11,25,31,30,26,39,27,56
2017,4,0326160,3566,1707,48,1859,52,253,7,258,7,415,12,487,14,402,11,554,16,465,13,732,21,133,123,238,273,205,271,220,244,120,135,177,214,197,283,245,488
2017,4,0327166,1014,514,51,500,49,38,4,47,5,100,10,141,14,125,12,186,18,160,16,217,21,18,26,51,74,72,101,96,76,20,21,49,67,53,85,64,141
2017,4,0327170,1510,733,49,777,51,97,6,98,6,186,12,181,12,171,11,231,15,219,15,327,22,46,49,105,106,89,117,106,115,51,49,81,75,82,114,113,212
2017,4,0327174,374,192,51,182,49,15,4,19,5,42,11,52,14,41,11,59,16,73,20,73,20,10,10,21,30,27,32,33,29,5,9,21,22,14,27,40,44
2017,4,0327196,615,319,52,296,48,46,7,34,6,84,14,85,14,50,8,103,17,99,16,114,19,31,19,48,52,23,50,52,44,15,15,36,33,27,53,47,70
2017,4,0328200,3415,1590,47,1825,53,228,7,255,7,332,10,458,13,388,11,441,13,507,15,806,24,121,130,154,247,201,231,231,275,107,125,178,211,187,210,276,531
2017,4,0360201,6916,3065,44,3851,56,434,6,546,8,764,11,839,12,770,11,1007,15,1001,14,1555,22,215,271,393,432,382,442,438,492,219,275,371,407,388,565,563,1063
2017,4,0360242,1305,627,48,678,52,72,6,97,7,169,13,126,10,163,12,200,15,194,15,284,22,43,47,93,61,83,109,95,96,29,50,76,65,80,91,99,188
2017,4,0360244,408,187,46,221,54,43,11,33,8,44,11,63,15,29,7,51,13,66,16,79,19,22,18,21,31,12,30,28,25,21,15,23,32,17,21,38,54
2017,4,0360252,328,152,46,176,54,17,5,27,8,57,17,31,9,33,10,54,16,51,16,58,18,9,16,25,18,12,26,28,18,8,11,32,13,21,28,23,40
2017,4,0360256,997,476,48,521,52,62,6,90,9,118,12,127,13,92,9,153,15,158,16,197,20,34,42,54,69,56,82,78,61,28,48,64,58,36,71,80,136
2017,4,0360258,418,199,48,219,52,29,7,25,6,49,12,45,11,41,10,90,22,57,14,82,20,21,12,26,22,25,46,26,21,8,13,23,23,16,44,31,61
2017,4,0360260,406,184,45,222,55,29,7,43,11,61,15,53,13,47,12,72,18,38,9,63,16,14,20,28,29,18,36,20,19,15,23,33,24,29,36,18,44
2017,4,0360264,141,59,42,82,58,3,2,14,10,11,8,15,11,12,9,23,16,31,22,32,23,2,3,7,8,5,10,16,8,1,11,4,7,7,13,15,24
2017,4,0360268,743,340,46,403,54,47,6,64,9,100,13,75,10,73,10,105,14,87,12,192,26,24,32,50,37,37,46,48,66,23,32,50,38,36,59,39,126
2017,4,0360272,376,189,50,187,50,29,8,46,12,52,14,42,11,35,9,66,18,40,11,66,18,16,26,28,23,16,36,19,25,13,20,24,19,19,30,21,41
2017,4,0360274,541,258,48,283,52,30,6,36,7,86,16,50,9,49,9,99,18,57,11,134,25,19,16,49,26,24,43,33,48,11,20,37,24,25,56,24,86
2017,4,0360276,312,151,48,161,52,21,7,22,7,41,13,34,11,46,15,42,13,49,16,57,18,12,13,20,17,26,27,19,17,9,9,21,17,20,15,30,40
2017,4,0360280,614,290,47,324,53,39,6,54,9,74,12,70,11,63,10,91,15,79,13,144,23,17,26,40,33,32,47,44,51,22,28,34,37,31,44,35,93
2017,4,0360288,310,150,48,160,52,18,6,12,4,45,15,49,16,23,7,60,19,49,16,54,17,9,7,25,25,11,29,25,19,9,5,20,24,12,31,24,35
2017,4,0360294,330,167,51,163,49,26,8,25,8,36,11,46,14,36,11,55,17,45,14,61,18,17,16,21,28,22,25,24,14,9,9,15,18,14,30,21,47
2017,4,0360296,733,362,49,371,51,38,5,56,8,103,14,94,13,96,13,117,16,93,13,136,19,21,34,48,44,57,57,45,56,17,22,55,50,39,60,48,80
2017,4,0360805,876,406,46,470,54,42,5,56,6,112,13,117,13,114,13,128,15,120,14,187,21,21,26,54,69,59,56,61,60,21,30,58,48,55,72,59,127
2017,4,0360825,451,234,52,217,48,46,10,38,8,56,12,68,15,49,11,66,15,50,11,78,17,25,25,32,37,28,32,29,26,21,13,24,31,21,34,21,52
2017,4,0360848,830,385,46,445,54,66,8,71,9,99,12,106,13,97,12,102,12,121,15,168,20,30,38,51,58,47,51,66,44,36,33,48,48,50,51,55,124
2017,4,0360884,686,348,51,338,49,43,6,59,9,70,10,93,14,76,11,91,13,98,14,156,23,29,28,36,63,41,47,53,51,14,31,34,30,35,44,45,105
2017,4,0360890,574,296,52,278,48,30,5,38,7,89,16,79,14,55,10,106,18,62,11,115,20,18,20,45,53,28,57,30,45,12,18,44,26,27,49,32,70
2017,4,0380201,6318,2802,44,3516,56,402,6,503,8,655,10,761,12,711,11,923,15,1044,17,1319,21,207,283,316,377,357,422,424,416,195,220,339,384,354,501,620,903
2017,4,0380246,638,318,50,320,50,35,5,38,6,76,12,68,11,76,12,112,18,103,16,130,20,14,21,48,40,40,53,60,42,21,17,28,28,36,59,43,88
2017,4,0380248,427,209,49,218,51,22,5,33,8,58,14,47,11,56,13,57,13,82,19,72,17,13,19,30,28,34,27,39,19,9,14,28,19,22,30,43,53
2017,4,0380250,703,345,49,358,51,36,5,47,7,97,14,72,10,74,11,131,19,93,13,153,22,20,28,44,44,36,70,48,55,16,19,53,28,38,61,45,98
2017,4,0380252,508,257,51,251,49,21,4,29,6,92,18,59,12,44,9,102,20,61,12,100,20,11,20,50,35,19,57,29,36,10,9,42,24,25,45,32,64
2017,4,0380256,346,165,48,181,52,26,8,28,8,45,13,59,17,34,10,53,15,46,13,55,16,16,13,24,31,15,25,24,17,10,15,21,28,19,28,22,38
2017,4,0380258,1269,638,50,631,50,68,5,101,8,136,11,155,12,111,9,191,15,204,16,303,24,37,51,91,84,58,98,95,124,31,50,45,71,53,93,109,179
2017,4,0380266,249,119,48,130,52,13,5,17,7,27,11,27,11,29,12,45,18,37,15,54,22,7,10,13,12,15,23,19,20,6,7,14,15,14,22,18,34
2017,4,0380286,914,428,47,486,53,67,7,75,8,132,14,113,12,83,9,156,17,122,13,166,18,42,35,68,67,44,70,59,43,25,40,64,46,39,86,63,123
2017,4,0380290,387,200,52,187,48,31,8,30,8,51,13,51,13,35,9,74,19,47,12,68,18,19,16,28,30,21,38,23,25,12,14,23,21,14,36,24,43
2017,4,0380294,570,262,46,308,54,34,6,59,10,47,8,62,11,70,12,92,16,73,13,133,23,16,24,21,29,41,51,38,42,18,35,26,33,29,41,35,91
2017,4,0381615,1312,618,47,694,53,66,5,89,7,160,12,136,10,165,13,199,15,208,16,289,22,43,41,92,78,91,85,107,81,23,48,68,58,74,114,101,208
2017,4,0381660,319,157,49,162,51,12,4,16,5,29,9,29,9,31,10,39,12,63,20,100,31,7,12,15,15,19,24,34,31,5,4,14,14,12,15,29,69
2017,4,0381670,626,313,50,313,50,20,3,60,10,73,12,83,13,79,13,89,14,86,14,136,22,9,33,46,52,45,41,44,43,11,27,27,31,34,48,42,93
2017,4,0381678,535,261,49,274,51,27,5,33,6,43,8,63,12,61,11,87,16,88,16,133,25,15,13,21,36,39,45,52,40,12,20,22,27,22,42,36,93
2017,4,0381682,1009,493,49,516,51,47,5,74,7,160,16,114,11,107,11,194,19,112,11,201,20,24,41,79,67,54,109,51,68,23,33,81,47,53,85,61,133
2017,4,0381692,464,235,51,229,49,18,4,23,5,62,13,58,13,46,10,70,15,79,17,108,23,11,15,30,37,30,36,45,31,7,8,32,21,16,34,34,77
2017,4,0381698,620,285,46,335,54,37,6,47,8,61,10,82,13,75,12,79,13,122,20,117,19,17,20,34,40,47,35,55,37,20,27,27,42,28,44,67,80
2017,4,0384400,1040,516,50,524,50,46,4,66,6,141,14,120,12,98,9,198,19,149,14,222,21,28,39,67,76,53,106,79,68,18,27,74,44,45,92,70,154
2017,4,0387564,873,431,49,442,51,39,4,69,8,104,12,112,13,118,14,135,15,121,14,175,20,14,36,59,70,62,75,56,59,25,33,45,42,56,60,65,116
2017,4,0387574,1340,641,48,699,52,67,5,101,8,175,13,192,14,154,11,204,15,174,13,273,20,35,47,88,105,82,108,87,89,32,54,87,87,72,96,87,184
2017,4,0400201,8648,3799,44,4849,56,655,8,774,9,850,10,1192,14,1077,12,1194,14,1200,14,1706,20,338,388,419,605,521,528,477,523,317,386,431,587,556,666,723,1183
2017,4,0400246,1304,666,51,638,49,70,5,122,9,156,12,165,13,174,13,203,16,163,13,251,19,35,65,80,99,100,110,84,93,35,57,76,66,74,93,79,158
2017,4,0400250,1625,808,50,817,50,112,7,157,10,184,11,232,14,215,13,243,15,199,12,283,17,59,83,104,126,118,125,84,109,53,74,80,106,97,118,115,174
2017,4,0400252,2398,1169,49,1229,51,166,7,200,8,249,10,338,14,286,12,330,14,343,14,486,20,86,109,127,190,157,163,164,173,80,91,122,148,129,167,179,313
2017,4,0400256,638,302,47,336,53,42,7,49,8,74,12,80,13,77,12,97,15,90,14,129,20,22,24,37,46,36,45,43,49,20,25,37,34,41,52,47,80
2017,4,0400260,2052,976,48,1076,52,119,6,160,8,220,11,309,15,233,11,303,15,387,19,321,16,61,74,123,176,119,139,178,106,58,86,97,133,114,164,209,215
2017,4,0400268,3430,1672,49,1758,51,282,8,331,10,380,11,488,14,408,12,489,14,497,14,555,16,144,174,194,265,208,247,238,202,138,157,186,223,200,242,259,353
2017,4,0400272,1406,689,49,717,51,82,6,116,8,158,11,190,14,179,13,206,15,181,13,294,21,40,56,77,114,95,110,93,104,42,60,81,76,84,96,88,190
2017,4,0400292,1860,958,52,902,48,131,7,145,8,213,11,275,15,204,11,306,16,248,13,338,18,79,75,121,175,105,162,120,121,52,70,92,100,99,144,128,217
2017,4,0406400,8464,4006,47,4458,53,624,7,833,10,970,11,1162,14,1140,13,1221,14,1077,13,1437,17,315,433,492,613,569,605,510,469,309,400,478,549,571,616,567,968
2017,4,0407776,1740,818,47,922,53,138,8,129,7,200,11,243,14,203,12,243,14,245,14,339,19,66,72,101,128,112,111,112,116,72,57,99,115,91,132,133,223
2017,4,0407788,779,377,48,402,52,50,6,58,7,85,11,107,14,95,12,104,13,111,14,169,22,29,25,44,67,52,57,50,53,21,33,41,40,43,47,61,116
2017,4,0407796,905,456,50,449,50,80,9,76,8,98,11,131,14,99,11,125,14,124,14,172,19,46,45,55,76,54,60,62,58,34,31,43,55,45,65,62,114
2017,4,0409544,722,355,49,367,51,39,5,51,7,86,12,99,14,98,14,109,15,96,13,144,20,19,25,45,53,62,51,57,43,20,26,41,46,36,58,39,101
2017,4,0409562,592,307,52,285,48,31,5,38,6,70,12,74,13,57,10,89,15,95,16,138,23,14,20,39,44,36,49,54,51,17,18,31,30,21,40,41,87
2017,4,0409580,1005,497,49,508,51,34,3,76,8,118,12,135,13,83,8,184,18,137,14,238,24,15,42,67,80,44,90,64,95,19,34,51,55,39,94,73,143
2017,4,0409584,745,377,51,368,49,38,5,60,8,93,12,105,14,79,11,120,16,105,14,145,19,18,38,53,59,47,62,56,44,20,22,40,46,32,58,49,101
2017,4,0409590,885,432,49,453,51,54,6,73,8,96,11,114,13,101,11,134,15,139,16,174,20,28,43,49,69,57,72,61,53,26,30,47,45,44,62,78,121
2017,4,0409594,4028,1939,48,2089,52,321,8,371,9,453,11,556,14,528,13,536,13,530,13,733,18,162,202,230,301,273,265,242,264,159,169,223,255,255,271,288,469
2017,4,0420201,15194,6674,44,8520,56,1181,8,1244,8,1600,11,2033,13,1819,12,2015,13,2029,13,3273,22,603,632,865,979,848,854,821,1072,578,612,735,1054,971,1161,1208,2201
2017,4,0420290,1334,666,50,668,50,102,8,132,10,168,13,166,12,150,11,178,13,173,13,265,20,60,72,92,93,79,90,78,102,42,60,76,73,71,88,95,163
2017,4,0421211,1012,470,46,542,54,60,6,87,9,94,9,140,14,112,11,122,12,139,14,258,25,27,55,48,84,58,56,65,77,33,32,46,56,54,66,74,181
2017,4,0421262,2299,1094,48,1205,52,156,7,168,7,233,10,322,14,293,13,313,14,334,15,480,21,77,84,118,179,166,149,161,160,79,84,115,143,127,164,173,320
2017,4,0424742,650,316,49,334,51,39,6,49,8,80,12,83,13,81,12,92,14,100,15,126,19,20,23,39,45,45,43,53,48,19,26,41,38,36,49,47,78
2017,4,0424746,2245,1080,48,1165,52,153,7,205,9,234,10,308,14,281,13,318,14,333,15,413,18,72,93,123,168,146,161,160,157,81,112,111,140,135,157,173,256
2017,4,0424768,785,389,50,396,50,59,8,69,9,113,14,110,14,90,11,110,14,101,13,133,17,34,35,61,63,47,52,49,48,25,34,52,47,43,58,52,85
2017,4,0424778,762,383,50,379,50,38,5,69,9,107,14,85,11,82,11,100,13,107,14,174,23,18,43,53,54,43,50,60,62,20,26,54,31,39,50,47,112
2017,4,0424796,723,387,54,336,46,36,5,59,8,82,11,100,14,94,13,110,15,85,12,157,22,21,36,50,60,54,57,49,60,15,23,32,40,40,53,36,97
2017,4,0425756,1792,832,46,960,54,110,6,133,7,234,13,245,14,199,11,245,14,243,14,383,21,45,51,120,140,117,119,112,128,65,82,114,105,82,126,131,255
2017,4,0425798,348,170,49,178,51,24,7,32,9,47,14,28,8,36,10,48,14,51,15,82,24,11,15,27,14,26,23,25,29,13,17,20,14,10,25,26,53
2017,4,0427360,2776,1269,46,1507,54,198,7,224,8,334,12,314,11,349,13,423,15,364,13,570,21,106,112,173,168,171,198,163,178,92,112,161,146,178,225,201,392
2017,4,0427364,708,348,49,360,51,54,8,53,7,99,14,114,16,69,10,106,15,91,13,122,17,35,25,50,63,36,52,53,34,19,28,49,51,33,54,38,88
2017,4,0427372,3816,1808,47,2008,53,293,8,308,8,397,10,561,15,432,11,567,15,509,13,749,20,152,166,197,304,224,258,227,280,141,142,200,257,208,309,282,469
2017,4,0427394,569,280,49,289,51,51,9,39,7,65,11,76,13,65,11,81,14,85,15,107,19,34,22,32,43,31,34,46,38,17,17,33,33,34,47,39,69
2017,4,0427574,1401,690,49,711,51,87,6,109,8,147,10,206,15,150,11,226,16,183,13,293,21,48,56,73,114,86,120,92,101,39,53,74,92,64,106,91,192
2017,4,0427580,1059,513,48,546,52,68,6,91,9,134,13,154,15,127,12,153,14,130,12,202,19,37,44,79,80,70,78,62,63,31,47,55,74,57,75,68,139
2017,4,0427582,1271,644,51,627,49,100,8,108,8,123,10,189,15,150,12,164,13,165,13,272,21,60,52,65,106,84,83,93,101,40,56,58,83,66,81,72,171
2017,4,0427748,831,399,48,432,52,42,5,60,7,84,10,114,14,99,12,108,13,118,14,206,25,14,30,40,65,56,54,61,79,28,30,44,49,43,54,57,127
2017,4,0427776,2293,1080,47,1213,53,143,6,189,8,255,11,316,14,258,11,342,15,293,13,497,22,72,99,127,170,127,166,142,177,71,90,128,146,131,176,151,320
2017,4,0429350,743,362,49,381,51,46,6,55,7,79,11,114,15,70,9,119,16,112,15,148,20,21,32,35,67,38,57,53,59,25,23,44,47,32,62,59,89
2017,4,0429354,601,293,49,308,51,29,5,46,8,77,13,103,17,74,12,105,17,70,12,97,16,10,24,42,55,39,51,37,35,19,22,35,48,35,54,33,62
2017,4,0429358,307,155,50,152,50,16,5,22,7,35,11,45,15,24,8,51,17,48,16,66,21,8,15,19,29,16,24,23,21,8,7,16,16,8,27,25,45
2017,4,0429386,753,388,52,365,48,42,6,63,8,74,10,117,16,75,10,126,17,98,13,158,21,21,32,41,69,45,61,49,70,21,31,33,48,30,65,49,88
2017,4,0429392,1286,651,51,635,49,78,6,71,6,141,11,166,13,150,12,207,16,181,14,292,23,41,39,75,105,86,102,101,102,37,32,66,61,64,105,80,190
2017,4,0440242,525,238,45,287,55,25,5,38,7,60,11,51,10,62,12,84,16,79,15,126,24,14,18,28,27,29,43,47,32,11,20,32,24,33,41,32,94
2017,4,0440246,508,253,50,255,50,24,5,34,7,57,11,46,9,49,10,85,17,81,16,132,26,11,14,34,26,28,45,43,52,13,20,23,20,21,40,38,80
2017,4,0440250,1264,642,51,622,49,60,5,83,7,112,9,190,15,140,11,221,17,197,16,261,21,33,54,54,112,84,108,104,93,27,29,58,78,56,113,93,168
2017,4,0440252,701,354,50,347,50,37,5,54,8,76,11,97,14,81,12,108,15,118,17,130,19,22,25,39,56,47,56,63,46,15,29,37,41,34,52,55,84
2017,4,0440260,1872,937,50,935,50,115,6,119,6,177,9,255,14,225,12,274,15,322,17,385,21,72,64,94,146,126,137,151,147,43,55,83,109,99,137,171,238
2017,4,0440262,1224,623,51,601,49,39,3,74,6,121,10,151,12,157,13,210,17,218,18,254,21,21,41,67,99,81,115,109,90,18,33,54,52,76,95,109,164
2017,4,0440264,1173,589,50,584,50,36,3,72,6,121,10,139,12,161,14,198,17,193,16,253,22,17,34,72,86,86,102,93,99,19,38,49,53,75,96,100,154
2017,4,0440268,991,499,50,492,50,45,5,54,5,95,10,114,12,130,13,132,13,185,19,236,24,26,30,45,74,80,68,96,80,19,24,50,40,50,64,89,156
2017,4,0440270,799,402,50,397,50,42,5,55,7,88,11,82,10,110,14,148,19,114,14,160,20,26,33,50,47,52,75,60,59,16,22,38,35,58,73,54,101
2017,4,0440272,817,366,45,451,55,43,5,42,5,90,11,93,11,97,12,133,16,137,17,182,22,16,17,43,56,50,61,70,53,27,25,47,37,47,72,67,129
2017,4,0440274,4807,2239,47,2568,53,315,7,288,6,455,9,604,13,648,13,732,15,727,15,1038,22,163,133,227,318,327,348,342,381,152,155,228,286,321,384,385,657
2017,4,0440276,578,269,47,309,53,37,6,40,7,39,7,57,10,68,12,84,15,122,21,131,23,18,21,21,29,38,44,57,41,19,19,18,28,30,40,65,90
2017,4,0440284,555,268,48,287,52,30,5,30,5,46,8,63,11,47,8,98,18,99,18,142,26,12,11,26,34,27,55,56,47,18,19,20,29,20,43,43,95
2017,4,0440286,1068,532,50,536,50,46,4,66,6,95,9,122,11,134,13,181,17,166,16,258,24,20,43,44,78,75,99,87,86,26,23,51,44,59,82,79,172
2017,4,0440288,987,464,47,523,53,38,4,73,7,101,10,96,10,123,12,161,16,142,14,253,26,17,41,56,51,68,76,77,78,21,32,45,45,55,85,65,175
2017,4,0440292,755,371,49,384,51,26,3,52,7,80,11,73,10,122,16,124,16,118,16,160,21,11,30,44,42,61,72,51,60,15,22,36,31,61,52,67,100
2017,4,0440294,653,314,48,339,52,25,4,53,8,72,11,67,10,64,10,120,18,103,16,149,23,15,27,39,36,35,64,52,46,10,26,33,31,29,56,51,103
2017,4,0440296,585,291,50,294,50,33,6,50,9,71,12,72,12,63,11,88,15,91,16,117,20,18,23,37,37,33,44,51,48,15,27,34,35,30,44,40,69
2017,4,0440298,1519,718,47,801,53,53,3,102,7,140,9,174,11,188,12,185,12,273,18,404,27,33,56,63,95,98,97,135,141,20,46,77,79,90,88,138,263
2017,4,0440807,2355,1024,43,1331,57,145,6,178,8,232,10,265,11,286,12,329,14,345,15,575,24,63,86,107,140,137,150,155,186,82,92,125,125,149,179,190,389
2017,4,0440815,642,294,46,348,54,39,6,41,6,64,10,76,12,52,8,83,13,114,18,173,27,22,22,31,40,31,42,50,56,17,19,33,36,21,41,64,117
2017,4,0440835,258,135,52,123,48,8,3,13,5,24,9,36,14,26,10,60,23,41,16,50,19,5,8,17,16,19,34,23,13,3,5,7,20,7,26,18,37
2017,4,0440844,794,393,49,401,51,23,3,41,5,90,11,110,14,75,9,122,15,151,19,182,23,15,23,42,73,39,63,74,64,8,18,48,37,36,59,77,118
2017,4,0440854,508,256,50,252,50,28,6,31,6,51,10,76,15,40,8,87,17,86,17,109,21,13,16,30,48,19,43,49,38,15,15,21,28,21,44,37,71
2017,4,0440856,764,354,46,410,54,45,6,54,7,86,11,93,12,72,9,136,18,114,15,164,21,22,26,44,47,30,70,61,54,23,28,42,46,42,66,53,110
2017,4,0440880,870,444,51,426,49,44,5,44,5,118,14,121,14,94,11,165,19,134,15,150,17,21,28,64,76,41,90,72,52,23,16,54,45,53,75,62,98
2017,4,0440890,821,384,47,437,53,39,5,47,6,103,13,96,12,84,10,112,14,138,17,202,25,18,25,52,56,38,60,60,75,21,22,51,40,46,52,78,127
2017,4,0460201,9233,4169,45,5064,55,645,7,777,8,1012,11,1240,13,1168,13,1260,14,1308,14,1823,20,328,405,524,657,579,560,507,609,317,372,488,583,589,700,801,1214
2017,4,0460242,825,409,50,416,50,39,5,76,9,86,10,99,12,102,12,100,12,136,16,187,23,17,42,47,55,60,53,62,73,22,34,39,44,42,47,74,114
2017,4,0460246,2807,1355,48,1452,52,193,7,278,10,309,11,358,13,377,13,400,14,383,14,509,18,100,141,156,197,187,212,184,178,93,137,153,161,190,188,199,331
2017,4,0460252,1671,803,48,868,52,103,6,144,9,184,11,212,13,189,11,281,17,215,13,343,21,61,74,93,122,91,146,101,115,42,70,91,90,98,135,114,228
2017,4,0460254,850,433,51,417,49,75,9,65,8,114,13,114,13,102,12,108,13,123,14,149,18,42,34,70,63,52,53,56,63,33,31,44,51,50,55,67,86
2017,4,0460260,759,374,49,385,51,58,8,73,10,101,13,103,14,108,14,103,14,92,12,121,16,27,41,59,49,63,53,45,37,31,32,42,54,45,50,47,84
2017,4,0460268,918,431,47,487,53,75,8,86,9,109,12,128,14,107,12,119,13,126,14,168,18,37,47,53,70,54,64,52,54,38,39,56,58,53,55,74,114
2017,4,0460272,1049,514,49,535,51,85,8,90,9,117,11,157,15,122,12,156,15,157,15,165,16,37,46,66,92,63,82,74,54,48,44,51,65,59,74,83,111
2017,4,0460280,663,329,50,334,50,46,7,40,6,80,12,91,14,62,9,111,17,96,14,137,21,22,20,43,50,33,55,46,60,24,20,37,41,29,56,50,77
2017,4,0460284,840,420,50,420,50,50,6,65,8,105,13,117,14,104,12,105,13,134,16,160,19,27,32,61,66,54,59,61,60,23,33,44,51,50,46,73,100
2017,4,0460298,413,204,49,209,51,27,7,44,11,54,13,47,11,51,12,61,15,51,12,78,19,10,23,26,26,25,33,28,33,17,21,28,21,26,28,23,45
2017,4,0460805,2341,1061,45,1280,55,154,7,198,8,261,11,254,11,237,10,320,14,355,15,562,24,87,98,132,126,123,135,161,199,67,100,129,128,114,185,194,363
2017,4,0460825,655,283,43,372,57,34,5,64,10,66,10,68,10,69,11,92,14,101,15,161,25,19,35,26,35,31,40,46,51,15,29,40,33,38,52,55,110
2017,4,0460850,1492,664,45,828,55,74,5,116,8,173,12,176,12,159,11,214,14,215,14,365,24,30,63,80,95,78,114,89,115,44,53,93,81,81,100,126,250
2017,4,0460864,338,160,47,178,53,23,7,21,6,39,12,42,12,32,9,59,17,48,14,74,22,8,12,19,24,15,33,24,25,15,9,20,18,17,26,24,49
2017,4,0460876,405,203,50,202,50,23,6,28,7,59,15,61,15,46,11,63,16,55,14,70,17,10,18,35,36,17,40,23,24,13,10,24,25,29,23,32,46
2017,4,0460890,312,147,47,165,53,27,9,23,7,25,8,40,13,31,10,37,12,44,14,85,27,18,9,9,23,20,21,16,31,9,14,16,17,11,16,28,54
2017,4,0460894,869,455,52,414,48,56,6,97,11,117,13,123,14,109,13,101,12,117,13,149,17,35,49,72,72,63,45,64,55,21,48,45,51,46,56,53,94
2017,4,0468944,908,441,49,467,51,54,6,57,6,127,14,121,13,103,11,124,14,133,15,189,21,33,30,65,71,51,59,65,67,21,27,62,50,52,65,68,122
2017,4,0468956,593,290,49,303,51,42,7,39,7,78,13,89,15,55,9,83,14,85,14,122,21,24,20,41,51,35,42,38,39,18,19,37,38,20,41,47,83
2017,4,0468988,1898,904,48,994,52,128,7,142,7,188,10,292,15,196,10,298,16,243,13,411,22,69,71,99,173,100,145,106,141,59,71,89,119,96,153,137,270
2017,4,0500201,7493,3357,45,4136,55,450,6,577,8,834,11,918,12,967,13,1141,15,1131,15,1475,20,213,315,421,481,460,525,497,445,237,262,413,437,507,616,634,1030
2017,4,0500244,1411,698,49,713,51,78,6,125,9,188,13,159,11,164,12,219,16,176,12,302,21,33,72,101,92,91,120,87,102,45,53,87,67,73,99,89,200
2017,4,0500248,990,493,50,497,50,69,7,76,8,122,12,134,14,107,11,147,15,159,16,176,18,32,39,53,77,61,82,82,67,37,37,69,57,46,65,77,109
2017,4,0500252,483,244,51,239,49,47,10,37,8,63,13,91,19,35,7,65,13,67,14,78,16,26,19,40,49,17,33,36,24,21,18,23,42,18,32,31,54
2017,4,0500256,605,301,50,304,50,41,7,43,7,100,17,70,12,59,10,89,15,76,13,127,21,20,25,44,46,33,48,35,50,21,18,56,24,26,41,41,77
2017,4,0500260,1046,509,49,537,51,70,7,73,7,117,11,142,14,127,12,152,15,160,15,205,20,39,37,57,79,73,76,80,68,31,36,60,63,54,76,80,137
2017,4,0500264,1385,652,47,733,53,74,5,102,7,163,12,181,13,143,10,207,15,198,14,317,23,37,49,78,106,64,119,98,101,37,53,85,75,79,88,100,216
2017,4,0500268,937,485,52,452,48,48,5,57,6,96,10,133,14,120,13,157,17,143,15,183,20,35,28,52,74,65,88,74,69,13,29,44,59,55,69,69,114
2017,4,0500272,1304,635,49,669,51,102,8,95,7,165,13,205,16,133,10,189,14,188,14,227,17,50,49,86,120,65,96,91,78,52,46,79,85,68,93,97,149
2017,4,0500276,371,193,52,178,48,28,8,16,4,47,13,44,12,53,14,55,15,50,13,78,21,19,9,24,29,33,32,21,26,9,7,23,15,20,23,29,52
2017,4,0500284,1259,621,49,638,51,72,6,125,10,153,12,176,14,151,12,169,13,174,14,239,19,47,66,82,85,84,83,89,85,25,59,71,91,67,86,85,154
2017,4,0500288,952,466,49,486,51,64,7,77,8,127,13,146,15,104,11,141,15,134,14,159,17,31,43,74,81,51,67,69,50,33,34,53,65,53,74,65,109
2017,4,0500290,1680,806,48,874,52,124,7,145,9,196,12,251,15,196,12,229,14,247,15,292,17,65,71,101,143,92,116,111,107,59,74,95,108,104,113,136,185
2017,4,0500294,849,385,45,464,55,69,8,61,7,114,13,121,14,89,10,118,14,104,12,173,20,33,28,50,65,46,53,55,55,36,33,64,56,43,65,49,118
2017,4,0540248,1984,960,48,1024,52,129,7,140,7,213,11,294,15,240,12,274,14,304,15,390,20,68,69,117,171,130,129,137,139,61,71,96,123,110,145,167,251
2017,4,0540252,2689,1308,49,1381,51,178,7,225,8,279,10,408,15,351,13,359,13,395,15,494,18,102,103,153,235,178,177,185,175,76,122,126,173,173,182,210,319
2017,4,0540256,2615,1290,49,1325,51,137,5,236,9,250,10,392,15,334,13,408,16,384,15,474,18,84,124,128,224,179,196,181,174,53,112,122,168,155,212,203,300
2017,4,0540258,1937,905,47,1032,53,125,6,136,7,165,9,252,13,225,12,270,14,310,16,454,23,67,74,89,134,124,125,147,145,58,62,76,118,101,145,163,309
2017,4,0540260,734,352,48,382,52,52,7,72,10,82,11,120,16,83,11,103,14,90,12,132,18,25,32,48,66,45,46,46,44,27,40,34,54,38,57,44,88
2017,4,0540262,1987,967,49,1020,51,135,7,169,9,210,11,294,15,261,13,283,14,256,13,379,19,79,85,101,158,152,138,123,131,56,84,109,136,109,145,133,248
2017,4,0540270,1406,695,49,711,51,92,7,105,7,148,11,207,15,175,12,203,14,208,15,268,19,47,55,78,123,87,104,105,96,45,50,70,84,88,99,103,172
2017,4,0540274,1464,714,49,750,51,90,6,112,8,199,14,199,14,192,13,208,14,194,13,270,18,40,56,108,118,100,104,95,93,50,56,91,81,92,104,99,177
2017,4,0540282,1624,785,48,839,52,122,8,129,8,183,11,217,13,248,15,244,15,182,11,299,18,55,60,93,128,125,129,89,106,67,69,90,89,123,115,93,193
2017,4,0540286,1794,874,49,920,51,113,6,146,8,184,10,243,14,218,12,287,16,252,14,351,20,65,59,101,139,117,152,120,121,48,87,83,104,101,135,132,230
2017,4,0540290,1428,727,51,701,49,79,6,112,8,153,11,214,15,255,18,188,13,187,13,240,17,45,56,89,108,144,102,98,85,34,56,64,106,111,86,89,155
2017,4,0540292,1359,656,48,703,52,93,7,117,9,175,13,171,13,190,14,186,14,186,14,241,18,41,53,90,91,105,102,90,84,52,64,85,80,85,84,96,157
2017,4,0540296,1385,678,49,707,51,96,7,120,9,175,13,175,13,178,13,188,14,170,12,283,20,49,65,104,99,94,95,76,96,47,55,71,76,84,93,94,187
2017,4,0546744,4155,1986,48,2169,52,392,9,385,9,400,10,643,15,592,14,557,13,523,13,663,16,199,189,213,334,314,274,240,223,193,196,187,309,278,283,283,440
2017,4,0546766,3869,1788,46,2081,54,467,12,407,11,329,9,536,14,633,16,451,12,412,11,634,16,237,203,167,246,297,228,189,221,230,204,162,290,336,223,223,413
2017,4,0546778,1574,787,50,787,50,147,9,149,9,180,11,224,14,211,13,205,13,196,12,262,17,80,74,93,130,111,102,98,99,67,75,87,94,100,103,98,163
2017,4,0560248,851,414,49,437,51,50,6,69,8,84,10,130,15,101,12,124,15,129,15,164,19,16,34,46,72,58,66,67,55,34,35,38,58,43,58,62,109
2017,4,0560252,468,227,49,241,51,33,7,34,7,63,13,89,19,44,9,66,14,64,14,75,16,14,15,32,51,27,31,34,23,19,19,31,38,17,35,30,52
2017,4,0560254,577,295,51,282,49,32,6,23,4,62,11,77,13,53,9,86,15,100,17,144,25,12,12,39,45,29,49,58,51,20,11,23,32,24,37,42,93
2017,4,0560266,538,267,50,271,50,32,6,34,6,68,13,74,14,50,9,83,15,87,16,110,20,16,12,40,43,24,43,46,43,16,22,28,31,26,40,41,67
2017,4,0560274,438,215,49,223,51,26,6,23,5,61,14,59,13,29,7,81,18,72,16,87,20,13,14,29,32,18,41,40,28,13,9,32,27,11,40,32,59
2017,4,0560282,879,430,49,449,51,34,4,63,7,120,14,96,11,105,12,127,14,132,15,202,23,13,38,63,62,57,65,71,61,21,25,57,34,48,62,61,141
2017,4,0560298,792,401,51,391,49,58,7,47,6,94,12,116,15,77,10,122,15,110,14,168,21,34,27,50,74,47,56,57,56,24,20,44,42,30,66,53,112
2017,4,0560805,1035,474,46,561,54,62,6,66,6,117,11,143,14,99,10,175,17,150,14,223,22,31,39,57,79,48,82,70,68,31,27,60,64,51,93,80,155
2017,4,0560825,385,207,54,178,46,16,4,22,6,46,12,69,18,27,7,73,19,50,13,82,21,10,16,22,39,20,34,32,34,6,6,24,30,7,39,18,48
2017,4,0560844,469,241,51,228,49,31,7,43,9,71,15,61,13,48,10,62,13,70,15,83,18,18,22,41,30,29,32,37,32,13,21,30,31,19,30,33,51
2017,4,0560862,898,511,57,387,43,24,3,37,4,90,10,135,15,113,13,177,20,166,18,156,17,12,16,58,83,64,112,97,69,12,21,32,52,49,65,69,87
2017,4,0561815,1576,721,46,855,54,106,7,142,9,176,11,206,13,167,11,219,14,233,15,327,21,53,73,90,112,81,102,100,110,53,69,86,94,86,117,133,217
2017,4,0561835,601,326,54,275,46,34,6,47,8,74,12,75,12,52,9,107,18,70,12,142,24,21,25,48,49,33,57,37,56,13,22,26,26,19,50,33,86
2017,4,0561858,444,222,50,222,50,20,5,23,5,42,9,61,14,49,11,68,15,74,17,107,24,12,14,26,35,28,36,38,33,8,9,16,26,21,32,36,74
2017,4,0561880,523,254,49,269,51,38,7,44,8,80,15,75,14,45,9,88,17,53,10,100,19,16,23,42,42,23,50,28,30,22,21,38,33,22,38,25,70
2017,4,0561888,549,271,49,278,51,22,4,42,8,55,10,66,12,62,11,80,15,80,15,142,26,12,25,26,38,35,43,36,56,10,17,29,28,27,37,44,86
2017,4,0566946,590,289,49,301,51,35,6,32,5,76,13,76,13,58,10,105,18,80,14,128,22,24,15,40,45,31,54,43,37,11,17,36,31,27,51,37,91
2017,4,0566968,862,429,50,433,50,62,7,73,8,101,12,123,14,89,10,133,15,111,13,170,20,22,48,56,66,45,75,56,61,40,25,45,57,44,58,55,109
2017,4,0566970,1841,891,48,950,52,142,8,152,8,177,10,219,12,200,11,236,13,289,16,426,23,65,76,87,118,95,136,153,161,77,76,90,101,105,100,136,265
2017,4,0566976,688,343,50,345,50,45,7,47,7,81,12,80,12,84,12,122,18,103,15,126,18,22,21,40,48,44,64,55,49,23,26,41,32,40,58,48,77
2017,4,0566994,1098,550,50,548,50,93,8,113,10,127,12,169,15,109,10,153,14,144,13,190,17,44,60,72,86,67,80,72,69,49,53,55,83,42,73,72,121
2017,4,0566996,665,334,50,331,50,63,9,44,7,96,14,80,12,67,10,107,16,88,13,120,18,31,22,52,48,35,56,45,45,32,22,44,32,32,51,43,75
2017,4,0568786,2760,1355,49,1405,51,225,8,244,9,288,10,383,14,335,12,420,15,417,15,448,16,125,137,157,213,164,215,193,151,100,107,131,170,171,205,224,297
2017,4,0568790,741,369,50,372,50,42,6,50,7,84,11,101,14,89,12,105,14,99,13,171,23,19,27,44,55,50,59,47,68,23,23,40,46,39,46,52,103
2017,4,0600201,7958,3458,43,4500,57,399,5,598,8,803,10,808,10,928,12,1181,15,1472,18,1769,22,188,296,410,437,436,512,613,566,211,302,393,371,492,669,859,1203
2017,4,0600248,488,249,51,239,49,15,3,23,5,45,9,45,9,43,9,103,21,77,16,137,28,9,11,25,30,23,60,40,51,6,12,20,15,20,43,37,86
2017,4,0600262,925,435,47,490,53,47,5,75,8,85,9,80,9,85,9,158,17,152,16,243,26,21,37,48,42,47,84,76,80,26,38,37,38,38,74,76,163
2017,4,0600264,589,269,46,320,54,24,4,26,4,68,12,65,11,62,11,88,15,98,17,158,27,8,11,33,34,35,41,52,55,16,15,35,31,27,47,46,103
2017,4,0600268,650,341,52,309,48,27,4,60,9,64,10,82,13,69,11,106,16,105,16,137,21,16,29,40,45,38,61,59,53,11,31,24,37,31,45,46,84
2017,4,0600270,499,256,51,243,49,20,4,22,4,48,10,50,10,56,11,77,15,95,19,131,26,10,10,26,28,36,39,58,49,10,12,22,22,20,38,37,82
2017,4,0600274,471,227,48,244,52,21,4,21,4,46,10,49,10,40,8,97,21,74,16,123,26,12,10,25,27,20,52,35,46,9,11,21,22,20,45,39,77
2017,4,0600278,447,228,51,219,49,21,5,26,6,45,10,49,11,36,8,81,18,79,18,110,25,7,12,27,27,22,42,39,52,14,14,18,22,14,39,40,58
2017,4,0600284,430,218,51,212,49,17,4,18,4,32,7,48,11,44,10,66,15,88,20,117,27,8,10,19,29,25,40,47,40,9,8,13,19,19,26,41,77
2017,4,0600286,788,388,49,400,51,28,4,51,6,102,13,80,10,73,9,129,16,121,15,204,26,13,27,56,44,37,68,69,74,15,24,46,36,36,61,52,130
2017,4,0600288,530,261,49,269,51,32,6,34,6,54,10,60,11,41,8,100,19,93,18,116,22,19,17,29,34,20,49,52,41,13,17,25,26,21,51,41,75
2017,4,0600296,1163,549,47,614,53,52,4,86,7,140,12,88,8,138,12,199,17,171,15,289,25,25,31,74,47,72,109,77,114,27,55,66,41,66,90,94,175
2017,4,0601009,2122,977,46,1145,54,125,6,171,8,214,10,232,11,237,11,330,16,298,14,515,24,63,79,117,121,123,160,138,176,62,92,97,111,114,170,160,339
2017,4,0601042,1048,519,50,529,50,35,3,66,6,128,12,128,12,104,10,194,19,172,16,221,21,19,33,71,73,58,97,86,82,16,33,57,55,46,97,86,139
2017,4,0601044,513,247,48,266,52,23,4,39,8,80,16,37,7,60,12,106,21,62,12,106,21,9,23,36,21,33,59,33,33,14,16,44,16,27,47,29,73
2017,4,0601046,441,202,46,239,54,27,6,34,8,61,14,50,11,58,13,67,15,62,14,82,19,13,16,34,27,24,35,30,23,14,18,27,23,34,32,32,59
2017,4,0601050,332,171,52,161,48,11,3,25,8,29,9,38,11,34,10,59,18,67,20,69,21,4,15,17,27,17,33,32,26,7,10,12,11,17,26,35,43
2017,4,0601054,673,323,48,350,52,43,6,45,7,85,13,76,11,77,11,101,15,114,17,132,20,17,26,42,41,44,49,56,48,26,19,43,35,33,52,58,84
2017,4,0601056,683,340,50,343,50,35,5,51,7,75,11,68,10,67,10,104,15,111,16,172,25,22,26,34,39,37,56,61,65,13,25,41,29,30,48,50,107
2017,4,0601076,445,217,49,228,51,33,7,42,9,52,12,51,11,53,12,76,17,70,16,68,15,11,19,32,26,29,43,37,20,22,23,20,25,24,33,33,48
2017,4,0601080,173,94,54,79,46,7,4,10,6,19,11,18,10,23,13,35,20,23,13,38,22,3,7,12,15,16,18,8,15,4,3,7,3,7,17,15,23
2017,4,0601090,336,161,48,175,52,15,4,19,6,36,11,36,11,33,10,53,16,58,17,86,26,8,9,16,24,16,29,30,29,7,10,20,12,17,24,28,57
2017,4,0601092,489,243,50,246,50,33,7,37,8,45,9,63,13,59,12,72,15,89,18,91,19,22,18,21,39,34,36,47,26,11,19,24,24,25,36,42,65
2017,4,0604342,1703,808,47,895,53,104,6,111,7,207,12,197,12,151,9,306,18,262,15,365,21,52,56,103,109,70,165,133,120,52,55,104,88,81,141,129,245
2017,4,0604358,425,209,49,216,51,9,2,26,6,50,12,28,7,40,9,67,16,86,20,119,28,6,17,26,17,21,33,42,47,3,9,24,11,19,34,44,72
2017,4,0604372,708,353,50,355,50,18,3,42,6,65,9,81,11,77,11,123,17,132,19,170,24,7,21,31,42,48,61,82,61,11,21,34,39,29,62,50,109
2017,4,0604394,602,305,51,297,49,29,5,59,10,81,13,55,9,75,12,92,15,78,13,133,22,13,28,42,35,42,52,42,51,16,31,39,20,33,40,36,82
2017,4,0620201,10698,4753,44,5945,56,760,7,907,8,1187,11,1401,13,1366,13,1419,13,1442,13,2216,21,390,469,579,695,654,636,601,729,370,438,608,706,712,783,841,1487
2017,4,0620246,827,408,49,419,51,50,6,80,10,118,14,105,13,96,12,112,14,129,16,137,17,26,42,54,62,50,55,67,52,24,38,64,43,46,57,62,85
2017,4,0620250,572,295,52,277,48,19,3,27,5,67,12,83,15,58,10,114,20,96,17,108,19,9,13,43,56,31,55,50,38,10,14,24,27,27,59,46,70
2017,4,0620254,353,184,52,169,48,28,8,37,10,49,14,50,14,39,11,39,11,58,16,53,15,18,19,26,30,21,21,32,17,10,18,23,20,18,18,26,36
2017,4,0620258,715,363,51,352,49,42,6,61,9,96,13,92,13,83,12,109,15,88,12,144,20,27,29,53,50,47,58,46,53,15,32,43,42,36,51,42,91
2017,4,0620260,1924,928,48,996,52,152,8,174,9,236,12,286,15,242,13,235,12,272,14,327,17,77,90,122,157,125,116,132,109,75,84,114,129,117,119,140,218
2017,4,0620264,1007,500,50,507,50,66,7,95,9,142,14,140,14,116,12,129,13,147,15,172,17,30,48,74,84,61,67,73,63,36,47,68,56,55,62,74,109
2017,4,0620272,1006,463,46,543,54,90,9,97,10,108,11,140,14,127,13,136,14,135,13,173,17,41,48,46,69,65,71,63,60,49,49,62,71,62,65,72,113
2017,4,0620274,998,502,50,496,50,73,7,77,8,120,12,169,17,115,12,122,12,155,16,167,17,37,44,64,93,63,55,78,68,36,33,56,76,52,67,77,99
2017,4,0620280,856,408,48,448,52,53,6,62,7,94,11,103,12,100,12,112,13,141,16,191,22,23,30,43,61,54,53,70,74,30,32,51,42,46,59,71,117
2017,4,0620284,1463,727,50,736,50,108,7,141,10,191,13,203,14,182,12,207,14,196,13,235,16,54,75,100,102,96,109,92,99,54,66,91,101,86,98,104,136
2017,4,0620290,695,323,46,372,54,48,7,55,8,83,12,109,16,70,10,103,15,97,14,130,19,24,22,35,60,34,48,54,46,24,33,48,49,36,55,43,84
2017,4,0620292,818,420,51,398,49,53,6,81,10,116,14,124,15,84,10,102,12,117,14,141,17,27,42,64,79,43,50,58,57,26,39,52,45,41,52,59,84
2017,4,0620296,973,483,50,490,50,70,7,105,11,140,14,138,14,122,13,132,14,123,13,143,15,36,58,76,73,60,75,57,48,34,47,64,65,62,57,66,95
2017,4,0621209,1963,884,45,1079,55,114,6,135,7,208,11,244,12,203,10,281,14,298,15,480,24,56,63,103,127,99,141,139,156,58,72,105,117,104,140,159,324
2017,4,0621229,985,490,50,495,50,83,8,107,11,116,12,123,12,135,14,123,12,128,13,170,17,45,54,48,73,73,62,69,66,38,53,68,50,62,61,59,104
2017,4,0621268,557,278,50,279,50,20,4,62,11,66,12,72,13,59,11,73,13,91,16,114,20,8,38,35,42,32,40,41,42,12,24,31,30,27,33,50,72
2017,4,0621278,402,199,50,203,50,16,4,25,6,62,15,51,13,42,10,61,15,67,17,78,19,10,8,36,32,20,33,39,21,6,17,26,19,22,28,28,57
2017,4,0621282,880,429,49,451,51,40,5,54,6,111,13,102,12,105,12,125,14,116,13,227,26,22,29,65,57,60,66,53,77,18,25,46,45,45,59,63,150
2017,4,0624200,1347,637,47,710,53,89,7,94,7,151,11,189,14,137,10,182,14,233,17,272,20,49,48,71,100,74,99,104,92,40,46,80,89,63,83,129,180
2017,4,0640605,4237,1942,46,2295,54,250,6,341,8,468,11,499,12,464,11,625,15,529,12,1061,25,138,158,250,283,240,285,225,363,112,183,218,216,224,340,304,698
2017,4,0640642,798,394,49,404,51,54,7,75,9,110,14,101,13,82,10,105,13,109,14,162,20,24,43,58,63,38,54,49,65,30,32,52,38,44,51,60,97
2017,4,0640648,1043,489,47,554,53,87,8,81,8,150,14,139,13,108,10,143,14,154,15,181,17,34,42,72,85,56,68,76,56,53,39,78,54,52,75,78,125
2017,4,0640666,674,340,50,334,50,56,8,71,11,75,11,87,13,71,11,100,15,102,15,112,17,26,42,45,50,35,51,52,39,30,29,30,37,36,49,50,73
2017,4,0640668,1256,615,49,641,51,81,6,111,9,155,12,141,11,133,11,125,10,195,16,315,25,43,58,77,78,69,67,94,129,38,53,78,63,64,58,101,186
2017,4,0640672,518,268,52,250,48,26,5,55,11,59,11,62,12,57,11,81,16,68,13,110,21,15,28,34,33,30,48,34,46,11,27,25,29,27,33,34,64
2017,4,0640807,497,237,48,260,52,16,3,35,7,56,11,56,11,54,11,76,15,63,13,141,28,10,18,29,37,23,35,38,47,6,17,27,19,31,41,25,94
2017,4,0640827,378,193,51,185,49,27,7,22,6,34,9,59,16,36,10,50,13,60,16,90,24,17,10,21,32,24,22,35,32,10,12,13,27,12,28,25,58
2017,4,0640850,620,313,50,307,50,40,6,49,8,75,12,93,15,57,9,105,17,84,14,117,19,22,26,39,59,27,54,50,36,18,23,36,34,30,51,34,81
2017,4,0640888,799,383,48,416,52,65,8,63,8,74,9,109,14,115,14,99,12,100,13,174,22,31,33,38,59,63,47,53,59,34,30,36,50,52,52,47,115
2017,4,0640894,432,224,52,208,48,28,6,28,6,53,12,36,8,56,13,59,14,70,16,102,24,18,16,30,23,34,25,35,43,10,12,23,13,22,34,35,59
2017,4,0641009,3623,1643,45,1980,55,267,7,350,10,388,11,434,12,501,14,436,12,465,13,782,22,130,190,186,212,253,205,182,285,137,160,202,222,248,231,283,497
2017,4,0641044,575,272,47,303,53,45,8,56,10,74,13,69,12,67,12,78,14,68,12,118,21,22,28,37,41,35,35,30,44,23,28,37,28,32,43,38,74
2017,4,0641056,715,363,51,352,49,56,8,59,8,98,14,97,14,76,11,107,15,96,13,126,18,24,34,56,52,43,61,45,48,32,25,42,45,33,46,51,78
2017,4,0641060,2380,1143,48,1237,52,140,6,187,8,282,12,266,11,312,13,326,14,357,15,510,21,69,101,152,151,170,152,174,174,71,86,130,115,142,174,183,336
2017,4,0641076,1309,654,50,655,50,103,8,115,9,149,11,176,13,169,13,171,13,164,13,262,20,54,57,81,99,91,85,78,109,49,58,68,77,78,86,86,153
2017,4,0641413,907,409,45,498,55,38,4,51,6,119,13,103,11,84,9,151,17,127,14,234,26,21,22,64,57,41,78,64,62,17,29,55,46,43,73,63,172
2017,4,0641486,464,245,53,219,47,27,6,33,7,52,11,59,13,43,9,79,17,70,15,101,22,15,14,26,36,23,43,46,42,12,19,26,23,20,36,24,59
2017,4,0641496,1245,607,49,638,51,88,7,101,8,108,9,201,16,113,9,183,15,197,16,254,20,49,53,52,106,65,98,94,90,39,48,56,95,48,85,103,164
2017,4,0641615,1977,913,46,1064,54,113,6,166,8,242,12,238,12,203,10,289,15,273,14,453,23,64,88,120,139,103,138,129,132,49,78,122,99,100,151,144,321
2017,4,0641646,827,408,49,419,51,57,7,78,9,93,11,96,12,86,10,105,13,140,17,172,21,25,35,48,52,47,56,78,67,32,43,45,44,39,49,62,105
2017,4,0641658,632,316,50,316,50,33,5,54,9,70,11,77,12,100,16,82,13,97,15,119,19,15,31,44,43,55,46,42,40,18,23,26,34,45,36,55,79
2017,4,0641664,551,279,51,272,49,27,5,58,11,65,12,65,12,73,13,71,13,83,15,109,20,17,28,40,43,37,37,37,40,10,30,25,22,36,34,46,69
2017,4,0641682,528,271,51,257,49,26,5,61,12,65,12,63,12,54,10,79,15,78,15,102,19,14,33,37,34,29,41,46,37,12,28,28,29,25,38,32,65
2017,4,0641698,807,386,48,421,52,79,10,71,9,101,13,118,15,84,10,116,14,86,11,152,19,36,39,47,70,48,62,37,47,43,32,54,48,36,54,49,105
2017,4,0647978,2453,1211,49,1242,51,122,5,193,8,275,11,317,13,278,11,393,16,328,13,547,22,66,103,151,176,146,201,165,203,56,90,124,141,132,192,163,344
2017,4,0647980,823,412,50,411,50,48,6,60,7,85,10,103,13,97,12,122,15,117,14,191,23,30,35,41,56,58,59,57,76,18,25,44,47,39,63,60,115
2017,4,0648552,600,304,51,296,49,36,6,49,8,67,11,70,12,50,8,102,17,94,16,132,22,15,27,34,47,33,51,48,49,21,22,33,23,17,51,46,83
2017,4,0648584,1026,509,50,517,50,64,6,63,6,108,11,123,12,92,9,160,16,149,15,267,26,32,33,66,72,53,85,77,91,32,30,42,51,39,75,72,176
2017,4,0649354,347,179,52,168,48,15,4,19,5,33,10,56,16,22,6,71,20,52,15,79,23,7,14,20,35,11,37,28,27,8,5,13,21,11,34,24,52
2017,4,0649392,2050,967,47,1083,53,151,7,196,10,229,11,251,12,236,12,263,13,240,12,484,24,82,97,117,136,126,141,107,161,69,99,112,115,110,122,133,323
2017,4,0660201,7203,3245,45,3958,55,498,7,564,8,765,11,973,14,869,12,981,14,1029,14,1524,21,254,281,393,494,437,443,434,509,244,283,372,479,432,538,595,1015
2017,4,0660252,1079,554,51,525,49,87,8,79,7,122,11,138,13,131,12,159,15,152,14,211,20,48,52,67,73,76,83,85,70,39,27,55,65,55,76,67,141
2017,4,0660264,2142,1083,51,1059,49,155,7,210,10,238,11,294,14,277,13,294,14,274,13,400,19,83,113,121,167,149,156,134,160,72,97,117,127,128,138,140,240
2017,4,0660268,682,331,49,351,51,48,7,67,10,62,9,97,14,76,11,85,12,117,17,130,19,26,30,26,58,43,39,63,46,22,37,36,39,33,46,54,84
2017,4,0660276,2006,1009,50,997,50,116,6,165,8,194,10,250,12,243,12,286,14,256,13,496,25,64,87,111,143,132,157,136,179,52,78,83,107,111,129,120,317
2017,4,0660280,1022,488,48,534,52,65,6,76,7,108,11,129,13,98,10,161,16,120,12,265,26,34,36,57,72,46,86,68,89,31,40,51,57,52,75,52,176
2017,4,0660284,1286,632,49,654,51,63,5,106,8,153,12,182,14,160,12,183,14,175,14,264,21,38,61,72,103,89,88,89,92,25,45,81,79,71,95,86,172
2017,4,0660288,1139,557,49,582,51,64,6,85,7,145,13,146,13,115,10,174,15,164,14,246,22,37,43,69,84,62,92,81,89,27,42,76,62,53,82,83,157
2017,4,0661007,1123,529,47,594,53,56,5,78,7,117,10,123,11,134,12,166,15,155,14,294,26,26,44,62,64,73,82,71,107,30,34,55,59,61,84,84,187
2017,4,0661017,894,433,48,461,52,62,7,80,9,106,12,117,13,99,11,114,13,125,14,191,21,36,40,65,69,48,61,57,57,26,40,41,48,51,53,68,134
2017,4,0661027,750,371,49,379,51,57,8,65,9,96,13,97,13,79,11,106,14,111,15,139,19,27,36,51,48,49,54,58,48,30,29,45,49,30,52,53,91
2017,4,0661037,557,280,50,277,50,32,6,52,9,61,11,65,12,67,12,86,15,65,12,129,23,16,23,24,34,41,50,43,49,16,29,37,31,26,36,22,80
2017,4,0661044,593,273,46,320,54,41,7,31,5,80,13,88,15,53,9,88,15,73,12,139,23,27,12,39,48,27,45,37,38,14,19,41,40,26,43,36,101
2017,4,0661048,874,426,49,448,51,69,8,66,8,114,13,142,16,79,9,143,16,91,10,170,19,38,34,72,75,41,68,44,54,31,32,42,67,38,75,47,116
2017,4,0661405,709,327,46,382,54,31,4,47,7,67,9,86,12,84,12,126,18,100,14,168,24,18,24,34,50,38,64,48,51,13,23,33,36,46,62,52,117
2017,4,0661415,2727,1226,45,1501,55,130,5,208,8,301,11,331,12,338,12,401,15,392,14,626,23,74,101,147,189,161,194,165,195,56,107,154,142,177,207,227,431
2017,4,0661425,473,243,51,230,49,26,5,57,12,50,11,56,12,60,13,68,14,68,14,88,19,14,34,29,34,28,34,37,33,12,23,21,22,32,34,31,55
2017,4,0661435,1955,989,51,966,49,103,5,151,8,249,13,261,13,237,12,295,15,272,14,387,20,54,74,140,144,134,159,135,149,49,77,109,117,103,136,137,238
2017,4,0661460,1709,831,49,878,51,72,4,113,7,174,10,229,13,178,10,266,16,280,16,397,23,38,61,86,124,89,137,142,154,34,52,88,105,89,129,138,243
2017,4,0680201,8062,3529,44,4533,56,486,6,623,8,734,9,992,12,1071,13,1249,15,1203,15,1704,21,239,313,368,502,514,584,473,536,247,310,366,490,557,665,730,1168
2017,4,0680246,520,255,49,265,51,22,4,31,6,69,13,52,10,69,13,86,17,69,13,122,23,15,16,39,28,37,41,39,40,7,15,30,24,32,45,30,82
2017,4,0680250,613,306,50,307,50,26,4,42,7,54,9,83,14,73,12,110,18,101,16,124,20,14,20,34,50,36,54,57,41,12,22,20,33,37,56,44,83
2017,4,0680258,996,517,52,479,48,60,6,88,9,133,13,122,12,119,12,170,17,123,12,181,18,30,43,86,77,60,96,63,62,30,45,47,45,59,74,60,119
2017,4,0680260,519,248,48,271,52,21,4,30,6,58,11,51,10,57,11,81,16,92,18,129,25,13,16,29,32,34,42,45,37,8,14,29,19,23,39,47,92
2017,4,0680278,348,181,52,167,48,14,4,20,6,31,9,33,9,36,10,63,18,57,16,94,27,9,11,18,26,18,35,27,37,5,9,13,7,18,28,30,57
2017,4,0680280,391,194,50,197,50,26,7,24,6,29,7,55,14,35,9,63,16,75,19,84,21,12,9,12,35,17,36,42,31,14,15,17,20,18,27,33,53
2017,4,0680286,553,271,49,282,51,36,7,36,7,70,13,47,8,66,12,89,16,68,12,141,25,15,19,37,34,30,52,35,49,21,17,33,13,36,37,33,92
2017,4,0680288,313,154,49,159,51,12,4,6,2,30,10,45,14,35,11,51,16,61,19,73,23,5,1,18,24,19,24,35,28,7,5,12,21,16,27,26,45
2017,4,0680292,422,205,49,217,51,9,2,16,4,33,8,40,9,41,10,85,20,79,19,119,28,4,8,14,22,29,48,45,35,5,8,19,18,12,37,34,84
2017,4,0681009,2001,877,44,1124,56,119,6,171,9,236,12,233,12,246,12,297,15,262,13,437,22,49,88,132,122,105,154,112,115,70,83,104,111,141,143,150,322
2017,4,0681054,349,167,48,182,52,20,6,19,5,34,10,46,13,45,13,63,18,53,15,69,20,10,7,16,26,30,33,25,20,10,12,18,20,15,30,28,49
2017,4,0681068,1136,526,46,610,54,56,5,66,6,114,10,141,12,133,12,157,14,185,16,284,25,29,30,55,82,68,84,81,97,27,36,59,59,65,73,104,187
2017,4,0681070,816,389,48,427,52,50,6,49,6,91,11,111,14,92,11,154,19,108,13,161,20,23,31,45,60,50,85,50,45,27,18,46,51,42,69,58,116
2017,4,0681072,592,277,47,315,53,28,5,35,6,64,11,91,15,61,10,90,15,111,19,112,19,14,14,29,57,33,45,57,28,14,21,35,34,28,45,54,84
2017,4,0681094,635,325,51,310,49,27,4,47,7,87,14,77,12,64,10,106,17,94,15,133,21,12,30,52,47,28,61,49,46,15,17,35,30,36,45,45,87
2017,4,0681817,1469,682,46,787,54,82,6,110,7,145,10,179,12,186,13,235,16,209,14,323,22,51,61,73,104,95,105,85,108,31,49,72,75,91,130,124,215
2017,4,0681864,287,131,46,156,54,9,3,15,5,32,11,37,13,29,10,44,15,49,17,72,25,4,7,18,24,16,16,28,18,5,8,14,13,13,28,21,54
2017,4,0681884,533,264,50,269,50,26,5,30,6,78,15,73,14,60,11,84,16,81,15,101,19,18,12,42,45,31,42,38,36,8,18,36,28,29,42,43,65
2017,4,0681896,561,290,52,271,48,30,5,48,9,61,11,60,11,91,16,65,12,85,15,121,22,15,29,31,33,53,41,41,47,15,19,30,27,38,24,44,74
2017,4,0684944,391,192,49,199,51,31,8,27,7,51,13,47,12,39,10,66,17,53,14,77,20,13,13,26,28,24,37,23,28,18,14,25,19,15,29,30,49
2017,4,0684948,695,329,47,366,53,43,6,50,7,78,11,92,13,83,12,107,15,109,16,133,19,22,22,41,48,48,49,58,41,21,28,37,44,35,58,51,92
2017,4,0684966,269,135,50,134,50,8,3,16,6,27,10,26,10,34,13,37,14,56,21,65,24,2,6,18,16,22,19,34,18,6,10,9,10,12,18,22,47
2017,4,0684990,538,271,50,267,50,37,7,29,5,55,10,85,16,52,10,84,16,86,16,110,20,23,16,30,47,33,42,44,36,14,13,25,38,19,42,42,74
2017,4,0684998,676,328,49,348,51,28,4,41,6,72,11,86,13,79,12,120,18,99,15,151,22,11,15,42,48,42,58,55,57,17,26,30,38,37,62,44,94
2017,4,0700201,7191,3098,43,4093,57,521,7,556,8,771,11,916,13,827,12,1033,14,1069,15,1498,21,244,272,374,459,407,451,439,452,277,284,397,457,420,582,630,1046
2017,4,0700242,1318,662,50,656,50,79,6,116,9,167,13,168,13,156,12,180,14,171,13,281,21,41,65,90,91,87,90,94,104,38,51,77,77,69,90,77,177
2017,4,0700244,1211,574,47,637,53,75,6,81,7,131,11,164,14,146,12,163,13,188,16,263,22,42,40,60,98,75,93,86,80,33,41,71,66,71,70,102,183
2017,4,0700246,1437,721,50,716,50,90,6,121,8,167,12,191,13,166,12,226,16,197,14,279,19,47,64,97,112,84,110,106,101,43,57,70,79,82,116,91,178
2017,4,0700250,1177,556,47,621,53,82,7,93,8,170,14,139,12,132,11,151,13,153,13,257,22,45,47,92,77,61,69,75,90,37,46,78,62,71,82,78,167
2017,4,0700262,1667,793,48,874,52,120,7,109,7,205,12,212,13,202,12,220,13,256,15,343,21,67,63,107,113,114,94,109,126,53,46,98,99,88,126,147,217
2017,4,0700266,654,297,45,357,55,46,7,50,8,87,13,68,10,85,13,102,16,107,16,109,17,22,24,37,40,40,53,47,34,24,26,50,28,45,49,60,75
2017,4,0700268,1207,598,50,609,50,66,5,95,8,154,13,172,14,133,11,178,15,168,14,241,20,30,53,80,106,71,91,85,82,36,42,74,66,62,87,83,159
2017,4,0700270,1259,642,51,617,49,77,6,101,8,154,12,173,14,130,10,181,14,164,13,279,22,38,69,86,97,81,82,88,101,39,32,68,76,49,99,76,178
2017,4,0700274,884,415,47,469,53,59,7,72,8,92,10,116,13,102,12,135,15,113,13,195,22,28,32,58,57,56,73,60,51,31,40,34,59,46,62,53,144
2017,4,0700276,631,306,48,325,52,45,7,36,6,62,10,99,16,70,11,90,14,102,16,127,20,25,18,33,52,37,49,51,41,20,18,29,47,33,41,51,86
2017,4,0700282,965,481,50,484,50,56,6,65,7,115,12,138,14,113,12,142,15,135,14,201,21,28,30,58,82,63,75,69,76,28,35,57,56,50,67,66,125
2017,4,0700286,1478,723,49,755,51,101,7,122,8,173,12,220,15,144,10,233,16,203,14,282,19,60,61,96,119,81,108,110,88,41,61,77,101,63,125,93,194
2017,4,0700290,1287,611,47,676,53,97,8,103,8,153,12,170,13,150,12,208,16,165,13,241,19,51,50,79,90,77,95,86,83,46,53,74,80,73,113,79,158
2017,4,0700296,586,290,49,296,51,31,5,44,8,76,13,74,13,67,11,82,14,75,13,137,23,20,21,32,49,32,43,38,55,11,23,44,25,35,39,37,82
2017,4,0700807,1410,678,48,732,52,52,4,106,8,160,11,172,12,172,12,212,15,218,15,318,23,31,62,100,93,83,98,104,107,21,44,60,79,89,114,114,211
2017,4,0700827,1091,530,49,561,51,71,7,78,7,147,13,132,12,130,12,168,15,144,13,221,20,38,35,76,79,70,86,72,74,33,43,71,53,60,82,72,147
2017,4,0701413,1593,738,46,855,54,88,6,112,7,180,11,218,14,185,12,224,14,220,14,366,23,45,53,89,130,101,105,99,116,43,59,91,88,84,119,121,250
2017,4,0701458,717,383,53,334,47,37,5,57,8,94,13,91,13,72,10,130,18,90,13,146,20,23,26,53,61,37,74,53,56,14,31,41,30,35,56,37,90
2017,4,0701817,1854,808,44,1046,56,117,6,151,8,221,12,249,13,198,11,240,13,219,12,459,25,59,80,110,122,88,120,102,127,58,71,111,127,110,120,117,332
2017,4,0701878,681,355,52,326,48,29,4,54,8,86,13,95,14,71,10,105,15,89,13,152,22,16,30,49,57,44,56,48,55,13,24,37,38,27,49,41,97
2017,4,0701894,683,340,50,343,50,22,3,52,8,100,15,89,13,61,9,111,16,107,16,141,21,13,36,52,48,31,57,52,51,9,16,48,41,30,54,55,90
2017,4,0705554,2129,970,46,1159,54,136,6,162,8,234,11,280,13,213,10,277,13,291,14,536,25,77,74,114,153,108,131,147,166,59,88,120,127,105,146,144,370
2017,4,0705560,226,120,53,106,47,8,4,8,4,22,10,28,12,21,9,27,12,47,21,65,29,3,3,11,24,12,12,23,32,5,5,11,4,9,15,24,33
2017,4,0705592,455,231,51,224,49,22,5,30,7,69,15,48,11,40,9,64,14,63,14,119,26,15,17,30,35,25,33,28,48,7,13,39,13,15,31,35,71
2017,4,0740201,23443,10370,44,13073,56,1903,8,2090,9,2076,9,3182,14,3500,15,2879,12,3003,13,4810,21,970,1062,1046,1599,1702,1321,1135,1535,933,1028,1030,1583,1798,1558,1868,3275
2017,4,0740252,625,322,52,303,48,37,6,38,6,68,11,97,16,52,8,122,20,78,12,133,21,20,21,37,57,34,64,43,46,17,17,31,40,18,58,35,87
2017,4,0740256,889,398,45,491,55,49,6,80,9,102,11,100,11,112,13,119,13,129,15,198,22,21,28,43,56,62,59,67,62,28,52,59,44,50,60,62,136
2017,4,0740260,591,293,50,298,50,38,6,62,10,71,12,76,13,71,12,73,12,77,13,123,21,16,34,38,47,44,33,41,40,22,28,33,29,27,40,36,83
2017,4,0740268,1530,705,46,825,54,104,7,123,8,188,12,175,11,164,11,213,14,218,14,345,23,48,64,92,94,86,105,98,118,56,59,96,81,78,108,120,227
2017,4,0740272,472,227,48,245,52,25,5,33,7,54,11,62,13,49,10,84,18,56,12,109,23,14,18,24,34,23,48,28,38,11,15,30,28,26,36,28,71
2017,4,0740276,499,253,51,246,49,25,5,28,6,56,11,80,16,55,11,70,14,81,16,104,21,10,14,37,49,32,34,43,34,15,14,19,31,23,36,38,70
2017,4,0740280,2803,1340,48,1463,52,230,8,279,10,293,10,370,13,414,15,403,14,312,11,502,18,118,138,150,194,210,199,151,180,112,141,143,176,204,204,161,322
2017,4,0740288,1746,838,48,908,52,112,6,162,9,218,12,236,14,218,12,225,13,245,14,330,19,54,79,123,124,114,115,109,120,58,83,95,112,104,110,136,210
2017,4,0740292,752,374,50,378,50,55,7,72,10,82,11,107,14,69,9,107,14,109,14,151,20,28,44,40,57,39,60,56,50,27,28,42,50,30,47,53,101
2017,4,0740605,6849,3210,47,3639,53,744,11,790,12,600,9,945,14,1059,15,862,13,745,11,1104,16,400,395,301,454,522,416,328,394,344,395,299,491,537,446,417,710
2017,4,0740625,2538,1251,49,1287,51,255,10,276,11,253,10,376,15,419,17,335,13,282,11,342,13,123,135,133,199,225,177,132,127,132,141,120,177,194,158,150,215
2017,4,0741009,2155,983,46,1172,54,162,8,143,7,200,9,332,15,251,12,304,14,327,15,436,20,78,78,90,168,114,136,145,174,84,65,110,164,137,168,182,262
2017,4,0741029,651,335,51,316,49,52,8,43,7,68,10,102,16,75,12,113,17,77,12,121,19,29,21,33,62,41,61,42,46,23,22,35,40,34,52,35,75
2017,4,0741044,1533,776,51,757,49,115,8,123,8,149,10,201,13,183,12,229,15,214,14,319,21,60,70,88,122,93,111,113,119,55,53,61,79,90,118,101,200
2017,4,0741084,1083,547,51,536,49,68,6,89,8,132,12,135,12,126,12,167,15,161,15,205,19,41,44,71,84,65,89,83,70,27,45,61,51,61,78,78,135
2017,4,0741413,5956,2728,46,3228,54,447,8,571,10,651,11,763,13,864,15,861,14,733,12,1066,18,208,289,341,402,416,408,306,358,239,282,310,361,448,453,427,708
2017,4,0741433,914,470,51,444,49,79,9,79,9,116,13,134,15,127,14,134,15,96,11,149,16,45,44,59,82,67,71,54,48,34,35,57,52,60,63,42,101
2017,4,0741448,1744,818,47,926,53,107,6,165,9,167,10,221,13,237,14,240,14,265,15,342,20,58,76,85,121,131,121,116,110,49,89,82,100,106,119,149,232
2017,4,0741464,1119,557,50,562,50,61,5,81,7,132,12,123,11,143,13,154,14,167,15,258,23,34,39,77,80,70,84,84,89,27,42,55,43,73,70,83,169
2017,4,0760201,6510,2878,44,3632,56,425,7,462,7,678,10,870,13,699,11,1046,16,1091,17,1239,19,238,234,332,464,328,439,471,372,187,228,346,406,371,607,620,867
2017,4,0760244,528,263,50,265,50,38,7,32,6,44,8,74,14,59,11,90,17,85,16,106,20,16,19,21,35,41,52,42,37,22,13,23,39,18,38,43,69
2017,4,0760256,638,331,52,307,48,37,6,58,9,68,11,84,13,72,11,100,16,86,13,133,21,24,29,42,46,34,60,51,45,13,29,26,38,38,40,35,88
2017,4,0760258,991,483,49,508,51,59,6,77,8,113,11,107,11,116,12,152,15,153,15,214,22,26,38,62,61,56,80,79,81,33,39,51,46,60,72,74,133
2017,4,0760274,880,419,48,461,52,59,7,51,6,106,12,110,13,79,9,126,14,134,15,215,24,31,26,47,62,47,63,73,70,28,25,59,48,32,63,61,145
2017,4,0761211,7344,3251,44,4093,56,456,6,633,9,710,10,888,12,852,12,1012,14,1288,18,1505,20,228,296,370,438,439,459,534,487,228,337,340,450,413,553,754,1018
2017,4,0761252,717,347,48,370,52,34,5,50,7,71,10,74,10,80,11,105,15,137,19,166,23,18,25,28,46,43,59,74,54,16,25,43,28,37,46,63,112
2017,4,0761266,1128,553,49,575,51,68,6,80,7,123,11,139,12,103,9,176,16,183,16,256,23,41,33,68,80,53,96,92,90,27,47,55,59,50,80,91,166
2017,4,0761268,730,344,47,386,53,47,6,64,9,97,13,95,13,87,12,120,16,83,11,137,19,23,32,49,54,48,64,38,36,24,32,48,41,39,56,45,101
2017,4,0761282,513,241,47,272,53,20,4,27,5,65,13,65,13,67,13,85,17,68,13,116,23,11,11,27,31,31,49,41,40,9,16,38,34,36,36,27,76
2017,4,0761286,749,372,50,377,50,49,7,58,8,97,13,89,12,81,11,121,16,99,13,155,21,25,33,55,48,41,61,56,53,24,25,42,41,40,60,43,102
2017,4,0766348,746,374,50,372,50,40,5,60,8,104,14,83,11,80,11,119,16,106,14,154,21,23,33,59,51,43,67,55,43,17,27,45,32,37,52,51,111
2017,4,0766362,1230,582,47,648,53,51,4,79,6,156,13,135,11,141,11,192,16,190,15,286,23,30,40,75,79,75,100,89,94,21,39,81,56,66,92,101,192
2017,4,0766370,1362,683,50,679,50,85,6,96,7,167,12,165,12,163,12,198,15,192,14,296,22,51,57,89,96,89,104,103,94,34,39,78,69,74,94,89,202
2017,4,0766376,384,193,50,191,50,9,2,28,7,40,10,46,12,40,10,50,13,72,19,99,26,6,17,23,30,22,28,35,32,3,11,17,16,18,22,37,67
2017,4,0766378,482,255,53,227,47,15,3,30,6,68,14,60,12,48,10,95,20,65,13,101,21,7,19,47,36,25,54,34,33,8,11,21,24,23,41,31,68
2017,4,0766380,703,358,51,345,49,26,4,40,6,120,17,98,14,68,10,112,16,121,17,118,17,12,22,68,60,37,56,68,35,14,18,52,38,31,56,53,83
2017,4,0769164,661,338,51,323,49,54,8,38,6,83,13,83,13,73,11,100,15,83,13,147,22,25,24,42,44,43,59,45,56,29,14,41,39,30,41,38,91
2017,4,0769190,697,337,48,360,52,34,5,41,6,103,15,108,15,50,7,108,15,108,15,145,21,21,19,52,62,29,44,60,50,13,22,51,46,21,64,48,95
2017,4,0769194,577,279,48,298,52,39,7,27,5,73,13,71,12,61,11,73,13,93,16,140,24,20,10,34,47,28,39,46,55,19,17,39,24,33,34,47,85
2017,4,0780242,1020,484,47,536,53,70,7,96,9,101,10,123,12,148,15,141,14,143,14,198,19,31,49,48,68,80,71,68,69,39,47,53,55,68,70,75,129
2017,4,0780244,614,309,50,305,50,51,8,50,8,82,13,85,14,78,13,97,16,80,13,91,15,24,22,43,47,44,47,49,33,27,28,39,38,34,50,31,58
2017,4,0780246,1130,561,50,569,50,59,5,99,9,128,11,167,15,146,13,181,16,150,13,200,18,37,57,67,89,68,95,77,71,22,42,61,78,78,86,73,129
2017,4,0780250,951,484,51,467,49,60,6,74,8,118,12,119,13,114,12,131,14,137,14,198,21,30,43,72,62,67,70,73,67,30,31,46,57,47,61,64,131
2017,4,0780252,766,389,51,377,49,50,7,73,10,93,12,95,12,86,11,111,14,121,16,137,18,26,42,57,57,49,55,61,42,24,31,36,38,37,56,60,95
2017,4,0780254,889,447,50,442,50,59,7,55,6,129,15,111,12,98,11,164,18,104,12,169,19,28,30,73,68,49,81,62,56,31,25,56,43,49,83,42,113
2017,4,0780256,1776,864,49,912,51,127,7,145,8,168,9,225,13,252,14,297,17,274,15,288,16,65,76,90,110,124,155,130,114,62,69,78,115,128,142,144,174
2017,4,0780258,664,352,53,312,47,32,5,32,5,82,12,87,13,91,14,97,15,105,16,138,21,18,15,40,57,60,57,61,44,14,17,42,30,31,40,44,94
2017,4,0780260,467,228,49,239,51,28,6,40,9,72,15,52,11,57,12,73,16,65,14,80,17,13,23,43,25,28,39,37,20,15,17,29,27,29,34,28,60
2017,4,0780262,1073,514,48,559,52,57,5,84,8,136,13,132,12,123,11,180,17,144,13,217,20,28,43,79,70,68,92,72,62,29,41,57,62,55,88,72,155
2017,4,0780266,673,337,50,336,50,40,6,44,7,79,12,96,14,76,11,94,14,99,15,145,22,15,26,37,54,38,58,54,55,25,18,42,42,38,36,45,90
2017,4,0780268,845,419,50,426,50,50,6,64,8,68,8,125,15,85,10,145,17,116,14,192,23,32,33,42,69,39,75,61,68,18,31,26,56,46,70,55,124
2017,4,0780270,2675,1249,47,1426,53,160,6,238,9,267,10,323,12,347,13,390,15,420,16,530,20,87,133,140,166,169,192,184,178,73,105,127,157,178,198,236,352
2017,4,0780272,510,270,53,240,47,21,4,34,7,50,10,64,13,56,11,98,19,68,13,119,23,9,17,37,43,36,60,35,33,12,17,13,21,20,38,33,86
2017,4,0780274,426,213,50,213,50,19,4,30,7,38,9,55,13,42,10,71,17,69,16,102,24,6,15,13,38,25,36,35,45,13,15,25,17,17,35,34,57
2017,4,0780276,1872,932,50,940,50,121,6,172,9,192,10,248,13,276,15,249,13,267,14,347,19,70,84,96,143,145,133,132,129,51,88,96,105,131,116,135,218
2017,4,0780278,871,413,47,458,53,55,6,68,8,102,12,122,14,129,15,133,15,124,14,138,16,25,32,44,69,69,69,61,44,30,36,58,53,60,64,63,94
2017,4,0780280,387,190,49,197,51,29,7,22,6,25,6,55,14,26,7,60,16,81,21,89,23,16,10,10,30,14,34,40,36,13,12,15,25,12,26,41,53
2017,4,0780282,683,342,50,341,50,23,3,44,6,95,14,91,13,87,13,97,14,97,14,149,22,9,22,56,56,45,54,50,50,14,22,39,35,42,43,47,99
2017,4,0780284,1070,532,50,538,50,54,5,87,8,129,12,125,12,114,11,199,19,142,13,220,21,27,55,69,64,57,115,69,76,27,32,60,61,57,84,73,144
2017,4,0780286,1295,642,50,653,50,87,7,108,8,165,13,169,13,147,11,221,17,163,13,235,18,39,51,90,99,80,115,72,96,48,57,75,70,67,106,91,139
2017,4,0780288,2442,1223,50,1219,50,132,5,222,9,329,13,300,12,337,14,376,15,326,13,420,17,82,111,183,160,186,194,170,137,50,111,146,140,151,182,156,283
2017,4,0780292,580,294,51,286,49,32,6,58,10,73,13,74,13,73,13,99,17,75,13,96,17,14,31,46,43,39,51,40,30,18,27,27,31,34,48,35,66
2017,4,0780294,790,346,44,444,56,62,8,58,7,85,11,84,11,67,8,108,14,121,15,205,26,22,30,44,47,27,55,60,61,40,28,41,37,40,53,61,144
2017,4,0780296,1466,691,47,775,53,96,7,101,7,155,11,223,15,184,13,224,15,221,15,262,18,40,39,79,119,104,109,106,95,56,62,76,104,80,115,115,167
2017,4,0781817,2940,1297,44,1643,56,149,5,226,8,330,11,355,12,352,12,447,15,435,15,646,22,65,109,156,195,169,211,182,210,84,117,174,160,183,236,253,436
2017,4,0781848,705,351,50,354,50,35,5,57,8,78,11,86,12,75,11,114,16,109,15,151,21,19,30,46,47,45,58,55,51,16,27,32,39,30,56,54,100
2017,4,0781890,673,335,50,338,50,39,6,43,6,78,12,89,13,71,11,119,18,98,15,136,20,22,15,39,56,38,63,56,46,17,28,39,33,33,56,42,90
2017,4,0781898,1475,728,49,747,51,83,6,101,7,163,11,195,13,155,11,224,15,224,15,330,22,45,54,81,108,77,122,118,123,38,47,82,87,78,102,106,207
2017,4,0800605,3776,1750,46,2026,54,328,9,382,10,440,12,576,15,532,14,441,12,459,12,618,16,165,206,226,287,276,208,202,180,163,176,214,289,256,233,257,438
2017,4,0800625,1598,805,50,793,50,139,9,169,11,163,10,226,14,248,16,221,14,178,11,254,16,73,90,94,117,132,112,100,87,66,79,69,109,116,109,78,167
2017,4,0800807,6236,2975,48,3261,52,918,15,584,9,387,6,1140,18,1128,18,654,10,776,12,649,10,492,299,194,541,556,318,333,242,426,285,193,599,572,336,443,407
2017,4,0800856,1129,531,47,598,53,123,11,133,12,95,8,152,13,163,14,138,12,144,13,181,16,48,64,55,83,75,75,68,63,75,69,40,69,88,63,76,118
2017,4,0800870,15266,7201,47,8065,53,1589,10,1602,10,1327,9,2186,14,2535,17,1954,13,1649,11,2424,16,832,807,685,1051,1259,957,749,861,757,795,642,1135,1276,997,900,1563
2017,4,0801009,11069,4828,44,6241,56,739,7,922,8,958,9,1571,14,1621,15,1567,14,1476,13,2215,20,376,443,487,821,797,700,572,632,363,479,471,750,824,867,904,1583
2017,4,0801080,8314,4039,49,4275,51,678,8,805,10,776,9,1131,14,1314,16,1155,14,1163,14,1292,16,330,404,406,571,677,614,552,485,348,401,370,560,637,541,611,807
2017,4,0801211,17878,8261,46,9617,54,1681,9,1643,9,1524,9,2681,15,2891,16,2303,13,2000,11,3155,18,905,865,745,1317,1451,1111,845,1022,776,778,779,1364,1440,1192,1155,2133
2017,4,0801231,4382,2158,49,2224,51,351,8,415,9,358,8,634,14,773,18,593,14,581,13,677,15,195,205,192,327,404,293,288,254,156,210,166,307,369,300,293,423
2017,4,0801413,2808,1303,46,1505,54,185,7,187,7,227,8,363,13,363,13,394,14,388,14,701,25,93,90,110,180,189,212,174,255,92,97,117,183,174,182,214,446
2017,4,0801433,2781,1325,48,1456,52,211,8,243,9,240,9,334,12,346,12,406,15,363,13,638,23,115,127,123,183,177,194,174,232,96,116,117,151,169,212,189,406
2017,4,0801615,11316,5092,45,6224,55,1161,10,1079,10,1118,10,1829,16,1563,14,1386,12,1292,11,1888,17,609,527,556,857,747,626,556,614,552,552,562,972,816,760,736,1274
2017,4,0801642,1645,796,48,849,52,130,8,137,8,174,11,206,13,266,16,214,13,224,14,294,18,68,70,82,116,138,107,109,106,62,67,92,90,128,107,115,188
2017,4,0801666,605,283,47,322,53,61,10,54,9,74,12,95,16,64,11,80,13,75,12,102,17,35,22,30,51,31,40,45,29,26,32,44,44,33,40,30,73
2017,4,0801694,3673,1727,47,1946,53,373,10,341,9,389,11,570,16,497,14,458,12,433,12,612,17,190,170,196,265,243,241,205,217,183,171,193,305,254,217,228,395
2017,4,0801817,3314,1555,47,1759,53,240,7,307,9,281,8,465,14,475,14,445,13,492,15,609,18,133,164,153,250,231,214,220,190,107,143,128,215,244,231,272,419
2017,4,0801864,4276,2075,49,2201,51,362,8,371,9,378,9,579,14,648,15,558,13,577,13,803,19,180,191,191,319,338,299,277,280,182,180,187,260,310,259,300,523
2017,4,0804400,10739,5109,48,5630,52,1282,12,1295,12,890,8,1584,15,1931,18,1288,12,1155,11,1314,12,679,652,443,745,947,637,546,460,603,643,447,839,984,651,609,854
2017,4,0804948,8756,4138,47,4618,53,1075,12,1000,11,847,10,1232,14,1398,16,1201,14,920,11,1083,12,541,515,397,572,659,609,457,388,534,485,450,660,739,592,463,695
2017,4,0804988,1356,645,48,711,52,121,9,119,9,129,10,200,15,185,14,185,14,207,15,210,15,54,60,64,96,100,87,102,82,67,59,65,104,85,98,105,128
2017,4,0805200,8340,4213,51,4127,49,547,7,577,7,695,8,1207,14,1184,14,1247,15,1186,14,1697,20,294,311,363,663,623,653,577,729,253,266,332,544,561,594,609,968
2017,4,0806000,8120,4033,50,4087,50,712,9,956,12,815,10,1028,13,1302,16,1299,16,974,12,1034,13,371,490,443,509,622,675,504,419,341,466,372,519,680,624,470,615
2017,4,0806956,1331,657,49,674,51,112,8,86,6,155,12,198,15,172,13,187,14,190,14,231,17,56,41,85,102,101,98,91,83,56,45,70,96,71,89,99,148
2017,4,0806968,3641,1789,49,1852,51,268,7,281,8,379,10,519,14,505,14,482,13,501,14,706,19,151,140,208,284,271,243,232,260,117,141,171,235,234,239,269,446
2017,4,0807400,3409,1617,47,1792,53,241,7,297,9,391,11,432,13,471,14,479,14,443,13,655,19,141,162,200,218,247,236,189,224,100,135,191,214,224,243,254,431
2017,4,0807600,18527,8942,48,9585,52,2687,15,2326,13,1573,8,3033,16,3434,19,2240,12,1463,8,1771,10,1398,1203,804,1396,1704,1132,701,604,1289,1123,769,1637,1730,1108,762,1167
2017,4,0808400,6645,3252,49,3393,51,510,8,592,9,637,10,1011,15,1015,15,928,14,883,13,1069,16,255,302,334,577,535,442,421,386,255,290,303,434,480,486,462,683
2017,4,0809200,2187,1048,48,1139,52,147,7,194,9,228,10,308,14,301,14,293,13,305,14,411,19,75,92,120,167,158,140,147,149,72,102,108,141,143,153,158,262
2017,4,0809600,10310,4878,47,5432,53,1017,10,1118,11,995,10,1407,14,1705,17,1422,14,1183,11,1463,14,540,585,529,683,812,692,533,504,477,533,466,724,893,730,650,959
2017,4,0840201,10275,4649,45,5626,55,811,8,851,8,1221,12,1371,13,1267,12,1432,14,1336,13,1986,19,413,434,595,732,592,662,557,664,398,417,626,639,675,770,779,1322
2017,4,0840248,1024,486,47,538,53,66,6,86,8,140,14,123,12,98,10,145,14,161,16,205,20,31,40,69,67,51,74,74,80,35,46,71,56,47,71,87,125
2017,4,0840256,316,164,52,152,48,14,4,25,8,31,10,41,13,35,11,56,18,38,12,76,24,6,11,17,28,22,33,17,30,8,14,14,13,13,23,21,46
2017,4,0840258,707,358,51,349,49,51,7,69,10,85,12,103,15,79,11,104,15,104,15,112,16,22,38,45,61,45,51,55,41,29,31,40,42,34,53,49,71
2017,4,0840262,757,385,51,372,49,59,8,77,10,107,14,96,13,105,14,106,14,93,12,114,15,21,33,72,55,62,51,44,47,38,44,35,41,43,55,49,67
2017,4,0840266,1174,559,48,615,52,87,7,121,10,156,13,136,12,141,12,139,12,161,14,233,20,45,62,77,66,72,70,74,93,42,59,79,70,69,69,87,140
2017,4,0840270,1219,580,48,639,52,66,5,101,8,184,15,137,11,136,11,173,14,208,17,214,18,33,55,93,78,72,82,88,79,33,46,91,59,64,91,120,135
2017,4,0840272,1545,752,49,793,51,121,8,131,8,180,12,202,13,177,11,209,14,239,15,286,19,67,72,102,107,84,106,110,104,54,59,78,95,93,103,129,182
2017,4,0840276,591,292,49,299,51,41,7,49,8,81,14,89,15,48,8,106,18,91,15,86,15,17,28,46,50,24,57,40,30,24,21,35,39,24,49,51,56
2017,4,0840282,666,333,50,333,50,39,6,60,9,82,12,70,11,69,10,103,15,97,15,146,22,18,29,47,48,38,54,49,50,21,31,35,22,31,49,48,96
2017,4,0840286,1415,673,48,742,52,98,7,123,9,169,12,181,13,149,11,231,16,207,15,257,18,49,60,90,105,63,112,95,99,49,63,79,76,86,119,112,158
2017,4,0840288,533,254,48,279,52,31,6,63,12,88,17,44,8,63,12,74,14,66,12,104,20,15,24,43,29,27,41,39,36,16,39,45,15,36,33,27,68
2017,4,0840292,354,175,49,179,51,10,3,23,6,46,13,39,11,36,10,56,16,63,18,81,23,7,11,31,23,13,32,31,27,3,12,15,16,23,24,32,54
2017,4,0840294,596,302,51,294,49,42,7,53,9,98,16,73,12,64,11,99,17,77,13,90,15,20,25,52,44,35,52,36,38,22,28,46,29,29,47,41,52
2017,4,0840296,1458,724,50,734,50,113,8,120,8,183,13,214,15,167,11,206,14,213,15,242,17,59,66,92,113,95,105,100,94,54,54,91,101,72,101,113,148
2017,4,0840298,334,171,51,163,49,39,12,30,9,43,13,40,12,41,12,47,14,39,12,55,16,17,15,25,20,26,25,16,27,22,15,18,20,15,22,23,28
2017,4,0840605,2765,1274,46,1491,54,199,7,264,10,282,10,340,12,341,12,364,13,380,14,595,22,112,136,159,173,168,170,174,182,87,128,123,167,173,194,206,413
2017,4,0840625,864,421,49,443,51,63,7,75,9,113,13,94,11,109,13,120,14,120,14,170,20,32,36,57,55,57,64,57,63,31,39,56,39,52,56,63,107
2017,4,0840644,676,330,49,346,51,39,6,55,8,97,14,94,14,76,11,97,14,99,15,119,18,20,29,47,55,40,51,45,43,19,26,50,39,36,46,54,76
2017,4,0840652,593,280,47,313,53,39,7,43,7,78,13,67,11,53,9,95,16,87,15,131,22,17,19,44,35,27,44,50,44,22,24,34,32,26,51,37,87
2017,4,0840680,644,316,49,328,51,38,6,44,7,91,14,70,11,67,10,88,14,90,14,156,24,20,27,53,36,35,45,51,49,18,17,38,34,32,43,39,107
2017,4,0880201,9226,4128,45,5098,55,680,7,762,8,941,10,1213,13,1110,12,1271,14,1355,15,1894,21,359,396,494,628,518,568,541,624,321,366,447,585,592,703,814,1270
2017,4,0880213,1361,605,44,756,56,73,5,110,8,150,11,158,12,122,9,202,15,178,13,368,27,43,61,78,80,58,88,74,123,30,49,72,78,64,114,104,245
2017,4,0880215,1642,773,47,869,53,111,7,153,9,183,11,223,14,227,14,191,12,228,14,326,20,56,76,95,113,124,92,100,117,55,77,88,110,103,99,128,209
2017,4,0880217,1230,573,47,657,53,74,6,102,8,169,14,142,12,147,12,170,14,198,16,228,19,38,57,93,85,69,75,81,75,36,45,76,57,78,95,117,153
2017,4,0880237,789,385,49,404,51,53,7,72,9,91,12,96,12,94,12,98,12,104,13,181,23,23,38,54,52,55,51,49,63,30,34,37,44,39,47,55,118
2017,4,0880242,1068,541,51,527,49,61,6,80,7,153,14,199,19,119,11,140,13,127,12,189,18,37,42,87,104,61,76,57,77,24,38,66,95,58,64,70,112
2017,4,0880246,759,393,52,366,48,41,5,48,6,116,15,98,13,87,11,107,14,133,18,129,17,20,31,59,63,52,52,72,44,21,17,57,35,35,55,61,85
2017,4,0880254,2164,1075,50,1089,50,159,7,168,8,260,12,305,14,265,12,302,14,315,15,390,18,92,88,141,161,148,154,148,143,67,80,119,144,117,148,167,247
2017,4,0880258,436,223,51,213,49,37,8,43,10,59,14,49,11,51,12,70,16,59,14,68,16,23,24,33,25,26,37,29,26,14,19,26,24,25,33,30,42
2017,4,0880264,360,188,52,172,48,20,6,21,6,48,13,59,16,41,11,63,18,47,13,61,17,10,8,31,40,21,34,22,22,10,13,17,19,20,29,25,39
2017,4,0880268,1686,829,49,857,51,117,7,160,9,207,12,221,13,207,12,244,14,235,14,295,17,59,88,103,109,118,127,114,111,58,72,104,112,89,117,121,184
2017,4,0880270,1570,757,48,813,52,96,6,128,8,179,11,193,12,170,11,206,13,188,12,410,26,42,64,95,103,94,98,97,164,54,64,84,90,76,108,91,246
2017,4,0880272,1772,840,47,932,53,133,8,150,8,202,11,248,14,229,13,233,13,260,15,317,18,69,78,95,135,114,115,125,109,64,72,107,113,115,118,135,208
2017,4,0880274,424,198,47,226,53,25,6,24,6,53,13,80,19,38,9,59,14,67,16,78,18,13,11,23,47,20,24,31,29,12,13,30,33,18,35,36,49
2017,4,0880286,369,193,52,176,48,31,8,40,11,45,12,49,13,36,10,44,12,59,16,65,18,19,22,26,29,20,19,37,21,12,18,19,20,16,25,22,44
2017,4,0880292,1193,607,51,586,49,91,8,119,10,161,13,155,13,164,14,140,12,164,14,199,17,46,68,89,81,86,76,84,77,45,51,72,74,78,64,80,122
2017,4,0880294,1546,720,47,826,53,132,9,135,9,214,14,208,13,188,12,202,13,213,14,254,16,51,76,98,115,94,97,96,93,81,59,116,93,94,105,117,161
2017,4,0880296,766,352,46,414,54,47,6,77,10,101,13,91,12,86,11,123,16,97,13,144,19,25,33,54,55,37,60,45,43,22,44,47,36,49,63,52,101
2017,4,0885150,3017,1453,48,1564,52,225,7,244,8,353,12,436,14,301,10,447,15,384,13,627,21,115,131,191,230,164,217,182,223,110,113,162,206,137,230,202,404
2017,4,0885162,832,386,46,446,54,36,4,42,5,87,10,113,14,78,9,144,17,125,15,207,25,13,18,52,63,47,77,55,61,23,24,35,50,31,67,70,146
2017,4,0887600,1524,732,48,792,52,93,6,111,7,166,11,192,13,191,13,200,13,217,14,354,23,50,58,87,111,112,95,109,110,43,53,79,81,79,105,108,244
2017,4,0888301,3640,1690,46,1950,54,195,5,273,8,392,11,499,14,390,11,551,15,528,15,812,22,102,137,194,285,188,267,257,260,93,136,198,214,202,284,271,552
2017,4,0900201,17014,7715,45,9299,55,1494,9,1621,10,1816,11,2339,14,2282,13,2264,13,1990,12,3208,19,779,836,949,1157,1070,1061,851,1012,715,785,867,1182,1212,1203,1139,2196
2017,4,0900246,644,302,47,342,53,62,10,59,9,74,11,100,16,85,13,84,13,68,11,112,17,28,22,39,52,44,45,35,37,34,37,35,48,41,39,33,75
2017,4,0900248,1293,614,47,679,53,86,7,100,8,166,13,167,13,179,14,176,14,176,14,243,19,49,52,80,89,105,93,89,57,37,48,86,78,74,83,87,186
2017,4,0900254,1343,666,50,677,50,89,7,134,10,194,14,166,12,161,12,166,12,154,11,279,21,45,68,106,92,88,87,79,101,44,66,88,74,73,79,75,178
2017,4,0900258,886,469,53,417,47,65,7,72,8,98,11,111,13,104,12,141,16,130,15,165,19,32,42,49,70,63,69,77,67,33,30,49,41,41,72,53,98
2017,4,0900268,598,317,53,281,47,41,7,68,11,96,16,77,13,67,11,75,13,76,13,98,16,27,31,59,45,41,35,39,40,14,37,37,32,26,40,37,58
2017,4,0900274,1351,650,48,701,52,91,7,113,8,142,11,194,14,164,12,191,14,199,15,257,19,45,58,76,113,88,97,84,89,46,55,66,81,76,94,115,168
2017,4,0900278,1144,589,51,555,49,78,7,109,10,163,14,142,12,138,12,170,15,128,11,216,19,53,52,86,86,73,84,70,85,25,57,77,56,65,86,58,131
2017,4,0900280,1755,848,48,907,52,131,7,168,10,212,12,220,13,233,13,219,12,219,12,353,20,72,100,111,120,128,105,97,115,59,68,101,100,105,114,122,238
2017,4,0900284,1667,819,49,848,51,148,9,146,9,193,12,236,14,198,12,218,13,237,14,291,17,77,74,97,131,107,113,111,109,71,72,96,105,91,105,126,182
2017,4,0900296,466,234,50,232,50,31,7,37,8,55,12,74,16,46,10,70,15,66,14,87,19,15,24,26,40,29,33,36,31,16,13,29,34,17,37,30,56
2017,4,0901211,3638,1656,46,1982,54,242,7,364,10,423,12,465,13,417,11,496,14,482,13,749,21,135,182,218,229,199,225,215,253,107,182,205,236,218,271,267,496
2017,4,0901244,510,225,44,285,56,37,7,44,9,84,16,70,14,56,11,74,15,61,12,84,16,19,18,38,30,30,38,32,20,18,26,46,40,26,36,29,64
2017,4,0901262,1322,703,53,619,47,87,7,127,10,184,14,179,14,156,12,166,13,175,13,248,19,53,63,104,103,92,91,95,102,34,64,80,76,64,75,80,146
2017,4,0901270,567,280,49,287,51,18,3,49,9,56,10,75,13,60,11,83,15,94,17,132,23,9,23,28,44,35,44,38,59,9,26,28,31,25,39,56,73
2017,4,0901288,849,434,51,415,49,46,5,72,8,109,13,125,15,82,10,140,16,120,14,155,18,30,33,64,71,43,72,64,57,16,39,45,54,39,68,56,98
2017,4,0901292,510,271,53,239,47,32,6,55,11,62,12,59,12,74,15,64,13,74,15,90,18,16,32,43,33,42,31,43,31,16,23,19,26,32,33,31,59
2017,4,0901294,665,338,51,327,49,41,6,29,4,96,14,90,14,80,12,104,16,101,15,124,19,22,15,43,52,48,55,54,49,19,14,53,38,32,49,47,75
2017,4,0905150,2345,1113,47,1232,53,119,5,183,8,254,11,295,13,286,12,340,14,342,15,526,22,66,97,125,148,152,170,163,192,53,86,129,147,134,170,179,334
2017,4,0905166,2187,1011,46,1176,54,114,5,170,8,184,8,291,13,276,13,340,16,311,14,501,23,44,81,108,161,137,181,139,160,70,89,76,130,139,159,172,341
2017,4,0905182,2684,1288,48,1396,52,176,7,196,7,253,9,350,13,311,12,330,12,379,14,689,26,93,108,119,196,163,177,193,239,83,88,134,154,148,153,186,450
2017,4,0905756,1938,965,50,973,50,153,8,171,9,229,12,289,15,215,11,233,12,281,14,367,19,73,85,119,181,124,109,136,138,80,86,110,108,91,124,145,229
2017,4,0905790,343,181,53,162,47,22,6,23,7,47,14,56,16,42,12,36,10,62,18,55,16,12,10,22,33,26,22,27,29,10,13,25,23,16,14,35,26
2017,4,0940201,4707,2034,43,2673,57,266,6,350,7,428,9,550,12,461,10,661,14,722,15,1269,27,141,183,219,289,230,285,295,392,125,167,209,261,231,376,427,877
2017,4,0940252,796,382,48,414,52,65,8,57,7,94,12,106,13,65,8,121,15,109,14,179,22,34,29,41,60,32,60,62,64,31,28,53,46,33,61,47,115
2017,4,0940266,581,281,48,300,52,34,6,44,8,61,10,73,13,54,9,83,14,85,15,147,25,16,26,30,41,29,46,40,53,18,18,31,32,25,37,45,94
2017,4,0940288,998,488,49,510,51,78,8,73,7,116,12,123,12,90,9,160,16,155,16,203,20,42,41,65,63,51,92,69,65,36,32,51,60,39,68,86,138
2017,4,0940292,603,291,48,312,52,34,6,53,9,78,13,81,13,52,9,100,17,84,14,121,20,22,29,40,45,26,49,42,38,12,24,38,36,26,51,42,83
2017,4,0940296,349,172,49,177,51,28,8,20,6,49,14,36,10,29,8,54,15,47,13,86,25,18,14,29,23,16,25,28,19,10,6,20,13,13,29,19,67
2017,4,0941615,5301,2452,46,2849,54,438,8,444,8,585,11,694,13,698,13,650,12,743,14,1049,20,233,222,319,355,364,293,318,348,205,222,266,339,334,357,425,701
2017,4,0941644,1088,553,51,535,49,80,7,87,8,138,13,142,13,122,11,164,15,148,14,207,19,49,43,86,86,69,88,65,67,31,44,52,56,53,76,83,140
2017,4,0941646,866,447,52,419,48,67,8,74,9,88,10,135,16,100,12,131,15,124,14,147,17,33,48,51,83,47,70,59,56,34,26,37,52,53,61,65,91
2017,4,0941648,537,265,49,272,51,37,7,46,9,68,13,68,13,56,10,92,17,75,14,95,18,21,21,37,41,30,46,33,36,16,25,31,27,26,46,42,59
2017,4,0941658,823,420,51,403,49,44,5,71,9,106,13,101,12,111,13,146,18,94,11,150,18,21,35,63,69,56,72,48,56,23,36,43,32,55,74,46,94
2017,4,0941670,1136,543,48,593,52,95,8,110,10,112,10,163,14,139,12,157,14,162,14,198,17,47,53,56,88,70,72,87,70,48,57,56,75,69,85,75,128
2017,4,0941674,833,396,48,437,52,54,6,85,10,85,10,138,17,79,9,126,15,125,15,141,17,29,55,34,80,42,46,61,49,25,30,51,58,37,80,64,92
2017,4,0941680,996,498,50,498,50,102,10,95,10,105,11,156,16,99,10,143,14,117,12,179,18,50,58,58,83,52,74,57,66,52,37,47,73,47,69,60,113
2017,4,0941690,708,348,49,360,51,37,5,53,7,89,13,103,15,81,11,115,16,96,14,134,19,23,26,49,53,40,55,55,47,14,27,40,50,41,60,41,87
2017,4,0941813,1143,486,43,657,57,64,6,93,8,81,7,101,9,114,10,118,10,217,19,355,31,30,50,45,52,62,57,91,99,34,43,36,49,52,61,126,256
2017,4,0941817,1106,489,44,617,56,45,4,86,8,99,9,112,10,136,12,170,15,181,16,277,25,25,39,49,59,72,84,88,73,20,47,50,53,64,86,93,204
2017,4,0941860,358,181,51,177,49,10,3,18,5,45,13,38,11,41,11,68,19,49,14,89,25,7,13,28,20,21,34,26,32,3,5,17,18,20,34,23,57
2017,4,0941876,462,229,50,233,50,17,4,39,8,52,11,42,9,54,12,74,16,78,17,106,23,8,23,24,22,25,41,43,43,9,16,28,20,29,33,35,63
2017,4,0960244,521,253,49,268,51,35,7,44,8,63,12,63,12,67,13,76,15,72,14,101,19,19,22,36,38,36,35,35,32,16,22,27,25,31,41,37,69
2017,4,0960252,1030,499,48,531,52,71,7,71,7,113,11,164,16,99,10,151,15,164,16,197,19,40,37,51,100,53,71,81,66,31,34,62,64,46,80,83,131
2017,4,0960264,2840,1343,47,1497,53,236,8,246,9,315,11,388,14,371,13,406,14,365,13,513,18,119,111,159,195,196,207,177,179,117,135,156,193,175,199,188,334
2017,4,0960288,897,441,49,456,51,49,5,61,7,100,11,129,14,92,10,136,15,148,16,182,20,26,37,52,79,51,64,71,61,23,24,48,50,41,72,77,121
2017,4,0960296,677,313,46,364,54,60,9,50,7,85,13,76,11,87,13,94,14,78,12,147,22,34,20,44,43,46,48,38,40,26,30,41,33,41,46,40,107
2017,4,0961011,1135,495,44,640,56,64,6,85,7,100,9,142,13,102,9,141,12,148,13,353,31,29,44,54,83,52,62,69,102,35,41,46,59,50,79,79,251
2017,4,0961031,573,260,45,313,55,39,7,48,8,74,13,68,12,62,11,82,14,84,15,116,20,18,26,37,37,33,40,37,32,21,22,37,31,29,42,47,84
2017,4,0961076,390,168,43,222,57,27,7,24,6,37,9,65,17,43,11,56,14,49,13,89,23,11,10,14,32,26,24,22,29,16,14,23,33,17,32,27,60
2017,4,0961082,324,173,53,151,47,21,6,16,5,42,13,39,12,44,14,44,14,51,16,67,21,13,12,25,25,26,22,25,25,8,4,17,14,18,22,26,42
2017,4,0961084,608,292,48,316,52,32,5,41,7,66,11,100,16,69,11,106,17,86,14,108,18,18,19,34,55,36,55,41,34,14,22,32,45,33,51,45,74
2017,4,0961615,2888,1305,45,1583,55,174,6,232,8,242,8,381,13,268,9,434,15,410,14,747,26,88,120,122,210,124,213,189,239,86,112,120,171,144,221,221,508
2017,4,0961656,204,101,50,103,50,11,5,18,9,34,17,30,15,24,12,18,9,29,14,40,20,6,7,21,15,13,11,14,14,5,11,13,15,11,7,15,26
2017,4,0961658,1212,584,48,628,52,66,5,76,6,119,10,143,12,199,16,203,17,165,14,241,20,40,40,57,85,94,105,79,84,26,36,62,58,105,98,86,157
2017,4,0961668,284,149,52,135,48,5,2,26,9,23,8,37,13,25,9,35,12,67,24,66,23,3,9,17,23,15,16,36,30,2,17,6,14,10,19,31,36
2017,4,0961694,466,235,50,231,50,30,6,40,9,72,15,60,13,57,12,51,11,80,17,76,16,21,25,33,38,27,25,39,27,9,15,39,22,30,26,41,49
2017,4,0964746,824,414,50,410,50,57,7,53,6,74,9,100,12,102,12,122,15,126,15,190,23,29,36,38,57,54,60,66,74,28,17,36,43,48,62,60,116
2017,4,0964762,1345,666,50,679,50,89,7,131,10,137,10,193,14,185,14,188,14,183,14,239,18,45,60,80,114,103,89,88,87,44,71,57,79,82,99,95,152
2017,4,0964784,881,425,48,456,52,61,7,78,9,96,11,116,13,113,13,122,14,113,13,182,21,36,34,45,71,62,62,57,58,25,44,51,45,51,60,56,124
2017,4,0967148,1252,603,48,649,52,96,8,108,9,131,10,162,13,124,10,183,15,163,13,285,23,40,53,63,97,67,96,77,110,56,55,68,65,57,87,86,175
2017,4,0967154,460,223,48,237,52,29,6,34,7,52,11,54,12,43,9,77,17,67,15,104,23,13,18,28,27,22,36,34,45,16,16,24,27,21,41,33,59
2017,4,0967170,805,389,48,416,52,56,7,62,8,87,11,104,13,76,9,140,17,109,14,171,21,27,32,41,61,38,73,58,59,29,30,46,43,38,67,51,112
2017,4,0967178,1354,663,49,691,51,95,7,115,8,141,10,185,14,165,12,187,14,194,14,272,20,53,65,78,96,86,102,87,96,42,50,63,89,79,85,107,176
2017,4,0967190,3423,1780,52,1643,48,287,8,284,8,361,11,641,19,463,14,477,14,420,12,490,14,144,139,205,388,271,253,192,188,143,145,156,253,192,224,228,302
2017,4,0967192,398,194,49,204,51,28,7,36,9,50,13,50,13,37,9,68,17,60,15,69,17,11,21,23,32,17,36,29,25,17,15,27,18,20,32,31,44
2017,4,0967366,610,298,49,312,51,44,7,59,10,87,14,68,11,67,11,87,14,92,15,106,17,30,28,50,35,36,42,47,30,14,31,37,33,31,45,45,76
2017,4,0967372,1159,568,49,591,51,73,6,86,7,153,13,160,14,115,10,196,17,155,13,221,19,38,43,86,107,50,96,77,71,35,43,67,53,65,100,78,150
2017,4,0980213,935,448,48,487,52,53,6,91,10,99,11,117,13,113,12,128,14,150,16,184,20,24,48,53,63,65,59,66,70,29,43,46,54,48,69,84,114
2017,4,0980233,451,231,51,220,49,49,11,35,8,52,12,62,14,45,10,58,13,70,16,80,18,22,21,35,27,24,32,39,31,27,14,17,35,21,26,31,49
2017,4,0980244,589,296,50,293,50,38,6,58,10,72,12,77,13,67,11,71,12,86,15,120,20,18,29,38,49,31,38,49,44,20,29,34,28,36,33,37,76
2017,4,0980250,362,163,45,199,55,25,7,28,8,35,10,28,8,44,12,48,13,41,11,113,31,14,9,16,16,22,24,26,36,11,19,19,12,22,24,15,77
2017,4,0980256,922,451,49,471,51,79,9,79,9,108,12,135,15,113,12,111,12,125,14,172,19,38,44,60,83,55,57,58,56,41,35,48,52,58,54,67,116
2017,4,0980260,835,427,51,408,49,55,7,72,9,105,13,111,13,100,12,98,12,134,16,160,19,31,40,65,66,53,51,66,55,24,32,40,45,47,47,68,105
2017,4,0980266,1679,856,51,823,49,119,7,172,10,187,11,230,14,225,13,235,14,234,14,277,16,56,98,104,133,118,115,120,112,63,74,83,97,107,120,114,165
2017,4,0980270,1959,941,48,1018,52,124,6,176,9,223,11,231,12,241,12,264,13,288,15,412,21,58,91,119,119,120,138,136,160,66,85,104,112,121,126,152,252
2017,4,0980274,498,247,50,251,50,35,7,36,7,66,13,66,13,57,11,74,15,72,14,92,18,22,17,33,41,28,39,35,32,13,19,33,25,29,35,37,60
2017,4,0980278,530,268,51,262,49,29,5,44,8,66,12,75,14,56,11,91,17,65,12,104,20,17,18,32,45,32,51,36,37,12,26,34,30,24,40,29,67
2017,4,0980284,1585,782,49,803,51,106,7,144,9,176,11,225,14,205,13,218,14,235,15,276,17,48,74,97,113,106,111,127,106,58,70,79,112,99,107,108,170
2017,4,0980290,448,235,52,213,48,37,8,37,8,46,10,59,13,46,10,60,13,84,19,79,18,16,20,28,33,31,32,41,34,21,17,18,26,15,28,43,45
2017,4,0980294,456,241,53,215,47,31,7,32,7,65,14,65,14,67,15,59,13,64,14,73,16,14,18,41,39,40,33,33,23,17,14,24,26,27,26,31,50
2017,4,UNK,1908,1239,65,669,35,145,8,136,7,234,12,389,20,401,21,323,17,207,11,73,4,73,72,132,277,282,220,142,41,72,64,102,112,119,103,65,32
2017,5,0010001,386,177,46,209,54,61,16,28,7,31,8,70,18,64,17,50,13,35,9,47,12,28,12,17,34,29,23,16,18,33,16,14,36,35,27,19,29
2017,5,0010002,24445,10499,43,13946,57,1807,7,1714,7,1812,7,3866,16,3212,13,3203,13,3180,13,5651,23,953,867,879,1855,1491,1414,1353,1687,854,847,933,2011,1721,1789,1827,3964
2017,5,0010003,4181,1996,48,2185,52,385,9,465,11,405,10,551,13,593,14,569,14,511,12,702,17,217,254,223,253,279,290,228,252,168,211,182,298,314,279,283,450
2017,5,0010004,1127,523,46,604,54,98,9,108,10,114,10,153,14,170,15,140,12,157,14,187,17,48,55,56,78,78,68,75,65,50,53,58,75,92,72,82,122
2017,5,0010005,32526,14321,44,18205,56,2514,8,2437,7,2475,8,5609,17,4322,13,4263,13,5281,16,5625,17,1274,1275,1196,2775,2057,1811,2229,1704,1240,1162,1279,2834,2265,2452,3052,3921
2017,5,0010006,8377,3760,45,4617,55,511,6,623,7,698,8,1209,14,1096,13,1241,15,1348,16,1651,20,254,329,371,643,534,567,553,509,257,294,327,566,562,674,795,1142
2017,5,0010007,2068,978,47,1090,53,142,7,182,9,173,8,339,16,316,15,309,15,313,15,294,14,76,93,90,176,158,155,140,90,66,89,83,163,158,154,173,204
2017,5,0010008,81,41,51,40,49,7,9,5,6,5,6,14,17,7,9,20,25,15,19,8,10,5,3,2,7,6,8,7,3,2,2,3,7,1,12,8,5
2017,5,0010009,2370,1105,47,1265,53,182,8,196,8,234,10,353,15,303,13,322,14,333,14,447,19,106,105,117,174,153,140,154,156,76,91,117,179,150,182,179,291
2017,5,0010010,44980,19465,43,25515,57,3148,7,3414,8,3626,8,6107,14,6323,14,5909,13,5013,11,11440,25,1611,1769,1822,2911,3016,2683,2034,3619,1537,1645,1804,3196,3307,3226,2979,7821
2017,5,0010011,1263,585,46,678,54,108,9,93,7,125,10,158,13,177,14,167,13,176,14,259,21,62,46,56,91,86,79,72,93,46,47,69,67,91,88,104,166
2017,5,0010012,12741,5614,44,7127,56,833,7,983,8,1103,9,1754,14,1718,13,1741,14,2001,16,2608,20,433,493,556,905,847,783,814,783,400,490,547,849,871,958,1187,1825
2017,5,0010013,15303,6776,44,8527,56,1360,9,1216,8,1143,7,2154,14,2365,15,1633,11,1729,11,3703,24,703,643,571,1028,1150,771,684,1226,657,573,572,1126,1215,862,1045,2477
2017,5,0010014,16912,7477,44,9435,56,1088,6,1180,7,1285,8,2586,15,2360,14,2382,14,2462,15,3569,21,558,620,676,1313,1158,1069,1006,1077,530,560,609,1273,1202,1313,1456,2492
2017,5,0010015,24876,11368,46,13508,54,1611,6,1690,7,2072,8,3899,16,3522,14,3486,14,3640,15,4956,20,813,889,1033,1982,1820,1673,1578,1580,798,801,1039,1917,1702,1813,2062,3376
2017,5,0010016,294,137,47,157,53,28,10,25,9,27,9,39,13,31,11,38,13,44,15,62,21,13,12,15,24,15,18,17,23,15,13,12,15,16,20,27,39
2017,5,0010017,922,468,51,454,49,50,5,62,7,64,7,143,16,107,12,152,16,168,18,176,19,25,27,33,71,60,92,95,65,25,35,31,72,47,60,73,111
2017,5,0010018,21224,9471,45,11753,55,1436,7,1466,7,1538,7,3066,14,2896,14,2815,13,3348,16,4659,22,763,735,786,1524,1466,1298,1431,1468,673,731,752,1542,1430,1517,1917,3191
2017,5,0010019,280,136,49,144,51,6,2,19,7,34,12,36,13,33,12,41,15,56,20,55,20,2,8,20,15,16,23,31,21,4,11,14,21,17,18,25,34
2017,5,0010020,369,184,50,185,50,29,8,33,9,26,7,54,15,56,15,55,15,45,12,71,19,17,19,13,31,32,26,21,25,12,14,13,23,24,29,24,46
2017,5,0010021,2989,1404,47,1585,53,201,7,207,7,263,9,400,13,413,14,447,15,424,14,634,21,104,107,149,195,204,209,207,229,97,100,114,205,209,238,217,405
2017,5,0010022,7924,3627,46,4297,54,643,8,575,7,684,9,1381,17,1193,15,1038,13,1116,14,1294,16,329,299,355,686,616,480,449,413,314,276,329,695,577,558,667,881
2017,5,0010023,47492,20276,43,27216,57,3082,6,3185,7,3861,8,7068,15,6063,13,6888,15,6138,13,11207,24,1578,1620,1933,3418,2896,3070,2509,3252,1504,1565,1928,3650,3167,3818,3629,7955
2017,5,0010024,606,284,47,322,53,52,9,48,8,57,9,78,13,99,16,81,13,77,13,114,19,32,22,24,44,42,46,30,44,20,26,33,34,57,35,47,70
2017,5,0010025,56789,24372,43,32417,57,4347,8,4316,8,4475,8,8608,15,7912,14,7272,13,7242,13,12617,22,2206,2214,2250,4045,3718,3178,2771,3990,2141,2102,2225,4563,4194,4094,4471,8627
2017,5,0010026,28805,12545,44,16260,56,2355,8,2143,7,2329,8,4726,16,3950,14,3600,12,3449,12,6253,22,1231,1068,1112,2260,1825,1663,1435,1951,1124,1075,1217,2466,2125,1937,2014,4302
2017,5,0010027,25385,11088,44,14297,56,2090,8,1965,8,2191,9,4171,16,3573,14,3294,13,3405,13,4696,18,1078,1026,1068,1962,1709,1468,1355,1422,1012,939,1123,2209,1864,1826,2050,3274
2017,5,0010028,19360,9326,48,10034,52,1353,7,1345,7,1489,8,3273,17,2867,15,2482,13,2824,15,3727,19,699,689,831,1856,1583,1225,1192,1251,654,656,658,1417,1284,1257,1632,2476
2017,5,0010029,235,121,51,114,49,21,9,27,11,24,10,30,13,40,17,29,12,27,11,37,16,12,14,11,17,21,17,12,17,9,13,13,13,19,12,15,20
2017,5,0010030,3375,1634,48,1741,52,252,7,309,9,341,10,402,12,524,16,489,14,470,14,588,17,134,163,161,197,260,248,237,234,118,146,180,205,264,241,233,354
2017,5,0010031,8122,3771,46,4351,54,711,9,837,10,795,10,1157,14,1063,13,1186,15,1029,13,1344,17,365,435,414,567,504,557,479,450,346,402,381,590,559,629,550,894
2017,5,0010032,6987,2957,42,4030,58,690,10,789,11,800,11,1165,17,1095,16,759,11,617,9,1072,15,366,390,411,533,484,316,194,263,324,399,389,632,611,443,423,809
2017,5,0010033,484,229,47,255,53,30,6,42,9,54,11,62,13,64,13,74,15,58,12,100,21,20,21,22,36,32,33,30,35,10,21,32,26,32,41,28,65
2017,5,0010034,30239,13683,45,16556,55,2816,9,2769,9,2723,9,5795,19,4679,15,3577,12,3356,11,4524,15,1450,1437,1328,2644,2194,1648,1419,1563,1366,1332,1395,3151,2485,1929,1937,2961
2017,5,0010035,73,39,53,34,47,7,10,4,5,7,10,9,12,7,10,12,16,13,18,14,19,2,3,3,4,6,10,6,5,5,1,4,5,1,2,7,9
2017,5,0010036,5095,2358,46,2737,54,403,8,489,10,497,10,758,15,786,15,693,14,649,13,820,16,203,249,258,372,375,337,280,284,200,240,239,386,411,356,369,536
2017,5,0010037,3745,1672,45,2073,55,301,8,318,8,293,8,577,15,491,13,514,14,589,16,662,18,169,156,136,291,229,226,260,205,132,162,157,286,262,288,329,457
2017,5,0010038,6704,3093,46,3611,54,547,8,527,8,606,9,1173,17,993,15,956,14,887,13,1015,15,293,267,308,637,472,459,354,303,254,260,298,536,521,497,533,712
2017,5,0010039,1265,569,45,696,55,87,7,99,8,133,11,177,14,167,13,192,15,194,15,216,17,40,52,62,93,76,90,95,61,47,47,71,84,91,102,99,155
2017,5,0010040,42845,18913,44,23932,56,3348,8,3100,7,3092,7,7057,16,5997,14,4740,11,7694,18,7817,18,1734,1600,1555,3432,2957,2043,3041,2551,1614,1500,1537,3625,3040,2697,4653,5266
2017,5,0010041,17927,8103,45,9824,55,1583,9,1433,8,1315,7,2766,15,2495,14,1893,11,3204,18,3238,18,869,763,657,1333,1197,789,1307,1188,714,670,658,1433,1298,1104,1897,2050
2017,5,0010042,5000,2248,45,2752,55,361,7,365,7,404,8,888,18,733,15,632,13,706,14,911,18,192,192,221,411,351,283,318,280,169,173,183,477,382,349,388,631
2017,5,0010043,11550,4746,41,6804,59,748,6,789,7,916,8,1834,16,1591,14,1587,14,1438,12,2647,23,365,417,449,842,684,695,522,772,383,372,467,992,907,892,916,1875
2017,5,0010044,22580,9721,43,12859,57,1519,7,1585,7,1841,8,3417,15,3021,13,3096,14,3058,14,5043,22,781,827,924,1640,1420,1337,1252,1540,738,758,917,1777,1601,1759,1806,3503
2017,5,0010045,1576,754,48,822,52,115,7,145,9,131,8,215,14,206,13,191,12,235,15,338,21,64,77,68,105,103,105,114,118,51,68,63,110,103,86,121,220
2017,5,0010046,2293,1052,46,1241,54,203,9,164,7,215,9,403,18,337,15,288,13,297,13,386,17,96,83,120,183,171,138,129,132,107,81,95,220,166,150,168,254
2017,5,0010047,1492,713,48,779,52,219,15,151,10,100,7,353,24,233,16,156,10,140,9,140,9,108,66,50,165,130,76,62,56,111,85,50,188,103,80,78,84
2017,5,0010048,1562,673,43,889,57,109,7,97,6,121,8,227,15,218,14,198,13,267,17,325,21,53,48,55,123,105,92,106,91,56,49,66,104,113,106,161,234
2017,5,0010049,718,335,47,383,53,66,9,68,9,77,11,146,20,96,13,98,14,96,13,71,10,34,35,38,70,43,44,53,18,32,33,39,76,53,54,43,53
2017,5,0010050,18215,8209,45,10006,55,1431,8,1334,7,1837,10,3620,20,2766,15,2388,13,2149,12,2690,15,733,672,911,1741,1333,1082,850,887,698,662,926,1879,1433,1306,1299,1803
2017,5,0010051,13314,5920,44,7394,56,1173,9,965,7,1152,9,2596,19,2055,15,1539,12,1461,11,2373,18,581,463,567,1307,974,696,583,749,592,502,585,1289,1081,843,878,1624
2017,5,0010052,154,82,53,72,47,20,13,11,7,16,10,19,12,25,16,20,13,22,14,21,14,12,4,6,14,13,11,12,10,8,7,10,5,12,9,10,11
2017,5,0010053,12635,5556,44,7079,56,1010,8,925,7,1144,9,2305,18,1870,15,1587,13,1551,12,2243,18,569,452,587,1072,888,693,616,679,441,473,557,1233,982,894,935,1564
2017,5,0010054,5058,2232,44,2826,56,360,7,365,7,425,8,854,17,681,13,710,14,696,14,967,19,178,192,210,437,337,312,281,285,182,173,215,417,344,398,415,682
2017,5,0010055,461,226,49,235,51,22,5,52,11,57,12,45,10,71,15,70,15,48,10,96,21,13,28,35,21,29,41,25,34,9,24,22,24,42,29,23,62
2017,5,0010056,6800,2838,42,3962,58,574,8,568,8,575,8,971,14,898,13,926,14,708,10,1580,23,279,270,288,460,382,419,277,463,295,298,287,511,516,507,431,1117
2017,5,0010057,1974,953,48,1021,52,221,11,178,9,178,9,353,18,300,15,298,15,212,11,234,12,106,85,97,161,148,169,102,85,115,93,81,192,152,129,110,149
2017,5,0010058,1401,705,50,696,50,113,8,118,8,254,18,236,17,207,15,160,11,129,9,184,13,53,59,152,117,105,88,60,71,60,59,102,119,102,72,69,113
2017,5,UNK,3238,2120,65,1118,35,148,5,179,6,268,8,606,19,722,22,639,20,437,13,239,7,84,102,161,402,528,456,263,124,64,77,107,204,194,183,174,115
2017,6,100100005,167,78,47,89,53,13,8,7,4,21,13,28,17,21,13,24,14,18,11,35,21,7,3,8,22,10,13,7,8,6,4,13,6,11,11,11,27
2017,6,100100087,44,24,55,20,45,2,5,0,0,7,16,9,20,0,0,15,34,4,9,7,16,2,0,4,6,0,8,2,2,0,0,3,3,0,7,2,5
2017,6,100100101,69,34,49,35,51,4,6,4,6,11,16,5,7,7,10,16,23,8,12,14,20,2,2,8,4,3,7,4,4,2,2,3,1,4,9,4,10
2017,6,100100150,21,9,43,12,57,2,10,1,5,4,19,0,0,2,10,4,19,2,10,6,29,1,0,1,0,1,2,2,2,1,1,3,0,1,2,0,4
2017,6,100100247,380,171,45,209,55,30,8,33,9,41,11,52,14,41,11,51,13,65,17,67,18,17,18,16,34,15,22,29,20,13,15,25,18,26,29,36,47
2017,6,100100327,477,217,45,260,55,28,6,49,10,58,12,84,18,46,10,76,16,71,15,65,14,10,25,31,49,23,34,27,18,18,24,27,35,23,42,44,47
2017,6,100100384,587,286,49,301,51,38,6,48,8,69,12,88,15,61,10,83,14,98,17,102,17,16,23,34,57,34,36,54,32,22,25,35,31,27,47,44,70
2017,6,100100392,49,24,49,25,51,6,12,0,0,6,12,8,16,4,8,8,16,7,14,10,20,3,0,2,7,3,3,4,2,3,0,4,1,1,5,3,8
2017,6,100100431,328,159,48,169,52,15,5,41,13,47,14,49,15,37,11,43,13,33,10,63,19,7,23,27,28,18,17,16,23,8,18,20,21,19,26,17,40
2017,6,100100497,87,43,49,44,51,5,6,4,5,13,15,13,15,7,8,17,20,8,9,20,23,4,3,7,5,4,8,5,7,1,1,6,8,3,9,3,13
2017,6,100100593,171,81,47,90,53,16,9,9,5,27,16,19,11,21,12,26,15,29,17,24,14,5,3,10,13,9,16,16,9,11,6,17,6,12,10,13,15
2017,6,100100712,2553,1202,47,1351,53,175,7,185,7,298,12,354,14,286,11,395,15,324,13,536,21,100,87,173,188,146,189,150,169,75,98,125,166,140,206,174,367
2017,6,100100761,148,63,43,85,57,14,9,6,4,18,12,22,15,17,11,18,12,23,16,30,20,9,2,6,11,10,5,10,10,5,4,12,11,7,13,13,20
2017,6,100100874,246,131,53,115,47,12,5,20,8,33,13,36,15,28,11,44,18,34,14,39,16,6,13,17,23,17,26,16,13,6,7,16,13,11,18,18,26
2017,6,100101015,307,145,47,162,53,12,4,25,8,30,10,43,14,32,10,49,16,36,12,80,26,5,13,17,23,17,25,22,23,7,12,13,20,15,24,14,57
2017,6,100101056,1057,494,47,563,53,68,6,76,7,125,12,120,11,124,12,165,16,156,15,223,21,31,37,71,61,63,82,74,75,37,39,54,59,61,83,82,148
2017,6,100101103,158,77,49,81,51,5,3,6,4,16,10,21,13,17,11,21,13,37,23,35,22,3,3,9,12,13,11,13,13,2,3,7,9,4,10,24,22
2017,6,100101144,30,12,40,18,60,4,13,0,0,5,17,6,20,2,7,4,13,3,10,6,20,2,0,1,2,0,3,2,2,2,0,4,4,2,1,1,4
2017,6,100101177,373,183,49,190,51,25,7,33,9,57,15,58,16,45,12,64,17,47,13,44,12,14,22,26,29,27,34,17,14,11,11,31,29,18,30,30,30
2017,6,100101185,36,14,39,22,61,0,0,6,17,4,11,6,17,7,19,6,17,3,8,4,11,0,4,2,2,3,2,1,0,0,2,2,4,4,4,2,4
2017,6,100101208,30,18,60,12,40,0,0,1,3,6,20,5,17,4,13,6,20,3,10,5,17,0,1,3,3,3,4,2,2,0,0,3,2,1,2,1,3
2017,6,100101232,5,,,,,,,,,,,,,,,,,,,,,,,,,,,,,,,,,,,,
2017,6,100101304,74,36,49,38,51,3,4,7,9,2,3,12,16,8,11,8,11,17,23,17,23,3,2,0,5,5,5,10,6,0,5,2,7,3,3,7,11
2017,6,100101353,232,112,48,120,52,18,8,14,6,13,6,42,18,27,12,41,18,40,17,37,16,10,8,6,21,13,22,20,12,8,6,7,21,14,19,20,25
2017,6,100101378,87,36,41,51,59,0,0,0,0,0,0,0,0,1,1,3,3,6,7,77,89,0,0,0,0,1,2,5,28,0,0,0,0,0,1,1,49
2017,6,100101394,369,155,42,214,58,24,7,28,8,33,9,71,19,43,12,48,13,57,15,65,18,11,15,11,39,20,19,25,15,13,13,22,32,23,29,32,50
2017,6,100101417,2325,1086,47,1239,53,169,7,169,7,236,10,303,13,278,12,308,13,341,15,521,22,89,81,115,155,152,161,148,185,80,88,121,148,126,147,193,336
2017,6,100101433,52,29,56,23,44,5,10,5,10,9,17,5,10,2,4,8,15,6,12,12,23,2,4,4,5,1,5,4,4,3,1,5,0,1,3,2,8
2017,6,100101441,48,27,56,21,44,3,6,8,17,5,10,7,15,8,17,3,6,10,21,4,8,3,2,4,4,4,3,7,0,0,6,1,3,4,0,3,4
2017,6,100101490,110,53,48,57,52,4,4,4,4,17,15,14,13,12,11,21,19,15,14,23,21,1,3,12,9,3,11,6,8,3,1,5,5,9,10,9,15
2017,6,100101546,158,80,51,78,49,8,5,15,9,25,16,16,10,21,13,35,22,15,9,23,15,3,12,12,12,9,17,8,7,5,3,13,4,12,18,7,16
2017,6,100101626,370,169,46,201,54,32,9,43,12,46,12,47,13,48,13,58,16,40,11,56,15,17,23,25,26,24,27,14,13,15,20,21,21,24,31,26,43
2017,6,100101634,106,53,50,53,50,6,6,8,8,4,4,11,10,12,11,12,11,21,20,32,30,1,7,1,6,9,6,11,12,5,1,3,5,3,6,10,20
2017,6,100101722,172,94,55,78,45,14,8,12,7,22,13,18,10,21,12,21,12,32,19,32,19,10,7,12,12,12,8,18,15,4,5,10,6,9,13,14,17
2017,6,100101755,56,24,43,32,57,2,4,3,5,3,5,3,5,9,16,8,14,6,11,22,39,1,1,1,1,6,5,3,6,1,2,2,2,3,3,3,16
2017,6,100101843,172,88,51,84,49,18,10,7,4,29,17,25,15,10,6,30,17,28,16,25,15,12,4,17,13,5,14,14,9,6,3,12,12,5,16,14,16
2017,6,100101884,115,58,50,57,50,8,7,10,9,15,13,14,12,11,10,18,16,18,16,21,18,7,5,10,9,3,9,8,7,1,5,5,5,8,9,10,14
2017,6,100102113,72,37,51,35,49,3,4,4,6,9,13,5,7,8,11,4,6,22,31,17,24,2,2,5,5,4,2,10,7,1,2,4,0,4,2,12,10
2017,6,100102154,26,14,54,12,46,2,8,0,0,4,15,2,8,1,4,9,35,4,15,4,15,2,0,0,2,0,5,4,1,0,0,4,0,1,4,0,3
2017,6,100102187,193,97,50,96,50,15,8,19,10,27,14,23,12,23,12,32,17,24,12,30,16,8,10,17,12,11,18,11,10,7,9,10,11,12,14,13,20
2017,6,100102201,258,108,42,150,58,11,4,21,8,40,16,27,10,38,15,38,15,31,12,52,20,7,7,19,12,19,17,14,13,4,14,21,15,19,21,17,39
2017,6,100102322,124,59,48,65,52,12,10,8,6,17,14,21,17,7,6,18,15,26,21,15,12,7,4,8,13,3,8,13,3,5,4,9,8,4,10,13,12
2017,6,100102347,522,230,44,292,56,44,8,50,10,71,14,71,14,56,11,63,12,82,16,85,16,20,25,36,39,22,30,40,18,24,25,35,32,34,33,42,67
2017,6,100102484,119,52,44,67,56,5,4,12,10,26,22,9,8,17,14,15,13,14,12,21,18,3,6,11,7,7,6,7,5,2,6,15,2,10,9,7,16
2017,6,100102548,242,99,41,143,59,18,7,21,9,32,13,29,12,18,7,29,12,41,17,54,22,8,11,12,15,14,8,14,17,10,10,20,14,4,21,27,37
2017,6,100102757,220,98,45,122,55,17,8,30,14,35,16,31,14,27,12,37,17,19,9,24,11,6,18,16,15,9,17,10,7,11,12,19,16,18,20,9,17
2017,6,100102781,54,26,48,28,52,1,2,6,11,1,2,10,19,6,11,6,11,16,30,8,15,1,2,1,6,3,3,8,2,0,4,0,4,3,3,8,6
2017,6,100103260,391,175,45,216,55,22,6,41,10,51,13,45,12,31,8,60,15,44,11,97,25,15,23,22,22,16,21,24,32,7,18,29,23,15,39,20,65
2017,6,100103308,145,71,49,74,51,13,9,19,13,17,12,17,12,15,10,24,17,19,13,21,14,8,12,7,9,8,11,8,8,5,7,10,8,7,13,11,13
2017,6,100103478,53,26,49,27,51,2,4,0,0,11,21,3,6,2,4,6,11,11,21,18,34,1,0,5,3,1,2,6,8,1,0,6,0,1,4,5,10
2017,6,100103494,188,81,43,107,57,13,7,19,10,29,15,24,13,19,10,41,22,13,7,30,16,6,9,16,12,10,15,7,6,7,10,13,12,9,26,6,24
2017,6,100103582,91,43,47,48,53,7,8,7,8,10,11,15,16,14,15,10,11,11,12,17,19,4,5,2,7,9,6,5,5,3,2,8,8,5,4,6,12
2017,6,100103902,79,37,47,42,53,6,8,6,8,9,11,9,11,9,11,6,8,18,23,16,20,3,3,6,4,4,3,9,5,3,3,3,5,5,3,9,11
2017,6,100104053,339,164,48,175,52,18,5,27,8,35,10,44,13,32,9,47,14,50,15,86,25,12,13,16,33,16,26,23,25,6,14,19,11,16,21,27,61
2017,6,100104086,94,51,54,43,46,7,7,3,3,14,15,21,22,4,4,19,20,16,17,10,11,5,1,10,14,0,8,8,5,2,2,4,7,4,11,8,5
2017,6,100104166,108,54,50,54,50,6,6,6,6,19,18,7,6,15,14,20,19,9,8,26,24,2,2,12,6,8,12,4,8,4,4,7,1,7,8,5,18
2017,6,100104254,161,78,48,83,52,9,6,15,9,22,14,26,16,17,11,25,16,19,12,28,17,6,7,11,15,10,13,5,11,3,8,11,11,7,12,14,17
2017,6,100104334,63,27,43,36,57,5,8,1,2,14,22,6,10,15,24,9,14,8,13,5,8,3,1,4,3,8,3,3,2,2,0,10,3,7,6,5,3
2017,6,100104375,175,91,52,84,48,6,3,14,8,22,13,31,18,21,12,36,21,28,16,17,10,3,10,11,17,13,16,15,6,3,4,11,14,8,20,13,11
2017,6,100104631,446,202,45,244,55,22,5,29,7,55,12,65,15,34,8,83,19,65,15,93,21,11,15,24,42,14,41,33,22,11,14,31,23,20,42,32,71
2017,6,100105184,102,45,44,57,56,4,4,5,5,14,14,16,16,11,11,17,17,16,16,19,19,3,4,6,8,4,7,8,5,1,1,8,8,7,10,8,14
2017,6,100105416,70,37,53,33,47,3,4,5,7,4,6,7,10,11,16,8,11,21,30,11,16,2,3,3,4,4,4,11,6,1,2,1,3,7,4,10,5
2017,6,100105498,159,70,44,89,56,9,6,13,8,24,15,19,12,24,15,22,14,30,19,18,11,4,8,8,10,12,11,13,4,5,5,16,9,12,11,17,14
2017,6,100105666,40,24,60,16,40,2,5,2,5,7,18,6,15,5,13,7,18,6,15,5,13,2,2,5,3,4,2,3,3,0,0,2,3,1,5,3,2
2017,6,100105842,180,89,49,91,51,10,6,15,8,22,12,24,13,16,9,44,24,21,12,28,16,6,8,13,14,9,21,9,9,4,7,9,10,7,23,12,19
2017,6,100106401,94,46,49,48,51,9,10,12,13,14,15,11,12,8,9,17,18,10,11,13,14,6,9,6,7,4,8,2,4,3,3,8,4,4,9,8,9
2017,6,100106506,111,49,44,62,56,14,13,11,10,15,14,22,20,9,8,10,9,19,17,11,10,8,8,9,9,4,3,6,2,6,3,6,13,5,7,13,9
2017,6,100106916,313,153,49,160,51,12,4,16,5,29,9,29,9,31,10,38,12,61,19,97,31,7,12,15,15,19,23,32,30,5,4,14,14,12,15,29,67
2017,6,100106932,118,48,41,70,59,7,6,9,8,10,8,20,17,15,13,14,12,27,23,16,14,2,2,3,12,9,3,11,6,5,7,7,8,6,11,16,10
2017,6,100107243,140,70,50,70,50,7,5,9,6,17,12,30,21,18,13,14,10,21,15,24,17,3,6,9,20,10,5,8,9,4,3,8,10,8,9,13,15
2017,6,100107661,97,44,45,53,55,7,7,11,11,12,12,16,16,10,10,17,18,14,14,10,10,2,6,7,5,5,10,5,4,5,5,5,11,5,7,9,6
2017,6,100107733,191,89,47,102,53,4,2,23,12,31,16,20,10,28,15,29,15,26,14,30,16,1,13,20,13,13,12,11,6,3,10,11,7,15,17,15,24
2017,6,100108261,507,235,46,272,54,21,4,44,9,75,15,70,14,71,14,66,13,77,15,83,16,11,23,37,36,38,26,39,25,10,21,38,34,33,40,38,58
2017,6,100109230,152,75,49,77,51,8,5,13,9,26,17,13,9,15,10,32,21,16,11,29,19,4,8,14,8,7,17,6,11,4,5,12,5,8,15,10,18
2017,6,100109335,146,77,53,69,47,6,4,10,7,19,13,15,10,14,10,28,19,18,12,36,25,5,6,9,12,5,15,10,15,1,4,10,3,9,13,8,21
2017,6,100109351,103,53,51,50,49,4,4,10,10,13,13,18,17,12,12,16,16,12,12,18,17,2,8,5,13,6,8,4,7,2,2,8,5,6,8,8,11
2017,6,100109866,492,231,47,261,53,42,9,40,8,61,12,73,15,45,9,84,17,68,14,79,16,25,21,35,41,25,34,33,17,17,19,26,32,20,50,35,62
2017,6,100110040,102,49,48,53,52,10,10,9,9,3,3,24,24,6,6,23,23,14,14,13,13,6,4,2,11,5,11,6,4,4,5,1,13,1,12,8,9
2017,6,100110282,17,10,59,7,41,1,6,0,0,1,6,1,6,4,24,2,12,4,24,4,24,0,0,0,1,2,1,3,3,1,0,1,0,2,1,1,1
2017,6,100110305,127,58,46,69,54,5,4,7,6,19,15,14,11,16,13,14,11,27,21,25,20,2,5,8,11,8,7,12,5,3,2,11,3,8,7,15,20
2017,6,100110602,188,85,45,103,55,17,9,21,11,14,7,27,14,24,13,27,14,26,14,32,17,7,9,6,14,14,13,14,8,10,12,8,13,10,14,12,24
2017,6,100110836,588,268,46,320,54,35,6,45,8,59,10,77,13,73,12,73,12,114,19,112,19,17,19,32,38,45,30,52,35,18,26,27,39,28,43,62,77
2017,6,100110940,352,173,49,179,51,18,5,31,9,38,11,50,14,50,14,47,13,51,14,67,19,8,18,22,27,28,21,29,20,10,13,16,23,22,26,22,47
2017,6,100111075,30,17,57,13,43,1,3,1,3,8,27,4,13,4,13,4,13,7,23,1,3,0,1,5,4,0,3,3,1,1,0,3,0,4,1,4,0
2017,6,100111155,562,274,49,288,51,46,8,53,9,50,9,86,15,69,12,75,13,65,12,118,21,25,27,32,55,39,33,23,40,21,26,18,31,30,42,42,78
2017,6,100111196,250,134,54,116,46,6,2,25,10,17,7,40,16,25,10,46,18,35,14,56,22,5,17,14,21,19,24,14,20,1,8,3,19,6,22,21,36
2017,6,100111227,169,78,46,91,54,11,7,18,11,27,16,24,14,30,18,27,16,18,11,14,8,5,10,9,12,14,15,9,4,6,8,18,12,16,12,9,10
2017,6,100111251,525,244,46,281,54,42,8,49,9,44,8,75,14,76,14,74,14,82,16,83,16,17,24,23,37,36,36,41,30,25,25,21,38,40,38,41,53
2017,6,100111268,33,14,42,19,58,3,9,3,9,2,6,4,12,4,12,6,18,6,18,5,15,0,1,1,1,3,3,2,3,3,2,1,3,1,3,4,2
2017,6,100111331,386,177,46,209,54,25,6,29,8,45,12,51,13,50,13,51,13,60,16,75,19,12,14,24,30,24,21,26,26,13,15,21,21,26,30,34,49
2017,6,100111372,53,25,47,28,53,4,8,4,8,9,17,7,13,5,9,10,19,3,6,11,21,3,2,2,5,2,5,1,5,1,2,7,2,3,5,2,6
2017,6,100111380,219,108,49,111,51,13,6,16,7,25,11,28,13,30,14,27,12,51,23,29,13,6,10,14,14,17,14,23,10,7,6,11,14,13,13,28,19
2017,6,100111403,965,446,46,519,54,60,6,77,8,104,11,154,16,97,10,133,14,193,20,147,15,28,37,60,87,41,55,86,52,32,40,44,67,56,78,107,95
2017,6,100111428,16,8,50,8,50,0,0,1,6,0,0,4,25,3,19,3,19,1,6,4,25,0,1,0,4,1,2,0,0,0,0,0,0,2,1,1,4
2017,6,100111436,93,45,48,48,52,5,5,3,3,16,17,10,11,13,14,14,15,16,17,16,17,3,2,9,7,8,8,5,3,2,1,7,3,5,6,11,13
2017,6,100111444,82,38,46,44,54,3,4,5,6,14,17,7,9,14,17,10,12,15,18,14,17,1,1,7,4,7,5,8,5,2,4,7,3,7,5,7,9
2017,6,100111452,177,83,47,94,53,12,7,15,8,8,5,32,18,13,7,34,19,22,12,41,23,7,4,3,21,5,17,10,16,5,11,5,11,8,17,12,25
2017,6,100111460,35,19,54,16,46,0,0,3,9,1,3,8,23,5,14,6,17,8,23,4,11,0,0,1,5,5,2,5,1,0,3,0,3,0,4,3,3
2017,6,100111477,26,10,38,16,62,2,8,3,12,2,8,6,23,5,19,3,12,4,15,1,4,2,0,1,1,3,2,1,0,0,3,1,5,2,1,3,1
2017,6,100111485,55,27,49,28,51,0,0,5,9,6,11,5,9,6,11,10,18,15,27,8,15,0,1,4,3,5,4,7,3,0,4,2,2,1,6,8,5
2017,6,100111493,27,12,44,15,56,3,11,2,7,5,19,3,11,3,11,5,19,3,11,3,11,2,1,2,2,1,2,2,0,1,1,3,1,2,3,1,3
2017,6,100111540,206,104,50,102,50,17,8,20,10,20,10,26,13,36,17,24,12,30,15,33,16,10,10,7,17,18,15,15,12,7,10,13,9,18,9,15,21
2017,6,100111565,309,148,48,161,52,29,9,36,12,31,10,56,18,33,11,54,17,32,10,38,12,14,20,19,30,18,20,18,9,15,16,12,26,15,34,14,29
2017,6,100111645,5471,2522,46,2949,54,395,7,525,10,599,11,747,14,741,14,774,14,714,13,976,18,199,270,299,386,361,371,314,322,196,255,300,361,380,403,400,654
2017,6,100111653,62,27,44,35,56,3,5,4,6,14,23,12,19,5,8,11,18,8,13,5,8,1,0,5,9,1,7,4,0,2,4,9,3,4,4,4,5
2017,6,100111661,30,14,47,16,53,0,0,1,3,4,13,6,20,2,7,7,23,6,20,4,13,0,0,3,3,2,3,3,0,0,1,1,3,0,4,3,4
2017,6,100111717,124,62,50,62,50,8,6,18,15,15,12,14,11,14,11,13,10,14,11,28,23,3,9,11,10,6,8,5,10,5,9,4,4,8,5,9,18
2017,6,100111741,804,414,51,390,49,68,8,106,13,77,10,108,13,108,13,97,12,126,16,114,14,36,59,45,55,57,51,63,48,32,47,32,53,51,46,63,66
2017,6,100111758,294,138,47,156,53,29,10,24,8,32,11,59,20,20,7,41,14,37,13,52,18,16,16,15,29,12,15,19,16,13,8,17,30,8,26,18,36
2017,6,100111774,153,80,52,73,48,13,8,13,8,16,10,25,16,19,12,23,15,9,6,35,23,8,6,11,15,10,14,6,10,5,7,5,10,9,9,3,25
2017,6,100111782,1214,570,47,644,53,96,8,94,8,133,11,162,13,146,12,193,16,214,18,176,14,46,47,60,85,72,96,101,63,50,47,73,77,74,97,113,113
2017,6,100111813,144,70,49,74,51,7,5,11,8,13,9,22,15,24,17,23,16,17,12,27,19,2,3,9,14,12,11,10,9,5,8,4,8,12,12,7,18
2017,6,100111821,152,73,48,79,52,11,7,14,9,16,11,21,14,13,9,29,19,19,13,29,19,6,9,7,8,7,15,13,8,5,5,9,13,6,14,6,21
2017,6,100111838,145,73,50,72,50,10,7,18,12,17,12,17,12,22,15,17,12,20,14,24,17,6,11,8,13,8,7,10,10,4,7,9,4,14,10,10,14
2017,6,100111846,98,48,49,50,51,13,13,8,8,7,7,12,12,12,12,13,13,13,13,20,20,6,5,4,7,3,10,8,5,7,3,3,5,9,3,5,15
2017,6,100111862,364,170,47,194,53,15,4,22,6,51,14,51,14,44,12,50,14,44,12,87,24,7,11,23,32,21,27,21,28,8,11,28,19,23,23,23,59
2017,6,100111887,14,6,43,8,57,1,7,0,0,1,7,2,14,0,0,5,36,3,21,2,14,0,0,1,1,0,3,1,0,1,0,0,1,0,2,2,2
2017,6,100111895,94,42,45,52,55,6,6,6,6,15,16,12,13,15,16,6,6,16,17,18,19,2,3,5,6,9,4,8,5,4,3,10,6,6,2,8,13
2017,6,100111901,17,9,53,8,47,3,18,0,0,1,6,2,12,3,18,2,12,1,6,5,29,2,0,0,1,3,2,0,1,1,0,1,1,0,0,1,4
2017,6,100111918,338,149,44,189,56,22,7,23,7,41,12,57,17,33,10,48,14,49,14,65,19,12,11,23,31,15,16,21,20,10,12,18,26,18,32,28,45
2017,6,100111934,27,12,44,15,56,3,11,0,0,3,11,1,4,4,15,6,22,2,7,8,30,0,0,1,0,3,3,1,4,3,0,2,1,1,3,1,4
2017,6,100111942,649,291,45,358,55,56,9,50,8,68,10,92,14,67,10,85,13,93,14,138,21,25,26,37,49,32,40,39,43,31,24,31,43,35,45,54,95
2017,6,100111950,5,,,,,,,,,,,,,,,,,,,,,,,,,,,,,,,,,,,,
2017,6,100111975,47,25,53,22,47,1,2,7,15,5,11,5,11,8,17,9,19,6,13,6,13,1,2,3,3,5,4,4,3,0,5,2,2,3,5,2,3
2017,6,100111983,47,23,49,24,51,2,4,5,11,9,19,4,9,8,17,5,11,5,11,9,19,1,4,3,4,5,2,3,1,1,1,6,0,3,3,2,8
2017,6,100111991,38,21,55,17,45,1,3,1,3,2,5,4,11,6,16,5,13,5,13,14,37,1,1,2,2,4,3,3,5,0,0,0,2,2,2,2,9
2017,6,100112003,571,280,49,291,51,20,4,43,8,73,13,76,13,51,9,98,17,75,13,135,24,9,21,42,41,25,51,37,54,11,22,31,35,26,47,38,81
2017,6,100112036,101,53,52,48,48,3,3,8,8,12,12,23,23,7,7,19,19,11,11,18,18,2,5,7,16,4,7,8,4,1,3,5,7,3,12,3,14
2017,6,100112085,245,120,49,125,51,11,4,15,6,33,13,38,16,27,11,46,19,38,16,37,15,6,9,19,21,17,23,17,8,5,6,14,17,10,23,21,29
2017,6,100112132,477,229,48,248,52,36,8,39,8,51,11,66,14,66,14,64,13,72,15,83,17,22,17,27,41,37,31,31,23,14,22,24,25,29,33,41,60
2017,6,100112165,299,147,49,152,51,19,6,20,7,34,11,42,14,29,10,50,17,57,19,48,16,11,10,19,28,13,26,25,15,8,10,15,14,16,24,32,33
2017,6,100112204,61,32,52,29,48,3,5,7,11,7,11,4,7,11,18,11,18,7,11,11,18,1,3,5,2,4,8,5,4,2,4,2,2,7,3,2,7
2017,6,100112212,100,54,54,46,46,9,9,6,6,12,12,12,12,13,13,12,12,14,14,22,22,7,3,9,6,6,7,7,9,2,3,3,6,7,5,7,13
2017,6,100112237,171,79,46,92,54,10,6,8,5,23,13,21,12,25,15,29,17,19,11,36,21,8,4,9,14,12,12,8,12,2,4,14,7,13,17,11,24
2017,6,100112261,2039,934,46,1105,54,176,9,181,9,220,11,272,13,276,14,254,12,268,13,392,19,82,87,113,146,150,117,109,130,94,94,107,126,126,137,159,262
2017,6,100112286,654,318,49,336,51,43,7,78,12,94,14,100,15,80,12,90,14,85,13,84,13,27,49,40,55,37,46,36,28,16,29,54,45,43,44,49,56
2017,6,100112300,167,75,45,92,55,6,4,18,11,16,10,23,14,13,8,31,19,14,8,46,28,5,11,9,10,5,13,5,17,1,7,7,13,8,18,9,29
2017,6,100112325,137,71,52,66,48,9,7,9,7,17,12,27,20,19,14,19,14,15,11,22,16,4,6,12,15,9,9,6,10,5,3,5,12,10,10,9,12
2017,6,100112333,41,19,46,22,54,1,2,8,20,7,17,0,0,9,22,3,7,3,7,10,24,0,5,5,0,4,2,1,2,1,3,2,0,5,1,2,8
2017,6,100112341,271,132,49,139,51,24,9,21,8,25,9,44,16,30,11,31,11,38,14,58,21,15,13,14,20,18,13,19,20,9,8,11,24,12,18,19,38
2017,6,100112358,179,89,50,90,50,19,11,17,9,21,12,25,14,23,13,22,12,28,16,24,13,9,8,11,14,11,11,17,8,10,9,10,11,12,11,11,16
2017,6,100112462,251,117,47,134,53,20,8,22,9,36,14,29,12,42,17,29,12,33,13,40,16,10,11,14,15,22,11,19,15,10,11,22,14,20,18,14,25
2017,6,100112534,37,14,38,23,62,1,3,4,11,8,22,7,19,2,5,4,11,6,16,5,14,1,0,6,2,2,0,3,0,0,4,2,5,0,4,3,5
2017,6,100112591,529,258,49,271,51,37,7,60,11,49,9,69,13,78,15,71,13,69,13,96,18,19,26,32,31,40,36,33,41,18,34,17,38,38,35,36,55
2017,6,100112671,136,68,50,68,50,13,10,12,9,17,13,16,12,22,16,18,13,24,18,14,10,6,7,7,9,10,7,12,10,7,5,10,7,12,11,12,4
2017,6,100112688,158,71,45,87,55,15,9,16,10,16,10,19,12,17,11,17,11,25,16,33,21,6,8,7,12,10,7,11,10,9,8,9,7,7,10,14,23
2017,6,100112702,67,32,48,35,52,3,4,3,4,11,16,11,16,6,9,12,18,9,13,12,18,2,2,3,7,4,8,2,4,1,1,8,4,2,4,7,8
2017,6,100112743,428,195,46,233,54,28,7,35,8,37,9,71,17,46,11,67,16,62,14,82,19,12,17,16,41,22,37,24,26,16,18,21,30,24,30,38,56
2017,6,100112751,83,32,39,51,61,3,4,3,4,15,18,9,11,10,12,12,14,15,18,16,19,1,1,5,6,6,2,8,3,2,2,10,3,4,10,7,13
2017,6,100112768,141,66,47,75,53,6,4,16,11,15,11,23,16,20,14,16,11,18,13,27,19,4,4,7,14,11,4,12,10,2,12,8,9,9,12,6,17
2017,6,100112952,243,115,47,128,53,16,7,27,11,30,12,33,14,30,12,33,14,29,12,45,19,8,15,12,21,16,14,16,13,8,12,18,12,14,19,13,32
2017,6,100113101,450,210,47,240,53,37,8,36,8,47,10,77,17,44,10,69,15,68,15,72,16,18,22,21,44,20,32,28,25,19,14,26,33,24,37,40,47
2017,6,100113376,192,83,43,109,57,10,5,13,7,25,13,33,17,18,9,39,20,26,14,28,15,2,6,10,18,8,18,12,9,8,7,15,15,10,21,14,19
2017,6,100113497,54,17,31,37,69,7,13,4,7,5,9,7,13,5,9,7,13,9,17,10,19,1,2,2,2,3,2,4,1,6,2,3,5,2,5,5,9
2017,6,100113585,916,416,45,500,55,59,6,68,7,110,12,138,15,103,11,124,14,129,14,185,20,24,24,54,81,62,54,58,59,35,44,56,57,41,70,71,126
2017,6,100113987,82,35,43,47,57,6,7,8,10,11,13,10,12,9,11,13,16,11,13,14,17,2,3,6,7,5,6,4,2,4,5,5,3,4,7,7,12
2017,6,100114232,86,44,51,42,49,8,9,4,5,13,15,12,14,7,8,16,19,16,19,10,12,3,2,5,8,6,8,9,3,5,2,8,4,1,8,7,7
2017,6,100114240,2171,965,44,1206,56,154,7,178,8,261,12,239,11,278,13,342,16,269,12,450,21,84,92,133,128,130,157,112,129,70,86,128,111,148,185,157,321
2017,6,100114361,165,78,47,87,53,8,5,6,4,7,4,21,13,17,10,24,15,21,13,61,37,5,2,3,17,11,12,8,20,3,4,4,4,6,12,13,41
2017,6,100114394,48,27,56,21,44,1,2,3,6,5,10,7,15,9,19,10,21,7,15,6,13,1,2,2,6,4,6,3,3,0,1,3,1,5,4,4,3
2017,6,100114433,60,24,40,36,60,3,5,8,13,6,10,16,27,6,10,12,20,3,5,6,10,2,2,2,7,3,6,1,1,1,6,4,9,3,6,2,5
2017,6,100114466,1438,658,46,780,54,106,7,110,8,154,11,206,14,185,13,188,13,219,15,270,19,51,56,77,105,103,81,104,81,55,54,77,101,82,107,115,189
2017,6,100114554,164,80,49,84,51,7,4,13,8,15,9,41,25,17,10,25,15,20,12,26,16,7,5,8,23,7,15,9,6,0,8,7,18,10,10,11,20
2017,6,100114675,183,82,45,101,55,21,11,21,11,20,11,29,16,19,10,21,11,22,12,30,16,11,9,5,16,10,9,14,8,10,12,15,13,9,12,8,22
2017,6,100114763,417,193,46,224,54,38,9,29,7,65,16,63,15,46,11,59,14,58,14,59,14,20,13,33,37,23,24,29,14,18,16,32,26,23,35,29,45
2017,6,100114884,2092,972,46,1120,54,175,8,179,9,228,11,298,14,230,11,327,16,249,12,406,19,93,90,118,154,114,143,113,147,82,89,110,144,116,184,136,259
2017,6,100114948,514,234,46,280,54,38,7,39,8,55,11,91,18,50,10,64,12,87,17,90,18,18,21,26,49,19,33,33,35,20,18,29,42,31,31,54,55
2017,6,100115017,195,89,46,106,54,10,5,14,7,18,9,19,10,30,15,29,15,24,12,51,26,5,5,7,11,20,15,8,18,5,9,11,8,10,14,16,33
2017,6,100115113,11,7,64,4,36,1,9,3,27,1,9,1,9,5,45,0,0,0,0,0,0,0,2,1,0,4,0,0,0,1,1,0,1,1,0,0,0
2017,6,100115121,70,32,46,38,54,5,7,8,11,14,20,11,16,8,11,6,9,5,7,13,19,3,3,5,4,6,5,1,5,2,5,9,7,2,1,4,8
2017,6,100115162,21,9,43,12,57,1,5,1,5,6,29,4,19,1,5,4,19,3,14,1,5,0,1,2,2,0,2,2,0,1,0,4,2,1,2,1,1
2017,6,100115170,173,70,40,103,60,6,3,14,8,13,8,23,13,16,9,25,14,26,15,50,29,3,5,4,14,12,11,11,10,3,9,9,9,4,14,15,40
2017,6,100115218,42,22,52,20,48,6,14,3,7,8,19,2,5,12,29,4,10,1,2,6,14,5,2,3,2,7,2,0,1,1,1,5,0,5,2,1,5
2017,6,100115242,230,117,51,113,49,17,7,22,10,19,8,42,18,27,12,36,16,34,15,33,14,10,14,11,22,12,20,18,10,7,8,8,20,15,16,16,23
2017,6,100115275,1171,507,43,664,57,61,5,88,8,136,12,154,13,126,11,169,14,151,13,286,24,28,41,57,77,59,80,67,98,33,47,79,77,67,89,84,188
2017,6,100115314,176,84,48,92,52,11,6,19,11,15,9,26,15,24,14,25,14,32,18,24,14,3,9,10,14,9,13,14,12,8,10,5,12,15,12,18,12
2017,6,100115548,266,129,48,137,52,15,6,29,11,33,12,29,11,28,11,34,13,41,15,57,21,5,19,15,19,12,18,23,18,10,10,18,10,16,16,18,39
2017,6,100115556,79,39,49,40,51,10,13,9,11,13,16,10,13,9,11,11,14,7,9,10,13,5,5,6,8,4,5,3,3,5,4,7,2,5,6,4,7
2017,6,100115636,34,21,62,13,38,4,12,3,9,4,12,3,9,3,9,10,29,0,0,7,21,4,2,3,2,2,5,0,3,0,1,1,1,1,5,0,4
2017,6,100115660,102,49,48,53,52,6,6,2,2,15,15,12,12,12,12,13,13,19,19,23,23,3,1,6,8,8,6,8,9,3,1,9,4,4,7,11,14
2017,6,100115677,349,167,48,182,52,23,7,31,9,48,14,62,18,47,13,47,13,43,12,48,14,15,16,28,33,24,22,20,9,8,15,20,29,23,25,23,39
2017,6,100115716,109,55,50,54,50,6,6,13,12,10,9,12,11,16,15,12,11,10,9,30,28,4,8,5,8,9,7,6,8,2,5,5,4,7,5,4,22
2017,6,100115724,466,227,49,239,51,38,8,40,9,49,11,73,16,56,12,57,12,72,15,81,17,20,22,23,39,31,27,38,27,18,18,26,34,25,30,34,54
2017,6,100115740,39,22,56,17,44,4,10,6,15,3,8,8,21,4,10,5,13,6,15,3,8,3,3,2,4,2,3,2,3,1,3,1,4,2,2,4,0
2017,6,100115894,363,176,48,187,52,22,6,21,6,32,9,67,18,33,9,63,17,57,16,68,19,11,11,17,40,20,27,23,27,11,10,15,27,13,36,34,41
2017,6,100115982,127,64,50,63,50,15,12,11,9,24,19,17,13,12,9,24,19,9,7,15,12,8,5,14,8,8,13,4,4,7,6,10,9,4,11,5,11
2017,6,100116084,23,12,52,11,48,1,4,5,22,5,22,1,4,1,4,5,22,2,9,3,13,1,2,3,1,1,1,1,2,0,3,2,0,0,4,1,1
2017,6,100116092,317,157,50,160,50,25,8,42,13,40,13,44,14,26,8,44,14,53,17,43,14,15,29,20,20,15,18,24,16,10,13,20,24,11,26,29,27
2017,6,100116131,38,17,45,21,55,9,24,3,8,6,16,7,18,8,21,1,3,2,5,2,5,5,2,1,3,4,0,1,1,4,1,5,4,4,1,1,1
2017,6,100116203,494,233,47,261,53,34,7,23,5,55,11,62,13,59,12,77,16,74,15,110,22,17,13,29,37,33,33,38,33,17,10,26,25,26,44,36,77
2017,6,100116590,165,76,46,89,54,16,10,10,6,20,12,22,13,18,11,23,14,25,15,31,19,9,5,10,12,10,7,10,13,7,5,10,10,8,16,15,18
2017,6,100116613,11,6,55,5,45,1,9,1,9,0,0,0,0,2,18,2,18,3,27,2,18,1,1,0,0,1,1,2,0,0,0,0,0,1,1,1,2
2017,6,100116695,291,151,52,140,48,14,5,27,9,37,13,36,12,43,15,42,14,35,12,57,20,9,17,20,25,23,18,19,20,5,10,17,11,20,24,16,37
2017,6,100116718,11,5,45,6,55,0,0,0,0,0,0,1,9,0,0,3,27,1,9,6,55,0,0,0,1,0,1,1,2,0,0,0,0,0,2,0,4
2017,6,100116896,172,84,49,88,51,15,9,13,8,29,17,14,8,22,13,25,15,23,13,31,18,7,6,16,7,13,15,11,9,8,7,13,7,9,10,12,22
2017,6,100116984,24,10,42,14,58,0,0,0,0,1,4,4,17,3,13,10,42,3,13,3,13,0,0,0,1,2,5,1,1,0,0,1,3,1,5,2,2
2017,6,100117527,238,104,44,134,56,16,7,24,10,32,13,32,13,25,11,38,16,38,16,33,14,9,9,15,18,11,16,20,6,7,15,17,14,14,22,18,27
2017,6,100117584,345,171,50,174,50,10,3,16,5,33,10,48,14,39,11,42,12,79,23,78,23,8,10,16,34,23,21,32,27,2,6,17,14,16,21,47,51
2017,6,100117631,66,34,52,32,48,2,3,7,11,7,11,10,15,9,14,10,15,7,11,14,21,2,5,3,7,4,4,5,4,0,2,4,3,5,6,2,10
2017,6,100117953,163,73,45,90,55,12,7,13,8,12,7,20,12,17,10,22,13,32,20,35,21,6,5,6,9,10,10,16,11,6,8,6,11,7,12,16,24
2017,6,100118071,38,21,55,17,45,0,0,5,13,3,8,3,8,5,13,10,26,4,11,8,21,0,2,3,2,4,6,3,1,0,3,0,1,1,4,1,7
2017,6,100118135,46,23,50,23,50,2,4,9,20,6,13,3,7,8,17,11,24,3,7,4,9,2,7,3,1,2,6,1,1,0,2,3,2,6,5,2,3
2017,6,100118223,257,131,51,126,49,10,4,23,9,24,9,56,22,27,11,55,21,39,15,23,9,6,15,11,35,15,21,19,9,4,8,13,21,12,34,20,14
2017,6,100118633,351,169,48,182,52,15,4,28,8,32,9,63,18,40,11,55,16,75,21,43,12,7,12,15,39,24,23,38,11,8,16,17,24,16,32,37,32
2017,6,100118674,210,104,50,106,50,9,4,8,4,20,10,26,12,15,7,40,19,43,20,49,23,6,5,12,17,9,20,22,13,3,3,8,9,6,20,21,36
2017,6,100118834,23,12,52,11,48,0,0,1,4,2,9,3,13,1,4,4,17,8,35,4,17,0,0,2,1,1,2,4,2,0,1,0,2,0,2,4,2
2017,6,100118883,370,161,44,209,56,26,7,28,8,38,10,48,13,37,10,64,17,57,15,72,19,13,14,18,24,12,33,29,18,13,14,20,24,25,31,28,54
2017,6,100118914,64,29,45,35,55,2,3,5,8,10,16,5,8,7,11,10,16,15,23,10,16,0,3,4,2,3,5,8,4,2,2,6,3,4,5,7,6
2017,6,100118922,23,12,52,11,48,3,13,3,13,2,9,0,0,3,13,6,26,3,13,3,13,0,2,2,0,2,2,2,2,3,1,0,0,1,4,1,1
2017,6,100118955,92,49,53,43,47,6,7,8,9,7,8,12,13,10,11,15,16,14,15,20,22,3,6,4,8,6,8,9,5,3,2,3,4,4,7,5,15
2017,6,100118963,36,21,58,15,42,4,11,2,6,4,11,1,3,8,22,9,25,6,17,2,6,2,0,3,1,5,5,3,2,2,2,1,0,3,4,3,0
2017,6,100119008,793,400,50,393,50,61,8,50,6,101,13,125,16,95,12,99,12,129,16,133,17,45,28,50,67,50,50,58,52,16,22,51,58,45,49,71,81
2017,6,100119032,380,186,49,194,51,18,5,24,6,35,9,48,13,43,11,66,17,70,18,76,20,12,10,24,27,25,28,31,29,6,14,11,21,18,38,39,47
2017,6,100119040,28,16,57,12,43,2,7,5,18,2,7,4,14,5,18,2,7,3,11,5,18,1,2,1,3,3,1,2,3,1,3,1,1,2,1,1,2
2017,6,100119057,15,9,60,6,40,0,0,0,0,0,0,3,20,3,20,3,20,2,13,4,27,0,0,0,1,2,2,1,3,0,0,0,2,1,1,1,1
2017,6,100119098,5,,,,,,,,,,,,,,,,,,,,,,,,,,,,,,,,,,,,
2017,6,100119506,600,306,51,294,49,13,2,29,5,44,7,79,13,86,14,98,16,123,21,128,21,8,16,25,53,43,54,62,45,5,13,19,26,43,44,61,83
2017,6,100119643,79,40,51,39,49,3,4,3,4,9,11,8,10,9,11,13,16,16,20,18,23,3,3,4,5,6,4,8,7,0,0,5,3,3,9,8,11
2017,6,100119651,171,90,53,81,47,8,5,15,9,17,10,25,15,22,13,24,14,30,18,30,18,3,7,12,14,13,15,14,12,5,8,5,11,9,9,16,18
2017,6,100119668,5,,,,,,,,,,,,,,,,,,,,,,,,,,,,,,,,,,,,
2017,6,100119684,345,160,46,185,54,13,4,22,6,36,10,50,14,38,11,58,17,70,20,58,17,6,6,20,35,13,32,30,18,7,16,16,15,25,26,40,40
2017,6,100119707,66,32,48,34,52,3,5,2,3,6,9,5,8,7,11,8,12,17,26,18,27,1,2,4,5,3,3,7,7,2,0,2,0,4,5,10,11
2017,6,100119756,65,31,48,34,52,0,0,5,8,6,9,5,8,11,17,11,17,9,14,18,28,0,2,3,1,7,6,5,7,0,3,3,4,4,5,4,11
2017,6,100119940,232,110,47,122,53,11,5,18,8,27,12,39,17,24,10,37,16,43,19,33,14,5,12,14,20,13,16,22,8,6,6,13,19,11,21,21,25
2017,6,100120260,30,17,57,13,43,1,3,3,10,1,3,2,7,10,33,3,10,6,20,4,13,0,2,0,1,7,2,4,1,1,1,1,1,3,1,2,3
2017,6,100120293,5,,,,,,,,,,,,,,,,,,,,,,,,,,,,,,,,,,,,
2017,6,100120308,38,14,37,24,63,2,5,1,3,3,8,2,5,4,11,6,16,5,13,15,39,1,0,1,1,1,4,2,4,1,1,2,1,3,2,3,11
2017,6,100120324,5,,,,,,,,,,,,,,,,,,,,,,,,,,,,,,,,,,,,
2017,6,100120412,180,91,51,89,49,8,4,15,8,13,7,25,14,21,12,27,15,45,25,26,14,7,6,6,14,13,16,21,8,1,9,7,11,8,11,24,18
2017,6,100120461,5,,,,,,,,,,,,,,,,,,,,,,,,,,,,,,,,,,,,
2017,6,100120517,5,,,,,,,,,,,,,,,,,,,,,,,,,,,,,,,,,,,,
2017,6,100120558,328,157,48,171,52,19,6,25,8,39,12,37,11,51,16,58,18,34,10,65,20,13,16,20,21,23,27,14,23,6,9,19,16,28,31,20,42
2017,6,100120687,5,,,,,,,,,,,,,,,,,,,,,,,,,,,,,,,,,,,,
2017,6,100120695,497,214,43,283,57,26,5,21,4,51,10,62,12,56,11,82,16,92,19,107,22,9,7,26,36,28,32,46,30,17,14,25,26,28,50,46,77
2017,6,100120863,11,6,55,5,45,1,9,2,18,0,0,0,0,2,18,1,9,2,18,3,27,1,0,0,0,2,0,2,1,0,2,0,0,0,1,0,2
2017,6,100120871,13,5,38,8,62,0,0,2,15,0,0,0,0,2,15,1,8,3,23,5,38,0,0,0,0,1,1,2,1,0,2,0,0,1,0,1,4
2017,6,100120888,31,13,42,18,58,1,3,1,3,5,16,2,6,0,0,5,16,10,32,7,23,0,0,2,2,0,1,6,2,1,1,3,0,0,4,4,5
2017,6,100120896,19,7,37,12,63,1,5,3,16,2,11,2,11,3,16,2,11,1,5,5,26,0,1,0,2,1,1,1,1,1,2,2,0,2,1,0,4
2017,6,100120902,18,12,67,6,33,0,0,1,6,2,11,1,6,1,6,4,22,6,33,3,17,0,1,1,1,1,2,4,2,0,0,1,0,0,2,2,1
2017,6,100120910,24,12,50,12,50,3,13,1,4,2,8,2,8,4,17,2,8,4,17,6,25,1,0,1,2,2,1,2,3,2,1,1,0,2,1,2,3
2017,6,100120927,5,,,,,,,,,,,,,,,,,,,,,,,,,,,,,,,,,,,,
2017,6,100120935,31,18,58,13,42,3,10,3,10,3,10,5,16,6,19,5,16,3,10,3,10,2,2,3,3,2,3,2,1,1,1,0,2,4,2,1,2
2017,6,100120943,11,5,45,6,55,2,18,0,0,0,0,2,18,1,9,3,27,1,9,2,18,2,0,0,1,1,1,0,0,0,0,0,1,0,2,1,2
2017,6,100120951,113,47,42,66,58,10,9,10,9,5,4,12,11,5,4,33,29,14,12,24,21,3,6,2,3,3,16,7,7,7,4,3,9,2,17,7,17
2017,6,100120968,375,164,44,211,56,23,6,34,9,44,12,51,14,51,14,56,15,54,14,62,17,8,13,18,29,29,21,19,27,15,21,26,22,22,35,35,35
2017,6,100120992,41,24,59,17,41,7,17,3,7,5,12,4,10,8,20,5,12,2,5,7,17,6,1,3,2,7,3,0,2,1,2,2,2,1,2,2,5
2017,6,100121004,15,9,60,6,40,2,13,0,0,0,0,4,27,3,20,0,0,2,13,4,27,1,0,0,2,3,0,1,2,1,0,0,2,0,0,1,2
2017,6,100121012,5,,,,,,,,,,,,,,,,,,,,,,,,,,,,,,,,,,,,
2017,6,100121020,5,,,,,,,,,,,,,,,,,,,,,,,,,,,,,,,,,,,,
2017,6,100121037,36,19,53,17,47,2,6,4,11,3,8,6,17,4,11,5,14,5,14,7,19,1,3,1,3,2,3,1,5,1,1,2,3,2,2,4,2
2017,6,100121045,16,10,63,6,38,2,13,4,25,1,6,3,19,3,19,0,0,0,0,3,19,2,2,0,2,2,0,0,2,0,2,1,1,1,0,0,1
2017,6,100121053,5,,,,,,,,,,,,,,,,,,,,,,,,,,,,,,,,,,,,
2017,6,100121061,5,,,,,,,,,,,,,,,,,,,,,,,,,,,,,,,,,,,,
2017,6,100121078,5,,,,,,,,,,,,,,,,,,,,,,,,,,,,,,,,,,,,
2017,6,100121086,12,6,50,6,50,0,0,1,8,2,17,2,17,0,0,4,33,0,0,3,25,0,1,1,1,0,2,0,1,0,0,1,1,0,2,0,2
2017,6,100121100,51,25,49,26,51,1,2,3,6,5,10,4,8,8,16,4,8,9,18,17,33,0,1,3,3,4,2,5,7,1,2,2,1,4,2,4,10
2017,6,100121117,24,12,50,12,50,0,0,0,0,2,8,1,4,5,21,3,13,4,17,9,38,0,0,1,1,4,1,2,3,0,0,1,0,1,2,2,6
2017,6,100121125,5,,,,,,,,,,,,,,,,,,,,,,,,,,,,,,,,,,,,
2017,6,100121133,57,28,49,29,51,3,5,2,4,5,9,8,14,10,18,5,9,12,21,12,21,1,0,3,5,5,4,5,5,2,2,2,3,5,1,7,7
2017,6,100121141,1395,617,44,778,56,89,6,45,3,100,7,202,14,201,14,212,15,222,16,324,23,46,17,52,99,91,99,99,114,43,28,48,103,110,113,123,210
2017,6,100121158,53,25,47,28,53,2,4,4,8,3,6,6,11,6,11,11,21,8,15,13,25,1,1,1,2,5,6,5,4,1,3,2,4,1,5,3,9
2017,6,100121166,5,,,,,,,,,,,,,,,,,,,,,,,,,,,,,,,,,,,,
2017,6,100121174,47,23,49,24,51,4,9,4,9,1,2,7,15,7,15,8,17,6,13,10,21,1,2,1,4,4,5,4,2,3,2,0,3,3,3,2,8
2017,6,100121190,5,,,,,,,,,,,,,,,,,,,,,,,,,,,,,,,,,,,,
2017,6,100121205,5,,,,,,,,,,,,,,,,,,,,,,,,,,,,,,,,,,,,
2017,6,100121213,128,61,48,67,52,5,4,3,2,11,9,15,12,14,11,29,23,20,16,31,24,4,1,7,7,9,12,10,11,1,2,4,8,5,17,10,20
2017,6,100121221,5,,,,,,,,,,,,,,,,,,,,,,,,,,,,,,,,,,,,
2017,6,100121238,22,10,45,12,55,3,14,3,14,0,0,6,27,1,5,2,9,2,9,5,23,0,2,0,2,1,2,1,2,3,1,0,4,0,0,1,3
2017,6,100121246,13,8,62,5,38,0,0,0,0,3,23,1,8,1,8,5,38,1,8,2,15,0,0,2,0,1,2,1,2,0,0,1,1,0,3,0,0
2017,6,100121254,5,,,,,,,,,,,,,,,,,,,,,,,,,,,,,,,,,,,,
2017,6,100121262,26,10,38,16,62,0,0,1,4,5,19,2,8,3,12,7,27,3,12,5,19,0,1,1,0,1,3,2,2,0,0,4,2,2,4,1,3
2017,6,100121270,36,18,50,18,50,2,6,5,14,6,17,1,3,6,17,3,8,3,8,10,28,2,3,4,0,2,2,1,4,0,2,2,1,4,1,2,6
2017,6,100121295,11,6,55,5,45,0,0,0,0,1,9,1,9,0,0,1,9,2,18,6,55,0,0,1,0,0,0,2,3,0,0,0,1,0,1,0,3
2017,6,100121301,915,454,50,461,50,72,8,63,7,99,11,107,12,117,13,132,14,138,15,187,20,42,34,52,65,63,64,62,72,30,29,47,42,54,68,76,115
2017,6,100121326,15,7,47,8,53,0,0,4,27,0,0,0,0,5,33,1,7,1,7,4,27,0,3,0,0,2,0,1,1,0,1,0,0,3,1,0,3
2017,6,100121334,5,,,,,,,,,,,,,,,,,,,,,,,,,,,,,,,,,,,,
2017,6,100121342,17,11,65,6,35,0,0,0,0,0,0,2,12,2,12,0,0,4,24,9,53,0,0,0,2,2,0,4,3,0,0,0,0,0,0,0,6
2017,6,100121350,24,15,63,9,38,0,0,1,4,3,13,2,8,4,17,5,21,2,8,7,29,0,1,1,2,2,4,2,3,0,0,2,0,2,1,0,4
2017,6,100121367,5,,,,,,,,,,,,,,,,,,,,,,,,,,,,,,,,,,,,
2017,6,100121375,11,7,64,4,36,1,9,0,0,1,9,0,0,3,27,1,9,0,0,5,45,0,0,1,0,2,1,0,3,1,0,0,0,1,0,0,2
2017,6,100121383,27,17,63,10,37,0,0,0,0,2,7,1,4,3,11,2,7,10,37,9,33,0,0,2,0,2,2,6,5,0,0,0,1,1,0,4,4
2017,6,100121391,15,5,33,10,67,0,0,2,13,3,20,1,7,2,13,1,7,3,20,3,20,0,0,1,0,1,0,2,1,0,2,2,1,1,1,1,2
2017,6,100121414,1009,451,45,558,55,71,7,71,7,122,12,130,13,144,14,157,16,138,14,176,17,36,32,59,66,63,77,59,59,35,39,63,64,81,80,79,117
2017,6,100121447,12,7,58,5,42,0,0,0,0,1,8,2,17,0,0,3,25,3,25,3,25,0,0,0,2,0,2,2,1,0,0,1,0,0,1,1,2
2017,6,100121455,5,,,,,,,,,,,,,,,,,,,,,,,,,,,,,,,,,,,,
2017,6,100121471,278,126,45,152,55,18,6,21,8,16,6,30,11,31,11,39,14,61,22,62,22,9,12,9,14,18,20,23,21,9,9,7,16,13,19,38,41
2017,6,100121728,105,53,50,52,50,7,7,7,7,11,10,21,20,6,6,22,21,15,14,16,15,4,5,5,13,1,13,6,6,3,2,6,8,5,9,9,10
2017,6,100121840,153,79,52,74,48,7,5,7,5,31,20,21,14,21,14,37,24,12,8,17,11,5,6,17,13,5,22,7,4,2,1,14,8,16,15,5,13
2017,6,100121961,196,90,46,106,54,18,9,9,5,17,9,29,15,17,9,33,17,31,16,42,21,6,4,9,15,9,15,17,15,12,5,8,14,8,18,14,27
2017,6,100122063,18,11,61,7,39,0,0,0,0,0,0,0,0,2,11,5,28,5,28,6,33,0,0,0,0,2,2,4,3,0,0,0,0,0,3,1,3
2017,6,100122096,118,53,45,65,55,3,3,10,8,10,8,14,12,16,14,17,14,16,14,32,27,1,6,3,7,8,9,9,10,2,4,7,7,8,8,7,22
2017,6,100122184,581,291,50,290,50,22,4,38,7,52,9,74,13,70,12,101,17,90,15,134,23,10,24,27,48,35,59,47,41,12,14,25,26,35,42,43,93
2017,6,100122248,30,16,53,14,47,2,7,1,3,5,17,3,10,2,7,6,20,5,17,6,20,2,1,2,2,1,3,2,3,0,0,3,1,1,3,3,3
2017,6,100122352,438,185,42,253,58,16,4,27,6,43,10,46,11,53,12,77,18,61,14,115,26,7,16,24,23,25,34,27,29,9,11,19,23,28,43,34,86
2017,6,100122360,5,,,,,,,,,,,,,,,,,,,,,,,,,,,,,,,,,,,,
2017,6,100122432,5,,,,,,,,,,,,,,,,,,,,,,,,,,,,,,,,,,,,
2017,6,100122504,5,,,,,,,,,,,,,,,,,,,,,,,,,,,,,,,,,,,,
2017,6,100122633,5,,,,,,,,,,,,,,,,,,,,,,,,,,,,,,,,,,,,
2017,6,100122641,5,,,,,,,,,,,,,,,,,,,,,,,,,,,,,,,,,,,,
2017,6,100122666,5,,,,,,,,,,,,,,,,,,,,,,,,,,,,,,,,,,,,
2017,6,100122713,35,20,57,15,43,0,0,1,3,5,14,3,9,5,14,6,17,4,11,11,31,0,1,4,2,2,4,3,4,0,0,1,1,3,2,1,7
2017,6,100122721,199,84,42,115,58,12,6,12,6,32,16,24,12,24,12,26,13,31,16,38,19,6,3,13,15,7,14,12,14,6,9,19,9,17,12,19,24
2017,6,100122795,219,99,45,120,55,12,5,18,8,25,11,26,12,21,10,22,10,34,16,61,28,5,10,12,12,13,9,12,26,7,8,13,14,8,13,22,35
2017,6,100122801,32,17,53,15,47,1,3,1,3,4,13,1,3,9,28,8,25,4,13,4,13,0,1,1,0,4,7,3,1,1,0,3,1,5,1,1,3
2017,6,100122875,251,111,44,140,56,11,4,27,11,27,11,35,14,38,15,38,15,37,15,38,15,4,15,14,18,17,18,14,11,7,12,13,17,21,20,23,27
2017,6,100122883,64,33,52,31,48,2,3,4,6,12,19,4,6,15,23,9,14,8,13,10,16,1,3,7,3,8,5,2,4,1,1,5,1,7,4,6,6
2017,6,100122891,11,4,36,7,64,0,0,1,9,2,18,0,0,1,9,2,18,0,0,5,45,0,0,1,0,0,1,0,2,0,1,1,0,1,1,0,3
2017,6,100122963,5,,,,,,,,,,,,,,,,,,,,,,,,,,,,,,,,,,,,
2017,6,100123057,43,19,44,24,56,0,0,2,5,6,14,3,7,11,26,7,16,4,9,10,23,0,2,2,3,4,4,1,3,0,0,4,0,7,3,3,7
2017,6,100123217,177,83,47,94,53,5,3,14,8,26,15,21,12,14,8,28,16,20,11,49,28,3,6,14,14,8,14,7,17,2,8,12,7,6,14,13,32
2017,6,100123973,88,44,50,44,50,2,2,10,11,9,10,9,10,18,20,11,13,13,15,16,18,2,6,3,3,12,6,8,4,0,4,6,6,6,5,5,12
2017,6,100123981,458,198,43,260,57,18,4,34,7,43,9,49,11,44,10,55,12,77,17,138,30,12,22,24,18,17,27,33,45,6,12,19,31,27,28,44,93
2017,6,100123998,175,83,47,92,53,3,2,10,6,19,11,17,10,21,12,21,12,35,20,49,28,0,6,7,11,12,13,19,15,3,4,12,6,9,8,16,34
2017,6,100124042,236,107,45,129,55,8,3,17,7,18,8,35,15,25,11,34,14,42,18,57,24,5,10,7,23,12,14,19,17,3,7,11,12,13,20,23,40
2017,6,100124516,460,192,42,268,58,24,5,33,7,41,9,46,10,42,9,70,15,73,16,131,28,16,17,15,22,22,27,33,40,8,16,26,24,20,43,40,91
2017,6,100124532,64,34,53,30,47,0,0,1,2,11,17,3,5,5,8,16,25,11,17,17,27,0,0,6,3,2,11,5,7,0,1,5,0,3,5,6,10
2017,6,100124565,423,199,47,224,53,27,6,48,11,39,9,61,14,53,13,44,10,66,16,85,20,13,26,22,30,32,20,27,29,14,22,17,31,21,24,39,56
2017,6,100124598,475,215,45,260,55,28,6,31,7,63,13,67,14,61,13,58,12,70,15,97,20,15,19,32,33,30,24,30,32,13,12,31,34,31,34,40,65
2017,6,100124612,98,50,51,48,49,6,6,5,5,12,12,14,14,6,6,16,16,14,14,25,26,4,3,7,11,3,8,6,8,2,2,5,3,3,8,8,17
2017,6,100124661,137,65,47,72,53,5,4,11,8,13,9,19,14,15,11,25,18,22,16,27,20,3,3,7,10,9,12,9,12,2,8,6,9,6,13,13,15
2017,6,100124678,270,149,55,121,45,2,1,12,4,17,6,34,13,41,15,43,16,58,21,63,23,1,4,9,16,28,26,40,25,1,8,8,18,13,17,18,38
2017,6,100124686,252,133,53,119,47,14,6,17,7,19,8,34,13,32,13,39,15,39,15,58,23,7,10,10,24,20,22,17,23,7,7,9,10,12,17,22,35
2017,6,100124700,1157,512,44,645,56,101,9,153,13,160,14,143,12,169,15,160,14,132,11,139,12,52,78,68,67,73,80,58,36,49,75,92,76,96,80,74,103
2017,6,100124717,234,105,45,129,55,17,7,16,7,17,7,32,14,22,9,30,13,36,15,64,27,10,10,11,18,8,15,15,18,7,6,6,14,14,15,21,46
2017,6,100124733,1219,536,44,683,56,54,4,99,8,141,12,140,11,130,11,174,14,170,14,311,26,23,55,66,75,65,90,69,93,31,44,75,65,65,84,101,218
2017,6,100124766,57,23,40,34,60,1,2,5,9,6,11,6,11,5,9,10,18,9,16,15,26,0,3,3,3,3,6,1,4,1,2,3,3,2,4,8,11
2017,6,100124782,321,146,45,175,55,16,5,23,7,33,10,43,13,39,12,48,15,42,13,77,24,12,6,20,28,19,22,15,24,4,17,13,15,20,26,27,53
2017,6,100124790,484,223,46,261,54,35,7,34,7,49,10,72,15,47,10,72,15,72,15,103,21,16,17,25,40,24,32,33,36,19,17,24,32,23,40,39,67
2017,6,100124854,238,113,47,125,53,20,8,18,8,34,14,42,18,31,13,22,9,32,13,39,16,9,6,17,26,15,9,14,17,11,12,17,16,16,13,18,22
2017,6,100124887,225,111,49,114,51,14,6,18,8,29,13,35,16,18,8,34,15,36,16,41,18,8,8,17,19,11,16,17,15,6,10,12,16,7,18,19,26
2017,6,100124975,212,112,53,100,47,19,9,18,8,30,14,32,15,35,17,26,12,24,11,28,13,7,13,20,19,21,13,9,10,12,5,10,13,14,13,15,18
2017,6,100124983,359,162,45,197,55,24,7,33,9,52,14,41,11,45,13,54,15,41,11,69,19,14,17,28,15,26,26,20,16,10,16,24,26,19,28,21,53
2017,6,100124991,186,88,47,98,53,11,6,10,5,27,15,30,16,17,9,32,17,24,13,35,19,5,5,13,17,10,16,10,12,6,5,14,13,7,16,14,23
2017,6,100125028,619,277,45,342,55,59,10,57,9,78,13,87,14,71,11,75,12,90,15,102,16,29,28,38,47,34,40,36,25,30,29,40,40,37,35,54,77
2017,6,100125036,390,193,49,197,51,26,7,35,9,49,13,59,15,55,14,57,15,49,13,60,15,13,20,26,35,29,33,23,14,13,15,23,24,26,24,26,46
2017,6,100125077,154,72,47,82,53,13,8,15,10,20,13,23,15,22,14,20,13,19,12,22,14,6,4,16,11,11,9,9,6,7,11,4,12,11,11,10,16
2017,6,100125116,53,25,47,28,53,0,0,5,9,10,19,8,15,7,13,10,19,6,11,7,13,0,2,6,5,2,7,2,1,0,3,4,3,5,3,4,6
2017,6,100125124,30,19,63,11,37,0,0,2,7,6,20,4,13,2,7,8,27,3,10,5,17,0,1,5,2,1,5,2,3,0,1,1,2,1,3,1,2
2017,6,100125132,259,122,47,137,53,17,7,20,8,37,14,40,15,31,12,40,15,33,13,41,16,6,14,19,22,11,24,14,12,11,6,18,18,20,16,19,29
2017,6,100125140,128,58,45,70,55,9,7,8,6,14,11,17,13,9,7,26,20,23,18,22,17,5,3,7,9,5,12,10,7,4,5,7,8,4,14,13,15
2017,6,100125173,279,140,50,139,50,16,6,17,6,31,11,44,16,29,10,41,15,38,14,63,23,11,6,17,26,15,21,14,30,5,11,14,18,14,20,24,33
2017,6,100125245,286,139,49,147,51,15,5,24,8,40,14,44,15,35,12,39,14,44,15,45,16,8,13,20,27,19,21,18,13,7,11,20,17,16,18,26,32
2017,6,100125317,335,162,48,173,52,23,7,24,7,39,12,46,14,43,13,63,19,30,9,67,20,15,16,24,30,20,25,12,20,8,8,15,16,23,38,18,47
2017,6,100125325,287,138,48,149,52,22,8,24,8,25,9,56,20,35,12,40,14,46,16,39,14,16,7,10,34,15,24,22,10,6,17,15,22,20,16,24,29
2017,6,100125333,474,217,46,257,54,34,7,33,7,55,12,78,16,47,10,90,19,66,14,71,15,19,16,31,40,23,39,26,23,15,17,24,38,24,51,40,48
2017,6,100125358,93,45,48,48,52,16,17,13,14,9,10,14,15,7,8,9,10,12,13,13,14,10,4,4,7,5,6,4,5,6,9,5,7,2,3,8,8
2017,6,100125366,122,58,48,64,52,3,2,7,6,9,7,12,10,9,7,20,16,18,15,44,36,2,3,4,7,5,10,10,17,1,4,5,5,4,10,8,27
2017,6,100125405,248,123,50,125,50,10,4,35,14,37,15,42,17,34,14,33,13,31,13,26,10,8,15,24,23,18,13,14,8,2,20,13,19,16,20,17,18
2017,6,100125421,153,78,51,75,49,10,7,14,9,16,10,21,14,20,13,17,11,20,13,35,23,9,5,10,14,11,5,10,14,1,9,6,7,9,12,10,21
2017,6,100125454,215,102,47,113,53,14,7,28,13,22,10,22,10,27,13,32,15,29,13,41,19,2,13,12,11,14,17,14,19,12,15,10,11,13,15,15,22
2017,6,100125470,83,37,45,46,55,1,1,1,1,6,7,4,5,6,7,14,17,12,14,39,47,0,0,2,4,3,8,6,14,1,1,4,0,3,6,6,25
2017,6,100125501,155,76,49,79,51,10,6,16,10,21,14,19,12,14,9,21,14,21,14,33,21,5,10,11,12,8,10,10,10,5,6,10,7,6,11,11,23
2017,6,100125518,198,101,51,97,49,5,3,11,6,23,12,35,18,17,9,36,18,36,18,35,18,2,8,16,22,8,18,15,12,3,3,7,13,9,18,21,23
2017,6,100125614,142,69,49,73,51,14,10,18,13,16,11,19,13,17,12,17,12,17,12,24,17,5,12,8,11,9,10,7,7,9,6,8,8,8,7,10,17
2017,6,100125671,80,42,53,38,48,11,14,5,6,12,15,14,18,7,9,16,20,7,9,8,10,5,3,5,8,3,9,5,4,6,2,7,6,4,7,2,4
2017,6,100125702,275,128,47,147,53,22,8,18,7,31,11,41,15,20,7,45,16,50,18,48,17,14,9,14,22,9,23,24,13,8,9,17,19,11,22,26,35
2017,6,100125743,61,29,48,32,52,11,18,5,8,7,11,7,11,9,15,9,15,5,8,8,13,4,2,3,4,6,6,2,2,7,3,4,3,3,3,3,6
2017,6,100125936,241,127,53,114,47,23,10,22,9,33,14,46,19,19,8,33,14,26,11,39,16,14,14,25,26,8,15,13,12,9,8,8,20,11,18,13,27
2017,6,100126005,85,45,53,40,47,9,11,5,6,12,14,11,13,7,8,14,16,15,18,12,14,5,3,5,8,4,9,6,5,4,2,7,3,3,5,9,7
2017,6,100126038,198,91,46,107,54,14,7,18,9,26,13,28,14,16,8,32,16,19,10,45,23,8,9,8,19,9,14,7,17,6,9,18,9,7,18,12,28
2017,6,100126070,440,213,48,227,52,29,7,39,9,54,12,61,14,52,12,71,16,57,13,77,18,19,19,31,30,30,37,24,23,10,20,23,31,22,34,33,54
2017,6,100126087,104,47,45,57,55,3,3,10,10,12,12,7,7,16,15,13,13,16,15,27,26,2,3,5,4,8,7,11,7,1,7,7,3,8,6,5,20
2017,6,100126327,452,200,44,252,56,28,6,25,6,50,11,60,13,41,9,76,17,66,15,106,23,12,14,24,32,16,42,33,27,16,11,26,28,25,34,33,79
2017,6,100126456,199,101,51,98,49,18,9,19,10,24,12,28,14,24,12,22,11,30,15,34,17,9,11,15,17,10,12,13,14,9,8,9,11,14,10,17,20
2017,6,100126503,646,334,52,312,48,37,6,35,5,53,8,99,15,85,13,109,17,112,17,116,18,25,20,28,54,47,60,58,42,12,15,25,45,38,49,54,74
2017,6,100126593,104,48,46,56,54,4,4,8,8,5,5,12,12,13,13,17,16,24,23,21,20,2,2,1,8,7,12,11,5,2,6,4,4,6,5,13,16
2017,6,100126624,594,284,48,310,52,43,7,40,7,82,14,97,16,63,11,85,14,86,14,98,16,18,24,47,54,28,40,41,32,25,16,35,43,35,45,45,66
2017,6,100126737,182,96,53,86,47,15,8,10,5,25,14,20,11,32,18,29,16,26,14,25,14,9,5,13,15,19,16,10,9,6,5,12,5,13,13,16,16
2017,6,100126786,164,80,49,84,51,7,4,19,12,23,14,15,9,27,16,28,17,14,9,31,19,5,8,12,5,16,14,8,12,2,11,11,10,11,14,6,19
2017,6,100126858,103,56,54,47,46,2,2,6,6,14,14,19,18,13,13,16,16,15,15,18,17,0,4,7,11,9,10,9,6,2,2,7,8,4,6,6,12
2017,6,100126954,487,225,46,262,54,33,7,51,10,60,12,77,16,58,12,63,13,67,14,78,16,21,25,32,40,27,26,31,23,12,26,28,37,31,37,36,55
2017,6,100127056,262,122,47,140,53,20,8,27,10,23,9,43,16,31,12,39,15,43,16,36,14,9,15,12,17,18,19,20,12,11,12,11,26,13,20,23,24
2017,6,100127080,153,65,42,88,58,3,2,8,5,19,12,25,16,18,12,17,11,30,20,33,22,1,3,10,15,10,6,13,7,2,5,9,10,8,11,17,26
2017,6,100127136,162,83,51,79,49,17,10,12,7,22,14,22,14,20,12,30,19,16,10,23,14,8,9,12,12,7,15,11,9,9,3,10,10,13,15,5,14
2017,6,100127185,105,49,47,56,53,8,8,9,9,15,14,18,17,13,12,14,13,13,12,15,14,6,4,6,10,5,7,5,6,2,5,9,8,8,7,8,9
2017,6,100127208,37,16,43,21,57,1,3,3,8,6,16,5,14,4,11,6,16,5,14,7,19,0,2,4,2,1,3,1,3,1,1,2,3,3,3,4,4
2017,6,100127232,481,230,48,251,52,50,10,58,12,47,10,77,16,57,12,58,12,58,12,76,16,28,29,25,47,24,28,23,26,22,29,22,30,33,30,35,50
2017,6,100127240,169,80,47,89,53,7,4,9,5,21,12,24,14,19,11,27,16,26,15,36,21,3,3,10,14,10,15,12,13,4,6,11,10,9,12,14,23
2017,6,100127257,401,180,45,221,55,32,8,37,9,49,12,66,16,49,12,55,14,63,16,50,12,16,18,27,36,19,24,26,14,16,19,22,30,30,31,37,36
2017,6,100127546,50,16,32,34,68,3,6,4,8,12,24,4,8,4,8,10,20,6,12,7,14,1,1,4,2,2,2,3,1,2,3,8,2,2,8,3,6
2017,6,100127570,258,113,44,145,56,24,9,19,7,28,11,46,18,27,10,37,14,33,13,44,17,11,7,7,27,14,17,18,12,13,12,21,19,13,20,15,32
2017,6,100127601,44,26,59,18,41,3,7,1,2,2,5,9,20,3,7,9,20,5,11,12,27,3,0,1,7,3,5,4,3,0,1,1,2,0,4,1,9
2017,6,100127675,64,28,44,36,56,5,8,6,9,10,16,7,11,8,13,8,13,9,14,11,17,3,1,4,2,5,2,5,6,2,5,6,5,3,6,4,5
2017,6,100127683,196,102,52,94,48,10,5,19,10,15,8,30,15,38,19,19,10,23,12,42,21,2,13,9,15,23,11,12,17,8,6,6,15,15,8,11,25
2017,6,100127691,93,39,42,54,58,4,4,10,11,8,9,16,17,14,15,10,11,15,16,16,17,2,3,4,8,8,4,7,3,2,7,4,8,6,6,8,13
2017,6,100127706,1270,581,46,689,54,106,8,114,9,120,9,199,16,182,14,188,15,165,13,196,15,49,63,62,108,93,86,73,47,57,51,58,91,89,102,92,149
2017,6,100127714,912,439,48,473,52,89,10,94,10,74,8,150,16,123,13,116,13,116,13,150,16,50,42,41,73,64,61,52,56,39,52,33,77,59,55,64,94
2017,6,100127722,336,159,47,177,53,37,11,22,7,40,12,46,14,42,13,38,11,52,15,59,18,18,13,21,24,25,15,19,24,19,9,19,22,17,23,33,35
2017,6,100127771,1591,750,47,841,53,104,7,126,8,168,11,235,15,205,13,207,13,238,15,308,19,51,61,94,136,106,96,102,104,53,65,74,99,99,111,136,204
2017,6,100127835,225,103,46,122,54,22,10,20,9,21,9,43,19,25,11,37,16,24,11,33,15,11,7,12,25,11,20,10,7,11,13,9,18,14,17,14,26
2017,6,100127876,763,355,47,408,53,53,7,57,7,63,8,110,14,100,13,89,12,129,17,162,21,27,27,34,59,57,34,61,56,26,30,29,51,43,55,68,106
2017,6,100127915,229,108,47,121,53,13,6,18,8,29,13,34,15,32,14,31,14,29,13,43,19,9,6,17,22,14,16,9,15,4,12,12,12,18,15,20,28
2017,6,100127923,207,97,47,110,53,13,6,12,6,20,10,31,15,10,5,38,18,42,20,41,20,9,7,9,19,7,14,21,11,4,5,11,12,3,24,21,30
2017,6,100127948,149,79,53,70,47,9,6,18,12,9,6,27,18,23,15,20,13,22,15,21,14,7,11,4,15,11,11,11,9,2,7,5,12,12,9,11,12
2017,6,100127964,488,242,50,246,50,36,7,52,11,51,10,69,14,64,13,77,16,52,11,87,18,24,24,27,42,32,36,24,33,12,28,24,27,32,41,28,54
2017,6,100127997,207,101,49,106,51,6,3,22,11,23,11,31,15,24,12,37,18,36,17,28,14,4,9,13,18,17,18,14,8,2,13,10,13,7,19,22,20
2017,6,100128074,633,293,46,340,54,21,3,49,8,49,8,105,17,94,15,95,15,98,15,122,19,13,20,22,56,47,45,41,49,8,29,27,49,47,50,57,73
2017,6,100128082,299,143,48,156,52,15,5,29,10,25,8,56,19,31,10,47,16,35,12,61,20,7,12,18,32,19,19,19,17,8,17,7,24,12,28,16,44
2017,6,100128105,112,50,45,62,55,4,4,10,9,17,15,10,9,19,17,16,14,15,13,21,19,2,2,12,7,7,7,6,7,2,8,5,3,12,9,9,14
2017,6,100128138,365,178,49,187,51,23,6,28,8,33,9,48,13,60,16,57,16,50,14,66,18,15,12,18,21,35,29,21,27,8,16,15,27,25,28,29,39
2017,6,100128146,90,39,43,51,57,5,6,4,4,7,8,17,19,9,10,14,16,8,9,26,29,2,0,2,11,5,9,3,7,3,4,5,6,4,5,5,19
2017,6,100128187,894,406,45,488,55,69,8,84,9,100,11,132,15,113,13,117,13,107,12,172,19,40,42,48,69,58,52,48,49,29,42,52,63,55,65,59,123
2017,6,100128275,3788,1755,46,2033,54,463,12,397,10,320,8,526,14,621,16,437,12,407,11,617,16,236,201,164,240,291,222,188,213,227,196,156,286,330,215,219,404
2017,6,100128322,318,153,48,165,52,20,6,17,5,27,8,47,15,42,13,40,13,52,16,73,23,9,8,14,30,17,20,27,28,11,9,13,17,25,20,25,45
2017,6,100128330,271,133,49,138,51,12,4,19,7,36,13,45,17,31,11,52,19,35,13,41,15,6,10,19,24,19,25,16,14,6,9,17,21,12,27,19,27
2017,6,100128347,148,69,47,79,53,10,7,15,10,18,12,17,11,23,16,11,7,24,16,30,20,5,8,10,8,11,4,14,9,5,7,8,9,12,7,10,21
2017,6,100128363,304,143,47,161,53,15,5,20,7,28,9,51,17,42,14,39,13,53,17,56,18,4,11,17,30,24,19,25,13,11,9,11,21,18,20,28,43
2017,6,100128443,448,214,48,234,52,34,8,27,6,56,13,74,17,47,10,70,16,70,16,70,16,14,11,30,42,27,32,35,23,20,16,26,32,20,38,35,47
2017,6,100128476,317,150,47,167,53,29,9,28,9,32,10,49,15,49,15,47,15,46,15,37,12,17,12,16,31,25,19,18,12,12,16,16,18,24,28,28,25
2017,6,100128484,27,15,56,12,44,2,7,2,7,2,7,6,22,1,4,9,33,1,4,4,15,2,0,2,4,1,5,0,1,0,2,0,2,0,4,1,3
2017,6,100128523,276,130,47,146,53,24,9,25,9,35,13,39,14,27,10,43,16,29,11,54,20,13,12,19,19,16,21,14,16,11,13,16,20,11,22,15,38
2017,6,100128556,335,158,47,177,53,23,7,35,10,26,8,48,14,65,19,47,14,29,9,62,19,9,14,11,23,34,28,15,24,14,21,15,25,31,19,14,38
2017,6,100128580,585,284,49,301,51,60,10,40,7,74,13,85,15,86,15,90,15,51,9,99,17,29,21,38,51,44,46,25,30,31,19,36,34,42,44,26,69
2017,6,100128611,191,93,49,98,51,10,5,14,7,27,14,30,16,26,14,32,17,20,10,32,17,3,5,14,20,15,17,8,11,7,9,13,10,11,15,12,21
2017,6,100128660,496,249,50,247,50,24,5,42,8,38,8,72,15,75,15,73,15,76,15,96,19,13,16,22,45,42,40,33,38,11,26,16,27,33,33,43,58
2017,6,100128677,336,160,48,176,52,28,8,30,9,39,12,58,17,32,10,59,18,44,13,46,14,14,10,23,32,18,29,23,11,14,20,16,26,14,30,21,35
2017,6,100128685,205,107,52,98,48,6,3,16,8,21,10,30,15,18,9,31,15,36,18,47,23,5,9,12,19,10,15,19,18,1,7,9,11,8,16,17,29
2017,6,100128757,257,128,50,129,50,22,9,20,8,24,9,42,16,33,13,26,10,38,15,52,20,11,12,13,21,23,12,19,17,11,8,11,21,10,14,19,35
2017,6,100128765,196,96,49,100,51,15,8,20,10,21,11,39,20,25,13,23,12,26,13,27,14,9,8,12,20,12,11,12,12,6,12,9,19,13,12,14,15
2017,6,100128853,165,74,45,91,55,11,7,14,8,14,8,20,12,23,14,15,9,26,16,42,25,5,6,6,10,16,9,10,12,6,8,8,10,7,6,16,30
2017,6,100128861,180,84,47,96,53,8,4,15,8,27,15,31,17,26,14,29,16,25,14,19,11,5,7,12,17,14,14,10,5,3,8,15,14,12,15,15,14
2017,6,100128878,283,137,48,146,52,21,7,28,10,33,12,29,10,48,17,28,10,46,16,50,18,11,12,16,18,28,14,20,18,10,16,17,11,20,14,26,32
2017,6,100128900,578,262,45,316,55,50,9,49,8,72,12,80,14,66,11,85,15,63,11,113,20,23,26,41,45,34,34,29,30,27,23,31,35,32,51,34,83
2017,6,100129236,104,55,53,49,47,11,11,9,9,9,9,19,18,8,8,12,12,18,17,18,17,7,5,5,11,4,7,10,6,4,4,4,8,4,5,8,12
2017,6,100129252,161,81,50,80,50,14,9,21,13,32,20,15,9,23,14,18,11,22,14,16,10,6,10,20,7,14,8,11,5,8,11,12,8,9,10,11,11
2017,6,100129533,257,117,46,140,54,9,4,14,5,37,14,38,15,22,9,48,19,41,16,48,19,6,6,16,25,12,21,17,14,3,8,21,13,10,27,24,34
2017,6,100129574,62,26,42,36,58,3,5,3,5,10,16,15,24,5,8,7,11,12,19,7,11,0,1,6,6,3,3,6,1,3,2,4,9,2,4,6,6
2017,6,100129605,59,25,42,34,58,3,5,5,8,5,8,7,12,4,7,11,19,12,20,12,20,0,2,2,3,2,8,5,3,3,3,3,4,2,3,7,9
2017,6,100129621,374,182,49,192,51,30,8,41,11,30,8,59,16,47,13,49,13,57,15,61,16,12,21,20,30,24,27,31,17,18,20,10,29,23,22,26,44
2017,6,100129701,215,98,46,117,54,18,8,20,9,33,15,35,16,22,10,32,15,31,14,24,11,6,9,14,18,15,14,15,7,12,11,19,17,7,18,16,17
2017,6,100129775,88,50,57,38,43,1,1,3,3,13,15,11,13,9,10,13,15,20,23,18,20,1,1,9,6,5,8,13,7,0,2,4,5,4,5,7,11
2017,6,100129871,149,61,41,88,59,16,11,8,5,12,8,22,15,23,15,18,12,18,12,32,21,6,3,6,8,13,11,6,8,10,5,6,14,10,7,12,24
2017,6,100129888,49,23,47,26,53,2,4,3,6,2,4,6,12,5,10,7,14,8,16,16,33,2,3,1,4,3,4,3,3,0,0,1,2,2,3,5,13
2017,6,100129896,131,64,49,67,51,4,3,6,5,19,15,24,18,16,12,24,18,16,12,22,17,1,3,12,16,7,12,6,7,3,3,7,8,9,12,10,15
2017,6,100129968,487,305,63,182,37,8,2,12,2,31,6,77,16,74,15,104,21,84,17,97,20,2,6,22,47,44,78,54,52,6,6,9,30,30,26,30,45
2017,6,100129984,221,102,46,119,54,10,5,12,5,33,15,37,17,17,8,41,19,45,20,26,12,7,4,16,23,4,17,24,7,3,8,17,14,13,24,21,19
2017,6,100130046,109,50,46,59,54,10,9,8,7,13,12,12,11,6,6,27,25,15,14,18,17,4,3,6,7,1,16,6,7,6,5,7,5,5,11,9,11
2017,6,100130101,68,31,46,37,54,3,4,3,4,8,12,10,15,6,9,11,16,15,22,12,18,1,0,4,6,3,6,7,4,2,3,4,4,3,5,8,8
2017,6,100130302,74,35,47,39,53,1,1,9,12,8,11,7,9,11,15,8,11,8,11,22,30,1,1,5,3,6,5,4,10,0,8,3,4,5,3,4,12
2017,6,100130310,229,113,49,116,51,9,4,17,7,18,8,28,12,26,11,49,21,31,14,51,22,5,12,7,19,15,25,12,18,4,5,11,9,11,24,19,33
2017,6,100130415,206,98,48,108,52,14,7,25,12,26,13,34,17,23,11,35,17,19,9,30,15,6,14,14,20,11,15,9,9,8,11,12,14,12,20,10,21
2017,6,100130665,71,37,52,34,48,7,10,5,7,7,10,17,24,5,7,10,14,11,15,9,13,2,4,6,9,2,6,6,2,5,1,1,8,3,4,5,7
2017,6,100130946,294,132,45,162,55,27,9,21,7,37,13,45,15,39,13,31,11,45,15,49,17,11,9,16,23,22,12,20,19,16,12,21,22,17,19,25,30
2017,6,100131466,240,109,45,131,55,30,13,18,8,31,13,31,13,33,14,14,6,40,17,43,18,17,9,13,14,13,6,23,14,13,9,18,17,20,8,17,29
2017,6,100131554,81,39,48,42,52,7,9,1,1,11,14,11,14,8,10,7,9,19,23,17,21,4,0,7,5,5,3,9,6,3,1,4,6,3,4,10,11
2017,6,100131562,93,42,45,51,55,5,5,3,3,20,22,2,2,7,8,21,23,15,16,20,22,1,1,8,0,5,11,9,7,4,2,12,2,2,10,6,13
2017,6,100131810,321,156,49,165,51,23,7,25,8,48,15,45,14,36,11,56,17,56,17,32,10,11,13,23,27,16,28,29,9,12,12,25,18,20,28,27,23
2017,6,100132113,174,86,49,88,51,6,3,11,6,26,15,20,11,24,14,24,14,29,17,34,20,4,9,14,11,14,13,11,10,2,2,12,9,10,11,18,24
2017,6,100132170,82,37,45,45,55,2,2,8,10,17,21,2,2,16,20,9,11,9,11,19,23,0,3,10,0,8,4,3,9,2,5,7,2,8,5,6,10
2017,6,100132242,60,33,55,27,45,3,5,1,2,7,12,9,15,10,17,6,10,17,28,7,12,0,1,3,9,6,3,10,1,3,0,4,0,4,3,7,6
2017,6,100132322,1381,642,46,739,54,114,8,117,8,133,10,206,15,182,13,218,16,229,17,182,13,56,68,72,98,89,104,99,56,58,49,61,108,93,114,130,126
2017,6,100132363,156,81,52,75,48,6,4,18,12,13,8,25,16,17,11,23,15,30,19,24,15,5,8,7,15,6,12,19,9,1,10,6,10,11,11,11,15
2017,6,100132443,553,282,51,271,49,58,10,59,11,66,12,70,13,66,12,77,14,74,13,83,15,35,34,42,45,31,38,31,26,23,25,24,25,35,39,43,57
2017,6,100132597,166,79,48,87,52,13,8,8,5,13,8,32,19,18,11,25,15,27,16,30,18,7,5,6,16,9,11,14,11,6,3,7,16,9,14,13,19
2017,6,100133180,69,35,51,34,49,7,10,7,10,7,10,7,10,6,9,12,17,12,17,11,16,3,6,5,4,4,7,3,3,4,1,2,3,2,5,9,8
2017,6,100133285,68,36,53,32,47,10,15,7,10,4,6,12,18,9,13,9,13,8,12,9,13,9,2,1,6,6,5,4,3,1,5,3,6,3,4,4,6
2017,6,100133293,250,116,46,134,54,23,9,36,14,35,14,43,17,26,10,26,10,29,12,32,13,10,20,19,17,13,12,14,11,13,16,16,26,13,14,15,21
2017,6,100133638,220,113,51,107,49,21,10,14,6,41,19,30,14,27,12,35,16,28,13,24,11,10,6,25,20,15,15,14,8,11,8,16,10,12,20,14,16
2017,6,100133742,51,20,39,31,61,1,2,1,2,5,10,5,10,3,6,10,20,10,20,16,31,1,0,2,4,1,4,4,4,0,1,3,1,2,6,6,12
2017,6,100133750,344,162,47,182,53,26,8,26,8,51,15,56,16,29,8,55,16,48,14,53,15,16,15,27,31,16,20,22,15,10,11,24,25,13,35,26,38
2017,6,100134061,98,50,51,48,49,6,6,9,9,12,12,17,17,14,14,15,15,10,10,15,15,2,5,8,10,5,7,5,8,4,4,4,7,9,8,5,7
2017,6,100134270,268,133,50,135,50,8,3,16,6,30,11,41,15,27,10,36,13,55,21,55,21,4,8,21,22,17,15,26,20,4,8,9,19,10,21,29,35
2017,6,100134672,234,116,50,118,50,5,2,16,7,34,15,16,7,29,12,54,23,31,13,49,21,5,10,15,9,16,30,17,14,0,6,19,7,13,24,14,35
2017,6,100135014,58,31,53,27,47,5,9,4,7,6,10,9,16,13,22,6,10,5,9,10,17,3,3,3,6,8,2,3,3,2,1,3,3,5,4,2,7
2017,6,100135127,269,120,45,149,55,18,7,22,8,35,13,32,12,35,13,43,16,40,15,44,16,9,12,19,16,14,22,17,11,9,10,16,16,21,21,23,33
2017,6,100135561,148,72,49,76,51,4,3,8,5,17,11,21,14,16,11,32,22,25,17,25,17,2,3,12,14,7,16,10,8,2,5,5,7,9,16,15,17
2017,6,100135738,162,78,48,84,52,5,3,10,6,16,10,21,13,15,9,31,19,40,25,24,15,1,6,7,14,6,19,17,8,4,4,9,7,9,12,23,16
2017,6,100135746,54,33,61,21,39,5,9,6,11,6,11,6,11,2,4,8,15,9,17,12,22,3,4,5,5,1,5,6,4,2,2,1,1,1,3,3,8
2017,6,100136186,162,72,44,90,56,6,4,11,7,23,14,15,9,18,11,24,15,33,20,32,20,3,5,12,8,8,11,16,9,3,6,11,7,10,13,17,23
2017,6,100136233,116,51,44,65,56,9,8,8,7,15,13,15,13,12,10,20,17,23,20,14,12,3,5,7,6,7,7,9,7,6,3,8,9,5,13,14,7
2017,6,100136602,277,144,52,133,48,14,5,18,6,28,10,36,13,22,8,42,15,48,17,69,25,11,12,13,21,14,20,25,28,3,6,15,15,8,22,23,41
2017,6,100137155,142,64,45,78,55,6,4,9,6,11,8,5,4,11,8,22,15,39,27,39,27,5,7,3,2,6,9,16,16,1,2,8,3,5,13,23,23
2017,6,100137372,32,17,53,15,47,0,0,4,13,2,6,2,6,3,9,11,34,0,0,10,31,0,2,1,1,2,8,0,3,0,2,1,1,1,3,0,7
2017,6,100137653,535,245,46,290,54,26,5,37,7,48,9,44,8,45,8,92,17,98,18,145,27,9,23,27,26,22,46,45,47,17,14,21,18,23,46,53,98
2017,6,100138028,251,109,43,142,57,12,5,11,4,31,12,34,14,25,10,40,16,47,19,51,20,6,4,16,19,14,14,22,14,6,7,15,15,11,26,25,37
2017,6,100138663,197,98,50,99,50,8,4,23,12,16,8,37,19,20,10,26,13,42,21,25,13,5,9,11,23,10,11,22,7,3,14,5,14,10,15,20,18
2017,6,100138872,36,19,53,17,47,2,6,0,0,8,22,3,8,2,6,7,19,9,25,5,14,1,0,3,2,1,5,6,1,1,0,5,1,1,2,3,4
2017,6,100139005,152,77,51,75,49,6,4,13,9,15,10,17,11,19,13,30,20,25,16,27,18,3,5,11,8,12,13,16,9,3,8,4,9,7,17,9,18
2017,6,100139062,236,115,49,121,51,8,3,16,7,27,11,35,15,25,11,44,19,43,18,38,16,3,6,12,21,15,19,26,13,5,10,15,14,10,25,17,25
2017,6,100140040,181,87,48,94,52,10,6,10,6,18,10,20,11,13,7,39,22,28,15,43,24,7,7,9,9,8,19,13,15,3,3,9,11,5,20,15,28
2017,6,100140313,138,67,49,71,51,9,7,11,8,20,14,22,16,16,12,15,11,28,20,17,12,2,5,16,12,8,4,14,6,7,6,4,10,8,11,14,11
2017,6,100140651,27,18,67,9,33,0,0,2,7,0,0,3,11,5,19,5,19,7,26,5,19,0,2,0,3,4,4,3,2,0,0,0,0,1,1,4,3
2017,6,100140723,61,33,54,28,46,5,8,6,10,10,16,8,13,9,15,11,18,7,11,5,8,2,3,6,6,6,6,1,3,3,3,4,2,3,5,6,2
2017,6,100140860,99,47,47,52,53,3,3,5,5,6,6,11,11,12,12,10,10,26,26,26,26,1,2,4,7,5,8,10,10,2,3,2,4,7,2,16,16
2017,6,100140940,80,41,51,39,49,2,3,2,3,2,3,15,19,9,11,12,15,24,30,14,18,1,0,1,10,7,5,14,3,1,2,1,5,2,7,10,11
2017,6,100141188,268,127,47,141,53,8,3,21,8,42,16,33,12,20,7,55,21,45,17,44,16,3,12,22,18,11,24,24,13,5,9,20,15,9,31,21,31
2017,6,100141202,150,73,49,77,51,7,5,9,6,13,9,16,11,7,5,19,13,24,16,55,37,4,4,8,6,5,8,18,20,3,5,5,10,2,11,6,35
2017,6,100141645,162,73,45,89,55,14,9,14,9,18,11,21,13,14,9,30,19,28,17,23,14,8,7,9,8,8,10,16,7,6,7,9,13,6,20,12,16
2017,6,100142325,204,85,42,119,58,10,5,11,5,33,16,22,11,16,8,35,17,32,16,45,22,6,4,14,12,5,17,14,13,4,7,19,10,11,18,18,32
2017,6,100142671,281,136,48,145,52,23,8,20,7,28,10,32,11,36,13,41,15,59,21,42,15,14,9,14,20,18,19,31,11,9,11,14,12,18,22,28,31
2017,6,100143038,166,90,54,76,46,3,2,12,7,22,13,20,12,20,12,28,17,26,16,35,21,3,8,14,15,9,15,13,13,0,4,8,5,11,13,13,22
2017,6,100143528,24,15,63,9,38,2,8,2,8,1,4,4,17,0,0,3,13,4,17,8,33,2,2,1,2,0,2,2,4,0,0,0,2,0,1,2,4
2017,6,100143560,370,165,45,205,55,16,4,31,8,53,14,29,8,39,11,73,20,49,13,80,22,7,13,25,14,21,34,18,33,9,18,28,15,18,39,31,47
2017,6,100143616,91,42,46,49,54,3,3,10,11,11,12,6,7,16,18,10,11,10,11,25,27,1,5,8,1,9,5,4,9,2,5,3,5,7,5,6,16
2017,6,100143681,69,32,46,37,54,3,4,6,9,5,7,6,9,10,14,11,16,12,17,16,23,1,0,3,5,5,7,3,8,2,6,2,1,5,4,9,8
2017,6,100143720,49,21,43,28,57,0,0,3,6,8,16,4,8,9,18,11,22,8,16,6,12,0,1,4,1,6,4,4,1,0,2,4,3,3,7,4,5
2017,6,100143817,254,119,47,135,53,31,12,36,14,30,12,39,15,29,11,28,11,33,13,28,11,19,13,13,22,14,14,15,9,12,23,17,17,15,14,18,19
2017,6,100143841,37,19,51,18,49,1,3,0,0,3,8,4,11,4,11,7,19,9,24,9,24,0,0,1,4,3,4,5,2,1,0,2,0,1,3,4,7
2017,6,100143874,169,83,49,86,51,15,9,19,11,20,12,27,16,30,18,22,13,16,9,20,12,6,9,10,15,17,10,8,8,9,10,10,12,13,12,8,12
2017,6,100143890,92,42,46,50,54,5,5,11,12,15,16,10,11,12,13,12,13,8,9,19,21,4,6,5,5,6,5,6,5,1,5,10,5,6,7,2,14
2017,6,100143962,42,25,60,17,40,3,7,3,7,2,5,3,7,6,14,7,17,5,12,13,31,1,2,1,3,5,5,2,6,2,1,1,0,1,2,3,7
2017,6,100143987,676,296,44,380,56,45,7,35,5,81,12,89,13,64,9,95,14,123,18,144,21,24,16,37,45,34,49,46,45,21,19,44,44,30,46,77,99
2017,6,100144015,381,165,43,216,57,32,8,33,9,49,13,54,14,33,9,61,16,58,15,61,16,14,15,20,28,21,23,25,19,18,18,29,26,12,38,33,42
2017,6,100144056,137,69,50,68,50,8,6,3,2,14,10,17,12,15,11,31,23,22,16,27,20,4,1,9,11,8,16,10,10,4,2,5,6,7,15,12,17
2017,6,100144064,51,28,55,23,45,1,2,2,4,11,22,7,14,7,14,12,24,2,4,9,18,1,2,6,5,4,5,1,4,0,0,5,2,3,7,1,5
2017,6,100144103,83,45,54,38,46,8,10,7,8,12,14,19,23,4,5,9,11,14,17,10,12,4,3,9,12,3,4,6,4,4,4,3,7,1,5,8,6
2017,6,100144185,323,154,48,169,52,22,7,27,8,42,13,37,11,37,11,45,14,43,13,70,22,12,15,21,17,21,23,21,24,10,12,21,20,16,22,22,46
2017,6,100144232,233,106,45,127,55,18,8,21,9,31,13,38,16,24,10,28,12,30,13,43,18,12,7,15,21,15,13,16,7,6,14,16,17,9,15,14,36
2017,6,100144257,869,406,47,463,53,68,8,93,11,95,11,137,16,123,14,93,11,122,14,138,16,33,50,47,75,60,43,54,44,35,43,48,62,63,50,68,94
2017,6,100144304,195,92,47,103,53,19,10,12,6,42,22,21,11,22,11,28,14,29,15,22,11,10,7,17,13,11,15,13,6,9,5,25,8,11,13,16,16
2017,6,100144320,200,92,46,108,54,11,6,19,10,25,13,30,15,21,11,28,14,30,15,36,18,2,8,11,21,8,13,14,15,9,11,14,9,13,15,16,21
2017,6,100144337,62,25,40,37,60,3,5,9,15,9,15,10,16,2,3,9,15,13,21,7,11,0,3,4,5,0,5,6,2,3,6,5,5,2,4,7,5
2017,6,100144345,27,14,52,13,48,0,0,3,11,2,7,4,15,3,11,4,15,2,7,9,33,0,2,2,2,2,2,1,3,0,1,0,2,1,2,1,6
2017,6,100144353,29,10,34,19,66,1,3,1,3,1,3,2,7,0,0,6,21,4,14,14,48,0,1,0,1,0,4,1,3,1,0,1,1,0,2,3,11
2017,6,100144378,322,161,50,161,50,14,4,42,13,44,14,54,17,32,10,39,12,55,17,42,13,6,24,26,34,14,20,24,13,8,18,18,20,18,19,31,29
2017,6,100144417,40,20,50,20,50,2,5,4,10,2,5,7,18,3,8,8,20,6,15,8,20,1,2,1,4,2,4,4,2,1,2,1,3,1,4,2,6
2017,6,100144425,35,11,31,24,69,1,3,4,11,9,26,4,11,6,17,5,14,1,3,5,14,1,0,3,1,3,2,0,1,0,4,6,3,3,3,1,4
2017,6,100144433,75,31,41,44,59,3,4,13,17,10,13,9,12,10,13,8,11,12,16,10,13,3,7,2,5,3,5,4,2,0,6,8,4,7,3,8,8
2017,6,100144458,214,103,48,111,52,21,10,22,10,17,8,35,16,30,14,20,9,33,15,36,17,9,11,8,18,18,9,17,13,12,11,9,17,12,11,16,23
2017,6,100144513,422,205,49,217,51,33,8,35,8,56,13,76,18,56,13,51,12,66,16,49,12,17,19,32,43,29,25,30,10,16,16,24,33,27,26,36,39
2017,6,100144521,167,85,51,82,49,12,7,8,5,17,10,24,14,18,11,23,14,33,20,32,19,7,5,9,15,10,7,18,14,5,3,8,9,8,16,15,18
2017,6,100144546,28,13,46,15,54,3,11,2,7,4,14,6,21,2,7,0,0,4,14,7,25,1,1,3,5,0,0,1,2,2,1,1,1,2,0,3,5
2017,6,100144562,155,75,48,80,52,3,2,10,6,25,16,21,14,14,9,31,20,25,16,26,17,2,3,15,12,8,15,14,6,1,7,10,9,6,16,11,20
2017,6,100144595,41,19,46,22,54,2,5,5,12,8,20,4,10,2,5,1,2,7,17,12,29,0,3,5,2,2,1,3,3,2,2,3,2,0,0,4,9
2017,6,100144642,293,130,44,163,56,20,7,18,6,33,11,31,11,29,10,46,16,47,16,69,24,10,8,17,18,13,22,20,22,10,10,16,13,16,24,27,47
2017,6,100144683,359,168,47,191,53,12,3,23,6,51,14,39,11,48,13,49,14,44,12,93,26,4,9,34,22,28,27,15,29,8,14,17,17,20,22,29,64
2017,6,100144810,346,169,49,177,51,24,7,41,12,44,13,50,14,38,11,50,14,41,12,58,17,14,27,20,22,17,29,19,21,10,14,24,28,21,21,22,37
2017,6,100144827,54,25,46,29,54,5,9,5,9,9,17,7,13,8,15,4,7,6,11,10,19,2,1,7,3,4,2,2,4,3,4,2,4,4,2,4,6
2017,6,100144843,348,158,45,190,55,21,6,31,9,51,15,46,13,47,14,51,15,57,16,44,13,11,10,24,25,26,24,20,18,10,21,27,21,21,27,37,26
2017,6,100144907,286,131,46,155,54,20,7,27,9,31,11,52,18,29,10,43,15,37,13,47,16,13,13,10,27,13,19,20,16,7,14,21,25,16,24,17,31
2017,6,100144972,144,68,47,76,53,8,6,17,12,19,13,27,19,15,10,17,12,14,10,27,19,3,8,9,16,7,6,6,13,5,9,10,11,8,11,8,14
2017,6,100145025,285,141,49,144,51,18,6,30,11,45,16,48,17,34,12,37,13,36,13,37,13,11,14,25,30,18,14,16,13,7,16,20,18,16,23,20,24
2017,6,100145066,475,225,47,250,53,38,8,54,11,60,13,80,17,56,12,67,14,60,13,60,13,24,26,32,41,27,31,27,17,14,28,28,39,29,36,33,43
2017,6,100145154,132,61,46,71,54,9,7,15,11,23,17,14,11,17,13,12,9,18,14,24,18,3,6,13,8,8,6,9,8,6,9,10,6,9,6,9,16
2017,6,100145250,255,118,46,137,54,20,8,31,12,35,14,31,12,30,12,35,14,34,13,39,15,10,14,15,20,13,17,15,14,10,17,20,11,17,18,19,25
2017,6,100145267,92,45,49,47,51,6,7,12,13,10,11,9,10,6,7,13,14,14,15,22,24,4,7,5,5,2,6,8,8,2,5,5,4,4,7,6,14
2017,6,100145275,162,75,46,87,54,7,4,12,7,27,17,15,9,19,12,25,15,21,13,36,22,3,5,14,10,8,14,10,11,4,7,13,5,11,11,11,25
2017,6,100145283,173,76,44,97,56,18,10,18,10,21,12,20,12,20,12,14,8,31,18,31,18,8,6,9,7,10,7,17,12,10,12,12,13,10,7,14,19
2017,6,100145291,55,25,45,30,55,8,15,4,7,2,4,9,16,5,9,6,11,11,20,10,18,1,0,2,7,2,4,4,5,7,4,0,2,3,2,7,5
2017,6,100145330,434,192,44,242,56,34,8,27,6,54,12,56,13,51,12,63,15,73,17,76,18,12,18,26,33,31,25,30,17,22,9,28,23,20,38,43,59
2017,6,100145347,218,110,50,108,50,18,8,23,11,22,10,39,18,20,9,34,16,37,17,25,11,8,14,13,21,10,17,19,8,10,9,9,18,10,17,18,17
2017,6,100145363,32,17,53,15,47,0,0,1,3,7,22,1,3,3,9,10,31,4,13,6,19,0,0,3,1,2,6,3,2,0,1,4,0,1,4,1,4
2017,6,100145402,205,104,51,101,49,17,8,17,8,26,13,23,11,20,10,42,20,25,12,35,17,8,11,11,16,12,20,13,13,9,6,15,7,8,22,12,22
2017,6,100145451,25,13,52,12,48,0,0,0,0,3,12,1,4,4,16,5,20,3,12,9,36,0,0,2,0,4,3,1,3,0,0,1,1,0,2,2,6
2017,6,100145468,30,13,43,17,57,5,17,6,20,1,3,3,10,4,13,3,10,4,13,4,13,1,3,0,1,3,2,2,1,4,3,1,2,1,1,2,3
2017,6,100145484,240,122,51,118,49,11,5,12,5,22,9,41,17,18,8,47,20,34,14,55,23,6,9,15,23,9,24,17,19,5,3,7,18,9,23,17,36
2017,6,100145531,204,96,47,108,53,13,6,13,6,30,15,33,16,20,10,31,15,31,15,33,16,5,8,20,13,11,17,14,8,8,5,10,20,9,14,17,25
2017,6,100145597,257,127,49,130,51,22,9,29,11,39,15,33,13,35,14,33,13,29,11,37,14,10,19,21,17,20,16,12,12,12,10,18,16,15,17,17,25
2017,6,100145603,18,9,50,9,50,0,0,0,0,2,11,2,11,4,22,3,17,1,6,6,33,0,0,0,2,3,2,0,2,0,0,2,0,1,1,1,4
2017,6,100145636,102,51,50,51,50,0,0,0,0,0,0,6,6,21,21,18,18,30,29,27,26,0,0,0,3,12,11,16,9,0,0,0,3,9,7,14,18
2017,6,100145740,252,114,45,138,55,13,5,17,7,31,12,18,7,29,12,38,15,41,16,65,26,5,11,12,12,15,21,20,18,8,6,19,6,14,17,21,47
2017,6,100145757,461,205,44,256,56,32,7,57,12,62,13,49,11,58,13,38,8,65,14,100,22,19,31,30,24,28,16,30,27,13,26,32,25,30,22,35,73
2017,6,100145781,62,29,47,33,53,6,10,4,6,12,19,4,6,10,16,5,8,12,19,9,15,2,4,6,1,5,3,5,3,4,0,6,3,5,2,7,6
2017,6,100145798,242,113,47,129,53,18,7,35,14,29,12,28,12,39,16,27,11,34,14,32,13,11,16,19,14,17,14,12,10,7,19,10,14,22,13,22,22
2017,6,100145820,36,20,56,16,44,0,0,2,6,2,6,4,11,5,14,8,22,5,14,10,28,0,0,2,4,4,5,2,3,0,2,0,0,1,3,3,7
2017,6,100145837,248,121,49,127,51,24,10,27,11,27,11,37,15,24,10,30,12,41,17,38,15,11,17,16,18,14,15,20,10,13,10,11,19,10,15,21,28
2017,6,100145878,37,17,46,20,54,2,5,2,5,2,5,3,8,2,5,11,30,7,19,8,22,0,1,2,2,1,3,6,2,2,1,0,1,1,8,1,6
2017,6,100145900,32,14,44,18,56,4,13,5,16,2,6,6,19,1,3,3,9,5,16,6,19,2,1,1,3,0,2,3,2,2,4,1,3,1,1,2,4
2017,6,100145933,532,241,45,291,55,38,7,51,10,74,14,66,12,59,11,57,11,91,17,96,18,21,25,31,36,29,28,36,35,17,26,43,30,30,29,55,61
2017,6,100145958,122,65,53,57,47,0,0,0,0,0,0,1,1,3,2,7,6,17,14,94,77,0,0,0,1,2,4,16,42,0,0,0,0,1,3,1,52
2017,6,100145966,76,41,54,35,46,4,5,11,14,12,16,12,16,5,7,8,11,7,9,17,22,2,6,10,7,2,2,4,8,2,5,2,5,3,6,3,9
2017,6,100146002,25,16,64,9,36,1,4,4,16,6,24,4,16,2,8,1,4,3,12,4,16,1,3,5,2,1,0,2,2,0,1,1,2,1,1,1,2
2017,6,100146010,26,12,46,14,54,2,8,2,8,1,4,2,8,3,12,2,8,4,15,10,38,2,0,1,1,3,1,2,2,0,2,0,1,0,1,2,8
2017,6,100146027,73,39,53,34,47,4,5,9,12,10,14,9,12,7,10,8,11,10,14,16,22,2,5,6,4,4,4,4,10,2,4,4,5,3,4,6,6
2017,6,100146043,84,48,57,36,43,2,2,1,1,2,2,11,13,7,8,11,13,11,13,39,46,2,1,1,6,4,6,7,21,0,0,1,5,3,5,4,18
2017,6,100146084,441,220,50,221,50,36,8,44,10,47,11,79,18,61,14,53,12,63,14,58,13,19,25,26,42,37,26,24,21,17,19,21,37,24,27,39,37
2017,6,100146115,30,20,67,10,33,2,7,1,3,8,27,6,20,2,7,4,13,1,3,6,20,1,1,6,5,0,2,1,4,1,0,2,1,2,2,0,2
2017,6,100146156,77,39,51,38,49,1,1,3,4,5,6,8,10,8,10,17,22,15,19,20,26,1,1,2,3,7,10,11,4,0,2,3,5,1,7,4,16
2017,6,100146172,1026,474,46,552,54,72,7,89,9,120,12,137,13,130,13,152,15,139,14,187,18,42,48,55,76,60,68,65,60,30,41,65,61,70,84,74,127
2017,6,100146197,66,33,50,33,50,3,5,5,8,8,12,13,20,7,11,5,8,9,14,16,24,1,3,5,7,4,3,4,6,2,2,3,6,3,2,5,10
2017,6,100146211,307,151,49,156,51,15,5,34,11,38,12,41,13,31,10,55,18,31,10,62,20,6,16,25,21,15,29,17,22,9,18,13,20,16,26,14,40
2017,6,100146285,216,114,53,102,47,5,2,23,11,21,10,26,12,32,15,36,17,23,11,50,23,2,13,11,17,20,19,12,20,3,10,10,9,12,17,11,30
2017,6,100146308,111,59,53,52,47,0,0,4,4,10,9,14,13,9,8,12,11,23,21,39,35,0,2,6,9,6,6,13,17,0,2,4,5,3,6,10,22
2017,6,100146340,79,39,49,40,51,3,4,6,8,10,13,9,11,10,13,11,14,11,14,19,24,1,2,7,4,7,5,3,10,2,4,3,5,3,6,8,9
2017,6,100146381,240,107,45,133,55,19,8,25,10,20,8,42,18,28,12,33,14,30,13,43,18,13,14,6,21,13,13,11,16,6,11,14,21,15,20,19,27
2017,6,100146478,64,37,58,27,42,4,6,8,13,7,11,9,14,9,14,8,13,9,14,10,16,3,4,5,4,5,4,6,6,1,4,2,5,4,4,3,4
2017,6,100146500,87,45,52,42,48,5,6,9,10,9,10,5,6,12,14,12,14,14,16,21,24,3,7,5,2,4,6,9,9,2,2,4,3,8,6,5,12
2017,6,100146517,57,32,56,25,44,3,5,9,16,10,18,7,12,7,12,6,11,8,14,7,12,2,6,4,6,3,4,5,2,1,3,6,1,4,2,3,5
2017,6,100146525,30,15,50,15,50,1,3,4,13,4,13,1,3,5,17,2,7,4,13,9,30,0,1,4,1,2,2,2,3,1,3,0,0,3,0,2,6
2017,6,100146590,491,232,47,259,53,34,7,34,7,53,11,55,11,39,8,78,16,58,12,140,29,19,18,34,28,22,36,29,46,15,16,19,27,17,42,29,94
2017,6,100146718,5,,,,,,,,,,,,,,,,,,,,,,,,,,,,,,,,,,,,
2017,6,100146734,77,38,49,39,51,6,8,4,5,11,14,12,16,12,16,8,10,13,17,11,14,3,3,5,7,7,4,6,3,3,1,6,5,5,4,7,8
2017,6,100146767,20,10,50,10,50,2,10,0,0,1,5,2,10,2,10,4,20,4,20,5,25,1,0,0,1,1,2,3,2,1,0,1,1,1,2,1,3
2017,6,100146783,56,23,41,33,59,7,13,6,11,8,14,7,13,5,9,13,23,3,5,7,13,3,0,3,4,3,7,1,2,4,6,5,3,2,6,2,5
2017,6,100146791,5,,,,,,,,,,,,,,,,,,,,,,,,,,,,,,,,,,,,
2017,6,100146814,26,16,62,10,38,2,8,2,8,4,15,5,19,1,4,3,12,2,8,7,27,1,2,4,3,0,2,2,2,1,0,0,2,1,1,0,5
2017,6,100146902,388,171,44,217,56,33,9,33,9,34,9,57,15,59,15,54,14,43,11,75,19,13,18,18,31,32,19,20,20,20,15,16,26,27,35,23,55
2017,6,100146943,1601,743,46,858,54,115,7,146,9,186,12,194,12,197,12,201,13,185,12,377,24,61,74,94,102,105,102,76,129,54,72,92,92,92,99,109,248
2017,6,100147061,131,62,47,69,53,16,12,17,13,13,10,20,15,12,9,9,7,14,11,30,23,8,6,9,8,9,5,8,9,8,11,4,12,3,4,6,21
2017,6,100147086,211,111,53,100,47,15,7,12,6,19,9,30,14,24,11,36,17,33,16,42,20,11,6,8,18,16,19,17,16,4,6,11,12,8,17,16,26
2017,6,100147094,314,154,49,160,51,27,9,24,8,25,8,62,20,33,11,41,13,57,18,45,14,15,13,14,29,20,18,26,19,12,11,11,33,13,23,31,26
2017,6,100147100,150,64,43,86,57,11,7,16,11,8,5,18,12,12,8,21,14,23,15,41,27,5,7,2,9,6,12,9,14,6,9,6,9,6,9,14,27
2017,6,100147125,98,52,53,46,47,8,8,12,12,11,11,16,16,7,7,18,18,11,11,15,15,5,8,5,10,4,10,8,2,3,4,6,6,3,8,3,13
2017,6,100147141,122,57,47,65,53,14,11,7,6,15,12,14,11,11,9,18,15,20,16,23,19,3,6,8,9,6,8,9,8,11,1,7,5,5,10,11,15
2017,6,100147158,87,40,46,47,54,8,9,7,8,13,15,14,16,11,13,11,13,8,9,15,17,4,4,6,9,8,5,1,3,4,3,7,5,3,6,7,12
2017,6,100147166,49,23,47,26,53,2,4,6,12,2,4,7,14,6,12,7,14,7,14,12,24,1,5,2,4,2,3,4,2,1,1,0,3,4,4,3,10
2017,6,100147205,244,115,47,129,53,16,7,17,7,26,11,34,14,27,11,33,14,42,17,49,20,9,7,13,19,16,14,21,16,7,10,13,15,11,19,21,33
2017,6,100147262,117,48,41,69,59,4,3,7,6,17,15,23,20,6,5,19,16,22,19,19,16,3,2,6,13,2,8,11,3,1,5,11,10,4,11,11,16
2017,6,100147287,44,21,48,23,52,4,9,3,7,7,16,2,5,6,14,6,14,6,14,10,23,1,1,5,2,2,3,4,3,3,2,2,0,4,3,2,7
2017,6,100147326,61,32,52,29,48,7,11,2,3,6,10,7,11,8,13,7,11,10,16,14,23,3,2,4,5,4,5,4,5,4,0,2,2,4,2,6,9
2017,6,100147334,283,140,49,143,51,27,10,17,6,36,13,42,15,32,11,41,14,31,11,57,20,15,7,22,21,17,22,15,21,12,10,14,21,15,19,16,36
2017,6,100147367,176,88,50,88,50,12,7,19,11,33,19,27,15,12,7,30,17,17,10,26,15,7,11,24,16,3,11,7,9,5,8,9,11,9,19,10,17
2017,6,100147391,233,119,51,114,49,18,8,23,10,18,8,29,12,34,15,25,11,41,18,45,19,12,17,9,14,21,12,22,12,6,6,9,15,13,13,19,33
2017,6,100147406,53,26,49,27,51,3,6,3,6,7,13,5,9,6,11,9,17,9,17,11,21,1,3,3,2,4,4,5,4,2,0,4,3,2,5,4,7
2017,6,100147471,121,59,49,62,51,11,9,6,5,15,12,13,11,22,18,16,13,15,12,23,19,3,1,11,5,15,11,6,7,8,5,4,8,7,5,9,16
2017,6,100147488,567,273,48,294,52,50,9,41,7,63,11,92,16,85,15,69,12,82,14,85,15,26,21,33,44,46,34,37,32,24,20,30,48,39,35,45,53
2017,6,100147568,128,61,48,67,52,7,5,6,5,18,14,17,13,12,9,19,15,24,19,25,20,4,4,6,10,5,12,10,10,3,2,12,7,7,7,14,15
2017,6,100147584,39,19,49,20,51,1,3,6,15,4,10,3,8,6,15,4,10,3,8,12,31,1,6,0,0,3,3,0,6,0,0,4,3,3,1,3,6
2017,6,100147592,280,121,43,159,57,14,5,16,6,16,6,50,18,26,9,46,16,42,15,70,25,4,6,8,27,16,19,19,22,10,10,8,23,10,27,23,48
2017,6,100147648,270,135,50,135,50,8,3,15,6,23,9,33,12,27,10,42,16,48,18,74,27,5,8,14,16,15,19,30,28,3,7,9,17,12,23,18,46
2017,6,100147672,693,349,50,344,50,64,9,67,10,67,10,104,15,96,14,81,12,86,12,128,18,29,40,36,54,55,39,43,53,35,27,31,50,41,42,43,75
2017,6,100147697,312,165,53,147,47,19,6,31,10,38,12,54,17,45,14,57,18,32,10,36,12,10,18,20,36,21,29,15,16,9,13,18,18,24,28,17,20
2017,6,100147703,41,23,56,18,44,1,2,3,7,6,15,9,22,8,20,3,7,5,12,6,15,1,3,3,6,5,0,3,2,0,0,3,3,3,3,2,4
2017,6,100147777,207,97,47,110,53,16,8,19,9,19,9,36,17,15,7,29,14,37,18,36,17,9,9,9,22,7,10,20,11,7,10,10,14,8,19,17,25
2017,6,100147785,44,24,55,20,45,1,2,6,14,0,0,8,18,6,14,4,9,10,23,9,20,0,2,0,6,3,3,7,3,1,4,0,2,3,1,3,6
2017,6,100147808,356,168,47,188,53,20,6,27,8,45,13,62,17,45,13,45,13,69,19,43,12,12,10,23,35,24,20,33,11,8,17,22,27,21,25,36,32
2017,6,100147824,5,,,,,,,,,,,,,,,,,,,,,,,,,,,,,,,,,,,,
2017,6,100147898,164,80,49,84,51,12,7,12,7,18,11,23,14,17,10,25,15,24,15,33,20,5,8,12,11,9,12,9,14,7,4,6,12,8,13,15,19
2017,6,100147920,187,96,51,91,49,9,5,15,8,24,13,28,15,32,17,26,14,18,10,35,19,5,10,13,14,23,12,5,14,4,5,11,14,9,14,13,21
2017,6,100147961,125,62,50,63,50,2,2,6,5,5,4,16,13,14,11,17,14,21,17,44,35,1,2,1,11,11,5,17,14,1,4,4,5,3,12,4,30
2017,6,100147994,68,37,54,31,46,5,7,9,13,11,16,11,16,6,9,9,13,9,13,8,12,3,5,6,7,3,4,6,3,2,4,5,4,3,5,3,5
2017,6,100148006,91,47,52,44,48,6,7,6,7,7,8,11,12,8,9,16,18,12,13,25,27,2,2,4,5,3,9,10,12,4,4,3,6,5,7,2,13
2017,6,100148014,278,147,53,131,47,16,6,17,6,28,10,42,15,34,12,39,14,38,14,64,23,11,12,21,23,20,20,20,20,5,5,7,19,14,19,18,44
2017,6,100148088,446,226,51,220,49,20,4,47,11,26,6,44,10,57,13,58,13,66,15,128,29,13,29,12,22,32,33,36,49,7,18,14,22,25,25,30,79
2017,6,100148110,477,214,45,263,55,34,7,37,8,57,12,58,12,49,10,63,13,50,10,129,27,16,18,32,28,23,29,27,41,18,19,25,30,26,34,23,88
2017,6,100148207,35,16,46,19,54,1,3,5,14,3,9,6,17,2,6,9,26,5,14,4,11,0,3,1,4,1,4,2,1,1,2,2,2,1,5,3,3
2017,6,100148215,132,54,41,78,59,9,7,9,7,14,11,15,11,19,14,19,14,20,15,27,20,4,3,6,6,9,8,9,9,5,6,8,9,10,11,11,18
2017,6,100148223,277,136,49,141,51,18,6,24,9,30,11,36,13,40,14,36,13,43,16,50,18,14,13,13,24,24,16,17,15,4,11,17,12,16,20,26,35
2017,6,100148248,21,11,52,10,48,3,14,1,5,2,10,3,14,0,0,5,24,5,24,2,10,3,0,1,1,0,3,3,0,0,1,1,2,0,2,2,2
2017,6,100148256,70,36,51,34,49,5,7,8,11,11,16,10,14,4,6,9,13,11,16,12,17,4,4,7,8,1,5,2,5,1,4,4,2,3,4,9,7
2017,6,100148264,457,207,45,250,55,30,7,33,7,51,11,70,15,45,10,69,15,66,14,93,20,16,16,23,40,25,30,27,30,14,17,28,30,20,39,39,63
2017,6,100148303,13,9,69,4,31,0,0,1,8,3,23,1,8,3,23,4,31,1,8,0,0,0,1,1,1,2,3,1,0,0,0,2,0,1,1,0,0
2017,6,100148481,144,67,47,77,53,15,10,8,6,14,10,22,15,11,8,34,24,16,11,24,17,6,5,5,13,6,18,7,7,9,3,9,9,5,16,9,17
2017,6,100148795,220,100,45,120,55,13,6,17,8,37,17,29,13,33,15,32,15,20,9,39,18,6,8,18,17,16,16,7,12,7,9,19,12,17,16,13,27
2017,6,100149073,225,104,46,121,54,16,7,16,7,22,10,27,12,30,13,36,16,33,15,45,20,6,7,11,14,20,14,16,16,10,9,11,13,10,22,17,29
2017,6,100149098,166,76,46,90,54,11,7,9,5,26,16,18,11,19,11,28,17,25,15,30,18,6,4,11,11,10,13,13,8,5,5,15,7,9,15,12,22
2017,6,100149596,249,124,50,125,50,11,4,11,4,30,12,39,16,33,13,49,20,35,14,41,16,6,8,19,23,16,24,17,11,5,3,11,16,17,25,18,30
2017,6,100149780,202,90,45,112,55,16,8,14,7,21,10,28,14,24,12,38,19,22,11,39,19,8,4,10,16,14,16,9,13,8,10,11,12,10,22,13,26
2017,6,100150308,303,151,50,152,50,18,6,24,8,27,9,44,15,45,15,50,17,44,15,51,17,10,14,17,26,22,26,21,15,8,10,10,18,23,24,23,36
2017,6,100150558,258,112,43,146,57,10,4,13,5,27,10,28,11,32,12,44,17,43,17,61,24,6,7,11,17,19,20,18,14,4,6,16,11,13,24,25,47
2017,6,100151174,163,68,42,95,58,7,4,9,6,20,12,21,13,13,8,28,17,25,15,40,25,2,5,11,12,6,10,13,9,5,4,9,9,7,18,12,31
2017,6,100151455,52,26,50,26,50,0,0,1,2,6,12,4,8,10,19,10,19,9,17,12,23,0,1,4,2,7,4,6,2,0,0,2,2,3,6,3,10
2017,6,100151744,362,154,43,208,57,21,6,25,7,27,7,55,15,34,9,46,13,77,21,77,21,9,12,14,34,15,19,28,23,12,13,13,21,19,27,49,54
2017,6,100151953,66,29,44,37,56,2,3,3,5,7,11,11,17,7,11,7,11,9,14,20,30,1,1,5,4,3,3,4,8,1,2,2,7,4,4,5,12
2017,6,100152721,167,68,41,99,59,10,6,12,7,20,12,25,15,19,11,32,19,26,16,23,14,4,6,10,12,7,11,11,7,6,6,10,13,12,21,15,16
2017,6,100152770,80,36,45,44,55,8,10,11,14,5,6,17,21,8,10,15,19,9,11,7,9,4,5,1,9,3,7,5,2,4,6,4,8,5,8,4,5
2017,6,100152883,51,15,29,36,71,2,4,5,10,3,6,6,12,6,12,6,12,10,20,13,25,1,1,2,1,2,1,4,3,1,4,1,5,4,5,6,10
2017,6,100153153,278,141,51,137,49,13,5,18,6,34,12,40,14,31,11,49,18,49,18,44,16,7,9,17,30,15,26,23,14,6,9,17,10,16,23,26,30
2017,6,100153338,90,47,52,43,48,4,4,12,13,11,12,13,14,12,13,21,23,5,6,12,13,2,9,6,4,7,10,4,5,2,3,5,9,5,11,1,7
2017,6,100153506,266,122,46,144,54,8,3,24,9,33,12,37,14,27,10,58,22,43,16,36,14,5,11,19,20,13,27,17,10,3,13,14,17,14,31,26,26
2017,6,100153530,115,56,49,59,51,7,6,10,9,11,10,18,16,11,10,23,20,11,10,24,21,3,4,4,12,6,13,5,9,4,6,7,6,5,10,6,15
2017,6,100154171,121,60,50,61,50,1,1,6,5,15,12,15,12,15,12,31,26,26,21,12,10,1,4,8,11,9,12,12,3,0,2,7,4,6,19,14,9
2017,6,100154532,193,97,50,96,50,12,6,12,6,14,7,33,17,17,9,36,19,33,17,36,19,5,6,7,18,11,20,17,13,7,6,7,15,6,16,16,23
2017,6,100154805,257,123,48,134,52,15,6,17,7,44,17,29,11,30,12,41,16,44,17,37,14,10,6,26,15,13,22,21,10,5,11,18,14,17,19,23,27
2017,6,100154862,60,31,52,29,48,3,5,3,5,11,18,8,13,10,17,12,20,6,10,7,12,3,1,5,5,6,6,2,3,0,2,6,3,4,6,4,4
2017,6,100155702,269,123,46,146,54,23,9,16,6,35,13,32,12,34,13,44,16,36,13,49,18,7,9,17,24,15,21,16,14,16,7,18,8,19,23,20,35
2017,6,100156046,64,32,50,32,50,3,5,0,0,5,8,12,19,7,11,14,22,9,14,14,22,1,0,2,7,4,8,6,4,2,0,3,5,3,6,3,10
2017,6,100156167,198,93,47,105,53,20,10,12,6,21,11,31,16,17,9,34,17,25,13,38,19,12,5,15,16,9,15,11,10,8,7,6,15,8,19,14,28
2017,6,100156577,165,77,47,88,53,4,2,9,5,18,11,14,8,16,10,41,25,24,15,39,24,2,5,9,9,7,21,16,8,2,4,9,5,9,20,8,31
2017,6,100156970,189,89,47,100,53,8,4,12,6,28,15,21,11,19,10,34,18,29,15,38,20,2,8,16,11,9,17,15,11,6,4,12,10,10,17,14,27
2017,6,100157634,76,36,47,40,53,4,5,7,9,5,7,6,8,17,22,7,9,12,16,18,24,1,4,4,3,10,5,4,5,3,3,1,3,7,2,8,13
2017,6,100158082,25,12,48,13,52,1,4,2,8,1,4,3,12,3,12,4,16,3,12,8,32,0,1,1,1,2,2,2,3,1,1,0,2,1,2,1,5
2017,6,100158396,155,72,46,83,54,12,8,8,5,20,13,28,18,20,13,33,21,10,6,24,15,5,1,12,18,11,15,4,6,7,7,8,10,9,18,6,18
2017,6,100158611,31,14,45,17,55,2,6,4,13,9,29,6,19,1,3,1,3,7,23,1,3,1,3,1,3,1,0,5,0,1,1,8,3,0,1,2,1
2017,6,100158693,19,9,47,10,53,2,11,0,0,0,0,2,11,5,26,5,26,2,11,3,16,1,0,0,1,3,2,1,1,1,0,0,1,2,3,1,2
2017,6,100158724,113,53,47,60,53,10,9,13,12,17,15,13,12,15,13,18,16,13,12,14,12,7,5,10,8,6,9,7,1,3,8,7,5,9,9,6,13
2017,6,100158740,20,11,55,9,45,1,5,0,0,2,10,1,5,2,10,4,20,5,25,5,25,1,0,2,1,1,3,1,2,0,0,0,0,1,1,4,3
2017,6,100158861,523,249,48,274,52,32,6,45,9,78,15,72,14,59,11,81,15,67,13,89,17,16,30,40,39,29,36,30,29,16,15,38,33,30,45,37,60
2017,6,100158941,91,45,49,46,51,3,3,2,2,6,7,15,16,6,7,13,14,22,24,24,26,0,1,3,10,4,6,14,7,3,1,3,5,2,7,8,17
2017,6,100159027,77,42,55,35,45,3,4,7,9,8,10,13,17,8,10,11,14,17,22,10,13,1,5,7,9,5,4,10,1,2,2,1,4,3,7,7,9
2017,6,100159092,682,311,46,371,54,41,6,49,7,77,11,104,15,82,12,82,12,122,18,125,18,27,25,30,58,42,43,52,34,14,24,47,46,40,39,70,91
2017,6,100159203,506,253,50,253,50,26,5,46,9,67,13,58,11,60,12,85,17,60,12,104,21,12,31,42,34,27,43,29,35,14,15,25,24,33,42,31,69
2017,6,100159211,326,156,48,170,52,25,8,19,6,37,11,41,13,36,11,63,19,49,15,56,17,16,8,23,20,18,30,24,17,9,11,14,21,18,33,25,39
2017,6,100159357,249,113,45,136,55,17,7,34,14,28,11,33,13,29,12,26,10,30,12,52,21,9,15,13,16,16,11,16,17,8,19,15,17,13,15,14,35
2017,6,100159445,326,140,43,186,57,17,5,24,7,54,17,29,9,44,13,50,15,39,12,69,21,9,15,33,13,16,19,18,17,8,9,21,16,28,31,21,52
2017,6,100159494,1773,791,45,982,55,111,6,138,8,194,11,235,13,170,10,231,13,251,14,443,25,60,63,93,127,83,105,125,135,51,75,101,108,87,126,126,308
2017,6,100159566,37,23,62,14,38,2,5,2,5,2,5,3,8,3,8,7,19,7,19,11,30,1,2,1,3,2,4,5,5,1,0,1,0,1,3,2,6
2017,6,100159621,113,60,53,53,47,4,4,14,12,15,13,21,19,8,7,26,23,10,9,15,13,3,6,8,13,5,15,3,7,1,8,7,8,3,11,7,8
2017,6,100159742,78,43,55,35,45,2,3,1,1,12,15,12,15,5,6,17,22,18,23,11,14,0,0,7,11,3,8,10,4,2,1,5,1,2,9,8,7
2017,6,100159902,57,28,49,29,51,5,9,7,12,7,12,12,21,9,16,5,9,5,9,7,12,2,4,2,6,5,4,1,4,3,3,5,6,4,1,4,3
2017,6,100159910,678,312,46,366,54,49,7,44,6,93,14,82,12,92,14,114,17,89,13,115,17,31,25,47,40,48,47,36,38,18,19,46,42,44,67,53,77
2017,6,100159976,259,119,46,140,54,15,6,17,7,26,10,32,12,37,14,24,9,48,19,60,23,10,10,16,16,21,7,22,17,5,7,10,16,16,17,26,43
2017,6,100160013,543,234,43,309,57,42,8,41,8,74,14,58,11,72,13,85,16,81,15,90,17,18,18,30,32,32,44,32,28,24,23,44,26,40,41,49,62
2017,6,100160070,271,126,46,145,54,14,5,25,9,32,12,35,13,29,11,42,15,34,13,60,22,9,9,19,21,18,18,13,19,5,16,13,14,11,24,21,41
2017,6,100160407,193,84,44,109,56,13,7,9,5,30,16,33,17,18,9,30,16,27,14,33,17,4,6,13,16,11,11,13,10,9,3,17,17,7,19,14,23
2017,6,100160593,587,285,49,302,51,39,7,43,7,73,12,84,14,56,10,88,15,72,12,132,22,16,29,38,49,34,37,35,47,23,14,35,35,22,51,37,85
2017,6,100160745,583,268,46,315,54,50,9,50,9,61,10,75,13,59,10,92,16,68,12,128,22,24,23,42,37,29,50,33,30,26,27,19,38,30,42,35,98
2017,6,100160905,343,161,47,182,53,30,9,21,6,35,10,59,17,34,10,48,14,58,17,58,17,15,11,19,29,17,26,27,17,15,10,16,30,17,22,31,41
2017,6,100161216,242,109,45,133,55,14,6,25,10,24,10,40,17,30,12,39,16,27,11,43,18,8,12,10,22,18,18,10,11,6,13,14,18,12,21,17,32
2017,6,100161265,80,41,51,39,49,4,5,3,4,13,16,10,13,15,19,5,6,12,15,18,23,3,1,5,6,10,4,7,5,1,2,8,4,5,1,5,13
2017,6,100161378,224,102,46,122,54,14,6,18,8,25,11,27,12,39,17,33,15,26,12,42,19,7,9,12,14,22,14,9,15,7,9,13,13,17,19,17,27
2017,6,100161505,437,213,49,224,51,26,6,34,8,55,13,78,18,30,7,78,18,66,15,70,16,18,18,29,42,19,31,36,20,8,16,26,36,11,47,30,50
2017,6,100161521,148,71,48,77,52,5,3,20,14,25,17,14,9,13,9,31,21,15,10,25,17,4,9,13,7,6,15,7,10,1,11,12,7,7,16,8,15
2017,6,100161691,58,26,45,32,55,4,7,5,9,6,10,12,21,5,9,6,10,9,16,11,19,2,3,4,6,1,3,6,1,2,2,2,6,4,3,3,10
2017,6,100161755,57,24,42,33,58,1,2,2,4,8,14,7,12,5,9,12,21,6,11,16,28,0,1,4,3,4,5,2,5,1,1,4,4,1,7,4,11
2017,6,100161810,394,202,51,192,49,26,7,29,7,46,12,57,14,47,12,83,21,58,15,48,12,20,14,33,30,25,33,32,15,6,15,13,27,22,50,26,33
2017,6,100161892,97,51,53,46,47,2,2,11,11,22,23,11,11,8,8,21,22,11,11,11,11,2,7,9,8,5,12,6,2,0,4,13,3,3,9,5,9
2017,6,100161907,81,47,58,34,42,9,11,4,5,13,16,9,11,10,12,6,7,16,20,14,17,6,3,9,6,7,2,8,6,3,1,4,3,3,4,8,8
2017,6,100161956,30,14,47,16,53,2,7,2,7,4,13,2,7,7,23,2,7,6,20,5,17,1,1,1,1,4,1,4,1,1,1,3,1,3,1,2,4
2017,6,100162041,115,57,50,58,50,6,5,13,11,16,14,15,13,10,9,19,17,16,14,20,17,2,11,9,7,4,12,5,7,4,2,7,8,6,7,11,13
2017,6,100162283,59,28,47,31,53,0,0,1,2,8,14,8,14,5,8,9,15,14,24,14,24,0,0,5,4,3,4,8,4,0,1,3,4,2,5,6,10
2017,6,100162468,280,132,47,148,53,18,6,22,8,40,14,34,12,29,10,46,16,36,13,55,20,10,14,17,21,13,21,18,18,8,8,23,13,16,25,18,37
2017,6,100162564,135,66,49,69,51,15,11,17,13,14,10,16,12,32,24,18,13,15,11,8,6,7,10,5,8,15,11,5,5,8,7,9,8,17,7,10,3
2017,6,100162572,406,203,50,203,50,31,8,44,11,50,12,66,16,59,15,61,15,40,10,55,14,16,23,29,34,32,32,21,16,15,21,21,32,27,29,19,39
2017,6,100162611,44,20,45,24,55,4,9,1,2,3,7,9,20,4,9,4,9,13,30,6,14,2,0,1,3,3,2,6,3,2,1,2,6,1,2,7,3
2017,6,100162644,124,62,50,62,50,12,10,14,11,15,12,15,12,24,19,15,12,15,12,14,11,9,4,7,8,10,8,8,8,3,10,8,7,14,7,7,6
2017,6,100162660,95,43,45,52,55,8,8,3,3,11,12,21,22,8,8,19,20,8,8,17,18,4,0,5,11,5,6,5,7,4,3,6,10,3,13,3,10
2017,6,100162685,100,42,42,58,58,11,11,5,5,6,6,29,29,8,8,11,11,19,19,11,11,4,2,2,14,4,3,10,3,7,3,4,15,4,8,9,8
2017,6,100162716,148,79,53,69,47,10,7,11,7,15,10,18,12,19,13,24,16,21,14,30,20,5,7,9,10,9,16,10,13,5,4,6,8,10,8,11,17
2017,6,100162724,56,28,50,28,50,3,5,3,5,4,7,8,14,11,20,9,16,9,16,9,16,1,1,1,4,7,5,5,4,2,2,3,4,4,4,4,5
2017,6,100162740,15,7,47,8,53,1,7,2,13,2,13,2,13,3,20,1,7,2,13,2,13,1,0,0,2,1,1,1,1,0,2,2,0,2,0,1,1
2017,6,100162757,40,20,50,20,50,1,3,1,3,1,3,4,10,3,8,10,25,7,18,13,33,0,1,1,1,2,5,6,4,1,0,0,3,1,5,1,9
2017,6,100162765,54,31,57,23,43,4,7,1,2,12,22,8,15,5,9,10,19,6,11,8,15,2,0,7,7,3,5,4,3,2,1,5,1,2,5,2,5
2017,6,100162798,259,137,53,122,47,25,10,24,9,23,9,42,16,28,11,39,15,25,10,53,20,16,15,13,23,13,22,18,17,9,9,10,19,15,17,7,36
2017,6,100162886,655,324,49,331,51,45,7,59,9,66,10,91,14,84,13,99,15,91,14,120,18,24,37,36,56,42,43,50,36,21,22,30,35,42,56,41,84
2017,6,100162917,1011,455,45,556,55,64,6,83,8,97,10,133,13,137,14,135,13,158,16,204,20,36,37,48,75,75,63,61,60,28,46,49,58,62,72,97,144
2017,6,100162982,438,192,44,246,56,22,5,39,9,48,11,63,14,48,11,65,15,68,16,85,19,12,11,19,34,27,30,35,24,10,28,29,29,21,35,33,61
2017,6,100163002,329,156,47,173,53,19,6,46,14,41,12,36,11,40,12,36,11,39,12,72,22,6,27,23,22,23,15,19,21,13,19,18,14,17,21,20,51
2017,6,100163068,563,265,47,298,53,34,6,40,7,62,11,60,11,86,15,77,14,88,16,116,21,21,19,36,37,45,35,38,34,13,21,26,23,41,42,50,82
2017,6,100163164,798,340,43,458,57,55,7,66,8,88,11,87,11,89,11,117,15,104,13,192,24,25,32,43,36,44,54,45,61,30,34,45,51,45,63,59,131
2017,6,100163180,249,124,50,125,50,16,6,18,7,25,10,38,15,28,11,48,19,27,11,49,20,10,10,14,20,18,25,12,15,6,8,11,18,10,23,15,34
2017,6,100163228,255,132,52,123,48,11,4,15,6,27,11,41,16,34,13,34,13,48,19,45,18,4,8,17,27,21,18,23,14,7,7,10,14,13,16,25,31
2017,6,100163308,958,448,47,510,53,85,9,81,8,108,11,115,12,145,15,151,16,107,11,166,17,46,38,47,58,71,77,50,61,39,43,61,57,74,74,57,105
2017,6,100163324,1350,641,47,709,53,102,8,149,11,134,10,175,13,198,15,193,14,147,11,252,19,54,74,69,96,105,90,68,85,48,75,65,79,93,103,79,167
2017,6,100163357,489,259,53,230,47,25,5,37,8,58,12,68,14,55,11,87,18,76,16,83,17,13,19,35,42,31,49,43,27,12,18,23,26,24,38,33,56
2017,6,100163365,73,35,48,38,52,11,15,6,8,6,8,9,12,15,21,5,7,6,8,15,21,6,4,3,5,8,1,3,5,5,2,3,4,7,4,3,10
2017,6,100163373,65,29,45,36,55,7,11,2,3,2,3,9,14,5,8,9,14,12,18,19,29,4,1,0,6,1,5,7,5,3,1,2,3,4,4,5,14
2017,6,100163412,64,26,41,38,59,3,5,8,13,7,11,9,14,7,11,5,8,14,22,11,17,2,5,3,3,5,1,5,2,1,3,4,6,2,4,9,9
2017,6,100163420,34,19,56,15,44,3,9,5,15,4,12,6,18,4,12,3,9,3,9,6,18,2,1,2,3,3,2,2,4,1,4,2,3,1,1,1,2
2017,6,100163437,93,45,48,48,52,7,8,12,13,8,9,8,9,14,15,18,19,11,12,15,16,3,5,6,3,7,12,3,6,4,7,2,5,7,6,8,9
2017,6,100163453,750,340,45,410,55,51,7,64,9,94,13,104,14,95,13,93,12,117,16,132,18,24,28,53,54,54,40,47,40,27,36,41,50,41,53,70,92
2017,6,100163486,228,110,48,118,52,19,8,26,11,24,11,42,18,19,8,33,14,31,14,34,15,12,18,11,18,10,16,14,11,7,8,13,24,9,17,17,23
2017,6,100164117,830,361,43,469,57,56,7,59,7,106,13,110,13,68,8,132,16,132,16,167,20,27,27,49,62,29,64,58,45,29,32,57,48,39,68,74,122
2017,6,100164133,155,77,50,78,50,9,6,9,6,13,8,25,16,10,6,38,25,26,17,25,16,5,4,7,13,7,18,15,8,4,5,6,12,3,20,11,17
2017,6,100164623,128,58,45,70,55,8,6,8,6,8,6,19,15,12,9,21,16,27,21,25,20,3,4,3,9,7,9,14,9,5,4,5,10,5,12,13,16
2017,6,100165096,283,133,47,150,53,14,5,19,7,45,16,37,13,29,10,57,20,37,13,45,16,6,9,28,22,12,30,15,11,8,10,17,15,17,27,22,34
2017,6,100165248,145,66,46,79,54,12,8,17,12,9,6,23,16,16,11,23,16,24,17,21,14,7,4,3,12,9,12,12,7,5,13,6,11,7,11,12,14
2017,6,100165272,63,33,52,30,48,1,2,4,6,5,8,4,6,10,16,9,14,8,13,22,35,0,3,3,3,5,5,4,10,1,1,2,1,5,4,4,12
2017,6,100165641,80,45,56,35,44,6,8,7,9,11,14,10,13,7,9,21,26,6,8,12,15,5,3,7,6,4,14,2,4,1,4,4,4,3,7,4,8
2017,6,100165658,169,73,43,96,57,11,7,19,11,21,12,21,12,21,12,30,18,21,12,25,15,4,10,9,14,7,13,11,5,7,9,12,7,14,17,10,20
2017,6,100166434,284,131,46,153,54,15,5,27,10,44,15,31,11,37,13,46,16,49,17,35,12,6,12,23,18,16,19,23,14,9,15,21,13,21,27,26,21
2017,6,100167042,70,34,49,36,51,4,6,3,4,9,13,6,9,5,7,12,17,12,17,19,27,2,0,6,3,5,6,6,6,2,3,3,3,0,6,6,13
2017,6,100167091,752,350,47,402,53,34,5,57,8,106,14,85,11,85,11,126,17,108,14,151,20,21,30,50,51,41,64,43,50,13,27,56,34,44,62,65,101
2017,6,100167315,90,44,49,46,51,2,2,10,11,19,21,6,7,16,18,12,13,8,9,17,19,0,7,10,3,11,5,3,5,2,3,9,3,5,7,5,12
2017,6,100168108,236,110,47,126,53,20,8,25,11,33,14,27,11,18,8,40,17,30,13,43,18,12,10,19,15,6,17,16,15,8,15,14,12,12,23,14,28
2017,6,100168583,281,125,44,156,56,15,5,27,10,38,14,45,16,34,12,53,19,28,10,41,15,5,15,17,23,16,28,12,9,10,12,21,22,18,25,16,32
2017,6,100168630,116,63,54,53,46,12,10,10,9,15,13,14,12,9,8,26,22,13,11,17,15,10,5,8,9,4,13,9,5,2,5,7,5,5,13,4,12
2017,6,100168911,91,39,43,52,57,7,8,5,5,9,10,13,14,8,9,11,12,14,15,24,26,3,4,2,7,4,3,7,9,4,1,7,6,4,8,7,15
2017,6,100169005,145,69,48,76,52,11,8,7,5,25,17,23,16,25,17,9,6,17,12,28,19,7,5,10,14,14,4,5,10,4,2,15,9,11,5,12,18
2017,6,100169021,192,97,51,95,49,16,8,19,10,22,11,29,15,21,11,31,16,26,14,28,15,11,11,13,14,13,17,13,5,5,8,9,15,8,14,13,23
2017,6,100170032,170,82,48,88,52,6,4,12,7,26,15,20,12,10,6,38,22,25,15,33,19,3,5,13,15,4,19,12,11,3,7,13,5,6,19,13,22
2017,6,100170104,103,43,42,60,58,11,11,5,5,11,11,19,18,4,4,14,14,18,17,21,20,5,4,4,9,1,6,7,7,6,1,7,10,3,8,11,14
2017,6,100170112,56,30,54,26,46,2,4,6,11,5,9,9,16,5,9,6,11,11,20,12,21,1,3,1,7,3,4,6,5,1,3,4,2,2,2,5,7
2017,6,100170186,95,41,43,54,57,0,0,7,7,12,13,15,16,8,8,13,14,23,24,17,18,0,2,6,10,4,7,7,5,0,5,6,5,4,6,16,12
2017,6,100170530,66,33,50,33,50,0,0,2,3,13,20,10,15,8,12,16,24,6,9,11,17,0,2,7,4,4,9,2,5,0,0,6,6,4,7,4,6
2017,6,100170723,213,106,50,107,50,8,4,17,8,27,13,39,18,19,9,34,16,41,19,28,13,4,5,18,21,11,15,25,7,4,12,9,18,8,19,16,21
2017,6,100171227,144,67,47,77,53,8,6,6,4,20,14,26,18,16,11,28,19,20,14,20,14,5,1,8,12,7,16,11,7,3,5,12,14,9,12,9,13
2017,6,100171524,124,57,46,67,54,7,6,14,11,22,18,16,13,14,11,17,14,25,20,9,7,2,9,10,7,7,7,13,2,5,5,12,9,7,10,12,7
2017,6,100171612,52,23,44,29,56,6,12,5,10,5,10,4,8,7,13,7,13,5,10,13,25,2,3,4,2,1,5,2,4,4,2,1,2,6,2,3,9
2017,6,100171975,120,53,44,67,56,7,6,9,8,30,25,19,16,5,4,15,13,14,12,21,18,4,3,11,13,3,3,9,7,3,6,19,6,2,12,5,14
2017,6,100172052,165,78,47,87,53,8,5,8,5,27,16,28,17,11,7,28,17,30,18,25,15,5,3,16,16,6,9,18,5,3,5,11,12,5,19,12,20
2017,6,100172550,185,87,47,98,53,23,12,10,5,23,12,32,17,19,10,20,11,34,18,24,13,12,4,9,19,9,6,19,9,11,6,14,13,10,14,15,15
2017,6,100172655,33,17,52,16,48,0,0,0,0,4,12,1,3,2,6,3,9,8,24,15,45,0,0,3,1,1,2,2,8,0,0,1,0,1,1,6,7
2017,6,100172702,5,,,,,,,,,,,,,,,,,,,,,,,,,,,,,,,,,,,,
2017,6,100172710,41,24,59,17,41,3,7,3,7,5,12,4,10,9,22,6,15,5,12,6,15,1,2,2,2,6,2,4,5,2,1,3,2,3,4,1,1
2017,6,100172743,5,,,,,,,,,,,,,,,,,,,,,,,,,,,,,,,,,,,,
2017,6,100172751,13,8,62,5,38,1,8,0,0,3,23,1,8,3,23,3,23,0,0,2,15,1,0,3,0,1,2,0,1,0,0,0,1,2,1,0,1
2017,6,100172768,5,,,,,,,,,,,,,,,,,,,,,,,,,,,,,,,,,,,,
2017,6,100172776,16,6,38,10,63,4,25,3,19,1,6,3,19,2,13,0,0,1,6,2,13,1,2,1,1,0,0,0,1,3,1,0,2,2,0,1,1
2017,6,100172784,5,,,,,,,,,,,,,,,,,,,,,,,,,,,,,,,,,,,,
2017,6,100172792,5,,,,,,,,,,,,,,,,,,,,,,,,,,,,,,,,,,,,
2017,6,100172807,16,8,50,8,50,1,6,2,13,1,6,3,19,3,19,3,19,1,6,2,13,0,1,1,2,1,1,1,1,1,1,0,1,2,2,0,1
2017,6,100172815,12,7,58,5,42,1,8,1,8,2,17,1,8,1,8,3,25,2,17,1,8,1,1,0,1,1,1,2,0,0,0,2,0,0,2,0,1
2017,6,100172831,5,,,,,,,,,,,,,,,,,,,,,,,,,,,,,,,,,,,,
2017,6,100172848,14,8,57,6,43,1,7,0,0,2,14,2,14,3,21,0,0,2,14,4,29,1,0,2,2,2,0,0,1,0,0,0,0,1,0,2,3
2017,6,100172856,16,9,56,7,44,1,6,4,25,0,0,2,13,1,6,4,25,0,0,4,25,0,4,0,1,1,2,0,1,1,0,0,1,0,2,0,3
2017,6,100172864,12,7,58,5,42,0,0,0,0,2,17,1,8,1,8,2,17,2,17,4,33,0,0,0,1,1,1,1,3,0,0,2,0,0,1,1,1
2017,6,100172872,19,8,42,11,58,0,0,2,11,1,5,3,16,3,16,1,5,3,16,6,32,0,1,0,2,2,1,2,0,0,1,1,1,1,0,1,6
2017,6,100172880,23,10,43,13,57,0,0,0,0,2,9,2,9,4,17,4,17,7,30,4,17,0,0,1,1,2,3,2,1,0,0,1,1,2,1,5,3
2017,6,100172897,19,13,68,6,32,2,11,3,16,3,16,2,11,1,5,4,21,2,11,2,11,2,1,2,1,1,3,1,2,0,2,1,1,0,1,1,0
2017,6,100172903,5,,,,,,,,,,,,,,,,,,,,,,,,,,,,,,,,,,,,
2017,6,100172911,16,7,44,9,56,0,0,1,6,0,0,0,0,2,13,2,13,4,25,7,44,0,1,0,0,1,1,2,2,0,0,0,0,1,1,2,5
2017,6,100172928,5,,,,,,,,,,,,,,,,,,,,,,,,,,,,,,,,,,,,
2017,6,100172936,13,5,38,8,62,2,15,2,15,1,8,1,8,2,15,0,0,2,15,3,23,1,2,0,0,1,0,1,0,1,0,1,1,1,0,1,3
2017,6,100172944,5,,,,,,,,,,,,,,,,,,,,,,,,,,,,,,,,,,,,
2017,6,100172952,5,,,,,,,,,,,,,,,,,,,,,,,,,,,,,,,,,,,,
2017,6,100172960,16,6,38,10,63,0,0,3,19,2,13,2,13,2,13,3,19,3,19,1,6,0,0,1,2,0,1,2,0,0,3,1,0,2,2,1,1
2017,6,100172977,11,4,36,7,64,0,0,0,0,2,18,0,0,0,0,3,27,1,9,5,45,0,0,1,0,0,1,0,2,0,0,1,0,0,2,1,3
2017,6,100172985,5,,,,,,,,,,,,,,,,,,,,,,,,,,,,,,,,,,,,
2017,6,100172993,12,6,50,6,50,0,0,0,0,2,17,1,8,1,8,2,17,1,8,5,42,0,0,2,0,0,1,1,2,0,0,0,1,1,1,0,3
2017,6,100173005,20,10,50,10,50,2,10,2,10,2,10,2,10,4,20,3,15,2,10,3,15,1,2,1,1,3,1,1,0,1,0,1,1,1,2,1,3
2017,6,100173013,5,,,,,,,,,,,,,,,,,,,,,,,,,,,,,,,,,,,,
2017,6,100173021,443,200,45,243,55,33,7,50,11,44,10,56,13,72,16,59,13,62,14,67,15,13,24,14,32,40,29,26,22,20,26,30,24,32,30,36,45
2017,6,100173038,20,9,45,11,55,2,10,1,5,3,15,3,15,1,5,3,15,2,10,5,25,1,0,3,0,0,2,1,2,1,1,0,3,1,1,1,3
2017,6,100173046,5,,,,,,,,,,,,,,,,,,,,,,,,,,,,,,,,,,,,
2017,6,100173054,22,9,41,13,59,1,5,3,14,3,14,1,5,5,23,2,9,3,14,4,18,1,0,1,0,3,1,2,1,0,3,2,1,2,1,1,3
2017,6,100173062,71,34,48,37,52,4,6,2,3,11,15,8,11,7,10,9,13,14,20,16,23,2,0,6,4,4,4,8,6,2,2,5,4,3,5,6,10
2017,6,100173070,5,,,,,,,,,,,,,,,,,,,,,,,,,,,,,,,,,,,,
2017,6,100173087,5,,,,,,,,,,,,,,,,,,,,,,,,,,,,,,,,,,,,
2017,6,100173095,5,,,,,,,,,,,,,,,,,,,,,,,,,,,,,,,,,,,,
2017,6,100173118,41,22,54,19,46,3,7,2,5,4,10,6,15,1,2,8,20,5,12,12,29,1,2,3,5,0,4,3,4,2,0,1,1,1,4,2,8
2017,6,100173126,5,,,,,,,,,,,,,,,,,,,,,,,,,,,,,,,,,,,,
2017,6,100173134,64,28,44,36,56,2,3,8,13,3,5,8,13,11,17,6,9,13,20,13,20,0,4,3,3,5,4,5,4,2,4,0,5,6,2,8,9
2017,6,100173456,275,128,47,147,53,19,7,24,9,43,16,40,15,35,13,50,18,28,10,36,13,5,13,23,20,18,23,12,14,14,11,20,20,17,27,16,22
2017,6,100173681,253,121,48,132,52,11,4,24,9,34,13,40,16,40,16,39,15,32,13,33,13,6,15,16,20,18,17,17,12,5,9,18,20,22,22,15,21
2017,6,100173921,285,132,46,153,54,15,5,36,13,34,12,44,15,46,16,35,12,42,15,33,12,7,19,17,27,20,17,17,8,8,17,17,17,26,18,25,25
2017,6,100174320,207,102,49,105,51,10,5,17,8,25,12,29,14,21,10,34,16,32,15,39,19,9,11,11,15,13,15,15,13,1,6,14,14,8,19,17,26
2017,6,100174466,318,144,45,174,55,20,6,23,7,39,12,47,15,42,13,49,15,46,14,52,16,11,9,21,25,20,20,21,17,9,14,18,22,22,29,25,35
2017,6,100175515,297,149,50,148,50,22,7,23,8,29,10,48,16,32,11,48,16,47,16,48,16,13,9,21,28,22,24,19,13,9,14,8,20,10,24,28,35
2017,6,100175933,231,111,48,120,52,19,8,19,8,32,14,31,13,29,13,41,18,31,13,29,13,7,9,20,23,15,15,17,5,12,10,12,8,14,26,14,24
2017,6,100176228,293,136,46,157,54,10,3,30,10,27,9,40,14,44,15,51,17,53,18,38,13,5,12,17,22,22,23,24,11,5,18,10,18,22,28,29,27
2017,6,100176558,166,81,49,85,51,8,5,13,8,15,9,20,12,29,17,23,14,30,18,28,17,3,9,8,10,15,12,13,11,5,4,7,10,14,11,17,17
2017,6,100177053,181,92,51,89,49,10,6,15,8,21,12,30,17,31,17,18,10,26,14,30,17,7,7,10,19,21,9,12,7,3,8,11,11,10,9,14,23
2017,6,100177205,219,108,49,111,51,16,7,22,10,33,15,28,13,28,13,30,14,36,16,26,12,7,13,20,15,14,13,19,7,9,9,13,13,14,17,17,19
2017,6,100177898,166,73,44,93,56,13,8,15,9,24,14,20,12,19,11,34,20,13,8,28,17,3,6,14,10,10,17,6,7,10,9,10,10,9,17,7,21
2017,6,100178143,461,217,47,244,53,18,4,42,9,59,13,53,11,50,11,79,17,72,16,88,19,13,23,35,26,22,39,36,23,5,19,24,27,28,40,36,65
2017,6,100178578,192,93,48,99,52,15,8,14,7,30,16,31,16,22,11,21,11,28,15,31,16,6,8,12,18,14,9,13,13,9,6,18,13,8,12,15,18
2017,6,100178641,55,28,51,27,49,1,2,2,4,10,18,5,9,6,11,9,16,11,20,11,20,1,1,5,4,3,4,8,2,0,1,5,1,3,5,3,9
2017,6,100178738,80,36,45,44,55,7,9,5,6,1,1,17,21,6,8,14,18,11,14,19,24,5,4,0,8,1,7,5,6,2,1,1,9,5,7,6,13
2017,6,100178770,42,22,52,20,48,6,14,2,5,4,10,9,21,1,2,8,19,4,10,8,19,4,0,3,7,0,3,2,3,2,2,1,2,1,5,2,5
2017,6,100178867,322,147,46,175,54,24,7,31,10,21,7,52,16,39,12,53,16,40,12,62,19,12,14,14,23,18,24,21,21,12,17,7,29,21,29,19,41
2017,6,100178996,2186,1007,46,1179,54,123,6,196,9,219,10,247,11,296,14,316,14,360,16,429,20,66,111,115,127,144,152,155,137,57,85,104,120,152,164,205,292
2017,6,100179370,226,118,52,108,48,13,6,16,7,27,12,41,18,17,8,50,22,27,12,35,15,5,8,18,28,11,28,10,10,8,8,9,13,6,22,17,25
2017,6,100179627,23,14,61,9,39,1,4,1,4,4,17,0,0,7,30,4,17,2,9,4,17,0,0,4,0,4,4,0,2,1,1,0,0,3,0,2,2
2017,6,100179715,5,,,,,,,,,,,,,,,,,,,,,,,,,,,,,,,,,,,,
2017,6,100179828,264,128,48,136,52,12,5,23,9,26,10,43,16,28,11,41,16,43,16,48,18,4,11,9,31,16,16,20,21,8,12,17,12,12,25,23,27
2017,6,100179998,287,131,46,156,54,22,8,27,9,26,9,43,15,46,16,40,14,40,14,43,15,13,10,11,26,24,18,14,15,9,17,15,17,22,22,26,28
2017,6,100180236,221,92,42,129,58,21,10,15,7,34,15,38,17,34,15,27,12,24,11,28,13,11,6,11,20,18,12,8,6,10,9,23,18,16,15,16,22
2017,6,100180412,199,95,48,104,52,25,13,12,6,12,6,33,17,11,6,34,17,41,21,31,16,13,5,3,18,5,18,19,14,12,7,9,15,6,16,22,17
2017,6,100180646,313,154,49,159,51,12,4,25,8,47,15,47,15,40,13,46,15,44,14,52,17,3,14,27,28,22,22,23,15,9,11,20,19,18,24,21,37
2017,6,100181037,185,84,45,101,55,6,3,13,7,22,12,27,15,24,13,29,16,23,12,41,22,3,5,12,14,14,13,9,14,3,8,10,13,10,16,14,27
2017,6,100181125,242,123,51,119,49,16,7,22,9,31,13,45,19,20,8,54,22,25,10,29,12,8,12,15,30,7,27,13,11,8,10,16,15,13,27,12,18
2017,6,100181287,129,65,50,64,50,4,3,12,9,12,9,9,7,16,12,27,21,17,13,32,25,0,6,9,7,9,13,8,13,4,6,3,2,7,14,9,19
2017,6,100181535,77,37,48,40,52,2,3,4,5,17,22,10,13,12,16,13,17,7,9,12,16,1,2,10,5,5,9,2,3,1,2,7,5,7,4,5,9
2017,6,100181711,305,151,50,154,50,15,5,25,8,43,14,33,11,46,15,55,18,31,10,57,19,11,13,28,20,26,21,15,17,4,12,15,13,20,34,16,40
2017,6,100181752,94,44,47,50,53,5,5,5,5,7,7,7,7,13,14,14,15,24,26,19,20,1,3,3,5,6,7,13,6,4,2,4,2,7,7,11,13
2017,6,100181785,244,123,50,121,50,11,5,28,11,40,16,32,13,31,13,41,17,26,11,35,14,6,15,19,20,16,19,12,16,5,13,21,12,15,22,14,19
2017,6,100181840,242,120,50,122,50,15,6,29,12,28,12,42,17,30,12,35,14,37,15,26,11,12,17,15,19,15,14,19,9,3,12,13,23,15,21,18,17
2017,6,100182215,270,120,44,150,56,13,5,22,8,31,11,44,16,30,11,44,16,45,17,41,15,9,8,15,24,12,23,20,9,4,14,16,20,18,21,25,32
2017,6,100182473,68,36,53,32,47,4,6,6,9,10,15,14,21,9,13,8,12,11,16,6,9,2,5,5,8,6,4,4,2,2,1,5,6,3,4,7,4
2017,6,100182512,242,117,48,125,52,11,5,24,10,21,9,33,14,28,12,43,18,43,18,39,16,6,12,13,20,15,20,21,10,5,12,8,13,13,23,22,29
2017,6,100182754,748,329,44,419,56,57,8,55,7,83,11,79,11,61,8,103,14,113,15,197,26,21,29,42,45,24,53,57,58,36,26,41,34,37,50,56,139
2017,6,100182826,359,168,47,191,53,28,8,18,5,38,11,70,19,38,11,64,18,56,16,47,13,17,5,23,40,22,29,16,16,11,13,15,30,16,35,40,31
2017,6,100183057,64,26,41,38,59,2,3,2,3,11,17,8,13,2,3,14,22,13,20,12,19,0,2,2,6,0,6,6,4,2,0,9,2,2,8,7,8
2017,6,100183153,33,15,45,18,55,1,3,3,9,3,9,3,9,5,15,3,9,8,24,7,21,0,2,3,1,2,1,3,3,1,1,0,2,3,2,5,4
2017,6,100183797,1166,540,46,626,54,84,7,102,9,106,9,154,13,201,17,131,11,143,12,245,21,44,47,54,79,103,60,66,87,40,55,52,75,98,71,77,158
2017,6,100183803,121,57,47,64,53,5,4,6,5,13,11,21,17,21,17,20,17,21,17,14,12,2,5,5,11,13,11,9,1,3,1,8,10,8,9,12,13
2017,6,100183924,531,256,48,275,52,27,5,37,7,30,6,92,17,86,16,95,18,98,18,66,12,15,17,16,53,43,46,44,22,12,20,14,39,43,49,54,44
2017,6,100183998,67,32,48,35,52,11,16,8,12,7,10,10,15,7,10,8,12,7,10,9,13,5,3,5,5,4,2,4,4,6,5,2,5,3,6,3,5
2017,6,100184001,26,13,50,13,50,2,8,4,15,1,4,3,12,3,12,2,8,4,15,7,27,0,2,1,3,2,1,1,3,2,2,0,0,1,1,3,4
2017,6,100184018,20,13,65,7,35,3,15,0,0,1,5,3,15,3,15,4,20,0,0,6,30,3,0,0,3,2,3,0,2,0,0,1,0,1,1,0,4
2017,6,100184026,25,11,44,14,56,3,12,3,12,3,12,2,8,1,4,7,28,3,12,3,12,2,1,2,0,0,3,1,2,1,2,1,2,1,4,2,1
2017,6,100184034,1773,824,46,949,54,128,7,145,8,173,10,216,12,200,11,260,15,229,13,422,24,70,72,88,115,97,119,108,155,58,73,85,101,103,141,121,267
2017,6,100184067,5,,,,,,,,,,,,,,,,,,,,,,,,,,,,,,,,,,,,
2017,6,100184075,656,311,47,345,53,55,8,66,10,69,11,95,14,106,16,81,12,99,15,85,13,26,29,33,56,57,36,41,33,29,37,36,39,49,45,58,52
2017,6,100184083,95,45,47,50,53,6,6,9,9,10,11,10,11,20,21,9,9,15,16,16,17,5,6,5,4,8,5,7,5,1,3,5,6,12,4,8,11
2017,6,100184091,44,23,52,21,48,1,2,1,2,1,2,0,0,10,23,5,11,8,18,18,41,1,1,0,0,8,3,3,7,0,0,1,0,2,2,5,11
2017,6,100184114,91,42,46,49,54,6,7,5,5,4,4,8,9,9,10,9,10,18,20,32,35,4,2,2,4,3,6,10,11,2,3,2,4,6,3,8,21
2017,6,100184130,59,31,53,28,47,10,17,2,3,3,5,15,25,5,8,6,10,9,15,9,15,6,2,2,6,3,3,5,4,4,0,1,9,2,3,4,5
2017,6,100184196,468,225,48,243,52,45,10,57,12,44,9,53,11,81,17,64,14,61,13,63,13,26,25,20,28,38,33,32,23,19,32,24,25,43,31,29,40
2017,6,100184202,705,340,48,365,52,44,6,60,9,63,9,75,11,106,15,110,16,109,15,138,20,21,25,27,41,55,60,60,51,23,35,36,34,51,50,49,87
2017,6,100184210,63,26,41,37,59,7,11,13,21,3,5,8,13,15,24,7,11,3,5,7,11,4,4,1,2,7,4,1,3,3,9,2,6,8,3,2,4
2017,6,100184227,6283,2956,47,3327,53,841,13,752,12,464,7,992,16,1131,18,660,11,687,11,756,12,440,374,229,462,555,324,309,263,401,378,235,530,576,336,378,493
2017,6,100184235,111,55,50,56,50,14,13,16,14,12,11,16,14,19,17,13,12,9,8,12,11,9,9,7,8,6,8,4,4,5,7,5,8,13,5,5,8
2017,6,100184243,286,142,50,144,50,33,12,33,12,21,7,46,16,48,17,36,13,27,9,42,15,22,20,10,19,25,17,13,16,11,13,11,27,23,19,14,26
2017,6,100184251,2090,990,47,1100,53,217,10,297,14,204,10,290,14,412,20,277,13,184,9,209,10,114,160,101,131,202,130,83,69,103,137,103,159,210,147,101,140
2017,6,100184268,158,80,51,78,49,34,22,22,14,6,4,25,16,33,21,14,9,7,4,17,11,19,14,1,11,17,7,4,7,15,8,5,14,16,7,3,10
2017,6,100184284,3128,1410,45,1718,55,368,12,354,11,280,9,454,15,520,17,396,13,361,12,395,13,171,182,124,207,236,197,164,129,197,172,156,247,284,199,197,266
2017,6,100184292,417,212,51,205,49,49,12,43,10,39,9,68,16,43,10,81,19,43,10,51,12,28,20,21,34,24,46,20,19,21,23,18,34,19,35,23,32
2017,6,100184307,331,167,50,164,50,56,17,49,15,40,12,33,10,54,16,50,15,29,9,20,6,28,30,23,15,22,25,17,7,28,19,17,18,32,25,12,13
2017,6,100184315,93,40,43,53,57,5,5,12,13,9,10,14,15,15,16,13,14,9,10,16,17,3,4,2,5,10,3,5,8,2,8,7,9,5,10,4,8
2017,6,100184323,68,34,50,34,50,7,10,6,9,6,9,14,21,8,12,11,16,8,12,8,12,4,4,4,4,4,7,4,3,3,2,2,10,4,4,4,5
2017,6,100184331,336,173,51,163,49,48,14,40,12,36,11,54,16,45,13,44,13,40,12,29,9,26,23,19,30,21,24,23,7,22,17,17,24,24,20,17,22
2017,6,100184348,923,466,50,457,50,122,13,123,13,81,9,132,14,182,20,141,15,88,10,54,6,67,61,37,55,93,81,50,22,55,62,44,77,89,60,38,32
2017,6,100184364,74,40,54,34,46,6,8,4,5,9,12,12,16,8,11,10,14,6,8,19,26,4,4,6,6,5,3,4,8,2,0,3,6,3,7,2,11
2017,6,100184372,63,35,56,28,44,2,3,6,10,9,14,6,10,6,10,9,14,13,21,12,19,1,3,8,5,0,6,7,5,1,3,1,1,6,3,6,7
2017,6,100184397,46,21,46,25,54,4,9,3,7,9,20,7,15,5,11,6,13,8,17,4,9,0,1,6,4,1,3,5,1,4,2,3,3,4,3,3,3
2017,6,100184403,218,104,48,114,52,26,12,23,11,30,14,26,12,27,12,41,19,19,9,26,12,13,17,12,12,9,20,10,11,13,6,18,14,18,21,9,15
2017,6,100184428,1229,542,44,687,56,142,12,103,8,113,9,180,15,160,13,153,12,136,11,242,20,62,46,49,93,76,68,63,85,80,57,64,87,84,85,73,157
2017,6,100184444,25,12,48,13,52,2,8,2,8,4,16,1,4,2,8,8,32,2,8,4,16,2,1,3,0,0,3,2,1,0,1,1,1,2,5,0,3
2017,6,100184460,1201,623,52,578,48,57,5,60,5,116,10,161,13,155,13,220,18,189,16,243,20,33,33,60,88,87,113,94,115,24,27,56,73,68,107,95,128
2017,6,100184477,301,159,53,142,47,19,6,19,6,25,8,43,14,39,13,56,19,39,13,61,20,8,9,17,23,20,33,20,29,11,10,8,20,19,23,19,32
2017,6,100184485,142,72,51,70,49,11,8,14,10,14,10,17,12,14,10,31,22,19,13,22,15,7,8,5,11,4,20,11,6,4,6,9,6,10,11,8,16
2017,6,100184493,967,498,51,469,49,58,6,64,7,82,8,138,14,131,14,151,16,150,16,193,20,27,42,44,80,75,67,75,88,31,22,38,58,56,84,75,105
2017,6,100184508,975,536,55,439,45,29,3,41,4,78,8,135,14,156,16,155,16,155,16,226,23,17,26,43,89,79,84,87,111,12,15,35,46,77,71,68,115
2017,6,100184532,4344,2092,48,2252,52,360,8,360,8,349,8,652,15,623,14,560,13,569,13,871,20,196,183,178,336,323,285,253,338,164,177,171,316,300,275,316,533
2017,6,100184540,307,177,58,130,42,6,2,12,4,25,8,44,14,53,17,53,17,50,16,64,21,3,7,13,26,28,34,31,35,3,5,12,18,25,19,19,29
2017,6,100184557,765,356,47,409,53,86,11,88,12,61,8,98,13,115,15,87,11,106,14,124,16,35,41,35,54,55,46,49,41,51,47,26,44,60,41,57,83
2017,6,100184573,1114,560,50,554,50,113,10,127,11,101,9,172,15,197,18,170,15,130,12,104,9,67,67,53,84,91,91,69,38,46,60,48,88,106,79,61,66
2017,6,100184581,269,149,55,120,45,25,9,34,13,13,5,41,15,41,15,39,14,42,16,34,13,10,14,9,23,24,24,26,19,15,20,4,18,17,15,16,15
2017,6,100184598,1827,866,47,961,53,191,10,226,12,180,10,241,13,299,16,253,14,200,11,237,13,91,110,96,116,146,134,87,86,100,116,84,125,153,119,113,151
2017,6,100184620,202,109,54,93,46,29,14,24,12,14,7,32,16,28,14,20,10,22,11,33,16,15,15,8,15,18,7,16,15,14,9,6,17,10,13,6,18
2017,6,100184637,231,117,51,114,49,11,5,22,10,34,15,21,9,23,10,39,17,48,21,33,14,6,7,19,12,10,20,30,13,5,15,15,9,13,19,18,20
2017,6,100184653,124,58,47,66,53,15,12,9,7,12,10,16,13,21,17,17,14,14,11,20,16,5,7,7,7,11,6,7,8,10,2,5,9,10,11,7,12
2017,6,100184661,730,356,49,374,51,71,10,90,12,68,9,80,11,119,16,120,16,75,10,107,15,41,41,36,37,55,62,39,45,30,49,32,43,64,58,36,62
2017,6,100184686,531,254,48,277,52,36,7,63,12,52,10,62,12,95,18,85,16,47,9,91,17,15,34,29,31,50,40,21,34,21,29,23,31,45,45,26,57
2017,6,100184700,1143,580,51,563,49,79,7,124,11,153,13,136,12,165,14,195,17,142,12,149,13,44,65,92,73,73,96,70,67,35,59,61,63,92,99,72,82
2017,6,100184717,829,422,51,407,49,63,8,98,12,61,7,113,14,134,16,142,17,118,14,100,12,30,57,28,56,64,73,68,46,33,41,33,57,70,69,50,54
2017,6,100184741,85,44,52,41,48,10,12,9,11,5,6,8,9,13,15,7,8,15,18,18,21,5,3,3,5,8,6,6,8,5,6,2,3,5,1,9,10
2017,6,100184774,149,75,50,74,50,11,7,23,15,12,8,16,11,25,17,18,12,24,16,20,13,6,11,5,9,14,10,11,9,5,12,7,7,11,8,13,11
2017,6,100184782,1790,865,48,925,52,170,9,157,9,163,9,254,14,298,17,224,13,222,12,302,17,79,80,85,144,152,122,99,104,91,77,78,110,146,102,123,198
2017,6,100184805,145,72,50,73,50,12,8,18,12,11,8,23,16,20,14,22,15,21,14,18,12,5,11,5,12,13,8,12,6,7,7,6,11,7,14,9,12
2017,6,100184813,247,120,49,127,51,16,6,10,4,20,8,16,6,36,15,33,13,39,16,77,31,8,5,7,10,16,21,19,34,8,5,13,6,20,12,20,43
2017,6,100184854,237,120,51,117,49,18,8,20,8,23,10,33,14,30,13,41,17,30,13,42,18,10,7,14,16,18,21,17,17,8,13,9,17,12,20,13,25
2017,6,100184887,816,381,47,435,53,56,7,66,8,71,9,112,14,109,13,96,12,126,15,180,22,32,39,26,63,48,54,62,57,24,27,45,49,61,42,64,123
2017,6,100184934,224,111,50,113,50,6,3,17,8,27,12,32,14,24,11,49,22,25,11,44,20,5,11,12,19,13,25,15,11,1,6,15,13,11,24,10,33
2017,6,100184942,46,24,52,22,48,0,0,1,2,2,4,6,13,7,15,4,9,10,22,16,35,0,0,2,5,4,2,5,6,0,1,0,1,3,2,5,10
2017,6,100184967,1157,566,49,591,51,112,10,100,9,116,10,188,16,167,14,121,10,169,15,184,16,65,51,68,102,86,55,72,67,47,49,48,86,81,66,97,117
2017,6,100184983,552,263,48,289,52,35,6,43,8,60,11,81,15,77,14,78,14,92,17,86,16,14,23,31,49,37,39,38,32,21,20,29,32,40,39,54,54
2017,6,100185028,126,58,46,68,54,8,6,13,10,16,13,11,9,19,15,20,16,13,10,26,21,5,5,7,5,9,10,9,8,3,8,9,6,10,10,4,18
2017,6,100185036,194,87,45,107,55,10,5,16,8,10,5,31,16,27,14,34,18,24,12,42,22,7,7,4,15,14,16,11,13,3,9,6,16,13,18,13,29
2017,6,100185044,414,178,43,236,57,38,9,67,16,36,9,51,12,76,18,50,12,38,9,58,14,20,24,21,24,31,22,15,21,18,43,15,27,45,28,23,37
2017,6,100185077,71,33,46,38,54,11,15,4,6,10,14,11,15,8,11,12,17,12,17,3,4,4,1,4,5,4,7,6,2,7,3,6,6,4,5,6,1
2017,6,100185085,410,213,52,197,48,33,8,45,11,23,6,45,11,72,18,58,14,57,14,77,19,17,22,12,27,36,31,33,35,16,23,11,18,36,27,24,42
2017,6,100185116,1725,785,46,940,54,166,10,105,6,125,7,286,17,233,14,210,12,230,13,370,21,81,52,56,140,123,94,103,136,85,53,69,146,110,116,127,234
2017,6,100185132,1165,566,49,599,51,140,12,136,12,97,8,159,14,221,19,164,14,106,9,142,12,74,73,50,71,117,83,44,54,66,63,47,88,104,81,62,88
2017,6,100185140,5186,2320,45,2866,55,510,10,518,10,462,9,752,15,862,17,637,12,520,10,925,18,255,262,230,369,424,287,204,289,255,256,232,383,438,350,316,636
2017,6,100185157,521,253,49,268,51,45,9,56,11,52,10,76,15,84,16,80,15,59,11,69,13,25,24,25,37,38,41,32,31,20,32,27,39,46,39,27,38
2017,6,100185173,1902,939,49,963,51,212,11,244,13,147,8,266,14,322,17,236,12,243,13,232,12,120,133,79,126,152,122,111,96,92,111,68,140,170,114,132,136
2017,6,100185181,210,109,52,101,48,33,16,35,17,21,10,31,15,41,20,18,9,15,7,16,8,17,18,13,13,21,12,10,5,16,17,8,18,20,6,5,11
2017,6,100185198,499,233,47,266,53,57,11,64,13,55,11,64,13,87,17,67,13,47,9,58,12,27,31,29,25,43,35,25,18,30,33,26,39,44,32,22,40
2017,6,100185220,1839,843,46,996,54,122,7,155,8,201,11,245,13,245,13,267,15,248,13,356,19,72,81,98,124,123,120,105,120,50,74,103,121,122,147,143,236
2017,6,100185237,366,181,49,185,51,34,9,39,11,48,13,43,12,47,13,54,15,39,11,62,17,15,26,27,22,25,28,20,18,19,13,21,21,22,26,19,44
2017,6,100185245,107,52,49,55,51,5,5,7,7,14,13,12,11,18,17,12,11,14,13,25,23,4,5,7,7,12,5,5,7,1,2,7,5,6,7,9,18
2017,6,100185261,2810,1353,48,1457,52,342,12,335,12,260,9,446,16,496,18,303,11,304,11,324,12,187,179,132,223,249,142,134,107,155,156,128,223,247,161,170,217
2017,6,100185278,11944,5816,49,6128,51,1975,17,1621,14,982,8,2049,17,2351,20,1363,11,750,6,853,7,1039,835,503,895,1167,705,368,304,936,786,479,1154,1184,658,382,549
2017,6,100185325,1134,517,46,617,54,84,7,90,8,105,9,152,13,156,14,194,17,123,11,230,20,39,43,55,81,74,87,62,76,45,47,50,71,82,107,61,154
2017,6,100185333,1370,638,47,732,53,127,9,125,9,117,9,195,14,216,16,205,15,159,12,226,16,59,61,57,101,103,105,73,79,68,64,60,94,113,100,86,147
2017,6,100185341,347,176,51,171,49,54,16,50,14,31,9,58,17,65,19,50,14,21,6,18,5,29,24,22,26,32,27,10,6,25,26,9,32,33,23,11,12
2017,6,100185382,299,145,48,154,52,15,5,26,9,29,10,34,11,51,17,36,12,41,14,67,22,8,13,12,16,24,21,20,31,7,13,17,18,27,15,21,36
2017,6,100185405,174,84,48,90,52,13,7,11,6,17,10,23,13,24,14,28,16,22,13,36,21,6,8,11,9,13,16,7,14,7,3,6,14,11,12,15,22
2017,6,100185413,187,99,53,88,47,14,7,24,13,19,10,21,11,29,16,23,12,20,11,37,20,8,12,9,13,15,14,12,16,6,12,10,8,14,9,8,21
2017,6,100185446,1173,606,52,567,48,75,6,122,10,114,10,149,13,207,18,168,14,174,15,164,14,41,66,51,84,113,89,93,69,34,56,63,65,94,79,81,95
2017,6,100185462,279,126,45,153,55,28,10,30,11,24,9,33,12,32,11,43,15,35,13,54,19,7,15,12,20,14,22,19,17,21,15,12,13,18,21,16,37
2017,6,100185470,2966,1389,47,1577,53,261,9,271,9,250,8,459,15,440,15,381,13,454,15,450,15,129,141,135,226,217,189,198,154,132,130,115,233,223,192,256,296
2017,6,100185495,754,376,50,378,50,52,7,68,9,67,9,80,11,127,17,121,16,105,14,134,18,21,27,38,39,73,62,57,59,31,41,29,41,54,59,48,75
2017,6,100185526,128,63,49,65,51,13,10,12,9,9,7,18,14,11,9,24,19,21,16,20,16,10,4,3,10,5,11,12,8,3,8,6,8,6,13,9,12
2017,6,100185614,429,215,50,214,50,40,9,44,10,48,11,66,15,65,15,58,14,48,11,60,14,22,22,30,43,29,28,18,23,18,22,18,23,36,30,30,37
2017,6,100185630,40,22,55,18,45,3,8,3,8,6,15,5,13,3,8,6,15,12,30,2,5,1,3,4,2,1,4,7,0,2,0,2,3,2,2,5,2
2017,6,100185647,75,47,63,28,37,9,12,5,7,5,7,8,11,16,21,12,16,11,15,9,12,5,5,2,5,11,11,6,2,4,0,3,3,5,1,5,7
2017,6,100185663,198,112,57,86,43,13,7,19,10,15,8,34,17,26,13,34,17,36,18,21,11,7,15,9,20,14,16,22,9,6,4,6,14,12,18,14,12
2017,6,100185671,33,16,48,17,52,4,12,2,6,4,12,6,18,3,9,7,21,1,3,6,18,3,1,2,3,2,3,1,1,1,1,2,3,1,4,0,5
2017,6,100185688,236,126,53,110,47,19,8,15,6,19,8,48,20,25,11,36,15,33,14,41,17,9,10,11,32,13,20,17,14,10,5,8,16,12,16,16,27
2017,6,100185702,165,85,52,80,48,20,12,16,10,19,12,24,15,19,12,17,10,26,16,24,15,10,13,10,11,9,8,13,11,10,3,9,13,10,9,13,13
2017,6,100185710,581,283,49,298,51,21,4,52,9,71,12,79,14,109,19,122,21,69,12,58,10,9,29,31,52,62,52,30,18,12,23,40,27,47,70,39,40
2017,6,100185727,930,434,47,496,53,71,8,98,11,93,10,141,15,147,16,123,13,109,12,148,16,42,46,42,67,80,60,42,55,29,52,51,74,67,63,67,93
2017,6,100185735,112,55,49,57,51,7,6,5,4,9,8,17,15,17,15,12,11,18,16,27,24,4,1,4,10,10,6,10,10,3,4,5,7,7,6,8,17
2017,6,100185743,1512,712,47,800,53,103,7,130,9,118,8,224,15,231,15,182,12,220,15,304,20,43,55,64,129,123,82,109,107,60,75,54,95,108,100,111,197
2017,6,100185768,1157,534,46,623,54,97,8,91,8,109,9,193,17,184,16,155,13,155,13,173,15,55,41,57,112,89,67,65,48,42,50,52,81,95,88,90,125
2017,6,100185776,58,27,47,31,53,4,7,12,21,4,7,3,5,12,21,7,12,3,5,13,22,1,7,2,1,7,2,1,6,3,5,2,2,5,5,2,7
2017,6,100185792,67,35,52,32,48,9,13,6,9,4,6,6,9,14,21,8,12,11,16,9,13,4,3,2,3,7,6,6,4,5,3,2,3,7,2,5,5
2017,6,100185807,34,13,38,21,62,9,26,4,12,5,15,6,18,3,9,3,9,2,6,2,6,3,3,0,3,1,2,1,0,6,1,5,3,2,1,1,2
2017,6,100185815,78,36,46,42,54,7,9,8,10,9,12,10,13,7,9,14,18,13,17,10,13,1,3,3,6,3,7,9,4,6,5,6,4,4,7,4,6
2017,6,100185823,132,61,46,71,54,6,5,5,4,10,8,24,18,14,11,23,17,20,15,30,23,4,2,5,11,7,12,10,10,2,3,5,13,7,11,10,20
2017,6,100185831,52,27,52,25,48,5,10,4,8,5,10,7,13,9,17,6,12,5,10,11,21,2,1,3,3,7,3,3,5,3,3,2,4,2,3,2,6
2017,6,100185864,71,31,44,40,56,1,1,5,7,11,15,8,11,7,10,15,21,11,15,13,18,1,1,6,3,3,7,5,5,0,4,5,5,4,8,6,8
2017,6,100185880,47,24,51,23,49,7,15,6,13,4,9,7,15,6,13,6,13,6,13,5,11,2,3,4,2,4,4,3,2,5,3,0,5,2,2,3,3
2017,6,100185897,561,262,47,299,53,56,10,45,8,42,7,94,17,74,13,71,13,89,16,90,16,28,23,17,46,41,32,40,35,28,22,25,48,33,39,49,55
2017,6,100185903,102,57,56,45,44,9,9,12,12,12,12,7,7,20,20,14,14,16,16,12,12,7,7,7,4,11,6,9,6,2,5,5,3,9,8,7,6
2017,6,100185911,38,15,39,23,61,4,11,6,16,4,11,5,13,8,21,5,13,1,3,5,13,1,3,1,3,4,2,0,1,3,3,3,2,4,3,1,4
2017,6,100185928,100,48,48,52,52,7,7,9,9,12,12,15,15,11,11,18,18,9,9,19,19,3,5,6,10,5,11,3,5,4,4,6,5,6,7,6,14
2017,6,100185936,23,15,65,8,35,1,4,0,0,1,4,2,9,2,9,5,22,5,22,7,30,1,0,1,1,1,5,2,4,0,0,0,1,1,0,3,3
2017,6,100185944,5,,,,,,,,,,,,,,,,,,,,,,,,,,,,,,,,,,,,
2017,6,100185952,41,17,41,24,59,1,2,3,7,7,17,4,10,7,17,6,15,5,12,8,20,1,0,4,1,3,3,4,1,0,3,3,3,4,3,1,7
2017,6,100185977,341,153,45,188,55,35,10,34,10,33,10,56,16,53,16,41,12,47,14,42,12,19,10,16,28,28,16,24,12,16,24,17,28,25,25,23,30
2017,6,100185985,294,140,48,154,52,19,6,30,10,20,7,36,12,51,17,30,10,40,14,68,23,11,13,10,22,26,16,17,25,8,17,10,14,25,14,23,43
2017,6,100185993,368,169,46,199,54,19,5,40,11,40,11,56,15,47,13,46,13,58,16,62,17,10,20,21,28,24,19,23,24,9,20,19,28,23,27,35,38
2017,6,100186046,52,28,54,24,46,4,8,5,10,7,13,3,6,12,23,5,10,3,6,13,25,4,2,3,1,7,3,2,6,0,3,4,2,5,2,1,7
2017,6,100186054,218,104,48,114,52,18,8,26,12,25,11,23,11,35,16,17,8,27,12,47,22,10,14,17,8,14,11,11,19,8,12,8,15,21,6,16,28
2017,6,100186062,2658,1218,46,1440,54,251,9,252,9,235,9,389,15,396,15,361,14,350,13,424,16,126,126,132,181,185,177,143,148,125,126,103,208,211,184,207,276
2017,6,100186070,204,93,46,111,54,15,7,18,9,28,14,29,14,29,14,37,18,27,13,21,10,10,7,15,14,15,15,12,5,5,11,13,15,14,22,15,16
2017,6,100186087,1788,892,50,896,50,138,8,236,13,199,11,215,12,336,19,294,16,218,12,152,9,73,128,105,103,154,151,115,63,65,108,94,112,182,143,103,89
2017,6,100186118,828,390,47,438,53,99,12,108,13,81,10,92,11,136,16,114,14,73,9,125,15,48,56,38,44,66,64,30,44,51,52,43,48,70,50,43,81
2017,6,100186126,1642,770,47,872,53,169,10,157,10,132,8,266,16,279,17,193,12,186,11,260,16,99,83,67,132,138,90,78,83,70,74,65,134,141,103,108,177
2017,6,100186134,1227,543,44,684,56,139,11,114,9,87,7,172,14,200,16,122,10,132,11,261,21,75,56,45,88,94,53,54,78,64,58,42,84,106,69,78,183
2017,6,100186167,352,162,46,190,54,21,6,29,8,49,14,51,14,49,14,59,17,33,9,61,17,13,16,28,26,17,26,16,20,8,13,21,25,32,33,17,41
2017,6,100186206,235,114,49,121,51,16,7,23,10,29,12,26,11,23,10,41,17,20,9,57,24,7,13,17,14,12,22,9,20,9,10,12,12,11,19,11,37
2017,6,100186230,335,160,48,175,52,22,7,31,9,41,12,46,14,53,16,36,11,45,13,61,18,12,15,18,27,28,15,22,23,10,16,23,19,25,21,23,38
2017,6,100186247,48,23,48,25,52,2,4,0,0,6,13,5,10,7,15,10,21,8,17,10,21,1,0,3,4,4,6,2,3,1,0,3,1,3,4,6,7
2017,6,100186255,317,151,48,166,52,17,5,21,7,50,16,63,20,26,8,44,14,55,17,41,13,7,10,26,39,12,19,25,13,10,11,24,24,14,25,30,28
2017,6,100186263,22,10,45,12,55,2,9,1,5,3,14,2,9,6,27,1,5,5,23,2,9,0,0,0,1,4,1,3,1,2,1,3,1,2,0,2,1
2017,6,100186271,502,225,45,277,55,25,5,42,8,68,14,57,11,50,10,68,14,87,17,105,21,6,18,38,35,23,31,38,36,19,24,30,22,27,37,49,69
2017,6,100186351,40,17,43,23,58,4,10,4,10,2,5,6,15,3,8,7,18,9,23,5,13,2,1,0,3,1,2,5,3,2,3,2,3,2,5,4,2
2017,6,100186368,5,,,,,,,,,,,,,,,,,,,,,,,,,,,,,,,,,,,,
2017,6,100186376,211,101,48,110,52,14,7,20,9,25,12,29,14,21,10,32,15,28,13,42,20,6,11,16,13,11,13,18,13,8,9,9,16,10,19,10,29
2017,6,100186384,21,10,48,11,52,0,0,5,24,4,19,0,0,3,14,3,14,1,5,5,24,0,3,2,0,1,1,1,2,0,2,2,0,2,2,0,3
2017,6,100186415,146,74,51,72,49,12,8,18,12,14,10,26,18,15,10,25,17,14,10,22,15,5,9,6,16,9,14,5,10,7,9,8,10,6,11,9,12
2017,6,100186448,282,148,52,134,48,21,7,30,11,35,12,48,17,29,10,46,16,36,13,37,13,11,21,17,31,16,20,17,15,10,9,18,17,13,26,19,22
2017,6,100186456,58,24,41,34,59,8,14,7,12,8,14,8,14,8,14,6,10,8,14,5,9,3,3,4,4,3,4,3,0,5,4,4,4,5,2,5,5
2017,6,100186480,356,176,49,180,51,44,12,37,10,40,11,50,14,41,12,54,15,44,12,46,13,17,19,24,28,22,26,20,20,27,18,16,22,19,28,24,26
2017,6,100186511,533,247,46,286,54,40,8,53,10,83,16,59,11,57,11,72,14,60,11,109,20,22,28,40,30,29,34,29,35,18,25,43,29,28,38,31,74
2017,6,100186528,328,155,47,173,53,26,8,34,10,39,12,35,11,54,16,29,9,49,15,62,19,12,17,21,11,26,14,23,31,14,17,18,24,28,15,26,31
2017,6,100186560,480,217,45,263,55,22,5,40,8,86,18,51,11,53,11,71,15,79,16,78,16,10,25,42,24,26,32,34,24,12,15,44,27,27,39,45,54
2017,6,100186585,355,163,46,192,54,20,6,27,8,56,16,37,10,46,13,49,14,55,15,65,18,13,13,27,24,23,23,20,20,7,14,29,13,23,26,35,45
2017,6,100186632,123,61,50,62,50,10,8,6,5,15,12,19,15,15,12,16,13,19,15,23,19,6,2,4,13,10,7,10,9,4,4,11,6,5,9,9,14
2017,6,100186640,64,27,42,37,58,3,5,7,11,5,8,8,13,9,14,8,13,14,22,10,16,3,2,3,4,4,3,5,3,0,5,2,4,5,5,9,7
2017,6,100186657,290,138,48,152,52,23,8,21,7,36,12,33,11,35,12,46,16,38,13,58,20,13,13,20,19,13,26,14,20,10,8,16,14,22,20,24,38
2017,6,100186681,132,71,54,61,46,11,8,21,16,20,15,20,15,18,14,13,10,15,11,14,11,7,10,12,11,10,7,10,4,4,11,8,9,8,6,5,10
2017,6,100186704,404,188,47,216,53,31,8,36,9,52,13,55,14,37,9,71,18,63,16,59,15,13,20,28,29,17,35,27,19,18,16,24,26,20,36,36,40
2017,6,100186778,346,168,49,178,51,20,6,17,5,49,14,36,10,31,9,50,14,45,13,98,28,10,10,32,19,17,26,24,30,10,7,17,17,14,24,21,68
2017,6,100186825,260,121,47,139,53,13,5,22,8,30,12,29,11,29,11,39,15,45,17,53,20,6,10,20,21,14,15,20,15,7,12,10,8,15,24,25,38
2017,6,100186841,1019,481,47,538,53,75,7,85,8,118,12,140,14,104,10,170,17,149,15,178,17,39,42,61,84,40,81,70,64,36,43,57,56,64,89,79,114
2017,6,100186913,243,106,44,137,56,18,7,33,14,38,16,20,8,31,13,27,11,30,12,46,19,8,13,14,12,13,15,17,14,10,20,24,8,18,12,13,32
2017,6,100186946,186,90,48,96,52,6,3,12,6,25,13,20,11,18,10,27,15,30,16,48,26,5,6,15,12,5,15,15,17,1,6,10,8,13,12,15,31
2017,6,100186987,183,85,46,98,54,14,8,17,9,40,22,24,13,15,8,29,16,21,11,23,13,8,8,18,15,6,16,7,7,6,9,22,9,9,13,14,16
2017,6,100187031,79,34,43,45,57,2,3,10,13,9,11,9,11,9,11,13,16,15,19,12,15,1,5,3,4,5,5,6,5,1,5,6,5,4,8,9,7
2017,6,100187080,226,99,44,127,56,8,4,24,11,25,11,29,13,24,11,48,21,21,9,47,21,4,11,13,13,13,22,7,16,4,13,12,16,11,26,14,31
2017,6,100187097,250,125,50,125,50,20,8,18,7,33,13,38,15,33,13,42,17,33,13,33,13,14,12,19,14,17,24,13,12,6,6,14,24,16,18,20,21
2017,6,100187136,51,23,45,28,55,7,14,5,10,9,18,3,6,8,16,7,14,5,10,7,14,2,3,5,1,4,5,1,2,5,2,4,2,4,2,4,5
2017,6,100187160,27,15,56,12,44,3,11,2,7,2,7,3,11,4,15,3,11,5,19,5,19,2,0,1,3,3,1,4,1,1,2,1,0,1,2,1,4
2017,6,100187177,24,13,54,11,46,0,0,1,4,5,21,4,17,3,13,4,17,6,25,1,4,0,0,3,2,2,2,4,0,0,1,2,2,1,2,2,1
2017,6,100187193,22,12,55,10,45,1,5,0,0,4,18,3,14,2,9,6,27,1,5,5,23,0,0,3,2,1,3,1,2,1,0,1,1,1,3,0,3
2017,6,100187216,160,72,45,88,55,6,4,19,12,12,8,19,12,22,14,15,9,18,11,49,31,4,10,7,7,16,8,3,17,2,9,5,12,6,7,15,32
2017,6,100187224,42,22,52,20,48,3,7,5,12,5,12,3,7,7,17,6,14,7,17,6,14,2,4,2,2,3,4,3,2,1,1,3,1,4,2,4,4
2017,6,100187281,53,25,47,28,53,2,4,4,8,4,8,8,15,5,9,8,15,7,13,15,28,0,4,0,4,4,4,5,4,2,0,4,4,1,4,2,11
2017,6,100187304,25,12,48,13,52,0,0,5,20,0,0,2,8,6,24,2,8,6,24,4,16,0,2,0,2,4,0,3,1,0,3,0,0,2,2,3,3
2017,6,100187337,37,19,51,18,49,5,14,1,3,2,5,11,30,2,5,7,19,5,14,4,11,4,0,1,7,1,3,2,1,1,1,1,4,1,4,3,3
2017,6,100187353,24,13,54,11,46,0,0,2,8,6,25,3,13,6,25,0,0,4,17,3,13,0,0,3,3,3,0,2,2,0,2,3,0,3,0,2,1
2017,6,100187386,46,24,52,22,48,5,11,7,15,6,13,4,9,3,7,5,11,5,11,11,24,3,5,5,1,1,4,1,4,2,2,1,3,2,1,4,7
2017,6,100187400,218,100,46,118,54,5,2,10,5,39,18,88,40,23,11,23,11,15,7,15,7,3,5,20,43,13,9,3,4,2,5,19,45,10,14,12,11
2017,6,100187474,329,149,45,180,55,21,6,25,8,60,18,38,12,47,14,41,12,43,13,54,16,9,17,26,19,27,19,18,14,12,8,34,19,20,22,25,40
2017,6,100187505,75,38,51,37,49,8,11,4,5,5,7,18,24,3,4,15,20,11,15,11,15,2,2,4,11,3,7,5,4,6,2,1,7,0,8,6,7
2017,6,100187538,40,17,43,23,58,3,8,3,8,0,0,4,10,4,10,9,23,4,10,13,33,3,0,0,1,3,5,1,4,0,3,0,3,1,4,3,9
2017,6,100187683,36,17,47,19,53,1,3,0,0,7,19,9,25,3,8,2,6,6,17,8,22,1,0,3,5,1,0,2,5,0,0,4,4,2,2,4,3
2017,6,100187771,79,41,52,38,48,13,16,7,9,8,10,18,23,9,11,8,10,6,8,10,13,9,6,3,8,6,3,1,5,4,1,5,10,3,5,5,5
2017,6,100187827,1617,753,47,864,53,103,6,123,8,184,11,201,12,168,10,246,15,231,14,361,22,59,65,102,97,91,121,109,109,44,58,82,104,77,125,122,252
2017,6,100187843,281,137,49,144,51,18,6,18,6,35,12,39,14,30,11,40,14,48,17,53,19,11,9,19,18,15,23,23,19,7,9,16,21,15,17,25,34
2017,6,100187851,50,28,56,22,44,3,6,6,12,7,14,6,12,9,18,8,16,2,4,9,18,2,4,5,4,6,5,0,2,1,2,2,2,3,3,2,7
2017,6,100187868,29,17,59,12,41,2,7,1,3,6,21,6,21,2,7,5,17,1,3,6,21,2,1,4,3,1,3,0,3,0,0,2,3,1,2,1,3
2017,6,100187876,140,77,55,63,45,4,3,14,10,13,9,15,11,16,11,28,20,20,14,30,21,3,10,10,11,7,13,10,13,1,4,3,4,9,15,10,17
2017,6,100187892,29,16,55,13,45,5,17,1,3,1,3,7,24,1,3,3,10,8,28,3,10,3,1,0,4,1,2,3,2,2,0,1,3,0,1,5,1
2017,6,100187907,15,7,47,8,53,0,0,3,20,0,0,1,7,4,27,0,0,2,13,5,33,0,1,0,1,2,0,1,2,0,2,0,0,2,0,1,3
2017,6,100187915,13,7,54,6,46,0,0,0,0,2,15,2,15,2,15,2,15,4,31,1,8,0,0,1,1,2,0,3,0,0,0,1,1,0,2,1,1
2017,6,100187923,23,12,52,11,48,1,4,3,13,3,13,2,9,4,17,5,22,0,0,5,22,1,3,1,1,2,3,0,1,0,0,2,1,2,2,0,4
2017,6,100187948,14,8,57,6,43,0,0,3,21,0,0,2,14,2,14,1,7,4,29,2,14,0,2,0,1,1,1,1,2,0,1,0,1,1,0,3,0
2017,6,100187956,654,292,45,362,55,51,8,51,8,83,13,97,15,75,11,93,14,97,15,107,16,28,23,34,45,42,43,45,32,23,28,49,52,33,50,52,75
2017,6,100187964,51,30,59,21,41,3,6,3,6,7,14,4,8,11,22,11,22,2,4,10,20,3,3,4,2,7,7,1,3,0,0,3,2,4,4,1,7
2017,6,100187972,5,,,,,,,,,,,,,,,,,,,,,,,,,,,,,,,,,,,,
2017,6,100187997,26,14,54,12,46,1,4,1,4,3,12,2,8,5,19,6,23,2,8,6,23,1,0,2,1,3,4,1,2,0,1,1,1,2,2,1,4
2017,6,100188025,15,7,47,8,53,0,0,1,7,2,13,0,0,1,7,6,40,3,20,2,13,0,0,2,0,0,3,1,1,0,1,0,0,1,3,2,1
2017,6,100188041,218,112,51,106,49,18,8,24,11,30,14,30,14,25,11,29,13,29,13,33,15,10,16,16,16,12,17,12,13,8,8,14,14,13,12,17,20
2017,6,100188058,21,8,38,13,62,2,10,3,14,2,10,2,10,6,29,4,19,0,0,2,10,0,1,0,1,3,2,0,1,2,2,2,1,3,2,0,1
2017,6,100188066,645,300,47,345,53,30,5,35,5,75,12,94,15,60,9,112,17,90,14,149,23,8,14,46,55,36,61,38,42,22,21,29,39,24,51,52,107
2017,6,100188074,5,,,,,,,,,,,,,,,,,,,,,,,,,,,,,,,,,,,,
2017,6,100188082,5,,,,,,,,,,,,,,,,,,,,,,,,,,,,,,,,,,,,
2017,6,100188090,5,,,,,,,,,,,,,,,,,,,,,,,,,,,,,,,,,,,,
2017,6,100188105,16,10,63,6,38,0,0,1,6,1,6,1,6,2,13,3,19,3,19,5,31,0,1,1,1,1,1,3,2,0,0,0,0,1,2,0,3
2017,6,100188113,41,16,39,25,61,3,7,2,5,6,15,7,17,3,7,4,10,4,10,12,29,3,0,3,3,1,1,2,3,0,2,3,4,2,3,2,9
2017,6,100188121,5,,,,,,,,,,,,,,,,,,,,,,,,,,,,,,,,,,,,
2017,6,100188138,85,35,41,50,59,3,4,3,4,2,2,7,8,7,8,20,24,18,21,25,29,2,2,1,2,5,11,6,6,1,1,1,5,2,9,12,19
2017,6,100188146,219,116,53,103,47,13,6,14,6,32,15,40,18,25,11,35,16,24,11,36,16,6,6,22,29,13,17,10,13,7,8,10,11,12,18,14,23
2017,6,100188154,31,14,45,17,55,2,6,3,10,4,13,2,6,2,6,6,19,6,19,6,19,1,1,3,0,0,3,4,2,1,2,1,2,2,3,2,4
2017,6,100188162,48,23,48,25,52,1,2,1,2,6,13,6,13,6,13,8,17,11,23,9,19,0,1,3,3,2,4,5,5,1,0,3,3,4,4,6,4
2017,6,100188195,25,15,60,10,40,3,12,1,4,3,12,2,8,6,24,1,4,3,12,6,24,3,0,1,0,5,1,1,4,0,1,2,2,1,0,2,2
2017,6,100188201,233,111,48,122,52,19,8,27,12,31,13,29,12,25,11,39,17,26,11,37,16,13,15,19,9,14,22,9,10,6,12,12,20,11,17,17,27
2017,6,100188218,183,104,57,79,43,8,4,2,1,6,3,16,9,15,8,24,13,50,27,62,34,4,1,1,9,9,18,34,28,4,1,5,7,6,6,16,34
2017,6,100188234,72,36,50,36,50,3,4,5,7,5,7,14,19,10,14,9,13,13,18,13,18,2,2,3,9,6,4,4,6,1,3,2,5,4,5,9,7
2017,6,100188242,52,29,56,23,44,2,4,8,15,4,8,5,10,12,23,7,13,5,10,9,17,1,6,1,4,8,3,2,4,1,2,3,1,4,4,3,5
2017,6,100188250,564,263,47,301,53,34,6,64,11,78,14,76,13,73,13,89,16,62,11,88,16,14,34,38,39,40,44,26,28,20,30,40,37,33,45,36,60
2017,6,100188275,134,65,49,69,51,11,8,11,8,19,14,22,16,21,16,17,13,13,10,20,15,5,4,8,12,11,9,7,9,6,7,11,10,10,8,6,11
2017,6,100188371,27,13,48,14,52,2,7,4,15,2,7,4,15,2,7,4,15,3,11,6,22,1,1,1,2,2,3,2,1,1,3,1,2,0,1,1,5
2017,6,100188410,728,331,45,397,55,35,5,54,7,69,9,79,11,65,9,87,12,98,13,241,33,14,27,37,42,32,36,49,94,21,27,32,37,33,51,49,147
2017,6,100188476,61,32,52,29,48,4,7,4,7,8,13,7,11,8,13,8,13,12,20,10,16,3,3,4,3,4,5,6,4,1,1,4,4,4,3,6,6
2017,6,100188492,28,11,39,17,61,3,11,1,4,2,7,5,18,5,18,7,25,2,7,3,11,0,0,1,3,2,4,1,0,3,1,1,2,3,3,1,3
2017,6,100188507,11,6,55,5,45,0,0,1,9,2,18,1,9,2,18,3,27,1,9,1,9,0,1,0,1,1,2,1,0,0,0,2,0,1,1,0,1
2017,6,100188515,64,29,45,35,55,2,3,5,8,11,17,7,11,8,13,8,13,9,14,14,22,2,2,4,5,4,2,6,4,0,3,7,2,4,6,3,10
2017,6,100188523,449,212,47,237,53,40,9,39,9,46,10,73,16,51,11,62,14,72,16,66,15,19,22,28,38,23,29,32,21,21,17,18,35,28,33,40,45
2017,6,100188531,75,35,47,40,53,8,11,6,8,7,9,14,19,4,5,11,15,10,13,15,20,4,3,1,10,3,5,6,3,4,3,6,4,1,6,4,12
2017,6,100188564,18,7,39,11,61,1,6,1,6,2,11,6,33,0,0,3,17,4,22,1,6,0,0,2,1,0,1,3,0,1,1,0,5,0,2,1,1
2017,6,100188572,25,13,52,12,48,3,12,3,12,3,12,3,12,2,8,5,20,1,4,5,20,2,2,2,1,0,3,0,3,1,1,1,2,2,2,1,2
2017,6,100188580,44,19,43,25,57,5,11,4,9,3,7,4,9,8,18,6,14,7,16,7,16,4,3,1,0,2,4,4,1,1,1,2,4,6,2,3,6
2017,6,100188597,373,180,48,193,52,18,5,29,8,43,12,42,11,55,15,39,10,65,17,82,22,10,15,22,27,26,21,29,30,8,14,21,15,29,18,36,52
2017,6,100188611,47,24,51,23,49,3,6,5,11,4,9,10,21,7,15,3,6,6,13,9,19,1,2,1,5,4,3,3,5,2,3,3,5,3,0,3,4
2017,6,100188628,69,30,43,39,57,4,6,5,7,10,14,6,9,10,14,11,16,7,10,16,23,2,1,4,5,6,5,2,5,2,4,6,1,4,6,5,11
2017,6,100188644,17,8,47,9,53,1,6,3,18,3,18,2,12,1,6,5,29,2,12,0,0,0,2,2,1,0,2,1,0,1,1,1,1,1,3,1,0
2017,6,100188740,196,90,46,106,54,14,7,11,6,21,11,37,19,18,9,21,11,38,19,36,18,5,5,10,22,11,7,15,15,9,6,11,15,7,14,23,21
2017,6,100188781,1365,655,48,710,52,82,6,98,7,154,11,169,12,167,12,181,13,196,14,318,23,47,53,79,96,99,83,100,98,35,45,75,73,68,98,96,220
2017,6,100188798,89,42,47,47,53,6,7,3,3,5,6,12,13,12,13,11,12,16,18,24,27,1,2,3,7,8,6,7,8,5,1,2,5,4,5,9,16
2017,6,100188804,317,145,46,172,54,13,4,22,7,38,12,41,13,31,10,42,13,55,17,75,24,7,11,18,23,16,17,27,26,6,11,20,18,15,25,28,49
2017,6,100188812,29,18,62,11,38,4,14,0,0,1,3,3,10,3,10,5,17,4,14,9,31,2,0,0,1,2,3,4,6,2,0,1,2,1,2,0,3
2017,6,100188820,116,55,47,61,53,6,5,6,5,10,9,18,16,11,9,16,14,21,18,28,24,3,3,6,9,5,10,10,9,3,3,4,9,6,6,11,19
2017,6,100188837,522,243,47,279,53,40,8,41,8,77,15,79,15,48,9,91,17,65,12,81,16,16,22,37,47,23,40,34,24,24,19,40,32,25,51,31,57
2017,6,100188845,2201,1009,46,1192,54,115,5,167,8,223,10,298,14,246,11,331,15,315,14,506,23,64,78,112,166,116,157,154,162,51,89,111,132,130,174,161,344
2017,6,100188853,143,74,52,69,48,5,3,10,7,13,9,31,22,20,14,17,12,16,11,31,22,2,8,8,19,12,11,5,9,3,2,5,12,8,6,11,22
2017,6,100188861,80,33,41,47,59,3,4,2,3,10,13,8,10,4,5,17,21,11,14,25,31,3,1,5,5,2,7,4,6,0,1,5,3,2,10,7,19
2017,6,100188886,22,10,45,12,55,0,0,2,9,3,14,2,9,3,14,1,5,4,18,7,32,0,2,1,1,2,0,3,1,0,0,2,1,1,1,1,6
2017,6,100188894,28,13,46,15,54,0,0,5,18,2,7,2,7,5,18,2,7,6,21,6,21,0,3,1,2,1,2,2,2,0,2,1,0,4,0,4,4
2017,6,100188933,37,17,46,20,54,1,3,8,22,10,27,3,8,2,5,3,8,3,8,7,19,0,6,5,1,1,0,2,2,1,2,5,2,1,3,1,5
2017,6,100188958,114,57,50,57,50,10,9,5,4,11,10,19,17,12,11,18,16,18,16,21,18,7,2,4,12,5,8,14,5,3,3,7,7,7,10,4,16
2017,6,100188966,110,54,49,56,51,6,5,11,10,22,20,6,5,15,14,19,17,13,12,18,16,2,7,14,3,6,9,7,6,4,4,8,3,9,10,6,12
2017,6,100188974,72,34,47,38,53,7,10,6,8,10,14,9,13,8,11,7,10,17,24,8,11,1,4,6,5,2,5,8,3,6,2,4,4,6,2,9,5
2017,6,100188990,437,214,49,223,51,36,8,43,10,57,13,76,17,52,12,51,12,60,14,62,14,20,23,30,42,26,29,27,17,16,20,27,34,26,22,33,45
2017,6,100189027,28,13,46,15,54,1,4,1,4,4,14,3,11,6,21,4,14,3,11,6,21,0,0,1,2,3,2,3,2,1,1,3,1,3,2,0,4
2017,6,100189043,44,23,52,21,48,4,9,8,18,5,11,5,11,9,20,0,0,2,5,11,25,2,3,4,1,6,0,1,6,2,5,1,4,3,0,1,5
2017,6,100189051,88,40,45,48,55,9,10,6,7,10,11,14,16,11,13,13,15,11,13,14,16,6,4,6,6,6,4,4,4,3,2,4,8,5,9,7,10
2017,6,100189068,93,46,49,47,51,3,3,7,8,11,12,10,11,11,12,17,18,12,13,22,24,2,6,4,6,5,9,6,8,1,1,7,4,6,8,6,14
2017,6,100189084,545,239,44,306,56,41,8,42,8,71,13,74,14,68,12,77,14,76,14,96,18,18,24,28,36,33,35,33,32,23,18,43,38,35,42,43,64
2017,6,100189092,36,16,44,20,56,3,8,8,22,6,17,4,11,6,17,3,8,1,3,5,14,1,3,3,2,2,2,1,2,2,5,3,2,4,1,0,3
2017,6,100189164,370,168,45,202,55,21,6,41,11,49,13,37,10,49,13,54,15,43,12,76,21,11,20,25,23,21,26,21,21,10,21,24,14,28,28,22,55
2017,6,100189172,65,28,43,37,57,4,6,3,5,12,18,9,14,7,11,10,15,7,11,13,20,1,0,7,4,5,3,5,3,3,3,5,5,2,7,2,10
2017,6,100189180,146,61,42,85,58,7,5,18,12,23,16,18,12,14,10,17,12,21,14,28,19,2,10,12,4,8,8,10,7,5,8,11,14,6,9,11,21
2017,6,100189228,36,17,47,19,53,1,3,5,14,6,17,3,8,7,19,7,19,2,6,5,14,0,2,4,1,1,5,2,2,1,3,2,2,6,2,0,3
2017,6,100189252,273,130,48,143,52,25,9,16,6,28,10,49,18,41,15,32,12,30,11,52,19,12,6,12,28,25,18,15,14,13,10,16,21,16,14,15,38
2017,6,100189308,179,74,41,105,59,20,11,13,7,24,13,23,13,21,12,22,12,18,10,38,21,12,7,7,12,11,9,9,7,8,6,17,11,10,13,9,31
2017,6,100189324,224,110,49,114,51,13,6,15,7,38,17,26,12,42,19,35,16,18,8,37,17,8,8,22,14,24,18,8,8,5,7,16,12,18,17,10,29
2017,6,100189332,336,158,47,178,53,18,5,24,7,29,9,45,13,35,10,47,14,63,19,75,22,10,13,17,25,19,24,32,18,8,11,12,20,16,23,31,57
2017,6,100189357,17,6,35,11,65,1,6,1,6,1,6,2,12,1,6,4,24,0,0,7,41,0,0,0,1,0,3,0,2,1,1,1,1,1,1,0,5
2017,6,100189365,169,75,44,94,56,4,2,8,5,6,4,19,11,21,12,27,16,32,19,52,31,3,5,3,6,11,13,16,18,1,3,3,13,10,14,16,34
2017,6,100189373,189,89,47,100,53,8,4,18,10,20,11,31,16,22,12,25,13,19,10,46,24,4,8,10,15,11,14,8,19,4,10,10,16,11,11,11,27
2017,6,100189381,1319,617,47,702,53,70,5,99,8,162,12,157,12,167,13,190,14,179,14,295,22,41,52,76,81,90,87,84,106,29,47,86,76,77,103,95,189
2017,6,100189404,215,121,56,94,44,8,4,15,7,25,12,35,16,23,11,33,15,39,18,37,17,3,11,17,21,12,21,19,17,5,4,8,14,11,12,20,20
2017,6,100189412,205,94,46,111,54,14,7,22,11,15,7,25,12,21,10,31,15,31,15,46,22,6,11,7,13,12,16,15,14,8,11,8,12,9,15,16,32
2017,6,100189420,161,84,52,77,48,9,6,12,7,10,6,20,12,23,14,23,14,32,20,32,20,7,6,6,10,13,13,16,13,2,6,4,10,10,10,16,19
2017,6,100189437,532,257,48,275,52,34,6,65,12,77,14,65,12,59,11,56,11,64,12,112,21,13,33,42,38,33,24,32,42,21,32,35,27,26,32,32,70
2017,6,100189461,146,73,50,73,50,6,4,13,9,18,12,18,12,23,16,22,15,23,16,23,16,3,6,9,11,17,13,10,4,3,7,9,7,6,9,13,19
2017,6,100189486,82,40,49,42,51,6,7,7,9,11,13,7,9,18,22,6,7,8,10,19,23,6,4,6,4,7,4,4,5,0,3,5,3,11,2,4,14
2017,6,100189500,794,373,47,421,53,68,9,65,8,89,11,130,16,83,10,80,10,112,14,167,21,35,32,44,74,50,32,45,61,33,33,45,56,33,48,67,106
2017,6,100189517,56,27,48,29,52,1,2,1,2,8,14,4,7,7,13,5,9,8,14,22,39,1,0,5,2,3,2,2,12,0,1,3,2,4,3,6,10
2017,6,100189541,220,116,53,104,47,13,6,22,10,29,13,34,15,29,13,27,12,33,15,33,15,5,13,17,26,16,12,16,11,8,9,12,8,13,15,17,22
2017,6,100189646,152,72,47,80,53,10,7,22,14,17,11,15,10,18,12,19,13,24,16,27,18,3,12,10,8,12,6,12,9,7,10,7,7,6,13,12,18
2017,6,100189750,135,73,54,62,46,9,7,9,7,12,9,22,16,17,13,14,10,24,18,28,21,4,4,6,16,10,9,12,12,5,5,6,6,7,5,12,16
2017,6,100189830,25,15,60,10,40,1,4,2,8,2,8,3,12,3,12,3,12,7,28,4,16,1,1,2,1,1,3,3,3,0,1,0,2,2,0,4,1
2017,6,100189847,499,215,43,284,57,27,5,36,7,45,9,59,12,56,11,94,19,74,15,108,22,12,15,20,28,24,45,39,32,15,21,25,31,32,49,35,76
2017,6,100189855,1216,569,47,647,53,67,6,86,7,103,8,175,14,153,13,190,16,171,14,271,22,26,41,66,100,76,103,74,83,41,45,37,75,77,87,97,188
2017,6,100189863,440,208,47,232,53,19,4,46,10,33,8,53,12,64,15,52,12,55,13,118,27,5,24,19,32,36,29,21,42,14,22,14,21,28,23,34,76
2017,6,100189871,5,,,,,,,,,,,,,,,,,,,,,,,,,,,,,,,,,,,,
2017,6,100189902,233,118,51,115,49,13,6,19,8,34,15,22,9,27,12,32,14,39,17,47,20,9,8,22,13,16,15,19,16,4,11,12,9,11,17,20,31
2017,6,100189935,205,100,49,105,51,5,2,20,10,23,11,23,11,24,12,33,16,36,18,41,20,2,10,11,11,14,18,15,19,3,10,12,12,10,15,21,22
2017,6,100189968,75,38,51,37,49,4,5,6,8,10,13,14,19,7,9,11,15,11,15,12,16,2,5,6,10,4,5,5,1,2,1,4,4,3,6,6,11
2017,6,100189976,632,290,46,342,54,42,7,56,9,68,11,91,14,85,13,84,13,80,13,126,20,24,28,38,52,42,38,29,39,18,28,30,39,43,46,51,87
2017,6,100190005,136,62,46,74,54,12,9,11,8,12,9,16,12,17,13,16,12,25,18,27,20,5,4,3,10,10,8,11,11,7,7,9,6,7,8,14,16
2017,6,100190013,305,153,50,152,50,26,9,37,12,35,11,48,16,39,13,52,17,34,11,34,11,15,19,18,30,18,26,16,11,11,18,17,18,21,26,18,23
2017,6,100190038,110,56,51,54,49,6,5,12,11,15,14,18,16,17,15,20,18,12,11,10,9,5,4,6,13,8,10,6,4,1,8,9,5,9,10,6,6
2017,6,100190101,166,79,48,87,52,8,5,9,5,20,12,22,13,29,17,31,19,19,11,28,17,3,7,11,11,16,14,9,8,5,2,9,11,13,17,10,20
2017,6,100190167,740,354,48,386,52,55,7,73,10,80,11,86,12,98,13,77,10,95,13,176,24,31,47,40,49,53,36,40,58,24,26,40,37,45,41,55,118
2017,6,100190183,404,164,41,240,59,7,2,2,0,6,1,14,3,21,5,29,7,52,13,273,68,4,1,0,10,13,20,31,85,3,1,6,4,8,9,21,188
2017,6,100190222,637,302,47,335,53,57,9,48,8,65,10,88,14,77,12,81,13,89,14,132,21,34,32,29,43,36,41,42,45,23,16,36,45,41,40,47,87
2017,6,100190255,356,172,48,184,52,14,4,32,9,31,9,50,14,46,13,42,12,65,18,76,21,7,13,16,30,25,21,32,28,7,19,15,20,21,21,33,48
2017,6,100190310,582,287,49,295,51,58,10,39,7,61,10,91,16,63,11,74,13,85,15,111,19,32,21,28,57,31,37,39,42,26,18,33,34,32,37,46,69
2017,6,100190415,226,107,47,119,53,11,5,22,10,31,14,34,15,25,11,38,17,28,12,37,16,8,10,17,23,11,18,10,10,3,12,14,11,14,20,18,27
2017,6,100190511,261,131,50,130,50,15,6,32,12,32,12,38,15,35,13,35,13,29,11,45,17,6,17,23,18,20,17,17,13,9,15,9,20,15,18,12,32
2017,6,100190528,64,33,52,31,48,5,8,3,5,6,9,8,13,6,9,10,16,13,20,13,20,1,2,3,4,4,6,6,7,4,1,3,4,2,4,7,6
2017,6,100190536,222,107,48,115,52,15,7,14,6,25,11,27,12,29,13,32,14,38,17,42,19,10,7,12,14,15,15,18,16,5,7,13,13,14,17,20,26
2017,6,100190552,149,69,46,80,54,5,3,18,12,19,13,24,16,11,7,22,15,22,15,28,19,1,8,10,12,6,10,13,9,4,10,9,12,5,12,9,19
2017,6,100190624,191,98,51,93,49,27,14,19,10,26,14,36,19,17,9,27,14,16,8,23,12,17,11,16,19,7,14,8,6,10,8,10,17,10,13,8,17
2017,6,100190673,207,101,49,106,51,13,6,12,6,30,14,26,13,24,12,32,15,29,14,41,20,6,4,16,17,12,18,15,13,7,8,14,9,12,14,14,28
2017,6,100190704,244,123,50,121,50,13,5,19,8,32,13,37,15,20,8,48,20,38,16,37,15,5,15,17,24,5,25,21,11,8,4,15,13,15,23,17,26
2017,6,100190800,162,86,53,76,47,11,7,15,9,25,15,23,14,12,7,29,18,21,13,26,16,7,7,16,17,5,12,7,15,4,8,9,6,7,17,14,11
2017,6,100190841,85,42,49,43,51,5,6,2,2,9,11,13,15,2,2,20,24,11,13,23,27,3,1,6,9,0,9,7,7,2,1,3,4,2,11,4,16
2017,6,100190866,32,20,63,12,38,4,13,2,6,2,6,3,9,4,13,5,16,5,16,7,22,2,2,0,2,3,2,5,4,2,0,2,1,1,3,0,3
2017,6,100190890,300,139,46,161,54,28,9,29,10,40,13,50,17,24,8,47,16,38,13,44,15,15,16,15,29,10,21,22,11,13,13,25,21,14,26,16,33
2017,6,100190954,209,90,43,119,57,13,6,16,8,28,13,21,10,15,7,34,16,32,15,50,24,7,8,13,9,5,15,14,19,6,8,15,12,10,19,18,31
2017,6,100190970,31,16,52,15,48,0,0,4,13,6,19,2,6,3,10,6,19,3,10,7,23,0,2,3,2,0,3,2,4,0,2,3,0,3,3,1,3
2017,6,100191007,358,184,51,174,49,19,5,33,9,46,13,43,12,51,14,67,19,39,11,60,17,8,17,34,31,23,29,21,21,11,16,12,12,28,38,18,39
2017,6,100191056,29,15,52,14,48,1,3,2,7,4,14,3,10,4,14,5,17,6,21,4,14,0,1,2,2,1,4,4,1,1,1,2,1,3,1,2,3
2017,6,100191080,127,61,48,66,52,1,1,6,5,17,13,18,14,8,6,26,20,24,19,27,21,0,5,10,12,3,9,12,10,1,1,7,6,5,17,12,17
2017,6,100191111,14,6,43,8,57,0,0,0,0,1,7,2,14,0,0,6,43,1,7,4,29,0,0,1,2,0,2,0,1,0,0,0,0,0,4,1,3
2017,6,100191136,20,11,55,9,45,1,5,2,10,2,10,3,15,1,5,1,5,5,25,5,25,1,2,1,1,1,0,4,1,0,0,1,2,0,1,1,4
2017,6,100191144,303,139,46,164,54,10,3,25,8,39,13,33,11,34,11,47,16,36,12,79,26,4,13,21,22,16,26,12,25,6,12,18,11,18,21,24,54
2017,6,100191152,5,,,,,,,,,,,,,,,,,,,,,,,,,,,,,,,,,,,,
2017,6,100191193,393,175,45,218,55,23,6,34,9,36,9,59,15,38,10,57,15,73,19,73,19,7,15,17,32,20,19,41,24,16,19,19,27,18,38,32,49
2017,6,100191208,56,28,50,28,50,6,11,9,16,3,5,8,14,12,21,5,9,3,5,10,18,2,6,1,3,7,4,1,4,4,3,2,5,5,1,2,6
2017,6,100191265,152,67,44,85,56,16,11,9,6,13,9,30,20,17,11,25,16,24,16,18,12,9,6,5,16,3,10,14,4,7,3,8,14,14,15,10,14
2017,6,100191320,528,243,46,285,54,33,6,62,12,58,11,91,17,54,10,86,16,71,13,73,14,14,38,25,52,31,31,33,19,19,24,33,39,23,55,38,54
2017,6,100191337,37,21,57,16,43,0,0,2,5,2,5,6,16,6,16,4,11,9,24,8,22,0,1,2,3,4,1,4,6,0,1,0,3,2,3,5,2
2017,6,100191400,110,53,48,57,52,5,5,10,9,20,18,9,8,14,13,19,17,15,14,18,16,3,2,10,7,6,11,7,7,2,8,10,2,8,8,8,11
2017,6,100191466,81,37,46,44,54,2,2,6,7,9,11,4,5,13,16,9,11,17,21,21,26,0,6,4,1,5,4,10,7,2,0,5,3,8,5,7,14
2017,6,100191505,112,54,48,58,52,14,13,16,14,8,7,22,20,16,14,15,13,8,7,13,12,7,12,5,11,8,6,4,1,7,4,3,11,8,9,4,12
2017,6,100191595,22,11,50,11,50,4,18,6,27,1,5,5,23,0,0,3,14,1,5,2,9,2,5,1,1,0,1,1,0,2,1,0,4,0,2,0,2
2017,6,100191601,217,102,47,115,53,17,8,8,4,18,8,36,17,15,7,33,15,40,18,50,23,7,6,11,22,9,13,16,18,10,2,7,14,6,20,24,32
2017,6,100191626,5,,,,,,,,,,,,,,,,,,,,,,,,,,,,,,,,,,,,
2017,6,100191691,308,144,47,164,53,14,5,31,10,42,14,27,9,53,17,34,11,46,15,61,20,9,15,19,13,27,20,20,21,5,16,23,14,26,14,26,40
2017,6,100191747,218,98,45,120,55,15,7,20,9,23,11,22,10,22,10,23,11,44,20,49,22,9,10,13,7,12,15,17,15,6,10,10,15,10,8,27,34
2017,6,100191771,210,119,57,91,43,17,8,11,5,26,12,33,16,13,6,47,22,35,17,28,13,11,10,16,21,6,29,20,6,6,1,10,12,7,18,15,22
2017,6,100191876,385,181,47,204,53,17,4,29,8,50,13,62,16,51,13,54,14,49,13,73,19,12,16,27,30,22,21,25,28,5,13,23,32,29,33,24,45
2017,6,100192000,259,115,44,144,56,17,7,20,8,35,14,33,13,23,9,42,16,38,15,51,20,9,10,17,16,11,20,20,12,8,10,18,17,12,22,18,39
2017,6,100192090,118,65,55,53,45,10,8,7,6,21,18,8,7,11,9,22,19,15,13,24,20,8,6,13,6,8,11,7,6,2,1,8,2,3,11,8,18
2017,6,100192170,240,118,49,122,51,15,6,25,10,28,12,31,13,34,14,40,17,33,14,34,14,10,14,15,19,17,16,15,12,5,11,13,12,17,24,18,22
2017,6,100192314,407,182,45,225,55,29,7,24,6,39,10,56,14,42,10,67,16,57,14,93,23,12,10,18,35,25,32,23,27,17,14,21,21,17,35,34,66
2017,6,100192388,131,59,45,72,55,11,8,10,8,11,8,24,18,13,10,17,13,16,12,29,22,5,4,7,13,8,9,5,8,6,6,4,11,5,8,11,21
2017,6,100192402,402,194,48,208,52,28,7,18,4,51,13,60,15,32,8,58,14,78,19,77,19,20,10,26,39,16,24,34,25,8,8,25,21,16,34,44,52
2017,6,100192410,93,50,54,43,46,10,11,8,9,19,20,13,14,11,12,11,12,7,8,14,15,6,3,14,7,5,5,4,6,4,5,5,6,6,6,3,8
2017,6,100192443,344,169,49,175,51,25,7,26,8,46,13,50,15,41,12,56,16,31,9,69,20,19,11,23,31,18,25,18,24,6,15,23,19,23,31,13,45
2017,6,100192451,368,172,47,196,53,5,1,7,2,14,4,39,11,102,28,79,21,62,17,60,16,2,5,9,19,44,47,27,19,3,2,5,20,58,32,35,41
2017,6,100192468,34,15,44,19,56,1,3,3,9,5,15,4,12,5,15,3,9,8,24,5,15,1,2,0,3,2,1,4,2,0,1,5,1,3,2,4,3
2017,6,100192476,41,19,46,22,54,1,2,2,5,3,7,3,7,4,10,4,10,7,17,17,41,1,0,3,2,3,1,2,7,0,2,0,1,1,3,5,10
2017,6,100192507,445,234,53,211,47,39,9,44,10,32,7,78,18,58,13,63,14,54,12,77,17,27,25,18,49,35,30,25,25,12,19,14,29,23,33,29,52
2017,6,100192515,47,23,49,24,51,1,2,2,4,4,9,9,19,6,13,9,19,7,15,9,19,0,2,2,6,3,5,3,2,1,0,2,3,3,4,4,7
2017,6,100192523,59,21,36,38,64,1,2,4,7,9,15,4,7,4,7,13,22,14,24,10,17,0,0,4,2,1,6,6,2,1,4,5,2,3,7,8,8
2017,6,100192652,394,182,46,212,54,30,8,32,8,47,12,60,15,40,10,57,14,62,16,66,17,15,15,23,32,18,28,31,20,15,17,24,28,22,29,31,46
2017,6,100192716,981,440,45,541,55,88,9,92,9,109,11,146,15,134,14,146,15,113,12,153,16,44,40,48,71,69,63,58,47,44,52,61,75,65,83,55,106
2017,6,100192732,172,78,45,94,55,9,5,10,6,19,11,21,12,21,12,26,15,27,16,39,23,2,4,14,6,14,13,12,13,7,6,5,15,7,13,15,26
2017,6,100192798,116,52,45,64,55,10,9,11,9,17,15,15,13,8,7,21,18,12,10,22,19,8,4,9,6,4,9,6,6,2,7,8,9,4,12,6,16
2017,6,100192812,15,8,53,7,47,0,0,1,7,1,7,1,7,3,20,1,7,5,33,3,20,0,0,1,1,2,0,3,1,0,1,0,0,1,1,2,2
2017,6,100192820,125,67,54,58,46,0,0,5,4,8,6,21,17,7,6,15,12,34,27,35,28,0,1,7,14,4,7,19,15,0,4,1,7,3,8,15,20
2017,6,100192837,440,206,47,234,53,27,6,37,8,40,9,54,12,38,9,76,17,63,14,105,24,17,17,21,27,21,39,32,32,10,20,19,27,17,37,31,73
2017,6,100192925,123,49,40,74,60,7,6,8,7,12,10,24,20,17,14,14,11,19,15,22,18,2,4,4,13,10,3,6,7,5,4,8,11,7,11,13,15
2017,6,100192933,52,24,46,28,54,2,4,2,4,4,8,10,19,4,8,9,17,6,12,15,29,1,0,2,4,4,4,4,5,1,2,2,6,0,5,2,10
2017,6,100192941,195,92,47,103,53,16,8,18,9,24,12,22,11,23,12,32,16,27,14,33,17,12,11,15,11,11,15,9,8,4,7,9,11,12,17,18,25
2017,6,100192974,483,230,48,253,52,34,7,41,8,42,9,70,14,62,13,60,12,78,16,96,20,19,23,28,33,30,31,35,31,15,18,14,37,32,29,43,65
2017,6,100193027,16,10,63,6,38,1,6,0,0,0,0,2,13,2,13,3,19,2,13,6,38,1,0,0,1,2,1,2,3,0,0,0,1,0,2,0,3
2017,6,100193051,118,58,49,60,51,12,10,2,2,16,14,14,12,17,14,14,12,18,15,25,21,7,1,11,7,9,6,7,10,5,1,5,7,8,8,11,15
2017,6,100193068,236,111,47,125,53,9,4,16,7,23,10,40,17,23,10,44,19,37,16,44,19,4,5,13,19,13,21,20,16,5,11,10,21,10,23,17,28
2017,6,100193148,364,178,49,186,51,12,3,20,5,44,12,43,12,34,9,63,17,73,20,75,21,10,12,23,27,17,32,32,25,2,8,21,16,17,31,41,50
2017,6,100193180,2704,1444,53,1260,47,213,8,218,8,265,10,542,20,379,14,375,14,336,12,376,14,107,111,158,342,234,200,152,140,106,107,107,200,145,175,184,236
2017,6,100193203,164,69,42,95,58,21,13,22,13,25,15,25,15,21,13,20,12,12,7,18,11,9,9,11,12,10,7,5,6,12,13,14,13,11,13,7,12
2017,6,100193277,153,71,46,82,54,14,9,14,9,20,13,26,17,12,8,22,14,19,12,26,17,7,6,9,9,7,13,9,11,7,8,11,17,5,9,10,15
2017,6,100193285,153,71,46,82,54,13,8,15,10,13,8,16,10,18,12,21,14,29,19,28,18,6,7,7,10,10,10,12,9,7,8,6,6,8,11,17,19
2017,6,100193316,172,90,52,82,48,14,8,22,13,25,15,27,16,23,13,16,9,27,16,18,10,10,14,10,17,11,9,10,9,4,8,15,10,12,7,17,9
2017,6,100193324,72,31,43,41,57,3,4,2,3,12,17,7,10,7,10,11,15,18,25,12,17,1,2,7,3,2,3,9,4,2,0,5,4,5,8,9,8
2017,6,100193332,677,313,46,364,54,60,9,50,7,85,13,76,11,87,13,94,14,78,12,147,22,34,20,44,43,46,48,38,40,26,30,41,33,41,46,40,107
2017,6,100193373,53,30,57,23,43,6,11,2,4,5,9,4,8,6,11,8,15,11,21,11,21,3,2,4,1,5,4,8,3,3,0,1,3,1,4,3,8
2017,6,100193404,26,14,54,12,46,6,23,5,19,3,12,2,8,6,23,0,0,4,15,0,0,3,3,2,2,2,0,2,0,3,2,1,0,4,0,2,0
2017,6,100193420,24,10,42,14,58,1,4,2,8,3,13,5,21,1,4,6,25,2,8,4,17,1,1,1,4,0,2,1,0,0,1,2,1,1,4,1,4
2017,6,100193445,5,,,,,,,,,,,,,,,,,,,,,,,,,,,,,,,,,,,,
2017,6,100193453,30,14,47,16,53,3,10,2,7,4,13,5,17,3,10,4,13,2,7,7,23,3,1,2,2,1,1,1,3,0,1,2,3,2,3,1,4
2017,6,100193478,55,28,51,27,49,2,4,9,16,14,25,3,5,9,16,5,9,7,13,6,11,0,5,7,2,4,3,6,1,2,4,7,1,5,2,1,5
2017,6,100193486,25,12,48,13,52,1,4,2,8,6,24,3,12,4,16,3,12,3,12,3,12,1,1,1,2,2,1,3,1,0,1,5,1,2,2,0,2
2017,6,100193494,306,151,49,155,51,23,8,27,9,29,9,49,16,32,10,35,11,47,15,64,21,10,13,16,33,17,19,25,18,13,14,13,16,15,16,22,46
2017,6,100193500,200,82,41,118,59,10,5,14,7,17,9,16,8,16,8,25,13,27,14,75,38,6,2,6,7,9,11,18,23,4,12,11,9,7,14,9,52
2017,6,100193517,533,250,47,283,53,55,10,40,8,51,10,96,18,69,13,57,11,76,14,89,17,27,18,24,60,34,29,31,27,28,22,27,36,35,28,45,62
2017,6,100193525,5,,,,,,,,,,,,,,,,,,,,,,,,,,,,,,,,,,,,
2017,6,100193533,47,25,53,22,47,4,9,7,15,8,17,3,6,8,17,4,9,5,11,8,17,3,6,5,2,4,1,2,2,1,1,3,1,4,3,3,6
2017,6,100193566,123,66,54,57,46,4,3,12,10,45,37,9,7,8,7,10,8,13,11,22,18,1,8,31,7,3,4,6,6,3,4,14,2,5,6,7,16
2017,6,100193574,41,20,49,21,51,2,5,1,2,3,7,4,10,6,15,8,20,3,7,14,34,2,0,2,3,3,4,2,4,0,1,1,1,3,4,1,10
2017,6,100193621,71,35,49,36,51,6,8,9,13,7,10,12,17,7,10,10,14,8,11,12,17,2,3,3,7,3,7,4,6,4,6,4,5,4,3,4,6
2017,6,100193638,366,182,50,184,50,30,8,28,8,34,9,49,13,49,13,45,12,69,19,62,17,16,18,17,24,26,25,35,21,14,10,17,25,23,20,34,41
2017,6,100193646,30,14,47,16,53,1,3,0,0,2,7,1,3,5,17,3,10,6,20,12,40,1,0,0,0,4,2,3,4,0,0,2,1,1,1,3,8
2017,6,100193670,5,,,,,,,,,,,,,,,,,,,,,,,,,,,,,,,,,,,,
2017,6,100193687,11,7,64,4,36,2,18,0,0,0,0,0,0,5,45,0,0,2,18,2,18,2,0,0,0,2,0,2,1,0,0,0,0,3,0,0,1
2017,6,100193695,5,,,,,,,,,,,,,,,,,,,,,,,,,,,,,,,,,,,,
2017,6,100193718,16,8,50,8,50,0,0,0,0,1,6,5,31,2,13,2,13,4,25,2,13,0,0,0,2,2,1,2,1,0,0,1,3,0,1,2,1
2017,6,100193726,59,33,56,26,44,3,5,7,12,4,7,14,24,7,12,3,5,9,15,12,20,2,7,3,8,6,1,4,2,1,0,1,6,1,2,5,10
2017,6,100193767,79,45,57,34,43,7,9,15,19,5,6,9,11,11,14,17,22,10,13,5,6,3,9,4,5,7,9,6,2,4,6,1,4,4,8,4,3
2017,6,100193775,493,223,45,270,55,35,7,40,8,61,12,65,13,58,12,82,17,75,15,77,16,15,18,27,36,27,36,30,34,20,22,34,29,31,46,45,43
2017,6,100193806,65,34,52,31,48,4,6,13,20,7,11,4,6,6,9,4,6,13,20,14,22,1,8,4,3,4,1,6,7,3,5,3,1,2,3,7,7
2017,6,100193822,12,6,50,6,50,0,0,0,0,0,0,0,0,2,17,1,8,4,33,5,42,0,0,0,0,0,0,4,2,0,0,0,0,2,1,0,3
2017,6,100193847,23,12,52,11,48,4,17,1,4,0,0,2,9,3,13,5,22,4,17,4,17,1,1,0,1,1,2,3,3,3,0,0,1,2,3,1,1
2017,6,100193888,5,,,,,,,,,,,,,,,,,,,,,,,,,,,,,,,,,,,,
2017,6,100193896,5,,,,,,,,,,,,,,,,,,,,,,,,,,,,,,,,,,,,
2017,6,100193927,19,11,58,8,42,0,0,0,0,1,5,4,21,1,5,3,16,5,26,5,26,0,0,1,1,1,2,4,2,0,0,0,3,0,1,1,3
2017,6,100193935,187,93,50,94,50,10,5,18,10,28,15,25,13,17,9,38,20,19,10,32,17,5,10,17,13,9,17,12,10,5,8,11,12,8,21,7,22
2017,6,100193976,1568,744,47,824,53,99,6,139,9,176,11,196,13,193,12,201,13,244,16,320,20,44,72,100,100,97,101,108,122,55,67,76,96,96,100,136,198
2017,6,100193992,35,16,46,19,54,0,0,2,6,5,14,4,11,3,9,5,14,4,11,12,34,0,0,3,2,3,2,3,3,0,2,2,2,0,3,1,9
2017,6,100194020,13,6,46,7,54,0,0,1,8,1,8,1,8,0,0,3,23,2,15,5,38,0,1,0,0,0,1,1,3,0,0,1,1,0,2,1,2
2017,6,100194053,217,103,47,114,53,15,7,14,6,23,11,24,11,31,14,39,18,31,14,40,18,9,7,13,12,17,18,13,14,6,7,10,12,14,21,18,26
2017,6,100194117,323,160,50,163,50,13,4,30,9,40,12,47,15,39,12,61,19,30,9,63,20,9,12,22,30,19,33,16,19,4,18,18,17,20,28,14,44
2017,6,100194158,40,21,53,19,48,1,3,2,5,8,20,2,5,4,10,8,20,4,10,11,28,0,1,4,2,3,4,1,6,1,1,4,0,1,4,3,5
2017,6,100194166,310,151,49,159,51,18,6,27,9,32,10,42,14,42,14,46,15,45,15,58,19,7,15,20,23,22,23,22,19,11,12,12,19,20,23,23,39
2017,6,100194174,289,150,52,139,48,16,6,25,9,20,7,46,16,30,10,36,12,45,16,71,25,11,15,10,26,16,20,25,27,5,10,10,20,14,16,20,44
2017,6,100194213,30,16,53,14,47,1,3,1,3,2,7,3,10,4,13,5,17,7,23,7,23,1,0,1,1,3,3,5,2,0,1,1,2,1,2,2,5
2017,6,100194238,38,20,53,18,47,2,5,7,18,1,3,3,8,7,18,3,8,8,21,7,18,0,4,1,2,3,2,3,5,2,3,0,1,4,1,5,2
2017,6,100194262,38,17,45,21,55,2,5,3,8,3,8,3,8,6,16,5,13,11,29,5,13,0,2,0,1,1,3,6,4,2,1,3,2,5,2,5,1
2017,6,100194318,345,158,46,187,54,24,7,25,7,46,13,49,14,37,11,50,14,63,18,51,15,9,13,25,21,19,22,32,17,15,12,21,28,18,28,31,34
2017,6,100194334,185,87,47,98,53,19,10,19,10,10,5,36,19,12,6,25,14,40,22,24,13,7,10,6,17,8,12,21,6,12,9,4,19,4,13,19,18
2017,6,100194430,221,116,52,105,48,17,8,22,10,32,14,29,13,37,17,22,10,29,13,33,15,10,15,23,17,19,10,13,9,7,7,9,12,18,12,16,24
2017,6,100195055,48,26,54,22,46,5,10,3,6,3,6,12,25,3,6,13,27,5,10,4,8,2,1,1,9,1,9,1,2,3,2,2,3,2,4,4,2
2017,6,100195071,207,99,48,108,52,23,11,27,13,23,11,32,15,30,14,27,13,26,13,19,9,14,10,12,14,14,14,13,8,9,17,11,18,16,13,13,11
2017,6,100195096,294,121,41,173,59,13,4,17,6,30,10,36,12,46,16,40,14,40,14,72,24,9,8,14,17,27,17,14,15,4,9,16,19,19,23,26,57
2017,6,100195393,94,39,41,55,59,10,11,8,9,14,15,14,15,13,14,8,9,11,12,16,17,1,3,8,5,7,3,5,7,9,5,6,9,6,5,6,9
2017,6,100195762,135,65,48,70,52,13,10,9,7,26,19,15,11,18,13,16,12,22,16,16,12,6,5,12,12,10,8,7,5,7,4,14,3,8,8,15,11
2017,6,100195795,15,5,33,10,67,2,13,5,33,2,13,1,7,2,13,3,20,0,0,0,0,1,1,1,0,1,1,0,0,1,4,1,1,1,2,0,0
2017,6,100195801,50,30,60,20,40,4,8,5,10,7,14,5,10,5,10,11,22,3,6,10,20,2,3,4,4,3,7,2,5,2,2,3,1,2,4,1,5
2017,6,100195818,153,79,52,74,48,16,10,10,7,20,13,19,12,16,10,24,16,25,16,23,15,7,6,12,8,10,10,14,12,9,4,8,11,6,14,11,11
2017,6,100195826,17,4,24,13,76,1,6,1,6,3,18,1,6,1,6,5,29,2,12,3,18,0,0,1,0,0,2,1,0,1,1,2,1,1,3,1,3
2017,6,100195906,12,7,58,5,42,0,0,2,17,2,17,1,8,0,0,4,33,2,17,1,8,0,2,1,1,0,0,2,1,0,0,1,0,0,4,0,0
2017,6,100195988,40,19,48,21,53,1,3,2,5,3,8,5,13,4,10,6,15,13,33,6,15,1,1,2,1,3,3,6,2,0,1,1,4,1,3,7,4
2017,6,100196483,142,72,51,70,49,5,4,22,15,16,11,16,11,19,13,24,17,13,9,27,19,4,15,10,8,8,14,6,7,1,7,6,8,11,10,7,20
2017,6,100196588,47,24,51,23,49,3,6,3,6,8,17,3,6,9,19,7,15,2,4,12,26,2,1,5,0,7,4,1,4,1,2,3,3,2,3,1,8
2017,6,100196635,291,132,45,159,55,17,6,17,6,23,8,32,11,31,11,37,13,31,11,103,35,8,7,14,21,18,17,17,30,9,10,9,11,13,20,14,73
2017,6,100196643,110,51,46,59,54,5,5,8,7,15,14,8,7,10,9,19,17,8,7,37,34,4,3,8,4,5,12,6,9,1,5,7,4,5,7,2,28
2017,6,100196676,753,366,49,387,51,52,7,54,7,80,11,114,15,73,10,106,14,117,16,157,21,28,24,45,66,42,50,49,62,24,30,35,48,31,56,68,95
2017,6,100196723,129,58,45,71,55,14,11,8,6,11,9,20,16,10,8,16,12,32,25,18,14,4,4,5,13,1,9,14,8,10,4,6,7,9,7,18,10
2017,6,100196780,56,28,50,28,50,4,7,8,14,6,11,7,13,6,11,8,14,7,13,10,18,2,7,4,3,0,6,3,3,2,1,2,4,6,2,4,7
2017,6,100196797,664,337,51,327,49,61,9,68,10,80,12,72,11,109,16,108,16,85,13,81,12,36,34,40,36,61,48,46,36,25,34,40,36,48,60,39,45
2017,6,100196803,832,410,49,422,51,112,13,129,16,90,11,104,13,161,19,116,14,57,7,63,8,52,75,49,48,75,61,26,24,60,54,41,56,86,55,31,39
2017,6,100196916,37,16,43,21,57,1,3,2,5,4,11,7,19,6,16,7,19,5,14,5,14,0,1,3,4,3,3,2,0,1,1,1,3,3,4,3,5
2017,6,100196973,177,89,50,88,50,14,8,18,10,20,11,22,12,24,14,26,15,21,12,32,18,5,11,13,13,12,14,9,12,9,7,7,9,12,12,12,20
2017,6,100196981,231,112,48,119,52,8,3,27,12,30,13,27,12,34,15,31,13,30,13,44,19,3,17,16,17,18,17,12,12,5,10,14,10,16,14,18,32
2017,6,100196998,58,28,48,30,52,3,5,3,5,5,9,7,12,10,17,10,17,9,16,11,19,0,1,1,5,7,6,5,3,3,2,4,2,3,4,4,8
2017,6,100197091,87,46,53,41,47,0,0,8,9,12,14,9,10,16,18,13,15,13,15,16,18,0,6,5,5,10,10,4,6,0,2,7,4,6,3,9,10
2017,6,100197114,147,73,50,74,50,6,4,10,7,13,9,17,12,26,18,18,12,24,16,33,22,3,5,8,7,15,10,13,12,3,5,5,10,11,8,11,21
2017,6,100197122,54,24,44,30,56,3,6,10,19,3,6,8,15,9,17,3,6,7,13,11,20,1,4,0,4,6,1,4,4,2,6,3,4,3,2,3,7
2017,6,100197130,111,55,50,56,50,17,15,14,13,6,5,16,14,19,17,15,14,8,7,16,14,6,8,4,9,11,9,4,4,11,6,2,7,8,6,4,12
2017,6,100197251,75,35,47,40,53,2,3,2,3,11,15,4,5,7,9,10,13,15,20,24,32,0,0,8,2,4,3,5,13,2,2,3,2,3,7,10,11
2017,6,100197276,78,44,56,34,44,1,1,6,8,8,10,18,23,7,9,10,13,10,13,18,23,1,4,4,12,4,5,5,9,0,2,4,6,3,5,5,9
2017,6,100197284,18,7,39,11,61,0,0,1,6,2,11,3,17,1,6,2,11,3,17,6,33,0,1,0,2,0,1,2,1,0,0,2,1,1,1,1,5
2017,6,100197307,59,30,51,29,49,6,10,4,7,8,14,6,10,13,22,5,8,6,10,11,19,4,2,4,5,8,3,2,2,2,2,4,1,5,2,4,9
2017,6,100197403,236,110,47,126,53,15,6,20,8,30,13,29,12,29,12,32,14,43,18,38,16,9,9,14,19,12,15,18,14,6,11,16,10,17,17,25,24
2017,6,100197493,32,16,50,16,50,5,16,2,6,7,22,2,6,2,6,5,16,3,9,6,19,3,0,4,2,1,3,1,2,2,2,3,0,1,2,2,4
2017,6,100197516,29,15,52,14,48,1,3,0,0,5,17,6,21,6,21,2,7,5,17,4,14,1,0,3,4,4,0,1,2,0,0,2,2,2,2,4,2
2017,6,100197557,63,31,49,32,51,3,5,3,5,7,11,6,10,8,13,15,24,5,8,16,25,1,1,6,3,6,5,4,5,2,2,1,3,2,10,1,11
2017,6,100197565,144,70,49,74,51,13,9,24,17,15,10,10,7,31,22,18,13,16,11,17,12,6,11,10,3,12,12,10,6,7,13,5,7,19,6,6,11
2017,6,100197573,1146,548,48,598,52,72,6,110,10,112,10,167,15,204,18,154,13,165,14,162,14,39,53,54,81,105,91,74,51,33,57,58,86,99,63,91,111
2017,6,100197598,11,7,64,4,36,2,18,2,18,0,0,3,27,1,9,1,9,2,18,0,0,0,2,0,2,1,1,1,0,2,0,0,1,0,0,1,0
2017,6,100197934,16,7,44,9,56,0,0,1,6,0,0,2,13,0,0,2,13,6,38,5,31,0,1,0,0,0,2,2,2,0,0,0,2,0,0,4,3
2017,6,100198237,19,9,47,10,53,2,11,3,16,1,5,5,26,4,21,0,0,1,5,3,16,1,0,1,4,2,0,0,1,1,3,0,1,2,0,1,2
2017,6,100198374,22,9,41,13,59,0,0,2,9,4,18,3,14,2,9,10,45,0,0,1,5,0,0,1,1,0,6,0,1,0,2,3,2,2,4,0,0
2017,6,100198405,60,28,47,32,53,6,10,4,7,6,10,9,15,2,3,11,18,14,23,8,13,2,2,3,4,1,4,7,5,4,2,3,5,1,7,7,3
2017,6,100198413,29,13,45,16,55,2,7,2,7,2,7,5,17,2,7,2,7,8,28,6,21,1,1,1,3,0,1,4,2,1,1,1,2,2,1,4,4
2017,6,100198421,44,23,52,21,48,3,7,6,14,6,14,6,14,6,14,8,18,3,7,6,14,1,3,4,4,2,6,1,2,2,3,2,2,4,2,2,4
2017,6,100198702,151,76,50,75,50,13,9,8,5,16,11,38,25,13,9,14,9,34,23,15,10,7,2,6,21,10,9,13,8,6,6,10,17,3,5,21,7
2017,6,100199054,13,7,54,6,46,0,0,0,0,0,0,2,15,2,15,3,23,1,8,5,38,0,0,0,2,2,1,0,2,0,0,0,0,0,2,1,3
2017,6,100199062,35,21,60,14,40,7,20,4,11,3,9,2,6,5,14,4,11,5,14,5,14,6,3,1,0,4,2,3,2,1,1,2,2,1,2,2,3
2017,6,100199070,18,10,56,8,44,4,22,1,6,2,11,4,22,3,17,1,6,0,0,3,17,2,1,2,1,2,1,0,1,2,0,0,3,1,0,0,2
2017,6,100199087,26,14,54,12,46,1,4,1,4,3,12,4,15,2,8,2,8,2,8,11,42,1,1,2,3,2,1,0,4,0,0,1,1,0,1,2,7
2017,6,100199095,44,21,48,23,52,1,2,4,9,1,2,6,14,4,9,6,14,7,16,15,34,1,3,0,4,2,3,4,4,0,1,1,2,2,3,3,11
2017,6,100199101,65,35,54,30,46,6,9,7,11,3,5,4,6,13,20,7,11,13,20,12,18,4,4,1,3,8,5,4,6,2,3,2,1,5,2,9,6
2017,6,100199126,13,9,69,4,31,1,8,3,23,0,0,1,8,1,8,3,23,3,23,1,8,1,3,0,0,1,2,2,0,0,0,0,1,0,1,1,1
2017,6,100199134,42,14,33,28,67,3,7,4,10,1,2,6,14,4,10,5,12,6,14,13,31,1,3,0,3,1,1,2,3,2,1,1,3,3,4,4,10
2017,6,100199142,14,6,43,8,57,1,7,0,0,0,0,1,7,2,14,4,29,2,14,4,29,0,0,0,0,1,2,1,2,1,0,0,1,1,2,1,2
2017,6,100199150,27,17,63,10,37,1,4,1,4,1,4,3,11,2,7,8,30,6,22,5,19,1,1,1,2,0,5,4,3,0,0,0,1,2,3,2,2
2017,6,100199175,34,17,50,17,50,0,0,2,6,1,3,3,9,5,15,3,9,6,18,14,41,0,1,1,2,3,2,3,5,0,1,0,1,2,1,3,9
2017,6,100199183,49,26,53,23,47,6,12,4,8,3,6,7,14,10,20,7,14,6,12,6,12,2,4,1,5,5,3,4,2,4,0,2,2,5,4,2,4
2017,6,100199191,40,20,50,20,50,2,5,2,5,4,10,6,15,6,15,7,18,6,15,7,18,0,1,0,4,5,4,2,4,2,1,4,2,1,3,4,3
2017,6,100199206,46,22,48,24,52,2,4,2,4,2,4,10,22,2,4,6,13,12,26,10,22,1,1,1,6,1,2,6,4,1,1,1,4,1,4,6,6
2017,6,100199222,21,11,52,10,48,1,5,2,10,4,19,0,0,6,29,4,19,0,0,4,19,0,1,4,0,3,2,0,1,1,1,0,0,3,2,0,3
2017,6,100199230,24,12,50,12,50,0,0,0,0,1,4,3,13,3,13,4,17,3,13,10,42,0,0,0,2,3,1,2,4,0,0,1,1,0,3,1,6
2017,6,100199247,40,22,55,18,45,2,5,3,8,3,8,8,20,9,23,5,13,5,13,5,13,1,1,1,6,6,3,2,2,1,2,2,2,3,2,3,3
2017,6,100199255,51,23,45,28,55,5,10,6,12,5,10,8,16,3,6,9,18,5,10,10,20,2,3,1,4,2,5,2,4,3,3,4,4,1,4,3,6
2017,6,100199263,176,84,48,92,52,16,9,20,11,17,10,10,6,35,20,21,12,27,15,30,17,11,8,10,4,15,12,15,9,5,12,7,6,20,9,12,21
2017,6,100199271,18,5,28,13,72,3,17,3,17,3,17,2,11,3,17,4,22,0,0,0,0,0,0,2,1,1,1,0,0,3,3,1,1,2,3,0,0
2017,6,100199288,22,11,50,11,50,5,23,0,0,1,5,6,27,1,5,2,9,7,32,0,0,1,0,0,6,0,0,4,0,4,0,1,0,1,2,3,0
2017,6,100199296,40,24,60,16,40,3,8,7,18,2,5,6,15,10,25,6,15,1,3,5,13,3,4,0,3,6,3,1,4,0,3,2,3,4,3,0,1
2017,6,100199302,26,13,50,13,50,1,4,4,15,0,0,5,19,4,15,5,19,0,0,7,27,1,2,0,1,3,4,0,2,0,2,0,4,1,1,0,5
2017,6,100199351,5,,,,,,,,,,,,,,,,,,,,,,,,,,,,,,,,,,,,
2017,6,100199376,47,28,60,19,40,2,4,3,6,4,9,2,4,5,11,9,19,9,19,13,28,2,2,1,2,3,7,5,6,0,1,3,0,2,2,4,7
2017,6,100199392,184,93,51,91,49,10,5,14,8,28,15,21,11,25,14,25,14,26,14,35,19,5,9,14,14,13,10,13,15,5,5,14,7,12,15,13,20
2017,6,100199616,30,15,50,15,50,1,3,2,7,2,7,9,30,2,7,5,17,2,7,7,23,0,1,1,5,1,2,1,4,1,1,1,4,1,3,1,3
2017,6,100200020,14,8,57,6,43,3,21,0,0,2,14,1,7,1,7,5,36,0,0,2,14,2,0,0,1,1,3,0,1,1,0,2,0,0,2,0,1
2017,6,100200496,5,,,,,,,,,,,,,,,,,,,,,,,,,,,,,,,,,,,,
2017,6,100200502,5,,,,,,,,,,,,,,,,,,,,,,,,,,,,,,,,,,,,
2017,6,100200744,325,162,50,163,50,18,6,16,5,19,6,25,8,24,7,36,11,51,16,136,42,7,9,10,14,13,24,32,53,11,7,9,11,11,12,19,83
2017,6,100201088,51,22,43,29,57,3,6,7,14,6,12,5,10,9,18,11,22,4,8,6,12,2,1,4,2,6,5,1,1,1,6,2,3,3,6,3,5
2017,6,100201096,5,,,,,,,,,,,,,,,,,,,,,,,,,,,,,,,,,,,,
2017,6,100201102,48,22,46,26,54,8,17,5,10,4,8,9,19,7,15,4,8,3,6,8,17,3,0,2,4,4,3,3,3,5,5,2,5,3,1,0,5
2017,6,100201658,25,17,68,8,32,3,12,0,0,7,28,2,8,2,8,9,36,0,0,2,8,3,0,4,2,1,6,0,1,0,0,3,0,1,3,0,1
2017,6,100202137,5,,,,,,,,,,,,,,,,,,,,,,,,,,,,,,,,,,,,
2017,6,100202506,30,13,43,17,57,1,3,3,10,3,10,3,10,5,17,3,10,3,10,9,30,1,1,2,1,2,2,2,2,0,2,1,2,3,1,1,7
2017,6,100203637,55,29,53,26,47,6,11,6,11,10,18,5,9,10,18,5,9,6,11,7,13,4,6,6,4,2,3,3,1,2,0,4,1,8,2,3,6
2017,6,100203741,42,21,50,21,50,5,12,6,14,4,10,7,17,3,7,5,12,6,14,6,14,3,5,3,3,0,1,3,3,2,1,1,4,3,4,3,3
2017,6,100203774,70,41,59,29,41,7,10,5,7,12,17,6,9,12,17,10,14,8,11,10,14,6,5,6,3,8,4,4,5,1,0,6,3,4,6,4,5
2017,6,100204647,334,170,51,164,49,29,9,22,7,38,11,50,15,37,11,35,10,63,19,60,18,16,18,25,25,19,17,28,22,13,4,13,25,18,18,35,38
2017,6,100204848,140,65,46,75,54,7,5,9,6,20,14,13,9,11,8,26,19,18,13,36,26,1,5,11,7,6,14,8,13,6,4,9,6,5,12,10,23
2017,6,100204864,64,33,52,31,48,7,11,10,16,6,9,7,11,10,16,9,14,6,9,9,14,4,6,2,5,5,5,4,2,3,4,4,2,5,4,2,7
2017,6,100204944,73,40,55,33,45,3,4,6,8,13,18,7,10,10,14,13,18,5,7,16,22,2,5,10,3,4,7,4,5,1,1,3,4,6,6,1,11
2017,6,100204952,24,11,46,13,54,2,8,4,17,1,4,5,21,2,8,3,13,2,8,5,21,0,3,0,3,1,2,2,0,2,1,1,2,1,1,0,5
2017,6,100204960,23,11,48,12,52,2,9,2,9,4,17,4,17,1,4,5,22,3,13,2,9,1,1,2,3,0,2,2,0,1,1,2,1,1,3,1,2
2017,6,100204977,18,11,61,7,39,3,17,0,0,1,6,5,28,2,11,1,6,2,11,4,22,3,0,0,3,2,0,0,3,0,0,1,2,0,1,2,1
2017,6,100205070,43,24,56,19,44,4,9,5,12,3,7,4,9,9,21,5,12,4,9,9,21,3,2,1,3,6,3,3,3,1,3,2,1,3,2,1,6
2017,6,100205087,5,,,,,,,,,,,,,,,,,,,,,,,,,,,,,,,,,,,,
2017,6,100205206,40,17,43,23,58,0,0,4,10,5,13,1,3,3,8,11,28,8,20,8,20,0,1,3,0,0,5,5,3,0,3,2,1,3,6,3,5
2017,6,100205351,25,7,28,18,72,2,8,5,20,2,8,2,8,3,12,1,4,1,4,9,36,0,1,0,0,1,1,1,3,2,4,2,2,2,0,0,6
2017,6,100205392,32,17,53,15,47,1,3,2,6,6,19,7,22,2,6,4,13,3,9,7,22,1,1,4,4,2,1,2,2,0,1,2,3,0,3,1,5
2017,6,100205544,48,18,38,30,63,8,17,5,10,6,13,4,8,6,13,5,10,9,19,5,10,3,1,3,1,2,3,4,1,5,4,3,3,4,2,5,4
2017,6,100205938,5,,,,,,,,,,,,,,,,,,,,,,,,,,,,,,,,,,,,
2017,6,100205946,30,14,47,16,53,1,3,4,13,3,10,2,7,1,3,2,7,7,23,10,33,0,1,1,1,1,1,5,4,1,3,2,1,0,1,2,6
2017,6,100206312,206,100,49,106,51,11,5,19,9,20,10,33,16,16,8,35,17,37,18,35,17,5,12,10,16,8,15,21,13,6,7,10,17,8,20,16,22
2017,6,100206763,45,27,60,18,40,2,4,5,11,5,11,9,20,8,18,3,7,7,16,6,13,2,3,4,5,5,1,5,2,0,2,1,4,3,2,2,4
2017,6,100206851,180,87,48,93,52,8,4,26,14,25,14,14,8,47,26,30,17,16,9,14,8,4,13,14,4,19,18,9,6,4,13,11,10,28,12,7,8
2017,6,100206868,661,326,49,335,51,52,8,87,13,77,12,58,9,100,15,146,22,84,13,57,9,31,46,35,26,44,80,42,22,21,41,42,32,56,66,42,35
2017,6,100207025,98,58,59,40,41,7,7,11,11,14,14,15,15,13,13,22,22,5,5,11,11,4,6,11,10,8,13,2,4,3,5,3,5,5,9,3,7
2017,6,100207058,88,35,40,53,60,4,5,8,9,13,15,11,13,12,14,12,14,11,13,17,19,3,1,5,6,5,5,4,6,1,7,8,5,7,7,7,11
2017,6,100207187,16,8,50,8,50,0,0,0,0,0,0,4,25,1,6,2,13,5,31,4,25,0,0,0,2,1,0,3,2,0,0,0,2,0,2,2,2
2017,6,100207218,1089,531,49,558,51,135,12,124,11,122,11,136,12,184,17,156,14,98,9,134,12,73,66,59,58,91,78,52,54,62,58,63,78,93,78,46,80
2017,6,100207242,69,37,54,32,46,5,7,6,9,9,13,9,13,7,10,13,19,5,7,15,22,4,2,8,3,4,8,4,4,1,4,1,6,3,5,1,11
2017,6,100207306,77,37,48,40,52,3,4,5,6,16,21,9,12,8,10,14,18,9,12,13,17,1,3,10,4,3,7,4,5,2,2,6,5,5,7,5,8
2017,6,100207355,173,88,51,85,49,11,6,10,6,15,9,35,20,11,6,39,23,23,13,29,17,6,5,7,20,11,21,10,8,5,5,8,15,0,18,13,21
2017,6,100207363,12,8,67,4,33,1,8,0,0,2,17,3,25,0,0,4,33,0,0,2,17,1,0,1,2,0,3,0,1,0,0,1,1,0,1,0,1
2017,6,100207371,686,337,49,349,51,69,10,69,10,75,11,79,12,115,17,87,13,79,12,113,16,35,33,43,40,58,44,36,48,34,36,32,39,57,43,43,65
2017,6,100207468,293,149,51,144,49,41,14,49,17,34,12,34,12,63,22,29,10,23,8,20,7,16,26,24,16,31,16,10,10,25,23,10,18,32,13,13,10
2017,6,100207476,37,17,46,20,54,5,14,3,8,4,11,10,27,3,8,4,11,6,16,2,5,3,0,2,5,2,3,2,0,2,3,2,5,1,1,4,2
2017,6,100207484,5,,,,,,,,,,,,,,,,,,,,,,,,,,,,,,,,,,,,
2017,6,100207507,360,183,51,177,49,39,11,31,9,36,10,48,13,39,11,66,18,44,12,57,16,21,16,19,28,23,36,19,21,18,15,17,20,16,30,25,36
2017,6,100207886,243,124,51,119,49,50,21,41,17,12,5,31,13,63,26,23,9,13,5,10,4,29,17,4,15,29,17,7,6,21,24,8,16,34,6,6,4
2017,6,100207894,35,15,43,20,57,3,9,5,14,4,11,2,6,9,26,2,6,9,26,1,3,0,3,1,1,4,0,6,0,3,2,3,1,5,2,3,1
2017,6,100208236,494,252,51,242,49,56,11,53,11,54,11,64,13,88,18,82,17,46,9,51,10,30,28,34,34,43,39,25,19,26,25,20,30,45,43,21,32
2017,6,100208244,44,24,55,20,45,3,7,5,11,8,18,7,16,5,11,8,18,5,11,3,7,3,1,4,4,2,5,4,1,0,4,4,3,3,3,1,2
2017,6,100208252,82,37,45,45,55,7,9,6,7,10,12,7,9,14,17,15,18,6,7,17,21,3,4,6,2,7,7,4,4,4,2,4,5,7,8,2,13
2017,6,100208260,35,17,49,18,51,5,14,1,3,2,6,5,14,5,14,8,23,4,11,5,14,1,0,2,2,3,5,2,2,4,1,0,3,2,3,2,3
2017,6,100208277,66,34,52,32,48,4,6,8,12,5,8,4,6,10,15,7,11,15,23,13,20,3,5,3,2,4,5,6,6,1,3,2,2,6,2,9,7
2017,6,100208293,85,51,60,34,40,6,7,9,11,7,8,20,24,11,13,14,16,12,14,6,7,5,6,3,12,5,8,9,3,1,3,4,8,6,6,3,3
2017,6,100208324,456,235,52,221,48,80,18,54,12,29,6,80,18,90,20,66,14,29,6,28,6,47,28,19,40,41,35,16,9,33,26,10,40,49,31,13,19
2017,6,100208398,27,16,59,11,41,0,0,4,15,3,11,5,19,8,30,6,22,1,4,0,0,0,4,2,1,5,4,0,0,0,0,1,4,3,2,1,0
2017,6,100208404,179,85,47,94,53,28,16,31,17,14,8,29,16,30,17,26,15,13,7,8,4,16,16,5,12,13,11,9,3,12,15,9,17,17,15,4,5
2017,6,100208654,5,,,,,,,,,,,,,,,,,,,,,,,,,,,,,,,,,,,,
2017,6,100208662,767,366,48,401,52,80,10,75,10,81,11,109,14,119,16,89,12,92,12,122,16,44,39,44,45,55,48,47,44,36,36,37,64,64,41,45,78
2017,6,100208670,5,,,,,,,,,,,,,,,,,,,,,,,,,,,,,,,,,,,,
2017,6,100208687,46,27,59,19,41,3,7,6,13,3,7,4,9,7,15,4,9,10,22,9,20,1,4,2,2,5,2,5,6,2,2,1,2,2,2,5,3
2017,6,100208734,84,46,55,38,45,13,15,12,14,10,12,17,20,15,18,7,8,3,4,7,8,10,7,7,9,7,3,2,1,3,5,3,8,8,4,1,6
2017,6,100208775,247,119,48,128,52,26,11,33,13,23,9,36,15,30,12,32,13,31,13,36,15,8,18,16,19,11,20,14,13,18,15,7,17,19,12,17,23
2017,6,100208855,14,9,64,5,36,0,0,0,0,3,21,1,7,2,14,2,14,1,7,5,36,0,0,3,1,1,1,1,2,0,0,0,0,1,1,0,3
2017,6,100208863,5,,,,,,,,,,,,,,,,,,,,,,,,,,,,,,,,,,,,
2017,6,100208888,37,24,65,13,35,8,22,11,30,1,3,6,16,6,16,2,5,3,8,0,0,6,9,0,3,4,1,1,0,2,2,1,3,2,1,2,0
2017,6,100208896,13,6,46,7,54,0,0,1,8,0,0,1,8,2,15,5,38,1,8,3,23,0,1,0,0,1,2,1,1,0,0,0,1,1,3,0,2
2017,6,100208902,15,9,60,6,40,1,7,4,27,3,20,0,0,7,47,0,0,0,0,0,0,1,3,0,0,5,0,0,0,0,1,3,0,2,0,0,0
2017,6,100208910,14,6,43,8,57,0,0,1,7,1,7,2,14,1,7,2,14,2,14,5,36,0,0,1,1,0,1,1,2,0,1,0,1,1,1,1,3
2017,6,100208927,27,16,59,11,41,3,11,3,11,2,7,5,19,5,19,2,7,2,7,5,19,3,2,1,4,3,0,0,3,0,1,1,1,2,2,2,2
2017,6,100208943,56,25,45,31,55,6,11,3,5,8,14,12,21,5,9,12,21,7,13,3,5,2,1,6,5,1,5,4,1,4,2,2,7,4,7,3,2
2017,6,100209125,258,120,47,138,53,17,7,24,9,24,9,47,18,30,12,38,15,34,13,44,17,10,13,9,25,17,15,18,13,7,11,15,22,13,23,16,31
2017,6,100209133,94,47,50,47,50,10,11,13,14,12,13,6,6,16,17,11,12,8,9,18,19,3,9,4,4,12,7,2,6,7,4,8,2,4,4,6,12
2017,6,100209141,1723,788,46,935,54,110,6,125,7,152,9,223,13,195,11,238,14,281,16,399,23,58,68,84,117,108,105,127,121,52,57,68,106,87,133,154,278
2017,6,100209182,416,219,53,197,47,11,3,39,9,43,10,51,12,61,15,60,14,59,14,92,22,9,22,26,28,30,33,32,39,2,17,17,23,31,27,27,53
2017,6,100209213,155,79,51,76,49,11,7,23,15,13,8,22,14,29,19,17,11,17,11,23,15,6,14,9,10,13,12,8,7,5,9,4,12,16,5,9,16
2017,6,100209221,43,20,47,23,53,7,16,1,2,2,5,8,19,3,7,5,12,5,12,12,28,2,0,1,5,1,2,2,7,5,1,1,3,2,3,3,5
2017,6,100209238,307,156,51,151,49,28,9,40,13,27,9,49,16,61,20,42,14,33,11,27,9,15,24,15,25,30,22,15,10,13,16,12,24,31,20,18,17
2017,6,100209262,5,,,,,,,,,,,,,,,,,,,,,,,,,,,,,,,,,,,,
2017,6,100209270,119,61,51,58,49,14,12,8,7,12,10,15,13,9,8,17,14,24,20,20,17,7,6,10,6,5,8,12,7,7,2,2,9,4,9,12,13
2017,6,100209287,170,78,46,92,54,16,9,13,8,19,11,24,14,17,10,31,18,12,7,38,22,7,8,11,16,7,15,3,11,9,5,8,8,10,16,9,27
2017,6,100209295,26,16,62,10,38,0,0,3,12,4,15,1,4,5,19,5,19,3,12,5,19,0,3,2,0,4,2,3,2,0,0,2,1,1,3,0,3
2017,6,100209326,33,17,52,16,48,3,9,3,9,3,9,2,6,4,12,5,15,3,9,10,30,0,3,1,1,2,3,1,6,3,0,2,1,2,2,2,4
2017,6,100209391,643,308,48,335,52,37,6,43,7,92,14,98,15,60,9,115,18,101,16,97,15,18,23,50,65,27,49,50,26,19,20,42,33,33,66,51,71
2017,6,100209414,5,,,,,,,,,,,,,,,,,,,,,,,,,,,,,,,,,,,,
2017,6,100209422,5,,,,,,,,,,,,,,,,,,,,,,,,,,,,,,,,,,,,
2017,6,100209447,53,28,53,25,47,6,11,7,13,6,11,5,9,15,28,12,23,1,2,1,2,3,2,5,4,6,7,1,0,3,5,1,1,9,5,0,1
2017,6,100209455,150,77,51,73,49,11,7,20,13,13,9,16,11,22,15,20,13,19,13,29,19,9,13,9,9,11,9,11,6,2,7,4,7,11,11,8,23
2017,6,100209463,278,135,49,143,51,24,9,16,6,28,10,32,12,23,8,65,23,40,14,50,18,18,8,17,15,14,33,20,10,6,8,11,17,9,32,20,40
2017,6,100209488,26,16,62,10,38,0,0,0,0,3,12,2,8,4,15,5,19,7,27,5,19,0,0,2,2,4,3,3,2,0,0,1,0,0,2,4,3
2017,6,100209510,432,204,47,228,53,20,5,38,9,61,14,49,11,43,10,73,17,70,16,78,18,9,16,39,28,20,36,33,23,11,22,22,21,23,37,37,55
2017,7,LVDPA0001,650003,288494,44,361509,56,51125,8,50481,8,53499,8,103553,16,92538,14,84047,13,86378,13,128382,20,26447,25941,26879,50164,44602,38189,35663,40609,24678,24540,26620,53389,47936,45858,50715,87773
2017,7,LVDPA0002,57048,25919,45,31129,55,4946,9,5173,9,5406,9,8401,15,7799,14,7500,13,7288,13,10535,18,2540,2601,2660,4238,3875,3534,3058,3413,2406,2572,2746,4163,3924,3966,4230,7122
2017,7,LVDPA0003,44711,20120,45,24591,55,3024,7,3434,8,3638,8,5836,13,6033,13,6409,14,6674,15,9663,22,1541,1771,1868,2878,2912,3073,2884,3193,1483,1663,1770,2958,3121,3336,3790,6470
2017,7,LVDPA0004,6000,2836,47,3164,53,410,7,467,8,494,8,737,12,759,13,846,14,822,14,1465,24,216,240,244,381,392,432,391,540,194,227,250,356,367,414,431,925
2017,7,LVDPA0005,78940,35024,44,43916,56,5497,7,6014,8,6911,9,9707,12,9891,13,12066,15,11790,15,17064,22,2902,3097,3529,5012,4738,5625,4900,5221,2595,2917,3382,4695,5153,6441,6890,11843
2017,7,LVDPA0006,29740,13219,44,16521,56,1959,7,2494,8,2848,10,3556,12,3842,13,4374,15,4660,16,6007,20,1043,1298,1485,1761,1787,1992,2012,1841,916,1196,1363,1795,2055,2382,2648,4166
2017,7,LVDPA0007,67264,29723,44,37541,56,5302,8,6147,9,6826,10,8432,13,8401,12,9071,13,8826,13,14259,21,2773,3150,3458,4065,3993,4178,3714,4392,2529,2997,3368,4367,4408,4893,5112,9867
2017,7,LVDPA0008,35196,15770,45,19426,55,2485,7,2816,8,3509,10,4213,12,4521,13,4994,14,5003,14,7655,22,1291,1408,1727,2145,2150,2347,2184,2518,1194,1408,1782,2068,2371,2647,2819,5137
2017,7,LVDPA0009,21728,9882,45,11846,55,1485,7,1912,9,2155,10,2975,14,2786,13,3126,14,3103,14,4186,19,766,930,1124,1590,1412,1415,1356,1289,719,982,1031,1385,1374,1711,1747,2897
2017,7,LVDPA0010,15523,6828,44,8695,56,1193,8,1274,8,1634,11,2075,13,1875,12,2065,13,2076,13,3331,21,609,640,880,1001,885,877,844,1092,584,634,754,1074,990,1188,1232,2239
2017,7,LVDPA0011,25380,11388,45,13992,55,2066,8,2148,8,2502,10,3611,14,3098,12,3505,14,3324,13,5126,20,1089,1107,1295,1775,1496,1550,1373,1703,977,1041,1207,1836,1602,1955,1951,3423
2017,7,LVDPA0012,24780,10991,44,13789,56,2008,8,2199,9,2222,9,3359,14,3690,15,3067,12,3165,13,5070,20,1019,1114,1117,1688,1795,1411,1215,1632,989,1085,1105,1671,1895,1656,1950,3438
2017,7,LVDPA0013,11404,5197,46,6207,54,892,8,945,8,1359,12,1506,13,1404,12,1597,14,1483,13,2218,19,457,485,667,803,663,746,622,754,435,460,692,703,741,851,861,1464
2017,7,LVDPA0014,16403,7388,45,9015,55,1402,9,1547,9,1773,11,2248,14,2206,13,2181,13,1933,12,3113,19,708,796,922,1113,1034,1016,819,980,694,751,851,1135,1172,1165,1114,2133
2017,7,LVDPA0015,12140,5443,45,6697,55,870,7,1057,9,1355,11,1636,13,1552,13,1606,13,1643,14,2421,20,441,553,661,817,745,728,695,803,429,504,694,819,807,878,948,1618
2017,7,LVDPA0016,11793,5316,45,6477,55,893,8,1047,9,1176,10,1621,14,1446,12,1647,14,1700,14,2263,19,458,527,586,840,711,749,716,729,435,520,590,781,735,898,984,1534
2017,7,LVDPA0017,13585,6134,45,7451,55,1424,10,1284,9,1359,10,2203,16,1873,14,1660,12,1537,11,2245,17,741,634,672,1030,890,766,667,734,683,650,687,1173,983,894,870,1511
2017,7,LVDPA0018,8422,3669,44,4753,56,420,5,633,8,872,10,844,10,979,12,1267,15,1534,18,1873,22,197,311,445,456,461,552,638,609,223,322,427,388,518,715,896,1264
2017,7,LVDPA0019,7725,3458,45,4267,55,463,6,599,8,870,11,956,12,991,13,1175,15,1156,15,1515,20,221,330,440,498,465,541,506,457,242,269,430,458,526,634,650,1058
2017,7,LVDPA0020,9702,4397,45,5305,55,680,7,815,8,1059,11,1300,13,1223,13,1325,14,1395,14,1905,20,342,426,548,694,606,591,546,644,338,389,511,606,617,734,849,1261
2017,7,LVDPA0021,811,409,50,402,50,54,7,76,9,74,9,84,10,135,17,132,16,114,14,142,18,22,33,44,40,77,70,59,64,32,43,30,44,58,62,55,78
2017,7,LVDPA0022,7282,3148,43,4134,57,524,7,567,8,780,11,920,13,843,12,1047,14,1091,15,1510,21,248,277,379,463,414,456,455,456,276,290,401,457,429,591,636,1054
2017,7,LVDPA0023,6088,2804,46,3284,54,459,8,586,10,662,11,778,13,894,15,869,14,746,12,1094,18,217,302,347,412,432,412,312,370,242,284,315,366,462,457,434,724
2017,7,LVDPA0024,5329,2627,49,2702,51,401,8,422,8,430,8,780,15,781,15,729,14,702,13,1084,20,216,217,226,420,404,380,324,440,185,205,204,360,377,349,378,644
2017,7,LVDPA0025,9098,4081,45,5017,55,669,7,754,8,945,10,1169,13,1083,12,1261,14,1331,15,1886,21,356,395,500,597,505,567,536,625,313,359,445,572,578,694,795,1261
2017,7,LVDPA0026,8167,3722,46,4445,54,823,10,880,11,740,9,1126,14,1360,17,999,12,884,11,1355,17,418,436,384,541,654,471,370,448,405,444,356,585,706,528,514,907
2017,7,LVDPA0027,4719,2175,46,2544,54,282,6,389,8,525,11,562,12,518,11,689,15,610,13,1144,24,152,180,281,322,266,316,264,394,130,209,244,240,252,373,346,750
2017,7,LVDPA0028,8206,3603,44,4603,56,496,6,641,8,750,9,1004,12,1096,13,1279,16,1217,15,1723,21,243,323,381,513,525,600,482,536,253,318,369,491,571,679,735,1187
2017,7,LVDPA0029,6893,3057,44,3836,56,422,6,537,8,764,11,832,12,762,11,1009,15,1006,15,1561,23,210,265,390,435,374,446,445,492,212,272,374,397,388,563,561,1069
2017,7,LVDPA0030,5728,2669,47,3059,53,473,8,471,8,633,11,758,13,730,13,718,13,807,14,1138,20,251,237,350,397,379,324,343,388,222,234,283,361,351,394,464,750
2017,7,LVDPA0031,7928,3606,45,4322,55,566,7,636,8,839,11,1078,14,971,12,1063,13,1109,14,1666,21,286,324,432,548,492,484,475,565,280,312,407,530,479,579,634,1101
2017,7,LVDPA0032,5656,2496,44,3160,56,354,6,459,8,587,10,677,12,638,11,805,14,947,17,1189,21,183,261,285,330,319,365,387,366,171,198,302,347,319,440,560,823
2017,7,LVDPA0033,7448,3300,44,4148,56,466,6,637,9,721,10,895,12,861,12,1028,14,1310,18,1530,21,231,297,374,443,447,467,546,495,235,340,347,452,414,561,764,1035
2017,7,LVDPA0034,471,230,49,241,51,21,4,43,9,57,12,61,13,52,11,75,16,63,13,99,21,9,19,37,31,27,39,30,38,12,24,20,30,25,36,33,61
2017,7,LVDPA0035,2738,1258,46,1480,54,194,7,202,7,274,10,377,14,325,12,366,13,406,15,594,22,100,99,127,196,174,185,176,201,94,103,147,181,151,181,230,393
2017,7,LVDPA0036,3240,1445,45,1795,55,164,5,248,8,359,11,395,12,385,12,490,15,502,15,697,22,75,121,173,218,179,233,218,228,89,127,186,177,206,257,284,469
2017,7,LVDPA0037,6897,3231,47,3666,53,750,11,793,11,605,9,951,14,1060,15,871,13,755,11,1112,16,401,397,303,458,520,423,333,396,349,396,302,493,540,448,422,716
2017,7,LVDPA0038,2547,1152,45,1395,55,157,6,202,8,225,9,331,13,227,9,402,16,356,14,647,25,85,103,120,181,104,191,170,198,72,99,105,150,123,211,186,449
2017,7,LVDPA0039,2130,980,46,1150,54,111,5,162,8,179,8,284,13,266,12,332,16,299,14,497,23,41,76,105,160,132,175,134,157,70,86,74,124,134,157,165,340
2017,7,LVDPA0040,2239,1034,46,1205,54,124,6,199,9,228,10,252,11,301,13,330,15,366,16,439,20,67,114,119,130,147,158,159,140,57,85,109,122,154,172,207,299
2017,7,LVDPA0041,2081,918,44,1163,56,123,6,175,8,250,12,242,12,253,12,315,15,273,13,450,22,51,89,138,128,108,165,119,120,72,86,112,114,145,150,154,330
2017,7,LVDPA0042,4560,1963,43,2597,57,262,6,343,8,421,9,539,12,443,10,637,14,686,15,1229,27,139,177,214,284,218,271,278,382,123,166,207,255,225,366,408,847
2017,7,LVDPA0043,2063,912,44,1151,56,124,6,172,8,246,12,277,13,221,11,275,13,252,12,496,24,62,94,124,138,99,140,115,140,62,78,122,139,122,135,137,356
2017,7,LVDPA0044,3444,1577,46,1867,54,316,9,349,10,330,10,516,15,484,14,424,12,430,12,595,17,153,188,166,256,255,199,189,171,163,161,164,260,229,225,241,424
2017,7,LVDPA0045,1349,636,47,713,53,71,5,91,7,160,12,140,10,171,13,199,15,217,16,300,22,45,42,93,77,96,87,111,85,26,49,67,63,75,112,106,215
2017,7,LVDPA0046,2648,1257,47,1391,53,185,7,200,8,311,12,367,14,293,11,406,15,334,13,552,21,108,96,179,197,149,194,156,178,77,104,132,170,144,212,178,374
2017,7,LVDPA0047,3657,1662,45,1995,55,240,7,361,10,422,12,471,13,416,11,499,14,485,13,763,21,133,184,217,230,198,225,216,259,107,177,205,241,218,274,269,504
2017,7,LVDPA0048,3834,1743,45,2091,55,287,7,363,9,412,11,478,12,514,13,467,12,506,13,807,21,141,197,201,235,262,212,205,290,146,166,211,243,252,255,301,517
2017,7,LVDPA0050,2454,1126,46,1328,54,145,6,192,8,259,11,268,11,275,11,382,16,355,14,578,24,72,92,141,137,143,181,164,196,73,100,118,131,132,201,191,382
2017,7,LVDPA0051,2894,1301,45,1593,55,181,6,250,9,315,11,307,11,294,10,400,14,433,15,714,25,103,129,152,153,152,167,196,249,78,121,163,154,142,233,237,465
2017,7,LVDPA0052,1503,698,46,805,54,86,6,110,7,148,10,176,12,192,13,245,16,212,14,334,22,52,60,73,104,97,111,87,114,34,50,75,72,95,134,125,220
2017,7,LVDPA0053,6609,2928,44,3681,56,434,7,469,7,683,10,879,13,712,11,1063,16,1105,17,1264,19,242,240,336,469,333,447,478,383,192,229,347,410,379,616,627,881
2017,7,LVDPA0054,1913,900,47,1013,53,124,6,157,8,194,10,241,13,228,12,248,13,292,15,429,22,66,87,95,124,126,126,131,145,58,70,99,117,102,122,161,284
2017,7,LVDPA0055,2083,965,46,1118,54,120,6,177,8,252,12,247,12,218,10,303,15,288,14,478,23,67,96,125,141,110,143,139,144,53,81,127,106,108,160,149,334
2017,7,LVDPA0056,2790,1325,47,1465,53,205,7,216,8,293,11,375,13,337,12,381,14,422,15,561,20,127,104,155,200,171,177,190,201,78,112,138,175,166,204,232,360
2017,7,LVDPA0057,1269,605,48,664,52,75,6,93,7,147,12,151,12,156,12,167,13,179,14,301,24,44,50,73,83,92,77,93,93,31,43,74,68,64,90,86,208
2017,7,LVDPA0059,6664,3148,47,3516,53,882,13,793,12,505,8,1037,16,1205,18,729,11,710,11,803,12,461,395,255,484,590,358,324,281,421,398,250,553,615,371,386,522
2017,7,LVDPA0060,5067,2306,46,2761,54,376,7,498,10,567,11,702,14,677,13,696,14,638,13,913,18,190,260,281,360,325,324,270,296,186,238,286,342,352,372,368,617
2017,7,LVDPA0061,21094,9360,44,11734,56,1339,6,1602,8,1800,9,2959,14,2810,13,2981,14,3347,16,4256,20,685,818,926,1546,1379,1349,1366,1291,654,784,874,1413,1431,1632,1981,2965
2017,7,LVDPA0062,2895,1324,46,1571,54,198,7,216,7,307,11,396,14,309,11,416,14,423,15,630,22,110,102,163,223,160,199,182,185,88,114,144,173,149,217,241,445
2017,7,LVDPA0063,2043,919,45,1124,55,118,6,147,7,216,11,257,13,214,10,286,14,312,15,493,24,58,68,107,136,103,143,146,158,60,79,109,121,111,143,166,335
2017,7,LVDPA0064,2315,1046,45,1269,55,121,5,173,7,250,11,294,13,275,12,343,15,356,15,503,22,69,86,123,166,127,163,152,160,52,87,127,128,148,180,204,343
2017,7,LVDPA0065,1404,643,46,761,54,99,7,109,8,150,11,201,14,187,13,181,13,216,15,261,19,47,56,75,105,104,77,102,77,52,53,75,96,83,104,114,184
2017,7,LVDPA0066,1647,729,44,918,56,95,6,124,8,156,9,214,13,159,10,219,13,224,14,456,28,41,58,85,122,81,103,105,134,54,66,71,92,78,116,119,322
2017,7,LVDPA0067,1242,569,46,673,54,98,8,111,9,137,11,159,13,139,11,162,13,145,12,291,23,49,59,71,85,75,83,54,93,49,52,66,74,64,79,91,198
2017,7,LVDPA0068,526,249,47,277,53,38,7,37,7,54,10,62,12,44,8,82,16,64,12,145,28,20,20,35,32,25,38,34,45,18,17,19,30,19,44,30,100
2017,7,LVDPA0069,1261,553,44,708,56,66,5,94,7,151,12,165,13,143,11,178,14,161,13,303,24,31,43,66,83,69,85,72,104,35,51,85,82,74,93,89,199
2017,7,LVDPA0070,2062,942,46,1120,54,180,9,181,9,224,11,274,13,278,13,255,12,272,13,398,19,82,87,113,148,152,118,110,132,98,94,111,126,126,137,162,266
2017,7,LVDPA0071,492,238,48,254,52,31,6,51,10,35,7,60,12,84,17,51,10,76,15,104,21,17,23,18,36,43,27,33,41,14,28,17,24,41,24,43,63
2017,7,LVDPA0072,1760,784,45,976,55,111,6,137,8,190,11,235,13,171,10,224,13,251,14,441,25,60,63,89,127,85,101,124,135,51,74,101,108,86,123,127,306
2017,7,LVDPA0073,1413,658,47,755,53,99,7,111,8,175,12,181,13,155,11,207,15,190,13,295,21,58,59,92,88,86,96,89,90,41,52,83,93,69,111,101,205
2017,7,LVDPA0074,1649,764,46,885,54,92,6,121,7,186,11,222,13,192,12,233,14,225,14,378,23,47,56,93,133,105,108,103,119,45,65,93,89,87,125,122,259
2017,7,LVDPA0075,901,411,46,490,54,55,6,66,7,107,12,133,15,100,11,126,14,130,14,184,20,22,23,53,77,62,55,60,59,33,43,54,56,38,71,70,125
2017,7,LVDPA0076,3371,1508,45,1863,55,222,7,241,7,292,9,397,12,410,12,495,15,507,15,807,24,128,115,151,193,174,237,237,273,94,126,141,204,236,258,270,534
2017,7,LVDPA0077,886,419,47,467,53,54,6,77,9,99,11,119,13,111,13,116,13,129,15,181,20,23,30,49,67,56,66,64,64,31,47,50,52,55,50,65,117
2017,7,LVDPA0078,2359,1027,44,1332,56,145,6,179,8,230,10,266,11,286,12,330,14,346,15,577,24,63,87,107,140,138,150,155,187,82,92,123,126,148,180,191,390
2017,7,LVDPA0079,1644,772,47,872,53,109,7,155,9,188,11,222,14,227,14,192,12,225,14,326,20,55,76,97,112,124,92,99,117,54,79,91,110,103,100,126,209
2017,7,LVDPA0080,7365,3289,45,4076,55,489,7,587,8,715,10,980,13,908,12,1019,14,1175,16,1492,20,265,308,347,517,458,445,481,468,224,279,368,463,450,574,694,1024
2017,7,LVDPA0081,129,70,54,59,46,10,8,10,8,10,8,9,7,23,18,27,21,18,14,22,17,4,4,7,6,14,13,9,13,6,6,3,3,9,14,9,9
2017,7,LVDPA0082,2414,1107,46,1307,54,125,5,181,7,252,10,320,13,268,11,356,15,356,15,556,23,68,86,127,179,128,167,175,177,57,95,125,141,140,189,181,379
2017,7,LVDPA0083,1318,617,47,701,53,70,5,99,8,162,12,157,12,167,13,190,14,178,14,295,22,41,52,76,81,90,87,84,106,29,47,86,76,77,103,94,189
2017,7,LVDPA0084,568,258,45,310,55,27,5,41,7,54,10,50,9,47,8,98,17,102,18,149,26,9,25,29,28,23,49,47,48,18,16,25,22,24,49,55,101
2017,7,LVDPA0085,1046,478,46,568,54,62,6,66,6,117,11,145,14,99,9,177,17,152,15,228,22,31,39,57,79,48,83,71,70,31,27,60,66,51,94,81,158
2017,7,LVDPA0086,1087,482,44,605,56,45,4,85,8,95,9,110,10,134,12,165,15,179,16,274,25,25,38,48,58,72,82,87,72,20,47,47,52,62,83,92,202
2017,7,LVDPA0087,1643,752,46,891,54,108,7,144,9,183,11,213,13,170,10,231,14,242,15,352,21,54,74,93,117,82,108,105,119,54,70,90,96,88,123,137,233
2017,7,LVDPA0088,2142,976,46,1166,54,161,8,144,7,200,9,332,15,249,12,298,14,328,15,430,20,77,79,90,168,113,131,145,173,84,65,110,164,136,167,183,257
2017,7,LVDPA0089,1858,848,46,1010,54,120,6,159,9,208,11,237,13,254,14,268,14,250,13,362,19,69,82,101,121,125,123,104,123,51,77,107,116,129,145,146,239
2017,7,LVDPA0090,2902,1397,48,1505,52,340,12,348,12,276,10,459,16,508,18,316,11,322,11,333,11,185,185,140,231,255,148,144,109,155,163,136,228,253,168,178,224
2017,7,LVDPA0091,1780,863,48,917,52,168,9,155,9,165,9,250,14,298,17,222,12,222,12,300,17,78,79,87,141,154,122,99,103,90,76,78,109,144,100,123,197
2017,7,LVDPA0092,126,64,51,62,49,2,2,6,5,6,5,17,13,14,11,14,11,21,17,46,37,1,2,2,12,11,4,16,16,1,4,4,5,3,10,5,30
2017,7,LVDPA0093,710,333,47,377,53,33,5,52,7,70,10,85,12,83,12,123,17,100,14,164,23,18,29,37,51,39,61,50,48,15,23,33,34,44,62,50,116
2017,7,LVDPA0094,1062,472,44,590,56,52,5,95,9,115,11,119,11,98,9,150,14,133,13,300,28,29,52,65,65,44,68,53,96,23,43,50,54,54,82,80,204
2017,7,LVDPA0095,1597,752,47,845,53,103,6,125,8,169,11,238,15,202,13,210,13,240,15,310,19,51,60,95,137,104,97,103,105,52,65,74,101,98,113,137,205
2017,7,LVDPA0096,596,295,49,301,51,20,3,43,7,75,13,81,14,50,8,104,17,80,13,143,24,9,22,44,46,25,53,39,57,11,21,31,35,25,51,41,86
2017,7,LVDPA0097,924,423,46,501,54,48,5,59,6,115,12,121,13,121,13,135,15,125,14,200,22,22,28,55,70,63,58,63,64,26,31,60,51,58,77,62,136
2017,7,LVDPA0098,834,363,44,471,56,54,6,58,7,110,13,110,13,68,8,134,16,132,16,168,20,27,27,50,62,30,64,58,45,27,31,60,48,38,70,74,123
2017,7,LVDPA0099,1163,574,49,589,51,113,10,100,9,115,10,191,16,167,14,122,10,169,15,186,16,66,51,67,105,86,56,73,70,47,49,48,86,81,66,96,116
2017,7,LVDPA0100,1761,807,46,954,54,114,6,129,7,153,9,229,13,202,11,242,14,288,16,404,23,61,70,84,118,111,108,131,124,53,59,69,111,91,134,157,280
2017,7,LVDPA0102,2218,985,44,1233,56,154,7,179,8,263,12,242,11,286,13,345,16,279,13,470,21,83,92,135,131,133,157,116,138,71,87,128,111,153,188,163,332
2017,7,LVDPA0103,3555,1691,48,1864,52,458,13,340,10,226,6,594,17,620,17,407,11,470,13,440,12,245,169,119,296,300,188,207,167,213,171,107,298,320,219,263,273
2017,7,LVDPA0104,2369,1105,47,1264,53,182,8,196,8,234,10,353,15,303,13,322,14,332,14,447,19,106,105,117,174,153,140,154,156,76,91,117,179,150,182,178,291
2017,7,LVDPA0105,1201,623,52,578,48,57,5,60,5,116,10,161,13,155,13,220,18,189,16,243,20,33,33,60,88,87,113,94,115,24,27,56,73,68,107,95,128
2017,7,LVDPA0106,899,430,48,469,52,56,6,60,7,91,10,109,12,97,11,163,18,138,15,185,21,29,31,48,63,49,79,62,69,27,29,43,46,48,84,76,116
2017,7,LVDPA0107,1350,646,48,704,52,48,4,104,8,153,11,164,12,167,12,201,15,211,16,302,22,28,60,96,87,79,93,99,104,20,44,57,77,88,108,112,198
2017,7,LVDPA0108,1763,831,47,932,53,182,10,208,12,178,10,232,13,282,16,246,14,200,11,235,13,88,99,95,113,135,129,87,85,94,109,83,119,147,117,113,150
2017,7,LVDPA0109,700,305,44,395,56,46,7,41,6,84,12,93,13,70,10,96,14,123,18,147,21,25,18,38,47,37,49,46,45,21,23,46,46,33,47,77,102
2017,7,LVDPA0110,1152,540,47,612,53,58,5,82,7,118,10,132,11,134,12,167,14,159,14,302,26,27,45,62,70,72,82,73,109,31,37,56,62,62,85,86,193
2017,7,LVDPA0111,2659,1246,47,1413,53,311,12,260,10,266,10,377,14,371,14,380,14,276,10,418,16,157,126,123,180,184,187,134,155,154,134,143,197,187,193,142,263
2017,7,LVDPA0112,757,344,45,413,55,50,7,65,9,94,12,107,14,96,13,91,12,119,16,135,18,24,29,51,57,54,39,48,42,26,36,43,50,42,52,71,93
2017,7,LVDPA0113,13914,6150,44,7764,56,990,7,1159,8,1204,9,1991,14,2025,15,1954,14,1921,14,2670,19,498,565,622,1027,994,892,764,788,492,594,582,964,1031,1062,1157,1882
2017,7,LVDPA0114,388,178,46,210,54,29,7,32,8,41,11,68,18,40,10,51,13,63,16,64,16,13,19,17,39,18,23,25,24,16,13,24,29,22,28,38,40
2017,7,LVDPA0115,1975,974,49,1001,51,161,8,168,9,191,10,283,14,242,12,265,13,300,15,365,18,84,90,102,149,118,130,162,139,77,78,89,134,124,135,138,226
2017,7,LVDPA0116,482,224,46,258,54,27,6,35,7,59,12,72,15,35,7,91,19,67,14,96,20,16,19,26,45,14,46,35,23,11,16,33,27,21,45,32,73
2017,7,LVDPA0117,1236,576,47,660,53,74,6,103,8,168,14,142,11,148,12,168,14,200,16,233,19,38,58,93,85,70,74,81,77,36,45,75,57,78,94,119,156
2017,7,LVDPA0118,976,458,47,518,53,32,3,84,9,94,10,156,16,135,14,155,16,149,15,171,18,21,35,46,84,72,73,60,67,11,49,48,72,63,82,89,104
2017,7,LVDPA0119,995,460,46,535,54,57,6,86,9,94,9,133,13,110,11,119,12,138,14,258,26,27,54,48,79,56,54,65,77,30,32,46,54,54,65,73,181
2017,7,LVDPA0120,1063,497,47,566,53,68,6,75,7,127,12,121,11,124,12,165,16,160,15,223,21,31,38,72,62,63,81,76,74,37,37,55,59,61,84,84,149
2017,7,LVDPA0121,422,189,45,233,55,30,7,32,8,47,11,55,13,38,9,72,17,66,16,82,19,16,16,24,30,12,36,33,22,14,16,23,25,26,36,33,60
2017,7,LVDPA0122,963,495,51,468,49,58,6,64,7,82,9,138,14,131,14,148,15,149,15,193,20,27,42,44,80,75,65,74,88,31,22,38,58,56,83,75,105
2017,7,LVDPA0123,388,176,45,212,55,26,7,30,8,32,8,63,16,42,11,61,16,52,13,82,21,12,14,14,35,20,34,20,27,14,16,18,28,22,27,32,55
2017,7,LVDPA0124,1083,504,47,579,53,67,6,80,7,123,11,167,15,113,10,150,14,216,20,167,15,32,39,71,97,51,64,95,55,35,41,52,70,62,86,121,112
2017,7,LVDPA0125,1010,456,45,554,55,64,6,83,8,97,10,133,13,137,14,134,13,159,16,203,20,36,37,48,75,75,63,62,60,28,46,49,58,62,71,97,143
2017,7,LVDPA0126,1218,535,44,683,56,54,4,99,8,140,11,140,11,130,11,174,14,170,14,311,26,23,55,65,75,65,90,69,93,31,44,75,65,65,84,101,218
2017,7,LVDPA0128,478,232,49,246,51,24,5,48,10,64,13,55,12,47,10,79,17,78,16,83,17,13,23,42,31,22,39,36,26,11,25,22,24,25,40,42,57
2017,7,LVDPA0129,574,287,50,287,50,22,4,37,6,49,9,74,13,68,12,99,17,92,16,133,23,10,24,25,48,35,57,48,40,12,13,24,26,33,42,44,93
2017,7,LVDPA0130,515,262,51,253,49,41,8,39,8,33,6,84,16,62,12,85,17,85,17,86,17,28,18,14,41,35,47,44,35,13,21,19,43,27,38,41,51
2017,7,LVDPA0131,519,243,47,276,53,44,8,42,8,65,13,78,15,46,9,88,17,69,13,87,17,27,21,39,43,25,36,33,19,17,21,26,35,21,52,36,68
2017,7,LVDPA0132,572,274,48,298,52,42,7,39,7,44,8,63,11,75,13,92,16,90,16,127,22,25,21,16,33,41,47,44,47,17,18,28,30,34,45,46,80
2017,7,LVDPA0133,746,346,46,400,54,34,5,57,8,105,14,85,11,85,11,124,17,106,14,150,20,21,30,49,51,41,63,41,50,13,27,56,34,44,61,65,100
2017,7,LVDPA0134,594,288,48,306,52,50,8,45,8,67,11,92,15,89,15,72,12,88,15,91,15,26,21,36,44,48,36,40,37,24,24,31,48,41,36,48,54
2017,7,LVDPA0135,365,175,48,190,52,27,7,32,9,45,12,37,10,56,15,38,10,57,16,73,20,14,12,23,23,31,19,25,28,13,20,22,14,25,19,32,45
2017,7,LVDPA0136,528,236,45,292,55,30,6,47,9,43,8,72,14,57,11,69,13,78,15,132,25,15,21,18,41,27,39,30,45,15,26,25,31,30,30,48,87
2017,7,LVDPA0137,871,425,49,446,51,60,7,80,9,100,11,119,14,97,11,111,13,116,13,188,22,35,41,62,70,47,59,53,58,25,39,38,49,50,52,63,130
2017,7,LVDPA0138,2086,970,47,1116,53,179,9,178,9,234,11,294,14,234,11,322,15,240,12,405,19,96,88,118,150,120,139,109,150,83,90,116,144,114,183,131,255
2017,7,LVDPA0139,527,241,46,286,54,36,7,61,12,56,11,89,17,51,10,84,16,71,13,79,15,17,37,22,50,29,31,34,21,19,24,34,39,22,53,37,58
2017,7,LVDPA0140,703,325,46,378,54,52,7,45,6,96,14,86,12,94,13,115,16,95,14,120,17,31,26,48,44,50,48,38,40,21,19,48,42,44,67,57,80
2017,7,LVDPA0141,649,298,46,351,54,41,6,61,9,69,11,91,14,88,14,84,13,84,13,131,20,24,32,37,53,43,37,30,42,17,29,32,38,45,47,54,89
2017,7,LVDPA0142,1082,501,46,581,54,69,6,80,7,93,9,154,14,139,13,133,12,176,16,238,22,38,33,53,89,76,54,78,80,31,47,40,65,63,79,98,158
2017,7,LVDPA0143,305,145,48,160,52,15,5,22,7,35,11,32,10,49,16,55,18,33,11,64,21,10,16,18,20,22,24,14,21,5,6,17,12,27,31,19,43
2017,7,LVDPA0144,686,325,47,361,53,48,7,52,8,93,14,110,16,70,10,104,15,97,14,112,16,19,30,54,62,30,49,45,36,29,22,39,48,40,55,52,76
2017,7,LVDPA0146,556,257,46,299,54,45,8,53,10,49,9,78,14,79,14,77,14,86,15,89,16,18,26,25,38,38,37,44,31,27,27,24,40,41,40,42,58
2017,7,LVDPA0147,5272,2581,49,2691,51,788,15,557,11,366,7,924,18,983,19,600,11,547,10,507,10,430,297,191,420,491,314,238,200,358,260,175,504,492,286,309,307
2017,7,LVDPA0148,664,339,51,325,49,17,3,32,5,51,8,89,13,94,14,107,16,137,21,137,21,11,18,27,60,48,60,66,49,6,14,24,29,46,47,71,88
2017,7,LVDPA0149,409,201,49,208,51,22,5,33,8,44,11,63,15,48,12,61,15,59,14,79,19,16,18,22,40,28,27,25,25,6,15,22,23,20,34,34,54
2017,7,LVDPA0150,316,162,51,154,49,18,6,24,8,31,10,38,12,28,9,48,15,55,17,74,23,14,15,14,21,17,23,28,30,4,9,17,17,11,25,27,44
2017,7,LVDPA0151,422,195,46,227,54,8,2,34,8,59,14,33,8,63,15,62,15,39,9,124,29,4,17,29,21,33,36,16,39,4,17,30,12,30,26,23,85
2017,7,LVDPA0152,1005,471,47,534,53,81,8,123,12,102,10,142,14,146,15,145,14,110,11,156,16,43,62,50,80,77,64,49,46,38,61,52,62,69,81,61,110
2017,7,LVDPA0153,872,399,46,473,54,57,7,76,9,104,12,120,14,110,13,131,15,123,14,151,17,34,42,48,65,50,56,56,48,23,34,56,55,60,75,67,103
2017,7,LVDPA0154,533,251,47,282,53,38,7,45,8,62,12,57,11,68,13,72,14,67,13,124,23,19,28,33,35,35,33,29,39,19,17,29,22,33,39,38,85
2017,7,LVDPA0155,1162,546,47,616,53,79,7,109,9,120,10,153,13,135,12,157,14,180,15,229,20,36,55,66,81,63,77,84,84,43,54,54,72,72,80,96,145
2017,7,LVDPA0156,492,237,48,255,52,34,7,41,8,43,9,70,14,66,13,62,13,78,16,98,20,19,23,29,33,33,33,35,32,15,18,14,37,33,29,43,66
2017,7,LVDPA0157,309,151,49,158,51,14,5,22,7,35,11,45,15,33,11,54,17,55,18,51,17,7,11,17,32,16,29,25,14,7,11,18,13,17,25,30,37
2017,7,LVDPA0158,321,137,43,184,57,13,4,24,7,47,15,30,9,47,15,46,14,40,12,74,23,8,7,22,14,25,22,19,20,5,17,25,16,22,24,21,54
2017,7,LVDPA0159,633,292,46,341,54,39,6,39,6,60,9,76,12,52,8,81,13,113,18,173,27,22,22,30,40,31,42,49,56,17,17,30,36,21,39,64,117
2017,7,LVDPA0160,239,117,49,122,51,9,4,10,4,22,9,31,13,17,7,42,18,51,21,57,24,6,6,13,20,10,21,25,16,3,4,9,11,7,21,26,41
2017,7,LVDPA0161,515,227,44,288,56,41,8,44,9,70,14,69,13,56,11,63,12,83,16,89,17,18,22,36,38,22,30,42,19,23,22,34,31,34,33,41,70
2017,7,LVDPA0162,332,168,51,164,49,18,5,28,8,48,14,44,13,45,14,59,18,35,11,55,17,12,15,32,29,26,23,15,16,6,13,16,15,19,36,20,39
2017,7,LVDPA0163,564,250,44,314,56,28,5,48,9,77,14,66,12,58,10,78,14,94,17,115,20,8,19,42,38,27,34,43,39,20,29,35,28,31,44,51,76
2017,7,LVDPA0164,421,189,45,232,55,23,5,44,10,55,13,48,11,37,9,64,15,46,11,104,25,16,25,25,23,18,23,25,34,7,19,30,25,19,41,21,70
2017,7,LVDPA0165,486,236,49,250,51,41,8,42,9,53,11,75,15,58,12,59,12,73,15,85,17,22,23,24,41,32,28,38,28,19,19,29,34,26,31,35,57
2017,7,LVDPA0166,912,437,48,475,52,51,6,90,10,97,11,118,13,113,12,123,13,149,16,171,19,23,48,52,63,65,58,64,64,28,42,45,55,48,65,85,107
2017,7,LVDPA0167,1383,644,47,739,53,114,8,119,9,132,10,206,15,183,13,218,16,228,16,183,13,56,70,72,98,90,103,99,56,58,49,60,108,93,115,129,127
2017,7,LVDPA0169,446,210,47,236,53,40,9,31,7,67,15,71,16,48,11,62,14,62,14,65,15,22,13,35,43,24,26,31,16,18,18,32,28,24,36,31,49
2017,7,LVDPA0170,235,108,46,127,54,23,10,15,6,23,10,45,19,23,10,34,14,33,14,39,17,11,6,7,27,12,16,19,10,12,9,16,18,11,18,14,29
2017,7,LVDPA0171,648,317,49,331,51,62,10,48,7,85,13,89,14,96,15,104,16,56,9,108,17,31,26,43,55,47,52,29,34,31,22,42,34,49,52,27,74
2017,7,LVDPA0172,941,468,50,473,50,73,8,65,7,100,11,111,12,122,13,134,14,142,15,194,21,42,35,52,68,67,65,63,76,31,30,48,43,55,69,79,118
2017,7,LVDPA0173,655,315,48,340,52,38,6,45,7,92,14,101,15,60,9,118,18,101,15,100,15,19,24,50,67,27,51,50,27,19,21,42,34,33,67,51,73
2017,7,LVDPA0174,506,235,46,271,54,21,4,44,9,76,15,69,14,71,14,65,13,78,15,82,16,11,23,37,36,38,26,39,25,10,21,39,33,33,39,39,57
2017,7,LVDPA0175,337,173,51,164,49,15,4,32,9,45,13,40,12,49,15,49,15,41,12,66,20,9,19,25,28,25,23,21,23,6,13,20,12,24,26,20,43
2017,7,LVDPA0176,481,207,43,274,57,25,5,20,4,51,11,60,12,54,11,80,17,86,18,105,22,8,7,26,35,27,32,42,30,17,13,25,25,27,48,44,75
2017,7,LVDPA0177,643,286,44,357,56,21,3,44,7,63,10,67,10,65,10,77,12,115,18,191,30,12,28,32,30,29,40,54,61,9,16,31,37,36,37,61,130
2017,7,LVDPA0178,318,152,48,166,52,14,4,29,9,38,12,34,11,38,12,48,15,53,17,64,20,6,15,25,25,18,21,23,19,8,14,13,9,20,27,30,45
2017,7,LVDPA0179,645,300,47,345,53,30,5,35,5,75,12,94,15,60,9,112,17,90,14,149,23,8,14,46,55,36,61,38,42,22,21,29,39,24,51,52,107
2017,7,LVDPA0180,2690,1231,46,1459,54,189,7,256,10,280,10,326,12,332,12,354,13,369,14,584,22,106,132,159,165,161,165,167,176,83,124,121,161,171,189,202,408
2017,7,LVDPA0181,277,141,51,136,49,20,7,26,9,24,9,33,12,45,16,35,13,41,15,53,19,10,17,11,17,23,19,23,21,10,9,13,16,22,16,18,32
2017,7,LVDPA0182,301,142,47,159,53,15,5,20,7,48,16,38,13,30,10,61,20,39,13,50,17,6,10,30,23,13,31,17,12,9,10,18,15,17,30,22,38
2017,7,LVDPA0183,254,122,48,132,52,19,7,20,8,28,11,38,15,29,11,42,17,23,9,55,22,9,13,13,25,14,21,8,19,10,7,15,13,15,21,15,36
2017,7,LVDPA0184,355,176,50,179,50,10,3,16,5,33,9,50,14,40,11,43,12,82,23,81,23,8,10,16,35,24,21,34,28,2,6,17,15,16,22,48,53
2017,7,LVDPA0185,3127,1425,46,1702,54,393,13,317,10,266,9,459,15,487,16,389,12,337,11,479,15,199,155,135,207,223,190,158,158,194,162,131,252,264,199,179,321
2017,7,LVDPA0186,503,234,47,269,53,50,10,41,8,51,10,90,18,66,13,56,11,69,14,80,16,23,18,24,56,33,28,27,25,27,23,27,34,33,28,42,55
2017,7,LVDPA0187,592,288,49,304,51,38,6,48,8,69,12,90,15,61,10,83,14,101,17,102,17,16,23,34,58,34,36,55,32,22,25,35,32,27,47,46,70
2017,7,LVDPA0188,139,65,47,74,53,9,6,14,10,12,9,14,10,15,11,26,19,22,16,27,19,6,5,7,7,7,15,10,8,3,9,5,7,8,11,12,19
2017,7,LVDPA0189,783,355,45,428,55,37,5,50,6,97,12,92,12,76,10,126,16,116,15,189,24,21,22,50,50,37,65,58,52,16,28,47,42,39,61,58,137
2017,7,LVDPA0190,1055,495,47,560,53,79,7,90,9,122,12,144,14,107,10,176,17,153,15,184,17,40,44,64,85,41,83,71,67,39,46,58,59,66,93,82,117
2017,7,LVDPA0191,203,99,49,104,51,7,3,13,6,28,14,22,11,26,13,30,15,33,16,44,22,5,9,15,12,15,17,13,13,2,4,13,10,11,13,20,31
2017,7,LVDPA0192,475,226,48,249,52,19,4,42,9,61,13,53,11,54,11,79,17,73,15,94,20,14,23,36,26,25,40,36,26,5,19,25,27,29,39,37,68
2017,7,LVDPA0193,465,215,46,250,54,31,7,49,11,60,13,72,15,57,12,62,13,65,14,69,15,20,23,33,36,26,27,30,20,11,26,27,36,31,35,35,49
2017,7,LVDPA0194,148,66,45,82,55,4,3,9,6,10,7,19,13,22,15,25,17,22,15,37,25,1,6,3,10,13,14,9,10,3,3,7,9,9,11,13,27
2017,7,LVDPA0196,360,175,49,185,51,18,5,34,9,46,13,38,11,57,16,38,11,42,12,87,24,12,15,23,20,29,18,22,36,6,19,23,18,28,20,20,51
2017,7,LVDPA0197,798,376,47,422,53,67,8,65,8,91,11,131,16,82,10,81,10,113,14,168,21,34,32,45,74,51,32,46,62,33,33,46,57,31,49,67,106
2017,7,LVDPA0198,431,188,44,243,56,34,8,41,10,57,13,58,13,44,10,64,15,64,15,69,16,15,17,24,30,26,25,29,22,19,24,33,28,18,39,35,47
2017,7,LVDPA0199,362,173,48,189,52,19,5,28,8,48,13,40,11,51,14,41,11,56,15,79,22,7,15,29,17,29,22,21,33,12,13,19,23,22,19,35,46
2017,7,LVDPA0200,235,125,53,110,47,12,5,20,9,33,14,34,14,28,12,43,18,30,13,35,15,6,13,17,21,17,26,14,11,6,7,16,13,11,17,16,24
2017,7,LVDPA0201,300,134,45,166,55,17,6,24,8,42,14,39,13,30,10,48,16,44,15,56,19,9,13,19,20,15,22,22,14,8,11,23,19,15,26,22,42
2017,7,LVDPA0202,237,106,45,131,55,16,7,14,6,23,10,32,14,28,12,44,19,32,14,48,20,8,4,11,18,18,19,14,14,8,10,12,14,10,25,18,34
2017,7,LVDPA0203,539,253,47,286,53,33,6,35,6,74,14,77,14,71,13,68,13,79,15,102,19,18,20,40,41,35,28,37,34,15,15,34,36,36,40,42,68
2017,7,LVDPA0204,617,276,45,341,55,55,9,69,11,80,13,70,11,107,17,73,12,66,11,97,16,28,32,38,32,47,35,31,33,27,37,42,38,60,38,35,64
2017,7,LVDPA0205,228,117,51,111,49,8,4,17,7,24,11,33,14,22,10,37,16,37,16,50,22,6,9,14,20,12,19,19,18,2,8,10,13,10,18,18,32
2017,7,LVDPA0206,286,135,47,151,53,23,8,27,9,38,13,47,16,24,8,47,16,37,13,43,15,14,15,15,27,10,21,22,11,9,12,23,20,14,26,15,32
2017,7,LVDPA0207,351,163,46,188,54,13,4,22,6,36,10,51,15,38,11,58,17,75,21,58,17,6,6,20,36,13,32,32,18,7,16,16,15,25,26,43,40
2017,7,LVDPA0208,454,202,44,252,56,28,6,25,6,49,11,60,13,40,9,76,17,70,15,106,23,12,14,24,32,16,42,35,27,16,11,25,28,24,34,35,79
2017,7,LVDPA0209,195,87,45,108,55,7,4,17,9,21,11,26,13,26,13,20,10,49,25,29,15,5,5,8,14,16,11,21,7,2,12,13,12,10,9,28,22
2017,7,LVDPA0210,289,141,49,148,51,18,6,18,6,35,12,42,15,31,11,40,14,49,17,56,19,11,10,18,20,16,23,23,20,7,8,17,22,15,17,26,36
2017,7,LVDPA0211,452,213,47,239,53,28,6,39,9,40,9,57,13,38,8,77,17,66,15,107,24,18,19,21,29,21,39,34,32,10,20,19,28,17,38,32,75
2017,7,LVDPA0212,306,144,47,162,53,16,5,27,9,46,15,32,10,37,12,52,17,50,16,46,15,7,12,25,18,16,24,23,19,9,15,21,14,21,28,27,27
2017,7,LVDPA0213,343,165,48,178,52,23,7,19,6,28,8,52,15,47,14,39,11,58,17,77,22,11,7,14,31,20,19,30,33,12,12,14,21,27,20,28,44
2017,7,LVDPA0214,272,129,47,143,53,8,3,21,8,43,16,34,13,21,8,56,21,46,17,43,16,3,12,22,19,11,25,24,13,5,9,21,15,10,31,22,30
2017,7,LVDPA0215,506,239,47,267,53,16,3,35,7,57,11,58,11,55,11,76,15,68,13,141,28,10,18,29,37,24,34,40,47,6,17,28,21,31,42,28,94
2017,7,LVDPA0216,204,106,52,98,48,5,2,15,7,26,13,22,11,28,14,33,16,29,14,46,23,3,8,16,16,14,17,15,17,2,7,10,6,14,16,14,29
2017,7,LVDPA0217,348,168,48,180,52,15,4,28,8,31,9,62,18,41,12,53,15,74,21,44,13,7,12,15,38,25,22,38,11,8,16,16,24,16,31,36,33
2017,7,LVDPA0218,204,97,48,107,52,12,6,12,6,19,9,25,12,17,8,41,20,32,16,46,23,7,8,9,12,10,19,16,16,5,4,10,13,7,22,16,30
2017,7,LVDPA0219,113,55,49,58,51,6,5,12,11,10,9,12,11,12,11,23,20,17,15,21,19,3,4,7,6,5,12,12,6,3,8,3,6,7,11,5,15
2017,7,LVDPA0220,314,141,45,173,55,21,7,23,7,18,6,32,10,36,11,48,15,70,22,66,21,9,12,9,16,19,26,28,22,12,11,9,16,17,22,42,44
2017,7,LVDPA0221,1367,641,47,726,53,86,6,114,8,106,8,202,15,202,15,174,13,192,14,291,21,37,48,57,116,108,80,93,102,49,66,49,86,94,94,99,189
2017,7,LVDPA0222,337,158,47,179,53,18,5,24,7,30,9,45,13,35,10,47,14,63,19,75,22,10,13,17,25,19,24,32,18,8,11,13,20,16,23,31,57
2017,7,LVDPA0223,371,173,47,198,53,32,9,22,6,36,10,65,18,36,10,52,14,62,17,66,18,17,11,20,31,17,27,29,21,15,11,16,34,19,25,33,45
2017,7,LVDPA0224,274,133,49,141,51,13,5,23,8,26,9,43,16,29,11,42,15,46,17,52,19,5,11,9,31,16,16,22,23,8,12,17,12,13,26,24,29
2017,7,LVDPA0225,270,124,46,146,54,13,5,14,5,41,15,38,14,22,8,52,19,41,15,49,18,9,6,17,25,12,23,17,15,4,8,24,13,10,29,24,34
2017,7,LVDPA0226,583,295,51,288,49,63,11,61,10,70,12,73,13,69,12,83,14,75,13,89,15,37,35,42,48,32,42,31,28,26,26,28,25,37,41,44,61
2017,7,LVDPA0227,160,83,52,77,48,9,6,12,8,10,6,20,13,22,14,23,14,32,20,32,20,7,6,6,10,12,13,16,13,2,6,4,10,10,10,16,19
2017,7,LVDPA0228,378,186,49,192,51,34,9,35,9,48,13,56,15,43,11,49,13,44,12,69,18,23,19,23,33,24,23,16,25,11,16,25,23,19,26,28,44
2017,7,LVDPA0229,528,238,45,290,55,37,7,49,9,73,14,66,13,57,11,59,11,90,17,97,18,20,24,30,36,28,29,36,35,17,25,43,30,29,30,54,62
2017,7,LVDPA0230,244,123,50,121,50,11,5,28,11,40,16,32,13,31,13,41,17,26,11,35,14,6,15,19,20,16,19,12,16,5,13,21,12,15,22,14,19
2017,7,LVDPA0231,41,19,46,22,54,0,0,1,2,5,12,4,10,4,10,5,12,12,29,10,24,0,0,3,2,2,2,8,2,0,1,2,2,2,3,4,8
2017,7,LVDPA0232,94,48,51,46,49,3,3,7,7,15,16,9,10,11,12,15,16,13,14,21,22,1,3,10,4,8,7,5,10,2,4,5,5,3,8,8,11
2017,7,LVDPA0233,304,151,50,153,50,25,8,25,8,27,9,49,16,42,14,32,11,42,14,62,20,12,16,15,23,29,14,21,21,13,9,12,26,13,18,21,41
2017,7,LVDPA0234,705,324,46,381,54,43,6,51,7,77,11,107,15,83,12,86,12,126,18,132,19,28,26,30,60,42,46,55,37,15,25,47,47,41,40,71,95
2017,7,LVDPA0235,248,131,53,117,47,26,10,22,9,33,13,48,19,19,8,33,13,28,11,39,16,16,14,25,27,8,15,14,12,10,8,8,21,11,18,14,27
2017,7,LVDPA0236,174,90,52,84,48,13,7,20,11,15,9,23,13,24,14,22,13,24,14,33,19,11,13,10,13,12,10,13,8,2,7,5,10,12,12,11,25
2017,7,LVDPA0237,327,151,46,176,54,22,7,26,8,40,12,51,16,45,14,50,15,45,14,48,15,13,11,21,26,23,20,20,17,9,15,19,25,22,30,25,31
2017,7,LVDPA0238,326,147,45,179,55,24,7,33,10,33,10,50,15,51,16,42,13,46,14,47,14,13,11,16,30,26,18,17,16,11,22,17,20,25,24,29,31
2017,7,LVDPA0239,485,219,45,266,55,34,7,31,6,54,11,80,16,46,9,92,19,69,14,79,16,18,14,30,42,22,40,27,26,16,17,24,38,24,52,42,53
2017,7,LVDPA0240,194,91,47,103,53,5,3,9,5,24,12,14,7,16,8,47,24,30,15,49,25,3,5,10,9,7,26,20,11,2,4,14,5,9,21,10,38
2017,7,LVDPA0241,175,78,45,97,55,12,7,13,7,14,8,20,11,19,11,23,13,33,19,41,23,6,5,6,9,11,10,17,14,6,8,8,11,8,13,16,27
2017,7,LVDPA0242,338,164,49,174,51,19,6,27,8,33,10,44,13,31,9,48,14,53,16,83,25,13,12,16,32,17,27,23,24,6,15,17,12,14,21,30,59
2017,7,LVDPA0243,657,293,45,364,55,51,8,52,8,82,12,97,15,77,12,92,14,98,15,108,16,28,24,33,45,43,43,45,32,23,28,49,52,34,49,53,76
2017,7,LVDPA0244,584,266,46,318,54,35,6,45,8,57,10,77,13,73,13,71,12,114,20,112,19,17,19,31,38,45,29,52,35,18,26,26,39,28,42,62,77
2017,7,LVDPA0245,145,70,48,75,52,11,8,8,6,25,17,21,14,24,17,11,8,20,14,25,17,7,6,9,14,14,5,7,8,4,2,16,7,10,6,13,17
2017,7,LVDPA0246,193,90,47,103,53,8,4,15,8,30,16,18,9,17,9,41,21,20,10,44,23,4,9,16,9,9,22,7,14,4,6,14,9,8,19,13,30
2017,7,LVDPA0247,321,159,50,162,50,20,6,24,7,36,11,47,15,29,9,55,17,57,18,53,17,12,12,21,31,13,28,25,17,8,12,15,16,16,27,32,36
2017,7,LVDPA0249,480,226,47,254,53,61,13,51,11,48,10,70,15,63,13,66,14,66,14,55,11,34,26,21,36,31,31,34,13,27,25,27,34,32,35,32,42
2017,7,LVDPA0250,180,85,47,95,53,17,9,10,6,17,9,27,15,14,8,44,24,20,11,31,17,6,6,8,16,7,24,8,10,11,4,9,11,7,20,12,21
2017,7,LVDPA0251,279,129,46,150,54,9,3,24,9,33,12,37,13,29,10,61,22,45,16,41,15,6,11,19,20,14,30,18,11,3,13,14,17,15,31,27,30
2017,7,LVDPA0252,312,154,49,158,51,24,8,25,8,43,14,41,13,36,12,56,18,39,13,48,15,11,11,29,27,19,23,23,11,13,14,14,14,17,33,16,37
2017,7,LVDPA0253,59,30,51,29,49,0,0,2,3,6,10,7,12,6,10,5,8,12,20,21,36,0,0,2,5,5,3,6,9,0,2,4,2,1,2,6,12
2017,7,LVDPA0254,716,338,47,378,53,52,7,75,10,81,11,84,12,96,13,76,11,87,12,165,23,30,48,38,48,51,33,36,54,22,27,43,36,45,43,51,111
2017,7,LVDPA0255,302,164,54,138,46,4,1,17,6,20,7,35,12,47,16,48,16,60,20,71,24,1,5,11,17,31,29,41,29,3,12,9,18,16,19,19,42
2017,7,LVDPA0256,643,305,47,338,53,58,9,48,7,67,10,91,14,75,12,81,13,88,14,135,21,35,32,30,45,34,40,43,46,23,16,37,46,41,41,45,89
2017,7,LVDPA0257,331,150,45,181,55,12,4,33,10,35,11,45,14,51,15,54,16,57,17,44,13,5,13,21,23,24,24,25,15,7,20,14,22,27,30,32,29
2017,7,LVDPA0258,3353,1575,47,1778,53,251,7,315,9,283,8,474,14,483,14,448,13,496,15,603,18,137,167,155,256,237,214,222,187,114,148,128,218,246,234,274,416
2017,7,LVDPA0259,228,118,52,110,48,17,7,28,12,32,14,26,11,30,13,34,15,27,12,34,15,10,11,21,12,18,18,12,16,7,17,11,14,12,16,15,18
2017,7,LVDPA0260,84,47,56,37,44,7,8,4,5,6,7,12,14,7,8,11,13,22,26,15,18,3,2,5,6,5,8,12,6,4,2,1,6,2,3,10,9
2017,7,LVDPA0261,160,69,43,91,57,3,2,9,6,20,13,26,16,20,13,17,11,30,19,35,22,1,3,11,16,11,6,13,8,2,6,9,10,9,11,17,27
2017,7,LVDPA0262,179,88,49,91,51,5,3,7,4,8,4,26,15,21,12,22,12,50,28,40,22,2,2,5,17,12,13,24,13,3,5,3,9,9,9,26,27
2017,7,LVDPA0263,403,183,45,220,55,32,8,29,7,45,11,55,14,48,12,53,13,74,18,67,17,10,22,22,32,29,22,30,16,22,7,23,23,19,31,44,51
2017,7,LVDPA0264,269,120,45,149,55,18,7,22,8,35,13,32,12,35,13,43,16,40,15,44,16,9,12,19,16,14,22,17,11,9,10,16,16,21,21,23,33
2017,7,LVDPA0265,320,143,45,177,55,24,8,28,9,38,12,37,12,25,8,41,13,56,18,71,22,12,16,18,19,18,14,19,27,12,12,20,18,7,27,37,44
2017,7,LVDPA0266,200,113,57,87,44,6,3,14,7,24,12,34,17,20,10,30,15,36,18,36,18,3,10,16,20,11,19,18,16,3,4,8,14,9,11,18,20
2017,7,LVDPA0267,310,146,47,164,53,15,5,30,10,44,14,26,8,51,16,34,11,47,15,63,20,10,14,21,13,25,19,22,22,5,16,23,13,26,15,25,41
2017,7,LVDPA0268,499,229,46,270,54,29,6,51,10,62,12,89,18,49,10,82,16,71,14,66,13,10,27,34,51,25,37,27,18,19,24,28,38,24,45,44,48
2017,7,LVDPA0269,148,68,46,80,54,7,5,7,5,13,9,23,16,14,9,20,14,28,19,36,24,4,3,7,12,6,12,13,11,3,4,6,11,8,8,15,25
2017,7,LVDPA0271,259,113,44,146,56,12,5,11,4,33,13,35,14,25,10,44,17,48,19,51,20,6,4,17,20,14,15,23,14,6,7,16,15,11,29,25,37
2017,7,LVDPA0272,199,101,51,98,49,27,14,20,10,27,14,36,18,17,9,29,15,16,8,27,14,17,11,17,19,7,15,8,7,10,9,10,17,10,14,8,20
2017,7,LVDPA0273,601,260,43,341,57,45,7,44,7,80,13,74,12,75,12,90,15,91,15,102,17,19,21,34,40,33,46,38,29,26,23,46,34,42,44,53,73
2017,7,LVDPA0274,303,152,50,151,50,19,6,33,11,32,11,49,16,40,13,41,14,45,15,44,15,15,19,16,22,21,18,23,18,4,14,16,27,19,23,22,26
2017,7,LVDPA0275,1156,575,50,581,50,123,11,142,12,102,9,142,12,205,18,186,16,113,10,143,12,74,68,54,67,98,97,60,57,49,74,48,75,107,89,53,86
2017,7,LVDPA0276,303,140,46,163,54,10,3,25,8,39,13,33,11,35,12,47,16,35,12,79,26,4,13,21,22,17,26,12,25,6,12,18,11,18,21,23,54
2017,7,LVDPA0277,214,105,49,109,51,5,2,16,7,29,14,28,13,24,11,47,22,22,10,43,20,4,9,14,17,12,24,14,11,1,7,15,11,12,23,8,32
2017,7,LVDPA0278,272,124,46,148,54,22,8,31,11,37,14,34,13,30,11,39,14,35,13,44,16,10,14,16,21,13,20,15,15,12,17,21,13,17,19,20,29
2017,7,LVDPA0279,323,165,51,158,49,17,5,27,8,43,13,38,12,49,15,57,18,35,11,57,18,7,12,33,28,22,25,19,19,10,15,10,10,27,32,16,38
2017,7,LVDPA0280,464,211,45,253,55,35,8,51,11,47,10,60,13,73,16,60,13,64,14,74,16,15,24,18,33,40,30,27,24,20,27,29,27,33,30,37,50
2017,7,LVDPA0281,220,107,49,113,51,13,6,13,6,33,15,26,12,26,12,34,15,32,15,43,20,6,5,16,17,13,19,17,14,7,8,17,9,13,15,15,29
2017,7,LVDPA0282,252,125,50,127,50,6,2,12,5,22,9,29,12,26,10,41,16,44,17,72,29,3,5,14,15,14,18,28,28,3,7,8,14,12,23,16,44
2017,7,LVDPA0283,165,72,44,93,56,12,7,18,11,20,12,22,13,20,12,29,18,21,13,23,14,5,10,8,15,6,13,11,4,7,8,12,7,14,16,10,19
2017,7,LVDPA0284,201,93,46,108,54,18,9,9,4,17,8,29,14,17,8,35,17,32,16,44,22,6,4,9,15,9,16,18,16,12,5,8,14,8,19,14,28
2017,7,LVDPA0285,559,255,46,304,54,50,9,49,9,60,11,73,13,57,10,87,16,65,12,118,21,24,23,41,35,28,47,31,26,26,26,19,38,29,40,34,92
2017,7,LVDPA0286,579,283,49,296,51,59,10,37,6,58,10,89,15,65,11,71,12,87,15,113,20,33,20,28,55,32,34,38,43,26,17,30,34,33,37,49,70
2017,7,LVDPA0287,276,138,50,138,50,8,3,17,6,30,11,44,16,28,10,37,13,57,21,55,20,4,8,21,25,17,16,27,20,4,9,9,19,11,21,30,35
2017,7,LVDPA0288,339,163,48,176,52,23,7,27,8,44,13,38,11,37,11,48,14,47,14,75,22,13,15,22,18,21,25,23,26,10,12,22,20,16,23,24,49
2017,7,LVDPA0289,376,184,49,192,51,24,6,32,9,56,15,69,18,33,9,48,13,59,16,55,15,13,18,29,40,16,24,26,18,11,14,27,29,17,24,33,37
2017,7,LVDPA0290,431,182,42,249,58,15,3,26,6,43,10,45,10,53,12,75,17,61,14,113,26,6,16,24,23,25,33,27,28,9,10,19,22,28,42,34,85
2017,7,LVDPA0291,411,204,50,207,50,18,4,35,9,31,8,59,14,63,15,58,14,63,15,84,20,8,12,18,37,35,32,28,34,10,23,13,22,28,26,35,50
2017,7,LVDPA0292,449,203,45,246,55,29,6,43,10,39,9,67,15,50,11,62,14,76,17,83,18,9,21,18,35,27,23,42,28,20,22,21,32,23,39,34,55
2017,7,LVDPA0293,148,71,48,77,52,11,7,12,8,20,14,11,7,21,14,20,14,17,11,36,24,5,7,11,5,10,13,9,11,6,5,9,6,11,7,8,25
2017,7,LVDPA0294,404,189,47,215,53,19,5,29,7,53,13,63,16,53,13,57,14,51,13,79,20,13,16,28,30,24,23,26,29,6,13,25,33,29,34,25,50
2017,7,LVDPA0295,480,209,44,271,56,29,6,41,9,57,12,66,14,55,11,68,14,72,15,92,19,12,14,22,36,30,31,37,27,17,27,35,30,25,37,35,65
2017,7,LVDPA0296,199,95,48,104,52,25,13,12,6,12,6,33,17,11,6,34,17,41,21,31,16,13,5,3,18,5,18,19,14,12,7,9,15,6,16,22,17
2017,7,LVDPA0297,880,397,45,483,55,79,9,78,9,100,11,126,14,120,14,136,15,100,11,141,16,41,35,45,62,60,62,49,43,38,43,55,64,60,74,51,98
2017,7,LVDPA0298,442,199,45,243,55,26,6,41,9,49,11,66,15,41,9,58,13,57,13,104,24,11,20,28,35,19,24,23,39,15,21,21,31,22,34,34,65
2017,7,LVDPA0299,152,76,50,76,50,6,4,14,9,13,9,12,8,18,12,29,19,23,15,37,24,1,8,10,10,10,13,9,15,5,6,3,2,8,16,14,22
2017,7,LVDPA0300,306,142,46,164,54,10,3,22,7,28,9,44,14,37,12,45,15,48,16,72,24,7,12,12,31,16,22,20,22,3,10,16,13,21,23,28,50
2017,7,LVDPA0301,507,239,47,268,53,40,8,59,12,68,13,83,16,57,11,72,14,62,12,66,13,25,28,36,42,27,34,28,19,15,31,32,41,30,38,34,47
2017,7,LVDPA0302,598,274,46,324,54,51,9,54,9,75,13,84,14,68,11,86,14,65,11,115,19,24,31,43,46,35,34,30,31,27,23,32,38,33,52,35,84
2017,7,LVDPA0303,455,219,48,236,52,37,8,57,13,53,12,72,16,72,16,64,14,41,9,59,13,17,28,27,37,39,33,21,17,20,29,26,35,33,31,20,42
2017,7,LVDPA0304,38,22,58,16,42,2,5,1,3,3,8,2,5,5,13,7,18,8,21,10,26,2,0,3,0,4,5,6,2,0,1,0,2,1,2,2,8
2017,7,LVDPA0305,160,68,43,92,58,9,6,11,7,14,9,20,13,21,13,23,14,27,17,35,22,4,4,6,9,10,11,13,11,5,7,8,11,11,12,14,24
2017,7,LVDPA0306,902,433,48,469,52,87,10,96,11,75,8,148,16,123,14,112,12,117,13,144,16,48,43,43,72,63,56,53,55,39,53,32,76,60,56,64,89
2017,7,LVDPA0307,774,331,43,443,57,55,7,65,8,81,10,86,11,84,11,115,15,101,13,187,24,25,32,40,36,41,54,43,60,30,33,41,50,43,61,58,127
2017,7,LVDPA0308,73,31,42,42,58,5,7,1,1,15,21,7,10,17,23,11,15,9,12,8,11,3,1,4,4,9,4,4,2,2,0,11,3,8,7,5,6
2017,7,LVDPA0309,92,48,52,44,48,1,1,4,4,17,18,12,13,11,12,18,20,10,11,19,21,0,3,11,6,5,11,4,8,1,1,6,6,6,7,6,11
2017,7,LVDPA0310,540,237,44,303,56,41,8,42,8,70,13,74,14,68,13,77,14,73,14,95,18,18,24,27,36,33,35,32,32,23,18,43,38,35,42,41,63
2017,7,LVDPA0311,530,262,49,268,51,37,7,59,11,56,11,71,13,76,14,84,16,56,11,91,17,24,26,31,43,37,41,25,35,13,33,25,28,39,43,31,56
2017,7,LVDPA0312,202,93,46,109,54,14,7,22,11,15,7,25,12,21,10,31,15,29,14,45,22,6,11,7,13,12,16,14,14,8,11,8,12,9,15,15,31
2017,7,LVDPA0313,296,140,47,156,53,16,5,18,6,34,11,39,13,31,10,48,16,38,13,72,24,5,9,18,22,18,21,20,27,11,9,16,17,13,27,18,45
2017,7,LVDPA0314,350,172,49,178,51,23,7,12,3,50,14,47,13,29,8,53,15,69,20,67,19,17,8,26,34,14,23,30,20,6,4,24,13,15,30,39,47
2017,7,LVDPA0315,122,56,46,66,54,9,7,11,9,11,9,16,13,17,14,14,11,16,13,28,23,2,5,6,9,9,8,8,9,7,6,5,7,8,6,8,19
2017,7,LVDPA0316,225,113,50,112,50,17,8,20,9,26,12,27,12,21,9,43,19,32,14,39,17,8,11,11,18,13,20,17,15,9,9,15,9,8,23,15,24
2017,7,LVDPA0317,336,161,48,175,52,24,7,20,6,37,11,43,13,37,11,64,19,53,16,58,17,15,9,23,20,19,30,27,18,9,11,14,23,18,34,26,40
2017,7,LVDPA0318,260,132,51,128,49,15,6,22,8,34,13,39,15,22,8,49,19,40,15,39,15,5,18,19,25,6,26,21,12,10,4,15,14,16,23,19,27
2017,7,LVDPA0319,172,83,48,89,52,9,5,11,6,14,8,25,15,13,8,43,25,27,16,30,17,5,5,7,13,8,22,14,9,4,6,7,12,5,21,13,21
2017,7,LVDPA0320,235,120,51,115,49,18,8,23,10,24,10,42,18,22,9,37,16,41,17,28,12,8,14,14,24,11,18,22,9,10,9,10,18,11,19,19,19
2017,7,LVDPA0321,520,248,48,272,52,32,6,46,9,79,15,74,14,57,11,81,16,66,13,85,16,16,31,42,39,27,36,30,27,16,15,37,35,30,45,36,58
2017,7,LVDPA0322,203,101,50,102,50,9,4,23,11,16,8,39,19,21,10,26,13,44,22,25,12,5,9,11,24,11,11,23,7,4,14,5,15,10,15,21,18
2017,7,LVDPA0323,532,230,43,302,57,55,10,65,12,39,7,70,13,79,15,62,12,65,12,97,18,18,27,23,36,37,31,30,28,37,38,16,34,42,31,35,69
2017,7,LVDPA0324,269,125,46,144,54,16,6,27,10,34,13,36,13,35,13,36,13,33,12,52,19,8,15,13,23,18,15,17,16,8,12,21,13,17,21,16,36
2017,7,LVDPA0325,62,27,44,35,56,3,5,3,5,2,3,4,6,6,10,17,27,13,21,14,23,2,2,1,1,4,10,4,3,1,1,1,3,2,7,9,11
2017,7,LVDPA0326,228,101,44,127,56,18,8,30,13,35,15,33,14,28,12,37,16,21,9,26,11,6,18,16,17,9,17,11,7,12,12,19,16,19,20,10,19
2017,7,LVDPA0327,226,107,47,119,53,8,4,20,9,27,12,30,13,23,10,40,18,36,16,42,19,8,9,14,15,14,17,17,13,0,11,13,15,9,23,19,29
2017,7,LVDPA0328,257,112,44,145,56,10,4,13,5,27,11,28,11,32,12,44,17,43,17,60,23,6,7,11,17,19,20,18,14,4,6,16,11,13,24,25,46
2017,7,LVDPA0329,315,146,46,169,54,27,9,21,7,30,10,56,18,46,15,35,11,38,12,62,20,13,7,12,31,27,19,19,18,14,14,18,25,19,16,19,44
2017,7,LVDPA0330,382,187,49,195,51,31,8,41,11,29,8,62,16,48,13,48,13,59,15,64,17,13,21,19,32,25,28,31,18,18,20,10,30,23,20,28,46
2017,7,LVDPA0331,463,222,48,241,52,37,8,36,8,54,12,68,15,63,14,64,14,65,14,76,16,22,17,29,43,33,32,28,18,15,19,25,25,30,32,37,58
2017,7,LVDPA0332,347,150,43,197,57,17,5,26,7,56,16,31,9,44,13,57,16,42,12,74,21,9,17,34,14,17,23,19,17,8,9,22,17,27,34,23,57
2017,7,LVDPA0333,1259,583,46,676,54,108,9,93,7,124,10,158,13,176,14,167,13,175,14,258,20,62,46,56,91,85,79,71,93,46,47,68,67,91,88,104,165
2017,7,LVDPA0334,285,139,49,146,51,23,8,20,7,29,10,32,11,37,13,41,14,59,21,44,15,14,9,15,20,19,19,31,12,9,11,14,12,18,22,28,32
2017,7,LVDPA0335,283,128,45,155,55,23,8,18,6,37,13,32,11,37,13,47,17,37,13,52,18,7,11,18,24,16,22,16,14,16,7,19,8,21,25,21,38
2017,7,LVDPA0336,69,34,49,35,51,1,1,5,7,6,9,4,6,10,14,9,13,11,16,23,33,0,4,3,3,4,5,5,10,1,1,3,1,6,4,6,13
2017,7,LVDPA0337,322,155,48,167,52,16,5,27,8,45,14,45,14,41,13,41,13,48,15,59,18,8,14,23,27,23,22,21,17,8,13,22,18,18,19,27,42
2017,7,LVDPA0338,356,174,49,182,51,26,7,27,8,46,13,52,15,41,12,58,16,33,9,73,21,19,11,23,32,18,26,18,27,7,16,23,20,23,32,15,46
2017,7,LVDPA0339,491,258,53,233,47,25,5,38,8,59,12,66,13,55,11,88,18,78,16,82,17,13,20,36,40,29,50,43,27,12,18,23,26,26,38,35,55
2017,7,LVDPA0340,180,89,49,91,51,6,3,13,7,27,15,20,11,11,6,39,22,28,16,36,20,3,6,14,15,5,20,14,12,3,7,13,5,6,19,14,24
2017,7,LVDPA0341,162,77,48,85,52,11,7,14,9,16,10,22,14,14,9,31,19,21,13,33,20,6,9,7,8,8,15,14,10,5,5,9,14,6,16,7,23
2017,7,LVDPA0342,532,257,48,275,52,34,6,65,12,77,14,65,12,59,11,56,11,64,12,112,21,13,33,42,38,33,24,32,42,21,32,35,27,26,32,32,70
2017,7,LVDPA0343,540,250,46,290,54,55,10,47,9,43,8,86,16,76,14,65,12,83,15,85,16,28,25,18,41,42,29,36,31,27,22,25,45,34,36,47,54
2017,7,LVDPA0344,202,89,44,113,56,7,3,10,5,6,3,19,9,17,8,41,20,36,18,66,33,3,3,5,8,9,22,20,19,4,7,1,11,8,19,16,47
2017,7,LVDPA0345,167,71,43,96,57,7,4,9,5,20,12,22,13,13,8,29,17,26,16,41,25,2,5,11,13,6,10,14,10,5,4,9,9,7,19,12,31
2017,7,LVDPA0346,519,247,48,272,52,32,6,37,7,59,11,78,15,72,14,70,13,90,17,81,16,13,20,31,47,36,34,37,29,19,17,28,31,36,36,53,52
2017,7,LVDPA0347,309,146,47,163,53,23,7,21,7,35,11,45,15,25,8,50,16,56,18,54,17,15,11,16,26,12,26,26,14,8,10,19,19,13,24,30,40
2017,7,LVDPA0348,197,101,51,96,49,18,9,18,9,24,12,27,14,24,12,22,11,30,15,34,17,9,11,15,17,10,12,13,14,9,7,9,10,14,10,17,20
2017,7,LVDPA0349,50,23,46,27,54,4,8,2,4,5,10,4,8,6,12,7,14,8,16,14,28,0,1,4,2,2,3,3,8,4,1,1,2,4,4,5,6
2017,7,LVDPA0350,261,137,52,124,48,25,10,24,9,23,9,42,16,28,11,38,15,27,10,54,21,16,15,13,23,13,21,19,17,9,9,10,19,15,17,8,37
2017,7,LVDPA0351,463,211,46,252,54,30,6,35,8,52,11,71,15,46,10,72,16,65,14,92,20,16,18,23,40,25,33,26,30,14,17,29,31,21,39,39,62
2017,7,LVDPA0352,368,181,49,187,51,45,12,46,13,43,12,54,15,54,15,47,13,39,11,40,11,25,23,20,28,27,24,21,13,20,23,23,26,27,23,18,27
2017,7,LVDPA0353,226,104,46,122,54,8,4,19,8,26,12,32,14,27,12,40,18,22,10,52,23,2,8,16,16,15,20,14,13,6,11,10,16,12,20,8,39
2017,7,LVDPA0354,430,206,48,224,52,32,7,38,9,54,13,60,14,38,9,78,18,67,16,63,15,14,21,30,33,18,41,29,20,18,17,24,27,20,37,38,43
2017,7,LVDPA0355,258,123,48,135,52,12,5,26,10,36,14,35,14,28,11,42,16,35,14,44,17,8,12,21,24,12,19,14,13,4,14,15,11,16,23,21,31
2017,7,LVDPA0356,271,121,45,150,55,11,4,29,11,29,11,35,13,43,16,39,14,41,15,44,16,4,15,16,18,20,19,16,13,7,14,13,17,23,20,25,31
2017,7,LVDPA0357,280,125,45,155,55,23,8,27,10,22,8,47,17,34,12,36,13,37,13,54,19,15,14,6,23,18,15,14,20,8,13,16,24,16,21,23,34
2017,7,LVDPA0358,143,74,52,69,48,5,3,10,7,13,9,31,22,20,14,17,12,16,11,31,22,2,8,8,19,12,11,5,9,3,2,5,12,8,6,11,22
2017,7,LVDPA0359,319,153,48,166,52,13,4,29,9,46,14,50,16,38,12,44,14,47,15,52,16,3,16,26,30,20,20,24,14,10,13,20,20,18,24,23,38
2017,7,LVDPA0360,338,164,49,174,51,24,7,25,7,51,15,45,13,39,12,58,17,60,18,36,11,11,13,24,27,18,30,31,10,13,12,27,18,21,28,29,26
2017,7,LVDPA0361,92,49,53,43,47,4,4,4,4,16,17,12,13,6,7,15,16,15,16,20,22,1,2,13,8,2,8,8,7,3,2,3,4,4,7,7,13
2017,7,LVDPA0362,154,67,44,87,56,2,1,7,5,6,4,19,12,17,11,25,16,29,19,49,32,1,4,3,6,10,12,15,16,1,3,3,13,7,13,14,33
2017,7,LVDPA0363,92,46,50,46,50,7,8,4,4,12,13,15,16,12,13,12,13,16,17,14,15,3,3,5,10,7,6,7,5,4,1,7,5,5,6,9,9
2017,7,LVDPA0364,126,56,44,70,56,10,8,9,7,25,20,14,11,15,12,16,13,22,17,15,12,4,2,12,9,7,8,9,5,6,7,13,5,8,8,13,10
2017,7,LVDPA0365,245,110,45,135,55,14,6,18,7,43,18,32,13,35,14,39,16,21,9,43,18,7,8,21,18,17,18,8,13,7,10,22,14,18,21,13,30
2017,7,LVDPA0366,86,37,43,49,57,6,7,8,9,11,13,10,12,9,10,13,15,12,14,17,20,2,3,6,7,5,6,5,3,4,5,5,3,4,7,7,14
2017,7,LVDPA0367,83,43,52,40,48,5,6,10,12,6,7,12,14,7,8,20,24,11,13,12,14,3,5,2,6,3,10,7,7,2,5,4,6,4,10,4,5
2017,7,LVDPA0368,877,401,46,476,54,68,8,83,9,97,11,130,15,112,13,110,13,106,12,171,19,40,42,47,68,57,51,47,49,28,41,50,62,55,59,59,122
2017,7,LVDPA0369,270,120,44,150,56,13,5,22,8,31,11,44,16,30,11,44,16,43,16,43,16,9,8,15,24,12,23,19,10,4,14,16,20,18,21,24,33
2017,7,LVDPA0370,264,125,47,139,53,19,7,35,13,34,13,30,11,42,16,32,12,34,13,38,14,12,16,22,15,18,17,12,13,7,19,12,15,24,15,22,25
2017,7,LVDPA0371,225,118,52,107,48,17,8,23,10,33,15,29,13,37,16,24,11,29,13,33,15,10,16,23,17,19,11,13,9,7,7,10,12,18,13,16,24
2017,7,LVDPA0372,321,164,51,157,49,26,8,37,12,42,13,52,16,36,11,50,16,38,12,40,12,12,25,20,32,20,21,18,16,14,12,22,20,16,29,20,24
2017,7,LVDPA0373,126,56,44,70,56,7,6,13,10,18,14,18,14,14,11,18,14,16,13,22,17,4,4,9,9,6,9,7,8,3,9,9,9,8,9,9,14
2017,7,LVDPA0374,1749,767,44,982,56,166,9,172,10,185,11,246,14,215,12,230,13,277,16,258,15,80,84,87,127,89,104,117,79,86,88,98,119,126,126,160,179
2017,7,LVDPA0375,289,141,49,148,51,11,4,27,9,37,13,45,16,33,11,57,20,25,9,54,19,7,11,21,28,15,30,13,16,4,16,16,17,18,27,12,38
2017,7,LVDPA0376,169,79,47,90,53,8,5,12,7,27,16,18,11,19,11,25,15,23,14,37,22,4,5,14,12,8,14,11,11,4,7,13,6,11,11,12,26
2017,7,LVDPA0377,183,85,46,98,54,16,9,12,7,29,16,20,11,23,13,26,14,30,16,27,15,5,4,10,14,10,16,16,10,11,8,19,6,13,10,14,17
2017,7,LVDPA0378,236,117,50,119,50,22,9,21,9,20,8,43,18,28,12,33,14,34,14,35,15,12,14,12,20,13,18,18,10,10,7,8,23,15,15,16,25
2017,7,LVDPA0379,155,76,49,79,51,10,6,16,10,21,14,19,12,14,9,21,14,21,14,33,21,5,10,11,12,8,10,10,10,5,6,10,7,6,11,11,23
2017,7,LVDPA0380,1609,760,47,849,53,164,10,153,10,127,8,262,16,273,17,184,11,187,12,259,16,98,81,66,131,136,86,79,83,66,72,61,131,137,98,108,176
2017,7,LVDPA0382,1267,578,46,689,54,104,8,115,9,121,10,198,16,179,14,189,15,165,13,196,15,47,63,63,108,91,86,73,47,57,52,58,90,88,103,92,149
2017,7,LVDPA0383,479,219,46,260,54,39,8,29,6,55,11,87,18,55,11,76,16,71,15,67,14,18,9,33,48,30,34,23,24,21,20,22,39,25,42,48,43
2017,7,LVDPA0384,255,115,45,140,55,8,3,27,11,27,11,34,13,27,11,51,20,25,10,56,22,4,12,15,17,16,23,8,20,4,15,12,17,11,28,17,36
2017,7,LVDPA0385,655,301,46,354,54,47,7,51,8,49,7,93,14,86,13,101,15,97,15,131,20,22,23,28,50,45,42,43,48,25,28,21,43,41,59,54,83
2017,7,LVDPA0386,201,108,54,93,46,5,2,15,7,18,9,32,16,22,11,34,17,27,13,48,24,4,11,12,16,17,19,10,19,1,4,6,16,5,15,17,29
2017,7,LVDPA0387,195,91,47,104,53,6,3,14,7,23,12,28,14,28,14,32,16,22,11,42,22,3,5,13,14,16,16,9,15,3,9,10,14,12,16,13,27
2017,7,LVDPA0388,110,56,51,54,49,4,4,6,5,20,18,13,12,10,9,22,20,16,15,19,17,1,4,12,7,4,12,9,7,3,2,8,6,6,10,7,12
2017,7,LVDPA0389,161,71,44,90,56,16,10,9,6,15,9,18,11,25,16,23,14,21,13,34,21,8,4,6,8,12,11,9,13,8,5,9,10,13,12,12,21
2017,7,LVDPA0390,245,118,48,127,52,27,11,22,9,22,9,31,13,28,11,35,14,33,13,47,19,12,9,13,21,13,15,15,20,15,13,9,10,15,20,18,27
2017,7,LVDPA0391,184,83,45,101,55,14,8,17,9,26,14,27,15,15,8,30,16,15,8,40,22,8,8,8,18,8,12,6,15,6,9,18,9,7,18,9,25
2017,7,LVDPA0392,126,56,44,70,56,11,9,12,10,16,13,19,15,19,15,19,15,10,8,20,16,5,7,6,11,12,10,1,4,6,5,10,8,7,9,9,16
2017,7,LVDPA0393,538,269,50,269,50,26,5,47,9,72,13,64,12,62,12,95,18,64,12,108,20,12,31,44,37,29,47,32,37,14,16,28,27,33,48,32,71
2017,7,LVDPA0394,629,309,49,320,51,44,7,55,9,65,10,88,14,79,13,97,15,88,14,113,18,23,34,36,54,39,43,48,32,21,21,29,34,40,54,40,81
2017,7,LVDPA0395,279,136,49,143,51,24,9,16,6,28,10,32,11,23,8,66,24,40,14,50,18,18,8,17,15,14,34,20,10,6,8,11,17,9,32,20,40
2017,7,LVDPA0396,458,243,53,215,47,39,9,47,10,36,8,81,18,58,13,66,14,54,12,77,17,27,26,21,52,35,32,25,25,12,21,15,29,23,34,29,52
2017,7,LVDPA0397,355,169,48,186,52,27,8,26,7,52,15,56,16,31,9,57,16,50,14,56,16,17,15,27,31,18,22,23,16,10,11,25,25,13,35,27,40
2017,7,LVDPA0398,191,85,45,106,55,18,9,20,10,23,12,20,10,24,13,18,9,35,18,33,17,8,6,11,7,12,9,19,13,10,14,12,13,12,9,16,20
2017,7,LVDPA0399,164,71,43,93,57,7,4,20,12,26,16,20,12,17,10,20,12,24,15,30,18,2,11,15,5,9,10,12,7,5,9,11,15,8,10,12,23
2017,7,LVDPA0400,309,154,50,155,50,30,10,20,6,40,13,49,16,33,11,44,14,34,11,59,19,17,9,25,25,17,24,16,21,13,11,15,24,16,20,18,38
2017,7,LVDPA0401,213,100,47,113,53,26,12,13,6,27,13,35,16,22,10,23,11,38,18,29,14,14,5,12,21,10,7,21,10,12,8,15,14,12,16,17,19
2017,7,LVDPA0402,219,116,53,103,47,13,6,14,6,32,15,40,18,25,11,35,16,24,11,36,16,6,6,22,29,13,17,10,13,7,8,10,11,12,18,14,23
2017,7,LVDPA0403,178,83,47,95,53,17,10,14,8,22,12,23,13,15,8,34,19,30,17,23,13,11,7,11,10,8,12,17,7,6,7,11,13,7,22,13,16
2017,7,LVDPA0404,305,151,50,154,50,27,9,25,8,24,8,60,20,35,11,36,12,56,18,42,14,15,14,13,28,21,17,25,18,12,11,11,32,14,19,31,24
2017,7,LVDPA0405,188,88,47,100,53,8,4,18,10,20,11,31,16,22,12,25,13,19,10,45,24,4,8,10,15,11,14,8,18,4,10,10,16,11,11,11,27
2017,7,LVDPA0406,256,122,48,134,52,17,7,20,8,37,14,42,16,31,12,39,15,30,12,40,16,6,15,19,24,11,24,11,12,11,5,18,18,20,15,19,28
2017,7,LVDPA0407,415,201,48,214,52,24,6,32,8,53,13,75,18,29,7,71,17,66,16,65,16,17,15,28,41,18,27,35,20,7,17,25,34,11,44,31,45
2017,7,LVDPA0408,232,108,47,124,53,18,8,26,11,22,9,40,17,23,10,27,12,26,11,50,22,7,13,12,26,11,13,12,14,11,13,10,14,12,14,14,36
2017,7,LVDPA0409,146,61,42,85,58,16,11,16,11,22,15,26,18,12,8,14,10,24,16,16,11,9,8,13,10,4,6,8,3,7,8,9,16,8,8,16,13
2017,7,LVDPA0410,319,159,50,160,50,28,9,34,11,47,15,37,12,41,13,52,16,36,11,44,14,14,23,29,17,22,25,18,11,14,11,18,20,19,27,18,33
2017,7,LVDPA0411,823,385,47,438,53,57,7,66,8,73,9,112,14,110,13,99,12,126,15,180,22,32,39,27,63,49,56,62,57,25,27,46,49,61,43,64,123
2017,7,LVDPA0412,315,154,49,161,51,12,4,16,5,29,9,29,9,31,10,39,12,61,19,98,31,7,12,15,15,19,24,32,30,5,4,14,14,12,15,29,68
2017,7,LVDPA0413,1275,646,51,629,49,128,10,131,10,116,9,184,14,169,13,163,13,171,13,213,17,85,68,64,96,87,85,83,78,43,63,52,88,82,78,88,135
2017,7,LVDPA0414,52,26,50,26,50,2,4,3,6,3,6,8,15,5,10,4,8,10,19,17,33,1,2,1,6,2,1,5,8,1,1,2,2,3,3,5,9
2017,7,LVDPA0415,282,126,45,156,55,14,5,27,10,37,13,46,16,34,12,51,18,31,11,42,15,4,15,17,25,16,27,13,9,10,12,20,21,18,24,18,33
2017,7,LVDPA0416,537,271,50,266,50,44,8,47,9,45,8,84,16,70,13,88,16,72,13,87,16,22,20,17,50,41,42,43,36,22,27,28,34,29,46,29,51
2017,7,LVDPA0417,204,85,42,119,58,10,5,11,5,33,16,22,11,16,8,35,17,32,16,45,22,6,4,14,12,5,17,14,13,4,7,19,10,11,18,18,32
2017,7,LVDPA0418,149,73,49,76,51,4,3,8,5,17,11,21,14,16,11,33,22,25,17,25,17,2,3,12,14,7,17,10,8,2,5,5,7,9,16,15,17
2017,7,LVDPA0419,159,84,53,75,47,7,4,11,7,17,11,24,15,19,12,23,14,28,18,30,19,2,6,12,13,12,14,13,12,5,5,5,11,7,9,15,18
2017,7,LVDPA0420,66,26,39,40,61,4,6,5,8,15,23,7,11,0,0,5,8,10,15,20,30,1,1,7,3,0,1,5,8,3,4,8,4,0,4,5,12
2017,7,LVDPA0421,2969,1330,45,1639,55,344,12,332,11,266,9,425,14,497,17,371,12,344,12,390,13,154,172,115,194,229,184,154,128,190,160,151,231,268,187,190,262
2017,7,LVDPA0422,491,222,45,269,55,34,7,38,8,58,12,61,12,51,10,66,13,54,11,129,26,16,19,32,30,23,32,29,41,18,19,26,31,28,34,25,88
2017,7,LVDPA0423,96,54,56,42,44,1,1,3,3,13,14,12,13,10,10,15,16,21,22,21,22,1,1,9,7,6,8,14,8,0,2,4,5,4,7,7,13
2017,7,LVDPA0424,870,413,47,457,53,46,5,86,10,81,9,103,12,129,15,147,17,97,11,181,21,22,44,40,57,63,74,46,67,24,42,41,46,66,73,51,114
2017,7,LVDPA0425,553,258,47,295,53,34,6,60,11,73,13,76,14,71,13,88,16,64,12,87,16,14,33,35,39,39,44,26,28,20,27,38,37,32,44,38,59
2017,7,LVDPA0426,164,78,48,86,52,9,5,15,9,25,15,16,10,25,15,23,14,23,14,28,17,4,5,18,10,9,11,11,10,5,10,7,6,16,12,12,18
2017,7,LVDPA0427,362,180,50,182,50,30,8,27,7,32,9,49,14,50,14,43,12,68,19,63,17,16,18,17,24,26,24,34,21,14,9,15,25,24,19,34,42
2017,7,LVDPA0428,61,35,57,26,43,0,0,3,5,6,10,5,8,7,11,13,21,8,13,19,31,0,1,5,5,5,9,4,6,0,2,1,0,2,4,4,13
2017,7,LVDPA0429,230,110,48,120,52,13,6,16,7,30,13,31,13,21,9,43,19,33,14,43,19,6,10,17,17,9,22,17,12,7,6,13,14,12,21,16,31
2017,7,LVDPA0430,272,127,47,145,53,19,7,24,9,41,15,41,15,35,13,48,18,27,10,37,14,5,13,22,21,18,22,11,15,14,11,19,20,17,26,16,22
2017,7,LVDPA0431,311,137,44,174,56,22,7,18,6,35,11,34,11,34,11,50,16,47,15,71,23,12,8,17,19,16,23,20,22,10,10,18,15,18,27,27,49
2017,7,LVDPA0432,243,116,48,127,52,20,8,21,9,38,16,39,16,33,14,21,9,31,13,40,16,9,8,20,24,16,9,12,18,11,13,18,15,17,12,19,22
2017,7,LVDPA0433,194,77,40,117,60,6,3,15,8,15,8,24,12,17,9,30,15,31,16,56,29,3,5,4,15,13,14,12,11,3,10,11,9,4,16,19,45
2017,7,LVDPA0434,135,57,42,78,58,13,10,11,8,16,12,21,16,10,7,21,16,15,11,28,21,8,3,9,9,2,11,5,10,5,8,7,12,8,10,10,18
2017,7,LVDPA0435,151,74,49,77,51,16,11,18,12,17,11,19,13,20,13,18,12,17,11,26,17,6,12,9,11,10,11,7,8,10,6,8,8,10,7,10,18
2017,7,LVDPA0436,43,21,49,22,51,1,2,0,0,5,12,5,12,5,12,5,12,6,14,16,37,1,0,3,4,3,2,2,6,0,0,2,1,2,3,4,10
2017,7,LVDPA0437,231,130,56,101,44,18,8,12,5,30,13,33,14,17,7,49,21,37,16,35,15,11,11,19,21,9,31,20,8,7,1,11,12,8,18,17,27
2017,7,LVDPA0438,340,163,48,177,52,30,9,40,12,32,9,43,13,42,12,53,16,47,14,53,16,20,16,21,20,18,26,24,18,10,24,11,23,24,27,23,35
2017,7,LVDPA0439,72,32,44,40,56,3,4,2,3,10,14,7,10,4,6,16,22,10,14,20,28,3,1,5,4,2,7,4,6,0,1,5,3,2,9,6,14
2017,7,LVDPA0440,368,171,46,197,54,12,3,23,6,53,14,40,11,49,13,51,14,45,12,95,26,4,9,34,22,28,28,15,31,8,14,19,18,21,23,30,64
2017,7,LVDPA0441,321,157,49,164,51,23,7,30,9,37,12,55,17,34,11,54,17,42,13,46,14,16,14,20,29,22,25,16,15,7,16,17,26,12,29,26,31
2017,7,LVDPA0442,216,104,48,112,52,21,10,13,6,24,11,35,16,18,8,37,17,27,13,41,19,13,6,17,19,10,16,12,11,8,7,7,16,8,21,15,30
2017,7,LVDPA0443,71,37,52,34,48,2,3,6,8,7,10,11,15,6,8,9,13,13,18,17,24,1,3,1,8,4,5,7,8,1,3,6,3,2,4,6,9
2017,7,LVDPA0444,220,106,48,114,52,15,7,13,6,18,8,36,16,21,10,41,19,37,17,39,18,6,6,7,21,11,23,19,13,9,7,11,15,10,18,18,26
2017,7,LVDPA0445,135,65,48,70,52,11,8,11,8,19,14,22,16,21,16,18,13,13,10,20,15,5,4,8,12,11,9,7,9,6,7,11,10,10,9,6,11
2017,7,LVDPA0447,74,38,51,36,49,0,0,1,1,8,11,7,9,11,15,12,16,16,22,19,26,0,1,5,5,8,5,9,5,0,0,3,2,3,7,7,14
2017,7,LVDPA0448,216,104,48,112,52,15,7,15,7,29,13,40,19,20,9,46,21,23,11,28,13,6,8,13,27,6,23,10,11,9,7,16,13,14,23,13,17
2017,7,LVDPA0449,229,109,48,120,52,19,8,25,11,20,9,38,17,27,12,36,16,36,16,28,12,10,15,12,16,16,17,15,8,9,10,8,22,11,19,21,20
2017,7,LVDPA0450,64,29,45,35,55,2,3,7,11,7,11,8,13,7,11,8,13,10,16,15,23,1,5,2,2,5,6,2,6,1,2,5,6,2,2,8,9
2017,7,LVDPA0451,217,100,46,117,54,18,8,20,9,33,15,36,17,22,10,32,15,31,14,25,12,6,9,14,19,15,14,15,8,12,11,19,17,7,18,16,17
2017,7,LVDPA0452,86,42,49,44,51,6,7,7,8,14,16,9,10,6,7,17,20,14,16,13,15,4,2,10,4,1,9,6,6,2,5,4,5,5,8,8,7
2017,7,LVDPA0453,344,165,48,179,52,19,6,19,6,33,10,59,17,33,10,57,17,56,16,68,20,9,10,18,36,20,23,23,26,10,9,15,23,13,34,33,42
2017,7,LVDPA0454,84,28,33,56,67,4,5,7,8,7,8,13,15,7,8,10,12,13,15,23,27,2,2,3,5,3,3,5,5,2,5,4,8,4,7,8,18
2017,7,LVDPA0455,782,348,45,434,55,58,7,62,8,88,11,85,11,65,8,106,14,115,15,203,26,21,33,46,46,28,54,57,63,37,29,42,39,37,52,58,140
2017,7,LVDPA0456,197,96,49,101,51,15,8,8,4,16,8,35,18,23,12,31,16,31,16,38,19,8,5,8,18,12,14,16,15,7,3,8,17,11,17,15,23
2017,7,LVDPA0457,226,114,50,112,50,5,2,15,7,33,15,14,6,28,12,52,23,30,13,49,22,5,10,15,9,15,30,16,14,0,5,18,5,13,22,14,35
2017,7,LVDPA0459,183,81,44,102,56,10,5,13,7,22,12,27,15,19,10,34,19,30,16,28,15,4,8,13,13,8,13,13,9,6,5,9,14,11,21,17,19
2017,7,LVDPA0460,201,96,48,105,52,10,5,16,8,24,12,27,13,19,9,42,21,25,12,38,19,6,8,13,16,10,20,11,12,4,8,11,11,9,22,14,26
2017,7,LVDPA0461,203,95,47,108,53,5,2,24,12,32,16,21,10,30,15,31,15,27,13,33,16,2,13,20,14,14,14,11,7,3,11,12,7,16,17,16,26
2017,7,LVDPA0462,349,177,51,172,49,30,9,24,7,39,11,50,14,38,11,39,11,65,19,64,18,16,19,26,25,19,19,28,25,14,5,13,25,19,20,37,39
2017,7,LVDPA0463,143,66,46,77,54,12,8,17,12,9,6,23,16,16,11,23,16,23,16,20,14,7,4,3,12,9,13,11,7,5,13,6,11,7,10,12,13
2017,7,LVDPA0464,222,111,50,111,50,16,7,22,10,33,15,29,13,28,13,30,14,37,17,27,12,7,13,20,16,14,14,20,7,9,9,13,13,14,16,17,20
2017,7,LVDPA0465,165,85,52,80,48,17,10,12,7,22,13,24,15,20,12,29,18,18,11,23,14,8,9,12,14,7,14,12,9,9,3,10,10,13,15,6,14
2017,7,LVDPA0466,259,135,52,124,48,11,4,15,6,27,10,43,17,34,13,34,13,49,19,46,18,4,8,17,29,21,18,24,14,7,7,10,14,13,16,25,32
2017,7,LVDPA0467,73,31,42,42,58,2,3,3,4,7,10,11,15,7,10,7,10,12,16,24,33,1,1,5,4,3,3,6,8,1,2,2,7,4,4,6,16
2017,7,LVDPA0468,214,105,49,109,51,5,2,20,9,24,11,26,12,24,11,34,16,37,17,44,21,2,10,12,13,14,18,15,21,3,10,12,13,10,16,22,23
2017,7,LVDPA0469,260,124,48,136,52,15,6,18,7,44,17,30,12,31,12,41,16,44,17,37,14,10,6,26,16,13,22,21,10,5,12,18,14,18,19,23,27
2017,7,LVDPA0470,161,78,48,83,52,9,6,15,9,22,14,26,16,17,11,25,16,19,12,28,17,6,7,11,15,10,13,5,11,3,8,11,11,7,12,14,17
2017,7,LVDPA0471,129,70,54,59,46,5,4,16,12,17,13,24,19,8,6,30,23,10,8,19,15,4,7,10,15,5,17,3,9,1,9,7,9,3,13,7,10
2017,7,LVDPA0472,237,114,48,123,52,11,5,24,10,21,9,33,14,28,12,42,18,41,17,37,16,6,12,13,20,15,19,19,10,5,12,8,13,13,23,22,27
2017,7,LVDPA0473,198,87,44,111,56,16,8,11,6,25,13,27,14,26,13,26,13,28,14,39,20,10,3,11,14,14,10,11,14,6,8,14,13,12,16,17,25
2017,7,LVDPA0474,450,215,48,235,52,34,8,27,6,56,12,74,16,47,10,70,16,70,16,72,16,14,11,30,42,27,32,35,24,20,16,26,32,20,38,35,48
2017,7,LVDPA0476,98,48,49,50,51,6,6,9,9,7,7,6,6,15,15,15,15,17,17,23,23,2,2,4,5,8,9,6,12,4,7,3,1,7,6,11,11
2017,7,LVDPA0477,173,79,46,94,54,13,8,9,5,27,16,19,11,22,13,28,16,25,14,30,17,7,4,12,11,11,13,13,8,6,5,15,8,11,15,12,22
2017,7,LVDPA0478,192,91,47,101,53,11,6,10,5,28,15,31,16,17,9,32,17,26,14,37,19,5,5,14,18,10,16,10,13,6,5,14,13,7,16,16,24
2017,7,LVDPA0479,215,107,50,108,50,8,4,17,8,28,13,39,18,19,9,35,16,41,19,28,13,4,5,18,21,11,16,25,7,4,12,10,18,8,19,16,21
2017,7,LVDPA0480,227,112,49,115,51,16,7,18,8,23,10,36,16,28,12,35,15,30,13,41,18,8,5,13,19,17,18,17,15,8,13,10,17,11,17,13,26
2017,7,LVDPA0481,220,105,48,115,52,14,6,20,9,25,11,29,13,22,10,32,15,30,14,48,22,6,11,16,13,12,13,19,15,8,9,9,16,10,19,11,33
2017,7,LVDPA0482,113,55,49,58,51,6,5,6,5,7,6,17,15,12,11,20,18,21,19,24,21,3,3,3,8,7,11,11,9,3,3,4,9,5,9,10,15
2017,7,LVDPA0483,99,43,43,56,57,0,0,7,7,12,12,16,16,8,8,13,13,25,25,18,18,0,2,6,11,4,7,8,5,0,5,6,5,4,6,17,13
2017,7,LVDPA0484,262,124,47,138,53,31,12,38,15,30,11,39,15,29,11,30,11,36,14,29,11,19,14,13,22,14,15,18,9,12,24,17,17,15,15,18,20
2017,7,LVDPA0485,213,99,46,114,54,14,7,14,7,29,14,26,12,30,14,36,17,24,11,40,19,10,8,12,16,14,16,10,13,4,6,17,10,16,20,14,27
2017,7,LVDPA0488,158,77,49,81,51,5,3,6,4,16,10,21,13,17,11,21,13,37,23,35,22,3,3,9,12,13,11,13,13,2,3,7,9,4,10,24,22
2017,7,LVDPA0489,161,85,53,76,47,9,6,19,12,9,6,29,18,25,16,20,12,24,15,26,16,7,11,4,16,13,11,12,11,2,8,5,13,12,9,12,15
2017,7,LVDPA0490,143,69,48,74,52,13,9,24,17,15,10,10,7,30,21,18,13,16,11,17,12,6,11,10,3,11,12,10,6,7,13,5,7,19,6,6,11
2017,7,LVDPA0491,370,168,45,202,55,21,6,41,11,49,13,37,10,49,13,54,15,43,12,76,21,11,20,25,23,21,26,21,21,10,21,24,14,28,28,22,55
2017,7,LVDPA0492,146,66,45,80,55,6,4,10,7,11,8,5,3,12,8,23,16,40,27,39,27,5,7,3,2,6,10,17,16,1,3,8,3,6,13,23,23
2017,7,LVDPA0493,76,37,49,39,51,5,7,5,7,13,17,9,12,11,14,12,16,10,13,11,14,3,2,9,7,6,4,5,1,2,3,4,2,5,8,5,10
2017,7,LVDPA0494,48,21,44,27,56,1,2,3,6,7,15,7,15,5,10,7,15,9,19,9,19,1,0,3,4,2,3,6,2,0,3,4,3,3,4,3,7
2017,7,LVDPA0495,129,57,44,72,56,13,10,11,9,21,16,20,16,21,16,18,14,8,6,17,13,6,5,8,10,9,10,4,5,7,6,13,10,12,8,4,12
2017,7,LVDPA0496,346,165,48,181,52,22,6,34,10,38,11,47,14,48,14,46,13,48,14,63,18,8,17,22,26,24,24,24,20,14,17,16,21,24,22,24,43
2017,7,LVDPA0497,198,100,51,98,49,10,5,13,7,17,9,24,12,29,15,32,16,22,11,51,26,7,10,9,17,14,15,8,20,3,3,8,7,15,17,14,31
2017,7,LVDPA0498,77,45,58,32,42,5,6,7,9,11,14,10,13,6,8,17,22,8,10,13,17,5,3,7,6,4,12,4,4,0,4,4,4,2,5,4,9
2017,7,LVDPA0499,1541,665,43,876,57,107,7,95,6,117,8,223,14,215,14,194,13,266,17,324,21,53,47,54,120,104,90,106,91,54,48,63,103,111,104,160,233
2017,7,LVDPA0500,245,109,44,136,56,14,6,25,10,24,10,41,17,30,12,40,16,27,11,44,18,8,12,10,22,18,18,10,11,6,13,14,19,12,22,17,33
2017,7,LVDPA0501,207,110,53,97,47,17,8,15,7,17,8,40,19,22,11,32,15,30,14,34,16,9,10,10,25,12,17,17,10,8,5,7,15,10,15,13,24
2017,7,LVDPA0502,258,132,51,126,49,10,4,22,9,39,15,43,17,25,10,47,18,38,15,34,13,8,11,21,28,12,25,19,8,2,11,18,15,13,22,19,26
2017,7,LVDPA0503,217,102,47,115,53,15,7,13,6,24,11,24,11,30,14,39,18,31,14,41,19,9,6,14,12,16,18,13,14,6,7,10,12,14,21,18,27
2017,7,LVDPA0504,213,100,47,113,53,14,7,25,12,26,12,34,16,23,11,36,17,19,9,36,17,6,14,14,20,11,16,9,10,8,11,12,14,12,20,10,26
2017,7,LVDPA0505,75,33,44,42,56,3,4,6,8,7,9,6,8,2,3,11,15,15,20,25,33,1,4,3,4,0,3,8,10,2,2,4,2,2,8,7,15
2017,7,LVDPA0506,281,133,47,148,53,29,10,21,7,29,10,59,21,16,6,40,14,38,14,49,17,16,15,12,29,10,15,20,16,13,6,17,30,6,25,18,33
2017,7,LVDPA0507,193,99,51,94,49,16,8,19,10,18,9,25,13,33,17,24,12,29,15,29,15,10,10,6,16,17,15,15,10,6,9,12,9,16,9,14,19
2017,7,LVDPA0508,181,91,50,90,50,8,4,15,8,18,10,18,10,22,12,32,18,36,20,32,18,4,5,12,8,13,14,22,13,4,10,6,10,9,18,14,19
2017,7,LVDPA0509,250,124,50,126,50,7,3,18,7,32,13,41,16,28,11,50,20,35,14,39,16,3,9,17,23,17,25,16,14,4,9,15,18,11,25,19,25
2017,7,LVDPA0510,133,67,50,66,50,6,5,9,7,18,14,12,9,13,10,23,17,17,13,35,26,5,5,8,9,5,12,9,14,1,4,10,3,8,11,8,21
2017,7,LVDPA0511,56,25,45,31,55,2,4,13,23,8,14,7,13,5,9,8,14,4,7,9,16,0,7,3,2,4,4,2,3,2,6,5,5,1,4,2,6
2017,7,LVDPA0512,282,144,51,138,49,17,6,32,11,36,13,40,14,39,14,37,13,33,12,48,17,8,17,26,19,22,19,20,13,9,15,10,21,17,18,13,35
2017,7,LVDPA0513,100,46,46,54,54,4,4,7,7,5,5,11,11,12,12,16,16,24,24,21,21,2,2,1,7,7,11,11,5,2,5,4,4,5,5,13,16
2017,7,LVDPA0514,56,29,52,27,48,6,11,3,5,6,11,6,11,4,7,16,29,5,9,10,18,4,2,4,4,2,8,3,2,2,1,2,2,2,8,2,8
2017,7,LVDPA0515,359,169,47,190,53,21,6,27,8,44,12,61,17,46,13,45,13,71,20,44,12,13,10,22,35,24,20,34,11,8,17,22,26,22,25,37,33
2017,7,LVDPA0516,102,49,48,53,52,8,8,7,7,9,9,12,12,11,11,14,14,15,15,26,25,4,5,4,6,5,9,7,9,4,2,5,6,6,5,8,17
2017,7,LVDPA0517,340,157,46,183,54,22,6,26,8,60,18,40,12,50,15,41,12,46,14,55,16,10,18,26,20,30,19,20,14,12,8,34,20,20,22,26,41
2017,7,LVDPA0518,640,306,48,334,52,53,8,62,10,66,10,93,15,102,16,78,12,99,15,87,14,25,29,31,56,55,35,41,34,28,33,35,37,47,43,58,53
2017,7,LVDPA0519,456,225,49,231,51,37,8,46,10,60,13,77,17,54,12,54,12,61,13,67,15,21,25,32,42,27,31,28,19,16,21,28,35,27,23,33,48
2017,7,LVDPA0521,106,53,50,53,50,6,6,8,8,4,4,11,10,12,11,12,11,21,20,32,30,1,7,1,6,9,6,11,12,5,1,3,5,3,6,10,20
2017,7,LVDPA0522,102,45,44,57,56,9,9,6,6,9,9,15,15,9,9,12,12,15,15,27,26,4,5,2,8,5,4,7,10,5,1,7,7,4,8,8,17
2017,7,LVDPA0523,276,128,46,148,54,14,5,25,9,34,12,35,13,30,11,42,15,35,13,61,22,9,9,20,21,18,18,14,19,5,16,14,14,12,24,21,42
2017,7,LVDPA0524,56,27,48,29,52,3,5,4,7,7,13,10,18,9,16,5,9,10,18,8,14,2,2,2,6,5,3,4,3,1,2,5,4,4,2,6,5
2017,7,LVDPA0525,149,72,48,77,52,5,3,9,6,15,10,17,11,14,9,29,19,36,24,24,16,1,5,7,11,6,17,17,8,4,4,8,6,8,12,19,16
2017,7,LVDPA0526,400,184,46,216,54,27,7,18,5,46,12,51,13,45,11,62,16,68,17,83,21,12,9,25,30,23,27,34,24,15,9,21,21,22,35,34,59
2017,7,LVDPA0527,301,144,48,157,52,15,5,29,10,25,8,56,19,32,11,48,16,34,11,62,21,7,12,18,32,20,19,19,17,8,17,7,24,12,29,15,45
2017,7,LVDPA0528,173,83,48,90,52,10,6,9,5,20,12,24,14,29,17,33,19,19,11,29,17,4,7,11,13,16,15,9,8,6,2,9,11,13,18,10,21
2017,7,LVDPA0529,190,86,45,104,55,17,9,21,11,14,7,28,15,24,13,27,14,27,14,32,17,7,9,6,15,14,13,14,8,10,12,8,13,10,14,13,24
2017,7,LVDPA0531,230,115,50,115,50,14,6,18,8,31,13,35,15,21,9,36,16,36,16,39,17,8,8,19,19,13,17,17,14,6,10,12,16,8,19,19,25
2017,7,LVDPA0532,275,123,45,152,55,20,7,24,9,31,11,48,17,28,10,44,16,35,13,45,16,13,11,10,23,13,19,19,15,7,13,21,25,15,25,16,30
2017,7,LVDPA0533,227,107,47,120,53,10,4,12,5,35,15,39,17,17,7,41,18,48,21,25,11,7,4,17,25,4,17,26,7,3,8,18,14,13,24,22,18
2017,7,LVDPA0534,503,229,46,274,54,36,7,40,8,62,12,67,13,56,11,84,17,77,15,81,16,15,18,27,38,26,37,32,36,21,22,35,29,30,47,45,45
2017,7,LVDPA0535,62,32,52,30,48,2,3,3,5,6,10,5,8,3,5,20,32,4,6,19,31,1,3,1,3,2,12,1,9,1,0,5,2,1,8,3,10
2017,7,LVDPA0536,100,46,46,54,54,5,5,3,3,20,20,3,3,7,7,24,24,15,15,23,23,1,1,8,1,5,13,10,7,4,2,12,2,2,11,5,16
2017,7,LVDPA0537,351,151,43,200,57,20,6,25,7,27,8,53,15,34,10,42,12,76,22,74,21,9,12,14,32,15,18,28,23,11,13,13,21,19,24,48,51
2017,7,LVDPA0538,1143,486,43,657,57,64,6,93,8,81,7,101,9,114,10,118,10,217,19,355,31,30,50,45,52,62,57,91,99,34,43,36,49,52,61,126,256
2017,7,LVDPA0539,182,96,53,86,47,15,8,10,5,24,13,20,11,32,18,29,16,27,15,25,14,9,5,12,15,19,16,11,9,6,5,12,5,13,13,16,16
2017,7,LVDPA0540,61,21,34,40,66,7,11,4,7,5,8,9,15,6,10,8,13,10,16,12,20,1,2,2,3,4,3,5,1,6,2,3,6,2,5,5,11
2017,7,LVDPA0541,116,64,55,52,45,10,9,7,6,20,17,8,7,11,9,22,19,15,13,23,20,8,6,12,6,8,11,7,6,2,1,8,2,3,11,8,17
2017,7,LVDPA0542,126,55,44,71,56,18,14,15,12,12,10,14,11,18,14,15,12,17,13,17,13,5,9,5,5,7,8,9,7,13,6,7,9,11,7,8,10
2017,7,LVDPA0543,390,172,44,218,56,34,9,33,8,34,9,57,15,59,15,54,14,44,11,75,19,13,18,18,31,32,19,21,20,21,15,16,26,27,35,23,55
2017,7,LVDPA0544,251,123,49,128,51,29,12,31,12,23,9,25,10,52,21,38,15,23,9,30,12,16,16,14,11,25,21,9,11,13,15,9,14,27,17,14,19
2017,7,LVDPA0545,407,182,45,225,55,29,7,24,6,39,10,56,14,42,10,67,16,57,14,93,23,12,10,18,35,25,32,23,27,17,14,21,21,17,35,34,66
2017,7,LVDPA0546,182,75,41,107,59,10,5,12,7,15,8,12,7,15,8,24,13,23,13,71,39,6,2,6,4,8,11,15,23,4,10,9,8,7,13,8,48
2017,7,LVDPA0547,271,120,44,151,56,19,7,33,12,46,17,22,8,34,13,33,12,30,11,54,20,8,13,17,14,14,20,17,17,11,20,29,8,20,13,13,37
2017,7,LVDPA0548,300,147,49,153,51,27,9,27,9,35,12,51,17,27,9,54,18,38,13,41,14,14,10,22,28,15,28,20,10,13,17,13,23,12,26,18,31
2017,7,LVDPA0549,150,73,49,77,51,7,5,9,6,13,9,16,11,7,5,19,13,24,16,55,37,4,4,8,6,5,8,18,20,3,5,5,10,2,11,6,35
2017,7,LVDPA0550,230,109,47,121,53,17,7,21,9,21,9,37,16,21,9,30,13,42,18,41,18,9,10,11,22,12,11,22,12,8,11,10,15,9,19,20,29
2017,7,LVDPA0551,468,208,44,260,56,33,7,57,12,63,13,50,11,59,13,39,8,66,14,101,22,20,31,31,24,29,16,30,27,13,26,32,26,30,23,36,74
2017,7,LVDPA0553,48,27,56,21,44,1,2,5,10,5,10,3,6,7,15,11,23,3,6,13,27,1,3,3,1,5,9,1,4,0,2,2,2,2,2,2,9
2017,7,LVDPA0554,258,131,51,127,49,21,8,25,10,39,15,40,16,29,11,39,15,31,12,34,13,9,12,21,27,16,20,18,8,12,13,18,13,13,19,13,26
2017,7,LVDPA0555,132,62,47,70,53,17,13,9,7,16,12,21,16,9,7,26,20,12,9,22,17,4,5,10,11,6,15,7,4,13,4,6,10,3,11,5,18
2017,7,LVDPA0556,62,32,52,30,48,5,8,4,6,7,11,8,13,14,23,6,10,6,10,12,19,3,3,3,5,8,3,3,4,2,1,4,3,6,3,3,8
2017,7,LVDPA0557,629,281,45,348,55,59,9,59,9,78,12,87,14,73,12,75,12,92,15,106,17,29,29,38,47,35,40,37,26,30,30,40,40,38,35,55,80
2017,7,LVDPA0558,342,166,49,176,51,20,6,17,5,49,14,36,11,31,9,49,14,44,13,96,28,10,10,32,19,17,26,23,29,10,7,17,17,14,23,21,67
2017,7,LVDPA0559,68,29,43,39,57,0,0,6,9,10,15,9,13,7,10,14,21,11,16,11,16,0,3,4,6,2,6,5,3,0,3,6,3,5,8,6,8
2017,7,LVDPA0560,341,159,47,182,53,18,5,36,11,38,11,53,16,42,12,42,12,57,17,55,16,9,20,19,27,23,16,22,23,9,16,19,26,19,26,35,32
2017,7,LVDPA0561,166,80,48,86,52,9,5,18,11,13,8,25,15,26,16,25,15,20,12,30,18,3,5,9,15,14,13,10,11,6,13,4,10,12,12,10,19
2017,7,LVDPA0562,121,57,47,64,53,9,7,8,7,14,12,11,9,9,7,27,22,16,13,27,22,4,3,7,7,2,16,6,12,5,5,7,4,7,11,10,15
2017,7,LVDPA0563,199,84,42,115,58,12,6,12,6,32,16,24,12,24,12,26,13,31,16,38,19,6,3,13,15,7,14,12,14,6,9,19,9,17,12,19,24
2017,7,LVDPA0565,114,52,46,62,54,4,4,5,4,16,14,17,15,12,11,21,18,17,15,22,19,3,4,8,9,4,8,9,7,1,1,8,8,8,13,8,15
2017,7,LVDPA0566,393,194,49,199,51,26,7,35,9,50,13,59,15,55,14,59,15,49,12,60,15,13,20,26,35,29,34,23,14,13,15,24,24,26,25,26,46
2017,7,LVDPA0567,54,30,56,24,44,4,7,5,9,12,22,2,4,8,15,6,11,7,13,10,19,3,4,7,1,3,3,5,4,1,1,5,1,5,3,2,6
2017,7,LVDPA0568,111,46,41,65,59,11,10,6,5,11,10,19,17,6,5,14,13,21,19,23,21,5,4,4,9,2,6,8,8,6,2,7,10,4,8,13,15
2017,7,LVDPA0569,187,94,50,93,50,14,7,19,10,21,11,24,13,24,13,28,15,22,12,35,19,5,12,14,14,12,15,9,13,9,7,7,10,12,13,13,22
2017,7,LVDPA0570,404,199,49,205,51,34,8,35,9,42,10,57,14,50,12,55,14,49,12,82,20,20,22,25,37,29,26,17,23,14,13,17,20,21,29,32,59
2017,7,LVDPA0571,353,168,48,185,52,30,8,27,8,42,12,60,17,36,10,60,17,43,12,55,16,10,15,21,38,17,29,21,17,20,12,21,22,19,31,22,38
2017,7,LVDPA0572,228,110,48,118,52,19,8,26,11,24,11,42,18,19,8,33,14,31,14,34,15,12,18,11,18,10,16,14,11,7,8,13,24,9,17,17,23
2017,7,LVDPA0573,200,96,48,104,52,15,8,19,10,22,11,39,20,24,12,24,12,28,14,29,15,9,7,12,20,12,12,12,12,6,12,10,19,12,12,16,17
2017,7,LVDPA0574,213,111,52,102,48,11,5,17,8,29,14,32,15,37,17,23,11,29,14,35,16,7,7,16,21,24,13,14,9,4,10,13,11,13,10,15,26
2017,7,LVDPA0575,339,158,47,181,53,24,7,32,9,22,6,56,17,39,12,57,17,41,12,68,20,12,14,15,27,18,26,22,24,12,18,7,29,21,31,19,44
2017,7,LVDPA0577,355,175,49,180,51,18,5,31,9,38,11,50,14,50,14,49,14,51,14,68,19,8,18,22,27,28,23,29,20,10,13,16,23,22,26,22,48
2017,7,LVDPA0578,495,227,46,268,54,22,4,43,9,88,18,53,11,55,11,72,15,82,17,80,16,10,27,43,26,28,32,35,26,12,16,45,27,27,40,47,54
2017,7,LVDPA0579,461,233,51,228,49,36,8,46,10,51,11,82,18,65,14,57,12,63,14,61,13,19,26,29,44,39,29,24,23,17,20,22,38,26,28,39,38
2017,7,LVDPA0580,124,58,47,66,53,16,13,13,10,17,14,14,11,11,9,18,15,16,13,19,15,9,6,10,7,6,10,6,4,7,7,7,7,5,8,10,15
2017,7,LVDPA0581,61,31,51,30,49,2,3,3,5,5,8,5,8,9,15,11,18,14,23,12,20,1,2,3,4,4,7,6,4,1,1,2,1,5,4,8,8
2017,7,LVDPA0582,344,158,46,186,54,19,6,27,8,53,15,37,11,45,13,47,14,54,16,62,18,12,13,26,24,22,22,20,19,7,14,27,13,23,25,34,43
2017,7,LVDPA0583,222,104,47,118,53,23,10,13,6,42,19,28,13,24,11,31,14,33,15,28,13,12,8,17,15,13,16,15,8,11,5,25,13,11,15,18,20
2017,7,LVDPA0584,266,124,47,142,53,23,9,23,9,33,12,38,14,25,9,42,16,29,11,53,20,12,11,17,19,15,20,14,16,11,12,16,19,10,22,15,37
2017,7,LVDPA0585,470,224,48,246,52,39,8,51,11,82,17,57,12,54,11,71,15,54,11,62,13,22,26,39,28,27,33,25,24,17,25,43,29,27,38,29,38
2017,7,LVDPA0586,63,30,48,33,52,3,5,5,8,6,10,3,5,8,13,7,11,15,24,16,25,1,3,4,3,3,3,7,6,2,2,2,0,5,4,8,10
2017,7,LVDPA0587,294,136,46,158,54,18,6,20,7,42,14,43,15,31,11,47,16,52,18,41,14,8,9,24,21,15,19,27,13,10,11,18,22,16,28,25,28
2017,7,LVDPA0588,194,84,43,110,57,10,5,13,7,25,13,34,18,18,9,39,20,27,14,28,14,2,6,10,19,8,18,12,9,8,7,15,15,10,21,15,19
2017,7,LVDPA0589,167,85,51,82,49,9,5,17,10,26,16,16,10,25,15,34,20,15,9,25,15,4,12,13,12,11,17,8,8,5,5,13,4,14,17,7,17
2017,7,LVDPA0590,225,117,52,108,48,14,6,16,7,27,12,39,17,20,9,49,22,26,12,34,15,5,7,19,26,13,28,9,10,9,9,8,13,7,21,17,24
2017,7,LVDPA0591,276,138,50,138,50,13,5,14,5,32,12,39,14,37,13,56,20,39,14,46,17,8,9,20,23,18,28,20,12,5,5,12,16,19,28,19,34
2017,7,LVDPA0592,172,84,49,88,51,15,9,13,8,29,17,14,8,22,13,25,15,23,13,31,18,7,6,16,7,13,15,11,9,8,7,13,7,9,10,12,22
2017,7,LVDPA0593,66,29,44,37,56,3,5,4,6,8,12,10,15,8,12,9,14,9,14,15,23,1,1,2,7,5,4,5,4,2,3,6,3,3,5,4,11
2017,7,LVDPA0594,116,57,49,59,51,0,0,0,0,0,0,8,7,22,19,21,18,33,28,32,28,0,0,0,4,13,13,17,10,0,0,0,4,9,8,16,22
2017,7,LVDPA0595,187,99,53,88,47,10,5,20,11,16,9,29,16,34,18,18,10,25,13,35,19,3,11,12,13,21,9,12,18,7,9,4,16,13,9,13,17
2017,7,LVDPA0596,320,142,44,178,56,33,10,32,10,31,10,54,17,48,15,39,12,43,13,40,13,18,8,16,27,26,14,22,11,15,24,15,27,22,25,21,29
2017,7,LVDPA0597,146,73,50,73,50,10,7,8,5,18,12,19,13,19,13,20,14,20,14,32,22,6,3,6,13,13,9,10,13,4,5,12,6,6,11,10,19
2017,7,LVDPA0598,46,21,46,25,54,4,9,1,2,2,4,5,11,5,11,11,24,6,13,12,26,2,1,2,3,4,5,3,1,2,0,0,2,1,6,3,11
2017,7,LVDPA0599,189,90,48,99,52,14,7,23,12,22,12,22,12,30,16,28,15,26,14,24,13,10,11,10,13,14,11,12,9,4,12,12,9,16,17,14,15
2017,7,LVDPA0600,151,82,54,69,46,9,6,15,10,51,34,15,10,15,10,20,13,12,8,14,9,4,7,35,10,7,10,6,3,5,8,16,5,8,10,6,11
2017,7,LVDPA0601,58,29,50,29,50,4,7,6,10,9,16,8,14,7,12,9,16,11,19,4,7,4,3,2,5,2,6,6,1,0,3,7,3,5,3,5,3
2017,7,LVDPA0602,43,22,51,21,49,6,14,4,9,5,12,3,7,5,12,8,19,6,14,6,14,2,3,2,1,1,4,4,5,4,1,3,2,4,4,2,1
2017,7,LVDPA0603,373,169,45,204,55,27,7,29,8,48,13,56,15,38,10,56,15,58,16,61,16,13,12,24,31,17,26,29,17,14,17,24,25,21,30,29,44
2017,7,LVDPA0604,296,129,44,167,56,19,6,28,9,37,13,36,12,38,13,38,13,51,17,49,17,6,10,15,21,21,15,23,18,13,18,22,15,17,23,28,31
2017,7,LVDPA0605,269,122,45,147,55,22,8,23,9,39,14,32,12,45,17,33,12,37,14,38,14,11,12,14,16,23,13,19,14,11,11,25,16,22,20,18,24
2017,7,LVDPA0606,177,89,50,88,50,11,6,18,10,26,15,24,14,18,10,24,14,18,10,38,21,4,15,15,17,8,11,7,12,7,3,11,7,10,13,11,26
2017,7,LVDPA0607,157,73,46,84,54,7,4,10,6,23,15,15,10,13,8,30,19,20,13,39,25,1,5,12,9,7,16,9,14,6,5,11,6,6,14,11,25
2017,7,LVDPA0608,233,105,45,128,55,12,5,18,8,26,11,27,12,22,9,25,11,36,15,67,29,5,10,13,12,13,11,13,28,7,8,13,15,9,14,23,39
2017,7,LVDPA0609,126,62,49,64,51,1,1,6,5,16,13,16,13,15,12,33,26,26,21,13,10,1,4,8,12,9,13,12,3,0,2,8,4,6,20,14,10
2017,7,LVDPA0610,215,111,52,104,48,18,8,24,11,30,14,30,14,25,12,28,13,27,13,33,15,10,16,16,16,12,16,12,13,8,8,14,14,13,12,15,20
2017,7,LVDPA0611,187,94,50,93,50,14,7,27,14,36,19,19,10,24,13,24,13,22,12,21,11,6,13,22,9,15,11,11,7,8,14,14,10,9,13,11,14
2017,7,LVDPA0612,253,125,49,128,51,21,8,29,11,38,15,32,13,35,14,31,12,29,11,38,15,10,19,21,16,20,15,12,12,11,10,17,16,15,16,17,26
2017,7,LVDPA0613,112,60,54,52,46,8,7,9,8,7,6,15,13,10,9,16,14,18,16,29,26,4,7,4,10,6,8,12,9,4,2,3,5,4,8,6,20
2017,7,LVDPA0614,97,50,52,47,48,9,9,10,10,11,11,17,18,7,7,13,13,7,7,23,24,6,5,6,10,3,8,3,9,3,5,5,7,4,5,4,14
2017,7,LVDPA0615,168,78,46,90,54,5,3,13,8,25,15,20,12,13,8,26,15,20,12,46,27,3,5,13,14,8,12,7,16,2,8,12,6,5,14,13,30
2017,7,LVDPA0616,296,141,48,155,52,22,7,24,8,27,9,57,19,35,12,42,14,48,16,41,14,16,7,10,34,15,25,24,10,6,17,17,23,20,17,24,31
2017,7,LVDPA0617,162,79,49,83,51,8,5,12,7,23,14,26,16,19,12,19,12,36,22,19,12,1,5,16,16,10,6,18,7,7,7,7,10,9,13,18,12
2017,7,LVDPA0618,60,31,52,29,48,1,2,2,3,10,17,6,10,7,12,10,17,11,18,13,22,1,1,5,5,3,5,8,3,0,1,5,1,4,5,3,10
2017,7,LVDPA0619,48,24,50,24,50,3,6,5,10,7,15,5,10,7,15,5,10,7,15,9,19,3,3,4,2,3,3,3,3,0,2,3,3,4,2,4,6
2017,7,LVDPA0620,289,150,52,139,48,16,6,25,9,20,7,46,16,30,10,36,12,45,16,71,25,11,15,10,26,16,20,25,27,5,10,10,20,14,16,20,44
2017,7,LVDPA0621,244,107,44,137,56,18,7,16,7,17,7,35,14,22,9,33,14,36,15,67,27,10,10,11,19,8,16,15,18,8,6,6,16,14,17,21,49
2017,7,LVDPA0622,399,203,51,196,49,26,7,31,8,46,12,57,14,47,12,83,21,59,15,50,13,20,15,33,30,26,32,32,15,6,16,13,27,21,51,27,35
2017,7,LVDPA0623,895,439,49,456,51,98,11,121,14,77,9,102,11,177,20,78,9,86,10,156,17,50,64,39,49,88,46,40,63,48,57,38,53,89,32,46,93
2017,7,LVDPA0626,162,69,43,93,57,16,10,8,5,13,8,26,16,23,14,20,12,21,13,35,22,6,3,7,11,13,11,9,9,10,5,6,15,10,9,12,26
2017,7,LVDPA0627,85,45,53,40,47,9,11,5,6,12,14,11,13,7,8,14,16,15,18,12,14,5,3,5,8,4,9,6,5,4,2,7,3,3,5,9,7
2017,7,LVDPA0628,288,136,47,152,53,15,5,36,13,33,11,46,16,44,15,38,13,45,16,31,11,8,19,16,28,19,18,19,9,7,17,17,18,25,20,26,22
2017,7,LVDPA0629,71,36,51,35,49,4,6,7,10,12,17,7,10,9,13,14,20,7,10,11,15,2,1,8,5,4,9,2,5,2,6,4,2,5,5,5,6
2017,7,LVDPA0630,131,70,53,61,47,1,1,6,5,9,7,22,17,8,6,16,12,34,26,35,27,1,1,7,14,5,8,19,15,0,5,2,8,3,8,15,20
2017,7,LVDPA0631,267,129,48,138,52,15,6,29,11,33,12,28,10,28,10,34,13,41,15,59,22,5,19,15,18,12,18,23,19,10,10,18,10,16,16,18,40
2017,7,LVDPA0632,514,234,46,280,54,38,7,39,8,55,11,91,18,50,10,64,12,87,17,90,18,18,21,26,49,19,33,33,35,20,18,29,42,31,31,54,55
2017,7,LVDPA0633,789,366,46,423,54,60,8,81,10,77,10,124,16,127,16,98,12,98,12,124,16,36,39,33,57,70,50,35,46,24,42,44,67,57,48,63,78
2017,7,LVDPA0634,419,209,50,210,50,38,9,41,10,48,11,66,16,64,15,57,14,47,11,58,14,21,20,30,43,29,27,17,22,17,21,18,23,35,30,30,36
2017,7,LVDPA0635,996,444,45,552,55,71,7,71,7,121,12,127,13,142,14,155,16,135,14,174,17,36,32,58,63,63,76,58,58,35,39,63,64,79,79,77,116
2017,7,LVDPA0636,50,27,54,23,46,1,2,5,10,7,14,5,10,5,10,9,18,7,14,11,22,0,4,2,3,3,7,4,4,1,1,5,2,2,2,3,7
2017,7,LVDPA0637,105,55,52,50,48,4,4,10,10,14,13,18,17,12,11,16,15,13,12,18,17,2,8,6,13,6,8,5,7,2,2,8,5,6,8,8,11
2017,7,LVDPA0638,130,62,48,68,52,14,11,7,5,15,12,16,12,12,9,18,14,20,15,28,22,3,6,8,10,7,8,9,11,11,1,7,6,5,10,11,17
2017,7,LVDPA0639,168,80,48,88,52,5,3,12,7,17,10,24,14,19,11,25,15,37,22,29,17,1,5,8,14,11,8,23,10,4,7,9,10,8,17,14,19
2017,7,LVDPA0640,63,30,48,33,52,1,2,2,3,6,10,13,21,3,5,11,17,19,30,8,13,1,1,4,6,3,4,9,2,0,1,2,7,0,7,10,6
2017,7,LVDPA0641,249,125,50,124,50,10,4,35,14,37,15,42,17,34,14,33,13,31,12,27,11,8,15,24,23,18,13,15,9,2,20,13,19,16,20,16,18
2017,7,LVDPA0642,56,30,54,26,46,2,4,11,20,8,14,8,14,7,13,4,7,7,13,9,16,1,5,6,4,5,1,5,3,1,6,2,4,2,3,2,6
2017,7,LVDPA0643,354,162,46,192,54,21,6,32,9,51,14,46,13,49,14,52,15,56,16,47,13,11,11,24,25,27,25,20,19,10,21,27,21,22,27,36,28
2017,7,LVDPA0644,45,22,49,23,51,2,4,2,4,7,16,5,11,4,9,5,11,9,20,11,24,1,1,3,3,1,2,7,4,1,1,4,2,3,3,2,7
2017,7,LVDPA0645,154,85,55,69,45,10,6,12,8,21,14,15,10,22,14,18,12,31,20,25,16,9,7,12,9,12,8,17,11,1,5,9,6,10,10,14,14
2017,7,LVDPA0646,141,70,50,71,50,5,4,10,7,13,9,17,12,25,18,18,13,21,15,32,23,3,5,8,7,15,10,10,12,2,5,5,10,10,8,11,20
2017,7,LVDPA0647,68,31,46,37,54,3,4,4,6,4,6,5,7,13,19,9,13,7,10,23,34,2,1,1,2,9,6,3,7,1,3,3,3,4,3,4,16
2017,7,LVDPA0649,241,105,44,136,56,16,7,24,10,32,13,32,13,25,10,41,17,38,16,33,14,9,9,15,18,11,17,20,6,7,15,17,14,14,24,18,27
2017,7,LVDPA0650,498,241,48,257,52,50,10,60,12,49,10,80,16,61,12,60,12,61,12,77,15,28,30,26,50,27,29,24,27,22,30,23,30,34,31,37,50
2017,7,LVDPA0651,263,125,48,138,52,11,4,24,9,36,14,40,15,42,16,40,15,35,13,35,13,6,15,17,20,18,18,18,13,5,9,19,20,24,22,17,22
2017,7,LVDPA0652,48,25,52,23,48,0,0,3,6,3,6,8,17,3,6,8,17,14,29,9,19,0,2,1,4,2,6,7,3,0,1,2,4,1,2,7,6
2017,7,LVDPA0653,308,138,45,170,55,21,7,15,5,35,11,40,13,24,8,52,17,47,15,74,24,14,9,13,16,14,20,22,30,7,6,22,24,10,32,25,44
2017,7,LVDPA0654,110,53,48,57,52,5,5,10,9,20,18,9,8,14,13,19,17,15,14,18,16,3,2,10,7,6,11,7,7,2,8,10,2,8,8,8,11
2017,7,LVDPA0655,395,196,50,199,50,41,10,51,13,39,10,54,14,59,15,67,17,28,7,56,14,21,28,19,27,27,38,11,25,20,23,20,27,32,29,17,31
2017,7,LVDPA0657,236,120,51,116,49,18,8,23,10,18,8,31,13,34,14,26,11,41,17,45,19,12,17,9,15,21,12,22,12,6,6,9,16,13,14,19,33
2017,7,LVDPA0658,98,46,47,52,53,6,6,2,2,12,12,15,15,8,8,14,14,17,17,24,24,4,2,2,9,3,9,7,10,2,0,10,6,5,5,10,14
2017,7,LVDPA0659,172,90,52,82,48,14,8,22,13,25,15,27,16,23,13,16,9,27,16,18,10,10,14,10,17,11,9,10,9,4,8,15,10,12,7,17,9
2017,7,LVDPA0660,270,128,47,142,53,21,8,24,9,29,11,38,14,27,10,37,14,42,16,52,19,11,12,14,21,16,16,21,17,10,12,15,17,11,21,21,35
2017,7,LVDPA0661,42,22,52,20,48,4,10,2,5,5,12,7,17,3,7,6,14,6,14,9,21,2,2,2,5,2,4,2,3,2,0,3,2,1,2,4,6
2017,7,LVDPA0662,268,126,47,142,53,17,6,21,8,39,15,34,13,26,10,45,17,34,13,52,19,9,14,17,21,11,20,17,17,8,7,22,13,15,25,17,35
2017,7,LVDPA0663,190,92,48,98,52,6,3,12,6,25,13,20,11,18,9,27,14,33,17,49,26,5,6,15,12,5,15,17,17,1,6,10,8,13,12,16,32
2017,7,LVDPA0664,585,282,48,303,52,47,8,54,9,59,10,102,17,88,15,95,16,71,12,69,12,26,24,35,45,42,46,37,27,21,30,24,57,46,49,34,42
2017,7,LVDPA0665,198,84,42,114,58,13,7,21,11,30,15,27,14,20,10,42,21,13,7,32,16,6,9,16,15,10,15,7,6,7,12,14,12,10,27,6,26
2017,7,LVDPA0666,109,55,50,54,50,6,6,13,12,10,9,12,11,16,15,12,11,10,9,30,28,4,8,5,8,9,7,6,8,2,5,5,4,7,5,4,22
2017,7,LVDPA0668,114,56,49,58,51,6,5,13,11,24,21,7,6,16,14,17,15,13,11,18,16,2,7,15,3,8,8,7,6,4,6,9,4,8,9,6,12
2017,7,LVDPA0669,183,83,45,100,55,17,9,11,6,22,12,25,14,22,12,25,14,25,14,36,20,10,6,11,13,12,7,10,14,7,5,11,12,10,18,15,22
2017,7,LVDPA0670,63,29,46,34,54,4,6,2,3,8,13,8,13,7,11,7,11,12,19,15,24,2,0,4,4,4,3,6,6,2,2,4,4,3,4,6,9
2017,7,LVDPA0671,71,31,44,40,56,3,4,9,13,12,17,11,15,2,3,11,15,14,20,9,13,0,3,6,5,0,6,7,4,3,6,6,6,2,5,7,5
2017,7,LVDPA0672,75,43,57,32,43,8,11,4,5,11,15,8,11,9,12,7,9,14,19,14,19,6,3,7,6,6,3,7,5,2,1,4,2,3,4,7,9
2017,7,LVDPA0673,69,40,58,29,42,1,1,8,12,7,10,12,17,15,22,8,12,8,12,10,14,0,4,5,10,9,3,4,5,1,4,2,2,6,5,4,5
2017,7,LVDPA0674,46,25,54,21,46,1,2,6,13,4,9,6,13,6,13,5,11,8,17,10,22,1,5,3,3,4,3,3,3,0,1,1,3,2,2,5,7
2017,7,LVDPA0675,89,39,44,50,56,6,7,14,16,12,13,6,7,19,21,7,8,10,11,15,17,2,5,6,2,11,4,4,5,4,9,6,4,8,3,6,10
2017,7,LVDPA0676,110,48,44,62,56,5,5,7,6,14,13,17,15,16,15,20,18,14,13,17,15,2,3,7,9,9,6,3,9,3,4,7,8,7,14,11,8
2017,7,LVDPA0677,265,122,46,143,54,15,6,17,6,26,10,33,12,37,14,24,9,48,18,65,25,10,10,16,17,21,7,22,19,5,7,10,16,16,17,26,46
2017,7,LVDPA0678,185,87,47,98,53,19,10,19,10,10,5,36,19,12,6,25,14,40,22,24,13,7,10,6,17,8,12,21,6,12,9,4,19,4,13,19,18
2017,7,LVDPA0679,326,153,47,173,53,29,9,31,10,33,10,50,15,50,15,47,14,46,14,40,12,17,13,17,32,25,19,18,12,12,18,16,18,25,28,28,28
2017,7,LVDPA0680,130,57,44,73,56,6,5,14,11,26,20,10,8,19,15,16,12,16,12,23,18,4,7,11,7,8,7,8,5,2,7,15,3,11,9,8,18
2017,7,LVDPA0682,89,41,46,48,54,2,2,9,10,18,20,3,3,18,20,9,10,10,11,20,22,0,3,11,1,9,4,4,9,2,6,7,2,9,5,6,11
2017,7,LVDPA0683,112,58,52,54,48,11,10,9,8,9,8,20,18,9,8,12,11,20,18,22,20,7,5,5,11,5,7,10,8,4,4,4,9,4,5,10,14
2017,7,LVDPA0684,87,48,55,39,45,0,0,3,3,14,16,5,6,7,8,20,23,18,21,20,23,0,2,9,4,3,13,9,8,0,1,5,1,4,7,9,12
2017,7,LVDPA0685,252,130,52,122,48,15,6,16,6,26,10,39,15,30,12,36,14,36,14,54,21,10,11,19,21,18,18,19,14,5,5,7,18,12,18,17,40
2017,7,LVDPA0686,147,64,44,83,56,11,7,10,7,25,17,17,12,15,10,25,17,19,13,25,17,7,4,13,6,6,12,7,9,4,6,12,11,9,13,12,16
2017,7,LVDPA0687,118,59,50,59,50,6,5,17,14,7,6,17,14,16,14,12,10,23,19,20,17,4,8,5,10,9,9,10,4,2,9,2,7,7,3,13,16
2017,7,LVDPA0688,75,37,49,38,51,5,7,3,4,8,11,7,9,14,19,13,17,10,13,15,20,1,1,3,5,9,8,5,5,4,2,5,2,5,5,5,10
2017,7,LVDPA0689,57,28,49,29,51,3,5,7,12,3,5,12,21,6,11,12,21,3,5,11,19,2,2,2,9,3,6,1,3,1,5,1,3,3,6,2,8
2017,7,LVDPA0690,216,106,49,110,51,12,6,16,7,25,12,28,13,30,14,25,12,50,23,30,14,6,10,14,15,17,12,23,9,6,6,11,13,13,13,27,21
2017,7,LVDPA0691,116,62,53,54,47,3,3,8,7,17,15,21,18,13,11,18,16,15,13,21,18,1,5,9,11,9,11,9,7,2,3,8,10,4,7,6,14
2017,7,LVDPA0692,110,52,47,58,53,8,7,11,10,11,10,13,12,21,19,11,10,18,16,17,15,6,6,6,6,8,6,9,5,2,5,5,7,13,5,9,12
2017,7,LVDPA0693,77,38,49,39,51,6,8,5,6,11,14,7,9,9,12,9,12,6,8,24,31,5,1,7,5,3,5,3,9,1,4,4,2,6,4,3,15
2017,7,LVDPA0694,193,81,42,112,58,22,11,14,7,26,13,24,12,26,13,22,11,20,10,39,20,14,7,7,12,14,9,10,8,8,7,19,12,12,13,10,31
2017,7,LVDPA0695,64,31,48,33,52,1,2,3,5,11,17,4,6,5,8,12,19,13,20,15,23,0,0,8,3,4,5,7,4,1,3,3,1,1,7,6,11
2017,7,LVDPA0696,58,25,43,33,57,5,9,6,10,11,19,1,2,13,22,4,7,6,10,12,21,3,2,4,1,6,2,3,4,2,4,7,0,7,2,3,8
2017,7,LVDPA0697,657,311,47,346,53,57,9,36,5,36,5,79,12,86,13,94,14,96,15,173,26,26,17,19,39,44,46,51,69,31,19,17,40,42,48,45,104
2017,7,LVDPA0698,247,116,47,131,53,23,9,36,15,34,14,42,17,26,11,24,10,29,12,33,13,10,20,19,17,13,11,14,12,13,16,15,25,13,13,15,21
2017,7,LVDPA0699,104,50,48,54,52,13,13,14,13,12,12,16,15,12,12,12,12,10,10,15,14,9,7,6,7,5,7,5,4,4,7,6,9,7,5,5,11
2017,7,LVDPA0700,233,111,48,122,52,11,5,18,8,27,12,39,17,24,10,37,16,43,18,34,15,5,12,14,20,13,16,22,9,6,6,13,19,11,21,21,25
2017,7,LVDPA0702,395,196,50,199,50,29,7,32,8,55,14,67,17,54,14,50,13,59,15,49,12,16,18,32,38,28,26,27,11,13,14,23,29,26,24,32,38
2017,7,LVDPA0703,71,34,48,37,52,5,7,2,3,11,15,9,13,6,8,9,13,4,6,25,35,4,2,4,7,4,5,2,6,1,0,7,2,2,4,2,19
2017,7,LVDPA0704,374,176,47,198,53,15,4,23,6,54,14,52,14,44,12,52,14,44,12,90,24,7,12,25,32,21,28,21,30,8,11,29,20,23,24,23,60
2017,7,LVDPA0705,98,48,49,50,51,4,4,4,4,6,6,17,17,7,7,13,13,22,22,25,26,1,2,3,11,5,6,13,7,3,2,3,6,2,7,9,18
2017,7,LVDPA0706,186,93,50,93,50,19,10,17,9,23,12,27,15,23,12,23,12,29,16,25,13,9,8,12,16,11,11,17,9,10,9,11,11,12,12,12,16
2017,7,LVDPA0707,174,88,51,86,49,3,2,11,6,26,15,22,13,16,9,36,21,26,15,34,20,2,4,16,13,10,19,15,9,1,7,10,9,6,17,11,25
2017,7,LVDPA0708,45,26,58,19,42,0,0,2,4,9,20,3,7,4,9,12,27,3,7,12,27,0,1,8,2,2,8,1,4,0,1,1,1,2,4,2,8
2017,7,LVDPA0709,100,54,54,46,46,12,12,8,8,14,14,14,14,11,11,18,18,9,9,14,14,6,4,7,8,6,10,6,7,6,4,7,6,5,8,3,7
2017,7,LVDPA0710,145,76,52,69,48,14,10,10,7,13,9,16,11,15,10,19,13,28,19,30,21,7,8,11,6,9,9,14,12,7,2,2,10,6,10,14,18
2017,7,LVDPA0711,61,27,44,34,56,4,7,2,3,11,18,4,7,5,8,10,16,7,11,18,30,3,1,4,2,1,5,4,7,1,1,7,2,4,5,3,11
2017,7,LVDPA0712,72,42,58,30,42,5,7,9,13,6,8,8,11,7,10,10,14,7,10,20,28,3,8,4,4,4,5,5,9,2,1,2,4,3,5,2,11
2017,7,LVDPA0713,191,94,49,97,51,12,6,19,10,34,18,34,18,13,7,35,18,17,9,27,14,7,11,24,20,3,13,7,9,5,8,10,14,10,22,10,18
2017,7,LVDPA0714,51,27,53,24,47,3,6,6,12,5,10,10,20,2,4,9,18,6,12,10,20,2,4,4,6,0,4,4,3,1,2,1,4,2,5,2,7
2017,7,LVDPA0715,187,95,51,92,49,7,4,15,8,23,12,34,18,23,12,36,19,28,15,21,11,3,10,12,18,14,16,15,7,4,5,11,16,9,20,13,14
2017,7,LVDPA0716,229,116,51,113,49,7,3,17,7,23,10,47,21,27,12,47,21,41,18,20,9,4,11,10,30,15,18,20,8,3,6,13,17,12,29,21,12
2017,7,LVDPA0717,103,48,47,55,53,6,6,13,13,10,10,18,17,13,13,15,15,13,13,15,15,3,8,3,10,5,8,7,4,3,5,7,8,8,7,6,11
2017,7,LVDPA0718,54,27,50,27,50,7,13,4,7,3,6,3,6,14,26,0,0,6,11,17,31,3,4,1,0,9,0,5,5,4,0,2,3,5,0,1,12
2017,7,LVDPA0719,191,81,42,110,58,19,10,14,7,19,10,24,13,18,9,27,14,28,15,42,22,7,8,9,10,8,14,12,13,12,6,10,14,10,13,16,29
2017,7,LVDPA0720,307,147,48,160,52,29,9,36,12,31,10,55,18,33,11,54,18,32,10,37,12,14,20,19,29,18,20,18,9,15,16,12,26,15,34,14,28
2017,7,LVDPA0721,128,63,49,65,51,5,4,7,5,9,7,19,15,22,17,16,13,18,14,32,25,2,4,5,11,13,8,9,11,3,3,4,8,9,8,9,21
2017,7,LVDPA0722,83,49,59,34,41,2,2,1,1,8,10,12,14,5,6,13,16,11,13,31,37,1,0,8,10,3,7,9,11,1,1,0,2,2,6,2,20
2017,7,LVDPA0723,331,163,49,168,51,43,13,37,11,38,11,46,14,37,11,51,15,41,12,38,11,17,19,23,25,19,25,19,16,26,18,15,21,18,26,22,22
2017,7,LVDPA0724,41,23,56,18,44,0,0,6,15,3,7,3,7,6,15,4,10,9,22,10,24,0,4,2,2,3,3,4,5,0,2,1,1,3,1,5,5
2017,7,LVDPA0725,249,124,50,125,50,16,6,18,7,25,10,38,15,28,11,48,19,27,11,49,20,10,10,14,20,18,25,12,15,6,8,11,18,10,23,15,34
2017,7,LVDPA0726,172,76,44,96,56,14,8,15,9,26,15,20,12,19,11,35,20,14,8,29,17,4,6,15,10,10,17,7,7,10,9,11,10,9,18,7,22
2017,7,LVDPA0727,200,92,46,108,54,11,6,19,10,25,13,30,15,21,11,28,14,30,15,36,18,2,8,11,21,8,13,14,15,9,11,14,9,13,15,16,21
2017,7,LVDPA0728,153,77,50,76,50,5,3,7,5,20,13,29,19,11,7,29,19,30,20,22,14,2,5,13,21,3,14,13,6,3,2,7,8,8,15,17,16
2017,7,LVDPA0729,1083,501,46,582,54,76,7,92,8,95,9,143,13,192,18,116,11,136,13,233,22,39,41,49,75,101,52,60,84,37,51,46,68,91,64,76,149
2017,7,LVDPA0731,79,39,49,40,51,13,16,7,9,9,11,18,23,3,4,10,13,10,13,9,11,7,2,6,11,1,4,7,1,6,5,3,7,2,6,3,8
2017,7,LVDPA0732,83,37,45,46,55,1,1,1,1,6,7,4,5,6,7,14,17,12,14,39,47,0,0,2,4,3,8,6,14,1,1,4,0,3,6,6,25
2017,7,LVDPA0733,109,53,49,56,51,9,8,12,11,14,13,13,12,10,9,20,18,13,12,18,17,6,9,6,8,5,11,3,5,3,3,8,5,5,9,10,13
2017,7,LVDPA0734,89,46,52,43,48,5,6,6,7,11,12,19,21,5,6,19,21,15,17,9,10,3,4,5,12,0,12,6,4,2,2,6,7,5,7,9,5
2017,7,LVDPA0735,141,70,50,71,50,11,8,10,7,17,12,14,10,25,18,20,14,17,12,27,19,3,3,13,6,16,14,7,8,8,7,4,8,9,6,10,19
2017,7,LVDPA0736,146,69,47,77,53,8,5,17,12,19,13,27,18,15,10,18,12,14,10,28,19,3,8,9,16,7,7,6,13,5,9,10,11,8,11,8,15
2017,7,LVDPA0737,323,170,53,153,47,20,6,31,10,40,12,56,17,47,15,60,19,33,10,36,11,11,18,20,37,22,31,15,16,9,13,20,19,25,29,18,20
2017,7,LVDPA0738,36,20,56,16,44,0,0,3,8,7,19,0,0,6,17,5,14,7,19,8,22,0,2,4,0,3,5,2,4,0,1,3,0,3,0,5,4
2017,7,LVDPA0739,285,141,49,144,51,18,6,30,11,45,16,48,17,34,12,37,13,36,13,37,13,11,14,25,30,18,14,16,13,7,16,20,18,16,23,20,24
2017,7,LVDPA0740,166,75,45,91,55,9,5,13,8,24,14,22,13,25,15,22,13,33,20,18,11,4,8,8,13,13,11,14,4,5,5,16,9,12,11,19,14
2017,7,LVDPA0741,369,174,47,195,53,41,11,25,7,42,11,54,15,44,12,43,12,62,17,58,16,20,14,22,30,25,18,22,23,21,11,20,24,19,25,40,35
2017,7,LVDPA0742,725,340,47,385,53,94,13,86,12,71,10,77,11,121,17,97,13,64,9,115,16,47,46,35,36,61,52,26,37,47,40,36,41,60,45,38,78
2017,7,LVDPA0743,63,33,52,30,48,2,3,6,10,2,3,11,17,7,11,7,11,16,25,12,19,1,2,1,7,4,4,10,4,1,4,1,4,3,3,6,8
2017,7,LVDPA0744,369,179,49,190,51,17,5,28,8,42,11,42,11,54,15,39,11,65,18,82,22,10,15,21,27,26,21,29,30,7,13,21,15,28,18,36,52
2017,7,LVDPA0745,179,81,45,98,55,14,8,10,6,21,12,31,17,24,13,37,21,14,8,28,16,5,1,12,19,14,16,7,7,9,9,9,12,10,21,7,21
2017,7,LVDPA0746,149,69,46,80,54,5,3,18,12,19,13,24,16,11,7,22,15,22,15,28,19,1,8,10,12,6,10,13,9,4,10,9,12,5,12,9,19
2017,7,LVDPA0747,60,31,52,29,48,6,10,6,10,6,10,11,18,5,8,8,13,8,13,10,17,3,3,4,6,4,5,3,3,3,3,2,5,1,3,5,7
2017,7,LVDPA0748,116,56,48,60,52,6,5,3,3,16,14,12,10,15,13,14,12,22,19,28,24,3,2,7,8,9,7,9,11,3,1,9,4,6,7,13,17
2017,7,LVDPA0749,145,73,50,72,50,5,3,22,15,16,11,16,11,19,13,24,17,14,10,29,20,4,15,10,8,8,13,7,8,1,7,6,8,11,11,7,21
2017,7,LVDPA0752,92,46,50,46,50,5,5,3,3,14,15,12,13,15,16,8,9,14,15,21,23,3,1,6,6,10,6,8,6,2,2,8,6,5,2,6,15
2017,7,LVDPA0754,82,41,50,41,50,4,5,9,11,7,9,13,16,13,16,9,11,12,15,15,18,3,4,3,9,7,5,3,7,1,5,4,4,6,4,9,8
2017,7,LVDPA0755,130,60,46,70,54,6,5,5,4,10,8,23,18,14,11,22,17,20,15,30,23,4,2,5,11,7,11,10,10,2,3,5,12,7,11,10,20
2017,7,LVDPA0756,211,102,48,109,52,14,7,18,9,23,11,33,16,24,11,36,17,28,13,35,17,9,6,16,21,17,16,10,7,5,12,7,12,7,20,18,28
2017,7,LVDPA0757,329,160,49,169,51,15,5,42,13,47,14,49,15,37,11,43,13,33,10,63,19,7,24,27,28,18,17,16,23,8,18,20,21,19,26,17,40
2017,7,LVDPA0758,358,177,49,181,51,12,3,20,6,43,12,42,12,33,9,62,17,72,20,74,21,10,12,23,27,17,31,32,25,2,8,20,15,16,31,40,49
2017,7,LVDPA0759,69,35,51,34,49,2,3,8,12,6,9,7,10,5,7,15,22,10,14,16,23,2,6,4,3,3,6,4,7,0,2,2,4,2,9,6,9
2017,7,LVDPA0760,195,99,51,96,49,16,8,19,10,22,11,30,15,21,11,31,16,26,13,30,15,11,11,13,15,13,17,13,6,5,8,9,15,8,14,13,24
2017,7,LVDPA0761,196,92,47,104,53,16,8,18,9,24,12,22,11,23,12,32,16,27,14,34,17,12,11,15,11,11,15,9,8,4,7,9,11,12,17,18,26
2017,7,LVDPA0762,86,45,52,41,48,12,14,9,10,7,8,15,17,10,12,14,16,8,9,11,13,10,4,3,7,7,7,4,3,2,5,4,8,3,7,4,8
2017,7,LVDPA0763,198,96,48,102,52,10,5,19,10,15,8,27,14,23,12,32,16,30,15,42,21,5,13,7,17,13,14,13,14,5,6,8,10,10,18,17,28
2017,7,LVDPA0764,196,88,45,108,55,10,5,11,6,23,12,25,13,22,11,31,16,34,17,40,20,2,5,16,8,14,14,16,13,8,6,7,17,8,17,18,27
2017,7,LVDPA0765,99,52,53,47,47,7,7,6,6,9,9,16,16,11,11,19,19,16,16,15,15,6,4,4,9,7,11,6,5,1,2,5,7,4,8,10,10
2017,7,LVDPA0766,239,121,51,118,49,11,5,12,5,22,9,41,17,18,8,47,20,33,14,55,23,6,9,15,23,9,24,16,19,5,3,7,18,9,23,17,36
2017,7,LVDPA0767,69,35,51,34,49,7,10,4,6,4,6,18,26,3,4,13,19,11,16,9,13,2,2,3,11,3,6,5,3,5,2,1,7,0,7,6,6
2017,7,LVDPA0768,119,59,50,60,50,10,8,8,7,13,11,21,18,11,9,18,15,17,14,21,18,5,6,6,10,9,7,9,7,5,2,7,11,2,11,8,14
2017,7,LVDPA0769,112,60,54,52,46,9,8,6,5,14,13,14,13,13,12,14,13,20,18,22,20,7,3,10,7,6,8,10,9,2,3,4,7,7,6,10,13
2017,7,LVDPA0770,92,40,43,52,57,12,13,7,8,12,13,15,16,14,15,10,11,12,13,10,11,4,3,6,7,8,6,5,1,8,4,6,8,6,4,7,9
2017,7,LVDPA0771,72,41,57,31,43,2,3,6,8,9,13,12,17,8,11,15,21,8,11,12,17,2,3,6,10,5,5,5,5,0,3,3,2,3,10,3,7
2017,7,LVDPA0772,1156,511,44,645,56,101,9,153,13,160,14,143,12,168,15,160,14,132,11,139,12,52,78,68,67,72,80,58,36,49,75,92,76,96,80,74,103
2017,7,LVDPA0773,90,40,44,50,56,5,6,7,8,10,11,6,7,13,14,10,11,18,20,21,23,1,6,4,2,5,5,10,7,4,1,6,4,8,5,8,14
2017,7,LVDPA0774,42,22,52,20,48,6,14,2,5,4,10,9,21,1,2,8,19,4,10,8,19,4,0,3,7,0,3,2,3,2,2,1,2,1,5,2,5
2017,7,LVDPA0775,396,187,47,209,53,34,9,34,9,41,10,62,16,47,12,53,13,66,17,59,15,15,21,25,33,22,25,27,19,19,13,16,29,25,28,39,40
2017,7,LVDPA0776,89,48,54,41,46,6,7,3,3,14,16,18,20,5,6,19,21,14,16,10,11,5,1,10,12,1,8,7,4,1,2,4,6,4,11,7,6
2017,7,LVDPA0777,329,156,47,173,53,19,6,46,14,41,12,36,11,40,12,36,11,39,12,72,22,6,27,23,22,23,15,19,21,13,19,18,14,17,21,20,51
2017,7,LVDPA0778,82,37,45,45,55,4,5,10,12,9,11,18,22,12,15,15,18,7,9,7,9,3,3,4,9,6,8,3,1,1,7,5,9,6,7,4,6
2017,7,LVDPA0779,36,22,61,14,39,1,3,2,6,7,19,1,3,6,17,8,22,4,11,7,19,1,2,4,1,4,4,2,4,0,0,3,0,2,4,2,3
2017,7,LVDPA0780,66,32,48,34,52,3,5,3,5,11,17,6,9,9,14,15,23,5,8,14,21,1,1,7,5,4,8,2,4,2,2,4,1,5,7,3,10
2017,7,LVDPA0781,324,154,48,170,52,19,6,23,7,32,10,52,16,32,10,51,16,49,15,66,20,10,9,16,33,17,21,23,25,9,14,16,19,15,30,26,41
2017,7,LVDPA0782,203,101,50,102,50,16,8,19,9,28,14,23,11,24,12,34,17,25,12,34,17,9,10,17,12,11,19,12,11,7,9,11,11,13,15,13,23
2017,7,LVDPA0783,231,112,48,119,52,8,3,27,12,30,13,27,12,34,15,31,13,30,13,44,19,3,17,16,17,18,17,12,12,5,10,14,10,16,14,18,32
2017,7,LVDPA0784,178,84,47,94,53,11,6,19,11,15,8,26,15,25,14,26,15,32,18,24,13,3,9,10,14,9,13,14,12,8,10,5,12,16,13,18,12
2017,7,LVDPA0785,249,113,45,136,55,17,7,34,14,28,11,33,13,29,12,26,10,30,12,52,21,9,15,13,16,16,11,16,17,8,19,15,17,13,15,14,35
2017,7,LVDPA0786,150,75,50,75,50,13,9,8,5,16,11,38,25,13,9,14,9,34,23,14,9,7,2,6,21,10,9,13,7,6,6,10,17,3,5,21,7
2017,7,LVDPA0787,52,25,48,27,52,2,4,3,6,8,15,9,17,13,25,3,6,10,19,4,8,2,1,3,5,9,2,3,0,0,2,5,4,4,1,7,4
2017,7,LVDPA0788,341,151,44,190,56,22,6,23,7,41,12,57,17,34,10,48,14,51,15,65,19,12,11,23,31,16,16,22,20,10,12,18,26,18,32,29,45
2017,7,LVDPA0789,135,63,47,72,53,15,11,10,7,17,13,25,19,7,5,20,15,26,19,15,11,8,6,8,14,3,8,13,3,7,4,9,11,4,12,13,12
2017,7,LVDPA0790,222,114,51,108,49,21,9,14,6,41,18,30,14,27,12,35,16,28,13,26,12,10,6,25,20,15,15,14,9,11,8,16,10,12,20,14,17
2017,7,LVDPA0791,284,143,50,141,50,25,9,20,7,39,14,43,15,42,15,44,15,37,13,34,12,15,13,21,18,23,25,16,12,10,7,18,25,19,19,21,22
2017,7,LVDPA0792,226,104,46,122,54,11,5,16,7,28,12,29,13,27,12,46,20,33,15,36,16,7,3,11,19,12,21,18,13,4,13,17,10,15,25,15,23
2017,7,LVDPA0793,453,211,47,242,53,39,9,49,11,52,11,60,13,88,19,55,12,61,13,49,11,18,25,26,25,42,34,28,13,21,24,26,35,46,21,33,36
2017,7,LVDPA0795,248,121,49,127,51,24,10,27,11,27,11,37,15,24,10,30,12,41,17,38,15,11,17,16,18,14,15,20,10,13,10,11,19,10,15,21,28
2017,7,LVDPA0796,305,153,50,152,50,26,9,37,12,35,11,48,16,39,13,52,17,34,11,34,11,15,19,18,30,18,26,16,11,11,18,17,18,21,26,18,23
2017,7,LVDPA0797,58,35,60,23,40,4,7,1,2,3,5,12,21,5,9,11,19,7,12,15,26,4,0,1,10,4,7,5,4,0,1,2,2,1,4,2,11
2017,7,LVDPA0798,62,31,50,31,50,5,8,6,10,2,3,14,23,7,11,7,11,6,10,15,24,2,3,2,8,5,4,2,5,3,3,0,6,2,3,4,10
2017,7,LVDPA0799,107,51,48,56,52,7,7,10,9,13,12,16,15,12,11,20,19,10,9,19,18,3,6,6,10,6,12,3,5,4,4,7,6,6,8,7,14
2017,7,LVDPA0800,168,76,45,92,55,11,7,14,8,14,8,20,12,24,14,15,9,27,16,43,26,5,6,6,10,17,9,10,13,6,8,8,10,7,6,17,30
2017,7,LVDPA0802,118,58,49,60,51,12,10,2,2,16,14,14,12,17,14,14,12,18,15,25,21,7,1,11,7,9,6,7,10,5,1,5,7,8,8,11,15
2017,7,LVDPA0803,75,36,48,39,52,11,15,6,8,11,15,8,11,12,16,10,13,7,9,10,13,4,2,5,5,7,7,3,3,7,4,6,3,5,3,4,7
2017,7,LVDPA0804,56,22,39,34,61,3,5,1,2,10,18,5,9,8,14,12,21,10,18,7,13,1,0,6,1,5,4,5,0,2,1,4,4,3,8,5,7
2017,7,LVDPA0805,84,41,49,43,51,4,5,5,6,15,18,7,8,13,15,11,13,15,18,14,17,2,2,8,4,6,6,8,5,2,3,7,3,7,5,7,9
2017,7,LVDPA0806,144,65,45,79,55,16,11,11,8,13,9,19,13,18,13,14,10,26,18,27,19,8,7,6,8,8,8,11,9,8,4,7,11,10,6,15,18
2017,7,LVDPA0807,206,97,47,109,53,13,6,13,6,30,15,33,16,21,10,32,16,31,15,33,16,5,8,20,13,12,17,14,8,8,5,10,20,9,15,17,25
2017,7,LVDPA0809,234,110,47,124,53,16,7,17,7,22,9,29,12,32,14,40,17,33,14,45,19,6,8,11,16,21,16,16,16,10,9,11,13,11,24,17,29
2017,7,LVDPA0810,57,27,47,30,53,1,2,6,11,1,2,10,18,6,11,8,14,16,28,9,16,1,2,1,6,3,4,8,2,0,4,0,4,3,4,8,7
2017,7,LVDPA0811,47,24,51,23,49,0,0,2,4,6,13,6,13,1,2,8,17,8,17,16,34,0,1,3,6,0,6,3,5,0,1,3,0,1,2,5,11
2017,7,LVDPA0812,173,83,48,90,52,8,5,14,8,14,8,32,18,23,13,18,10,30,17,34,20,5,6,9,18,12,9,11,13,3,8,5,14,11,9,19,21
2017,7,LVDPA0814,182,92,51,90,49,10,5,14,8,28,15,21,12,25,14,25,14,26,14,33,18,5,9,14,14,13,10,13,14,5,5,14,7,12,15,13,19
2017,7,LVDPA0815,108,53,49,55,51,14,13,14,13,7,6,22,20,15,14,14,13,8,7,14,13,7,11,5,11,8,6,4,1,7,3,2,11,7,8,4,13
2017,7,LVDPA0816,33,17,52,16,48,2,6,0,0,4,12,4,12,5,15,5,15,6,18,7,21,0,0,0,4,4,3,2,4,2,0,4,0,1,2,4,3
2017,7,LVDPA0817,90,46,51,44,49,4,4,7,8,9,10,13,14,9,10,15,17,19,21,14,16,1,5,7,9,6,6,10,2,3,2,2,4,3,9,9,12
2017,7,LVDPA0818,178,86,48,92,52,10,6,16,9,25,14,16,9,20,11,28,16,28,16,35,20,6,4,17,10,11,14,12,12,4,12,8,6,9,14,16,23
2017,7,LVDPA0819,360,176,49,184,51,23,6,32,9,57,16,57,16,44,12,64,18,43,12,40,11,12,21,26,29,26,34,15,13,11,11,31,28,18,30,28,27
2017,7,LVDPA0820,49,27,55,22,45,2,4,4,8,2,4,11,22,4,8,3,6,8,16,15,31,2,3,0,7,4,1,5,5,0,1,2,4,0,2,3,10
2017,7,LVDPA0821,50,26,52,24,48,2,4,3,6,5,10,5,10,7,14,10,20,7,14,11,22,1,2,3,4,5,6,1,4,1,1,2,1,2,4,6,7
2017,7,LVDPA0822,359,162,45,197,55,24,7,33,9,52,14,41,11,45,13,54,15,41,11,69,19,14,17,28,15,26,26,20,16,10,16,24,26,19,28,21,53
2017,7,LVDPA0824,1083,472,44,611,56,74,7,101,9,104,10,109,10,128,12,174,16,146,13,247,23,40,55,51,49,61,85,60,71,34,46,53,60,67,89,86,176
2017,7,LVDPA0825,104,55,53,49,47,10,10,8,8,19,18,15,14,14,13,12,12,11,11,15,14,6,3,14,8,6,6,6,6,4,5,5,7,8,6,5,9
2017,7,LVDPA0827,171,75,44,96,56,14,8,9,5,30,18,32,19,16,9,25,15,22,13,23,13,6,6,13,14,10,10,10,6,8,3,17,18,6,15,12,17
2017,7,LVDPA0828,274,129,47,145,53,12,4,19,7,28,10,43,16,36,13,37,14,46,17,53,19,4,10,17,25,21,18,21,13,8,9,11,18,15,19,25,40
2017,7,LVDPA0829,45,23,51,22,49,3,7,2,4,11,24,4,9,9,20,5,11,5,11,6,13,3,1,6,2,3,3,3,2,0,1,5,2,6,2,2,4
2017,7,LVDPA0830,184,86,47,98,53,16,9,18,10,22,12,30,16,25,14,24,13,23,13,26,14,7,5,17,15,13,11,10,8,9,13,5,15,12,13,13,18
2017,7,LVDPA0831,62,30,48,32,52,2,3,4,6,8,13,8,13,5,8,9,15,8,13,18,29,0,4,3,4,3,5,6,5,2,0,5,4,2,4,2,13
2017,7,LVDPA0832,147,73,50,74,50,8,5,4,3,14,10,21,14,15,10,32,22,26,18,27,18,4,2,9,13,8,16,11,10,4,2,5,8,7,16,15,17
2017,7,LVDPA0833,140,69,49,71,51,10,7,12,9,22,16,12,9,27,19,17,12,11,8,29,21,8,6,14,6,11,9,6,9,2,6,8,6,16,8,5,20
2017,7,LVDPA0834,41,19,46,22,54,1,2,5,12,5,12,5,12,3,7,14,34,5,12,3,7,0,1,2,2,1,11,2,0,1,4,3,3,2,3,3,3
2017,7,LVDPA0835,239,111,46,128,54,25,10,21,9,21,9,46,19,26,11,38,16,28,12,34,14,13,8,12,27,11,21,12,7,12,13,9,19,15,17,16,27
2017,7,LVDPA0836,148,69,47,79,53,10,7,15,10,18,12,17,11,23,16,11,7,24,16,30,20,5,8,10,8,11,4,14,9,5,7,8,9,12,7,10,21
2017,7,LVDPA0837,40,18,45,22,55,0,0,1,3,11,28,3,8,3,8,7,18,11,28,4,10,0,1,4,2,2,3,6,0,0,0,7,1,1,4,5,4
2017,7,LVDPA0842,165,85,52,80,48,7,4,12,7,21,13,24,15,29,18,24,15,16,10,32,19,4,9,11,12,21,11,4,13,3,3,10,12,8,13,12,19
2017,7,LVDPA0844,111,53,48,58,52,7,6,9,8,11,10,22,20,9,8,21,19,11,10,21,19,3,3,4,15,4,11,5,8,4,6,7,7,5,10,6,13
2017,7,LVDPA0845,53,32,60,21,40,0,0,2,4,5,9,9,17,4,8,14,26,6,11,13,25,0,1,3,7,3,8,2,8,0,1,2,2,1,6,4,5
2017,7,LVDPA0846,42,22,52,20,48,3,7,5,12,5,12,3,7,7,17,6,14,7,17,6,14,2,4,2,2,3,4,3,2,1,1,3,1,4,2,4,4
2017,7,LVDPA0847,163,81,50,82,50,12,7,22,13,20,12,17,10,25,15,19,12,21,13,27,17,7,13,9,13,9,9,10,11,5,9,11,4,16,10,11,16
2017,7,LVDPA0848,66,32,48,34,52,6,9,6,9,6,9,4,6,11,17,8,12,10,15,15,23,3,4,3,1,5,6,4,6,3,2,3,3,6,2,6,9
2017,7,LVDPA0849,130,70,54,60,46,7,5,3,2,6,5,10,8,19,15,22,17,25,19,38,29,5,0,4,6,13,12,14,16,2,3,2,4,6,10,11,22
2017,7,LVDPA0850,224,102,46,122,54,14,6,18,8,25,11,27,12,39,17,33,15,26,12,42,19,7,9,12,14,22,14,9,15,7,9,13,13,17,19,17,27
2017,7,LVDPA0852,127,61,48,66,52,1,1,6,5,17,13,18,14,8,6,26,20,24,19,27,21,0,5,10,12,3,9,12,10,1,1,7,6,5,17,12,17
2017,7,LVDPA0853,55,29,53,26,47,2,4,5,9,12,22,3,5,6,11,11,20,2,4,14,25,1,4,6,2,4,7,0,5,1,1,6,1,2,4,2,9
2017,7,LVDPA0854,130,64,49,66,51,7,5,12,9,11,8,31,24,13,10,16,12,16,12,24,18,7,5,7,17,5,11,6,6,0,7,4,14,8,5,10,18
2017,7,LVDPA0855,157,77,49,80,51,13,8,19,12,19,12,21,13,15,10,28,18,21,13,21,13,8,12,7,12,8,13,9,8,5,7,12,9,7,15,12,13
2017,7,LVDPA0856,207,99,48,108,52,17,8,22,11,24,12,20,10,35,17,17,8,25,12,47,23,10,12,16,7,14,11,10,19,7,10,8,13,21,6,15,28
2017,7,LVDPA0857,131,62,47,69,53,16,12,17,13,13,10,20,15,12,9,9,7,14,11,30,23,8,6,9,8,9,5,8,9,8,11,4,12,3,4,6,21
2017,7,LVDPA0858,229,108,47,121,53,13,6,18,8,29,13,34,15,32,14,31,14,29,13,43,19,9,6,17,22,14,16,9,15,4,12,12,12,18,15,20,28
2017,7,LVDPA0859,79,39,49,40,51,4,5,7,9,5,6,7,9,17,22,7,9,12,15,20,25,1,4,4,4,10,5,4,7,3,3,1,3,7,2,8,13
2017,7,LVDPA0860,677,313,46,364,54,60,9,50,7,85,13,76,11,87,13,94,14,78,12,147,22,34,20,44,43,46,48,38,40,26,30,41,33,41,46,40,107
2017,7,LVDPA0861,135,72,53,63,47,10,7,15,11,14,10,29,21,11,8,19,14,20,15,17,13,3,9,12,16,5,12,9,6,7,6,2,13,6,7,11,11
2017,7,LVDPA0862,124,54,44,70,56,1,1,2,2,21,17,12,10,7,6,23,19,12,10,46,37,1,1,13,7,4,11,7,10,0,1,8,5,3,12,5,36
2017,7,LVDPA0863,56,30,54,26,46,3,5,4,7,7,13,4,7,12,21,9,16,9,16,8,14,1,3,3,2,7,4,6,4,2,1,4,2,5,5,3,4
2017,7,LVDPA0866,124,61,49,63,51,4,3,6,5,18,15,23,19,15,12,23,19,15,12,20,16,1,3,11,15,7,11,6,7,3,3,7,8,8,12,9,13
2017,7,LVDPA0867,86,41,48,45,52,6,7,3,3,9,10,13,15,9,10,17,20,12,14,17,20,3,1,4,8,4,8,9,4,3,2,5,5,5,9,3,13
2017,7,LVDPA0869,102,52,51,50,49,6,6,9,9,14,14,17,17,14,14,17,17,10,10,15,15,2,5,9,10,5,8,5,8,4,4,5,7,9,9,5,7
2017,7,LVDPA0870,61,30,49,31,51,3,5,3,5,9,15,5,8,6,10,13,21,8,13,14,23,3,1,4,3,3,7,3,6,0,2,5,2,3,6,5,8
2017,7,LVDPA0871,75,37,49,38,51,1,1,8,11,11,15,5,7,9,12,11,15,11,15,19,25,1,5,6,4,5,5,4,7,0,3,5,1,4,6,7,12
2017,7,LVDPA0872,81,38,47,43,53,6,7,6,7,9,11,9,11,9,11,6,7,19,23,17,21,3,3,6,4,4,3,10,5,3,3,3,5,5,3,9,12
2017,7,LVDPA0873,118,55,47,63,53,11,9,13,11,19,16,13,11,16,14,19,16,13,11,14,12,7,5,11,8,6,10,7,1,4,8,8,5,10,9,6,13
2017,7,LVDPA0874,304,150,49,154,51,31,10,25,8,33,11,48,16,31,10,34,11,41,13,61,20,20,17,18,21,19,14,20,21,11,8,15,27,12,20,21,40
2017,7,LVDPA0875,89,44,49,45,51,5,6,13,15,11,12,16,18,6,7,12,13,12,13,14,16,3,6,6,9,3,5,8,4,2,7,5,7,3,7,4,10
2017,7,LVDPA0876,270,116,43,154,57,14,5,15,6,16,6,48,18,26,10,44,16,40,15,67,25,4,6,8,27,16,18,17,20,10,9,8,21,10,26,23,47
2017,7,LVDPA0877,125,58,46,67,54,5,4,7,6,19,15,13,10,16,13,14,11,27,22,24,19,2,5,8,11,8,7,12,5,3,2,11,2,8,7,15,19
2017,7,LVDPA0878,168,82,49,86,51,12,7,12,7,19,11,23,14,18,11,26,15,24,14,34,20,5,8,13,11,9,13,9,14,7,4,6,12,9,13,15,20
2017,7,LVDPA0879,43,21,49,22,51,1,2,4,9,1,2,5,12,5,12,7,16,9,21,11,26,0,1,1,2,3,3,6,5,1,3,0,3,2,4,3,6
2017,7,LVDPA0880,221,106,48,115,52,14,6,28,13,23,10,22,10,27,12,33,15,31,14,43,19,2,13,13,11,14,18,16,19,12,15,10,11,13,15,15,24
2017,7,LVDPA0881,258,120,47,138,53,17,7,24,9,24,9,47,18,30,12,38,15,34,13,44,17,10,13,9,25,17,15,18,13,7,11,15,22,13,23,16,31
2017,7,LVDPA0885,52,26,50,26,50,1,2,0,0,6,12,3,6,4,8,10,19,12,23,16,31,1,0,3,2,2,5,7,6,0,0,3,1,2,5,5,10
2017,7,LVDPA0886,83,44,53,39,47,4,5,12,14,10,12,12,14,10,12,20,24,5,6,10,12,2,9,6,4,5,10,4,4,2,3,4,8,5,10,1,6
2017,7,LVDPA0887,254,134,53,120,47,14,6,17,7,19,7,34,13,32,13,39,15,41,16,58,23,7,10,10,24,20,22,18,23,7,7,9,10,12,17,23,35
2017,7,LVDPA0888,123,49,40,74,60,7,6,8,7,12,10,24,20,17,14,14,11,19,15,22,18,2,4,4,13,10,3,6,7,5,4,8,11,7,11,13,15
2017,7,LVDPA0890,421,200,48,221,52,40,10,56,13,34,8,55,13,74,18,59,14,38,9,65,15,24,26,19,22,37,31,18,23,16,30,15,33,37,28,20,42
2017,7,LVDPA0891,386,177,46,209,54,25,6,29,8,45,12,51,13,50,13,51,13,60,16,75,19,12,14,24,30,24,21,26,26,13,15,21,21,26,30,34,49
2017,7,LVDPA0892,75,36,48,39,52,7,9,9,12,7,9,16,21,11,15,7,9,7,9,11,15,5,5,4,7,7,3,4,1,2,4,3,9,4,4,3,10
2017,7,LVDPA0893,71,38,54,33,46,7,10,5,7,7,10,16,23,5,7,10,14,10,14,11,15,2,4,6,9,2,6,6,3,5,1,1,7,3,4,4,8
2017,7,LVDPA0895,349,183,52,166,48,0,0,1,0,10,3,42,12,57,16,68,19,63,18,108,31,0,0,9,30,39,36,29,40,0,1,1,12,18,32,34,68
2017,7,LVDPA0896,326,163,50,163,50,14,4,42,13,44,13,55,17,32,10,39,12,57,17,43,13,6,24,26,35,14,20,25,13,8,18,18,20,18,19,32,30
2017,7,LVDPA0897,194,94,48,100,52,10,5,14,7,27,14,30,15,26,13,32,16,23,12,32,16,3,5,14,20,15,17,9,11,7,9,13,10,11,15,14,21
2017,7,LVDPA0898,328,163,50,165,50,25,8,43,13,40,12,46,14,28,9,44,13,55,17,47,14,15,30,20,21,16,18,25,18,10,13,20,25,12,26,30,29
2017,7,LVDPA0899,65,32,49,33,51,5,8,7,11,8,12,12,18,9,14,6,9,8,12,10,15,2,4,2,6,5,4,3,6,3,3,6,6,4,2,5,4
2017,7,LVDPA0900,175,79,45,96,55,20,11,10,6,15,9,36,21,19,11,28,16,27,15,20,11,12,6,6,20,4,11,16,4,8,4,9,16,15,17,11,16
2017,7,LVDPA0901,97,44,45,53,55,6,6,6,6,17,18,12,12,15,15,6,6,17,18,18,19,2,3,6,6,9,4,9,5,4,3,11,6,6,2,8,13
2017,7,LVDPA0903,39,18,46,21,54,1,3,1,3,5,13,5,13,7,18,7,18,6,15,7,18,0,0,4,3,3,3,2,3,1,1,1,2,4,4,4,4
2017,7,LVDPA0905,291,143,49,148,51,31,11,31,11,21,7,36,12,47,16,33,11,45,15,47,16,18,14,11,20,21,17,24,18,13,17,10,16,26,16,21,29
2017,7,LVDPA0906,73,32,44,41,56,3,4,3,4,11,15,8,11,5,7,16,22,7,10,20,27,2,2,5,3,4,7,3,6,1,1,6,5,1,9,4,14
2017,7,LVDPA0907,48,22,46,26,54,5,10,4,8,7,15,6,13,6,13,7,15,8,17,5,10,3,3,2,3,2,3,4,2,2,1,5,3,4,4,4,3
2017,7,LVDPA0908,175,77,44,98,56,8,5,19,11,16,9,19,11,17,10,20,11,35,20,41,23,6,10,8,6,9,14,14,10,2,9,8,13,8,6,21,31
2017,7,LVDPA0909,221,118,53,103,47,19,9,18,8,32,14,32,14,35,16,26,12,26,12,33,15,7,13,22,19,21,13,11,12,12,5,10,13,14,13,15,21
2017,7,LVDPA0910,416,196,47,220,53,27,6,47,11,35,8,62,15,53,13,43,10,63,15,86,21,13,25,20,31,32,20,25,30,14,22,15,31,21,23,38,56
2017,7,LVDPA0913,303,143,47,160,53,20,7,27,9,43,14,56,18,41,14,40,13,36,12,40,13,14,14,23,29,22,18,17,6,6,13,20,27,19,22,19,34
2017,7,LVDPA0914,109,51,47,58,53,8,7,13,12,12,11,19,17,12,11,17,16,16,15,12,11,3,7,7,7,6,10,6,5,5,6,5,12,6,7,10,7
2017,7,LVDPA0915,127,63,50,64,50,7,6,14,11,14,11,13,10,11,9,18,14,24,19,26,20,5,7,9,8,5,6,13,10,2,7,5,5,6,12,11,16
2017,7,LVDPA0916,154,74,48,80,52,5,3,16,10,22,14,13,8,27,18,27,18,13,8,31,20,4,6,11,4,16,14,7,12,1,10,11,9,11,13,6,19
2017,7,LVDPA0917,49,21,43,28,57,5,10,5,10,3,6,3,6,8,16,5,10,7,14,13,27,4,2,2,1,4,2,2,4,1,3,1,2,4,3,5,9
2017,7,LVDPA0918,63,34,54,29,46,6,10,3,5,14,22,9,14,7,11,9,14,4,6,11,17,5,1,10,4,3,4,2,5,1,2,4,5,4,5,2,6
2017,7,LVDPA0919,124,59,48,65,52,3,2,7,6,9,7,12,10,9,7,20,16,18,15,46,37,2,3,4,7,5,10,10,18,1,4,5,5,4,10,8,28
2017,7,LVDPA0920,116,63,54,53,46,12,10,10,9,15,13,14,12,9,8,26,22,13,11,17,15,10,5,8,9,4,13,9,5,2,5,7,5,5,13,4,12
2017,7,LVDPA0921,517,239,46,278,54,32,6,39,8,60,12,57,11,82,16,70,14,77,15,100,19,20,19,34,36,42,32,29,27,12,20,26,21,40,38,48,73
2017,7,LVDPA0922,123,58,47,65,53,8,7,6,5,14,11,14,11,9,7,25,20,21,17,26,21,5,3,7,8,5,11,9,10,3,3,7,6,4,14,12,16
2017,7,LVDPA0925,92,44,48,48,52,6,7,12,13,11,12,9,10,6,7,14,15,14,15,20,22,4,7,5,5,2,6,8,7,2,5,6,4,4,8,6,13
2017,7,LVDPA0927,100,50,50,50,50,8,8,13,13,9,9,8,8,14,14,22,22,10,10,16,16,3,6,7,4,7,14,3,6,5,7,2,4,7,8,7,10
2017,7,LVDPA0928,202,99,49,103,51,15,7,15,7,31,15,33,16,23,11,22,11,29,14,34,17,6,8,13,20,14,10,14,14,9,7,18,13,9,12,15,20
2017,7,LVDPA0931,65,33,51,32,49,2,3,4,6,12,18,4,6,16,25,9,14,8,12,10,15,1,3,7,3,8,5,2,4,1,1,5,1,8,4,6,6
2017,7,LVDPA0933,115,57,50,58,50,2,2,10,9,11,10,14,12,23,20,11,10,22,19,22,19,2,6,3,8,15,6,11,6,0,4,8,6,8,5,11,16
2017,7,LVDPA0935,326,146,45,180,55,31,10,38,12,41,13,46,14,39,12,51,16,35,11,45,14,16,19,21,25,17,25,13,10,15,19,20,21,22,26,22,35
2017,7,LVDPA0936,51,27,53,24,47,1,2,4,8,6,12,7,14,6,12,4,8,10,20,13,25,1,3,4,5,4,0,4,6,0,1,2,2,2,4,6,7
2017,7,LVDPA0937,62,28,45,34,55,7,11,2,3,2,3,9,15,5,8,9,15,11,18,17,27,4,1,0,6,1,5,7,4,3,1,2,3,4,4,4,13
2017,7,LVDPA0938,56,27,48,29,52,10,18,5,9,6,11,7,13,7,13,6,11,6,11,9,16,5,1,3,4,5,3,2,4,5,4,3,3,2,3,4,5
2017,7,LVDPA0939,120,49,41,71,59,4,3,7,6,17,14,23,19,6,5,20,17,23,19,20,17,3,2,6,13,2,8,12,3,1,5,11,10,4,12,11,17
2017,7,LVDPA0941,145,75,52,70,48,12,8,11,8,16,11,25,17,17,12,22,15,9,6,33,23,8,4,11,15,9,13,6,9,4,7,5,10,8,9,3,24
2017,7,LVDPA0942,262,141,54,121,46,4,2,4,2,10,4,32,12,46,18,48,18,61,23,57,22,2,3,2,20,26,29,37,22,2,1,8,12,20,19,24,35
2017,7,LVDPA0943,203,100,49,103,51,14,7,12,6,24,12,22,11,26,13,31,15,36,18,38,19,10,6,12,12,14,15,17,14,4,6,12,10,12,16,19,24
2017,7,LVDPA0944,41,20,49,21,51,0,0,1,2,4,10,7,17,2,5,9,22,8,20,10,24,0,0,4,3,1,6,4,2,0,1,0,4,1,3,4,8
2017,7,LVDPA0945,148,73,49,75,51,8,5,10,7,17,11,30,20,20,14,15,10,21,14,27,18,3,6,9,20,11,6,8,10,5,4,8,10,9,9,13,17
2017,7,LVDPA0947,149,68,46,81,54,13,9,15,10,12,8,15,10,18,12,21,14,29,19,26,17,6,7,6,9,10,10,12,8,7,8,6,6,8,11,17,18
2017,7,LVDPA0948,155,80,52,75,48,7,5,7,5,31,20,21,14,21,14,38,25,12,8,18,12,5,6,17,13,5,23,7,4,2,1,14,8,16,15,5,14
2017,7,LVDPA0949,556,253,46,303,54,49,9,45,8,52,9,94,17,71,13,85,15,79,14,81,15,25,22,27,48,36,38,31,26,24,23,25,46,35,47,48,55
2017,7,LVDPA0950,71,39,55,32,45,2,3,7,10,8,11,12,17,9,13,11,15,8,11,14,20,2,5,4,9,4,5,6,4,0,2,4,3,5,6,2,10
2017,7,LVDPA0951,200,98,49,102,51,12,6,13,7,27,14,29,15,27,14,35,18,31,16,26,13,7,8,15,17,16,17,13,5,5,5,12,12,11,18,18,21
2017,7,LVDPA0952,666,326,49,340,51,43,6,79,12,95,14,100,15,84,13,90,14,86,13,89,13,27,50,41,55,40,46,36,31,16,29,54,45,44,44,50,58
2017,7,LVDPA0953,42,19,45,23,55,3,7,4,10,12,29,8,19,1,2,2,5,10,24,2,5,2,3,3,4,1,0,6,0,1,1,9,4,0,2,4,2
2017,7,LVDPA0954,73,38,52,35,48,15,21,7,10,13,18,13,18,9,12,3,4,7,10,6,8,7,5,8,9,4,2,2,1,8,2,5,4,5,1,5,5
2017,7,LVDPA0955,73,32,44,41,56,3,4,2,3,12,16,7,10,8,11,11,15,18,25,12,16,1,2,7,3,3,3,9,4,2,0,5,4,5,8,9,8
2017,7,LVDPA0956,68,32,47,36,53,3,4,5,7,9,13,13,19,13,19,12,18,4,6,9,13,2,1,6,5,8,6,2,2,1,4,3,8,5,6,2,7
2017,7,LVDPA0957,74,35,47,39,53,7,9,4,5,7,9,14,19,4,5,13,18,10,14,15,20,3,2,1,11,3,6,6,3,4,2,6,3,1,7,4,12
2017,7,LVDPA0958,76,36,47,40,53,5,7,8,11,4,5,11,14,11,14,12,16,13,17,12,16,2,6,1,5,6,5,7,4,3,2,3,6,5,7,6,8
2017,7,LVDPA0959,129,63,49,66,51,5,4,9,7,15,12,13,10,13,10,24,19,11,9,39,30,4,4,8,7,8,15,7,10,1,5,7,6,5,9,4,29
2017,7,LVDPA0960,79,38,48,41,52,7,9,6,8,13,16,9,11,10,13,7,9,17,22,10,13,1,4,8,5,3,5,8,4,6,2,5,4,7,2,9,6
2017,7,LVDPA0961,63,33,52,30,48,5,8,1,2,13,21,11,17,7,11,10,16,7,11,9,14,2,0,6,8,5,5,3,4,3,1,7,3,2,5,4,5
2017,7,LVDPA0963,77,39,51,38,49,4,5,2,3,9,12,10,13,2,3,18,23,10,13,22,29,3,1,6,7,0,9,6,7,1,1,3,3,2,9,4,15
2017,7,LVDPA0964,35,16,46,19,54,1,3,2,6,2,6,3,9,0,0,11,31,3,9,13,37,1,2,1,3,0,5,1,3,0,0,1,0,0,6,2,10
2017,7,LVDPA0965,50,24,48,26,52,2,4,5,10,6,12,6,12,8,16,4,8,7,14,12,24,1,4,3,4,3,1,3,5,1,1,3,2,5,3,4,7
2017,7,LVDPA0968,87,45,52,42,48,12,14,10,11,14,16,12,14,9,10,13,15,7,8,10,11,7,6,7,9,4,6,3,3,5,4,7,3,5,7,4,7
2017,7,LVDPA0970,58,35,60,23,40,7,12,2,3,11,19,5,9,12,21,3,5,11,19,7,12,6,1,6,5,5,2,7,3,1,1,5,0,7,1,4,4
2017,7,LVDPA0971,80,36,45,44,55,7,9,8,10,8,10,11,14,5,6,12,15,10,13,19,24,2,2,4,7,4,6,5,6,5,6,4,4,1,6,5,13
2017,7,LVDPA0972,238,108,45,130,55,18,8,21,9,32,13,39,16,24,10,30,13,30,13,44,18,12,7,15,21,15,14,16,8,6,14,17,18,9,16,14,36
2017,7,LVDPA0973,104,47,45,57,55,3,3,10,10,12,12,7,7,16,15,13,13,16,15,27,26,2,3,5,4,8,7,11,7,1,7,7,3,8,6,5,20
2017,7,LVDPA0974,89,42,47,47,53,7,8,7,8,8,9,13,15,14,16,10,11,13,15,17,19,4,5,1,6,9,6,6,5,3,2,7,7,5,4,7,12
2017,7,LVDPA0975,66,35,53,31,47,4,6,6,9,10,15,14,21,9,14,7,11,10,15,6,9,2,5,5,8,6,4,3,2,2,1,5,6,3,3,7,4
2017,7,LVDPA0977,114,54,47,60,53,7,6,9,8,16,14,21,18,14,12,15,13,8,7,24,21,3,2,7,13,9,10,4,6,4,7,9,8,5,5,4,18
2017,7,LVDPA0978,71,31,44,40,56,4,6,5,7,12,17,11,15,8,11,10,14,7,10,14,20,1,1,7,6,5,3,5,3,3,4,5,5,3,7,2,11
2017,7,LVDPA0982,69,30,43,39,57,5,7,3,4,9,13,6,9,10,14,11,16,4,6,21,30,2,2,5,3,5,5,2,6,3,1,4,3,5,6,2,15
2017,7,LVDPA0984,68,34,50,34,50,4,6,5,7,11,16,7,10,8,12,16,24,6,9,11,16,2,3,5,4,4,10,2,4,2,2,6,3,4,6,4,7
2017,7,LVDPA0985,134,61,46,73,54,17,13,10,7,13,10,15,11,14,10,20,15,15,11,30,22,3,7,6,10,6,11,8,10,14,3,7,5,8,9,7,20
2017,7,LVDPA0986,68,35,51,33,49,1,1,5,7,9,13,11,16,7,10,11,16,12,18,12,18,0,3,6,8,5,5,5,3,1,2,3,3,2,6,7,9
2017,7,LVDPA0988,166,79,48,87,52,13,8,23,14,19,11,16,10,19,11,22,13,24,14,30,18,6,12,10,8,12,8,12,11,7,11,9,8,7,14,12,19
2017,7,LVDPA0989,100,54,54,46,46,2,2,11,11,22,22,11,11,8,8,22,22,11,11,13,13,2,7,9,8,5,13,6,4,0,4,13,3,3,9,5,9
2017,7,LVDPA0990,187,88,47,99,53,14,7,17,9,41,22,24,13,16,9,30,16,22,12,23,12,8,8,19,15,7,16,8,7,6,9,22,9,9,14,14,16
2017,7,LVDPA0991,140,68,49,72,51,6,4,7,5,22,16,25,18,9,6,27,19,24,17,20,14,3,2,13,15,6,9,16,4,3,5,9,10,3,18,8,16
2017,7,LVDPA0992,183,82,45,101,55,21,11,21,11,20,11,29,16,19,10,21,11,22,12,30,16,11,9,5,16,10,9,14,8,10,12,15,13,9,12,8,22
2017,7,LVDPA0993,45,22,49,23,51,3,7,2,4,7,16,5,11,4,9,13,29,2,4,9,20,2,1,4,4,2,6,1,2,1,1,3,1,2,7,1,7
2017,7,LVDPA0994,39,21,54,18,46,2,5,0,0,6,15,8,21,3,8,10,26,1,3,9,23,1,0,5,4,2,6,0,3,1,0,1,4,1,4,1,6
2017,7,LVDPA0995,49,21,43,28,57,5,10,6,12,10,20,7,14,6,12,5,10,3,6,7,14,3,1,3,4,2,3,1,4,2,5,7,3,4,2,2,3
2017,7,LVDPA0997,230,95,41,135,59,21,9,16,7,35,15,39,17,34,15,29,13,28,12,28,12,11,6,11,20,18,13,10,6,10,10,24,19,16,16,18,22
2017,7,LVDPA0998,72,35,49,37,51,8,11,4,6,11,15,7,10,14,19,14,19,3,4,11,15,4,1,6,4,6,8,2,4,4,3,5,3,8,6,1,7
2017,7,LVDPA0999,50,25,50,25,50,4,8,5,10,7,14,6,12,7,14,5,10,6,12,10,20,2,3,4,3,4,2,2,5,2,2,3,3,3,3,4,5
2017,7,LVDPA1000,58,24,41,34,59,1,2,5,9,6,10,6,10,6,10,10,17,9,16,15,26,0,3,3,3,4,6,1,4,1,2,3,3,2,4,8,11
2017,7,LVDPA1001,60,32,53,28,47,3,5,7,12,7,12,12,20,4,7,6,10,12,20,9,15,1,3,6,7,3,3,5,4,2,4,1,5,1,3,7,5
2017,7,LVDPA1002,46,27,59,19,41,2,4,2,4,8,17,7,15,6,13,9,20,7,15,5,11,1,1,6,6,3,5,4,1,1,1,2,1,3,4,3,4
2017,7,LVDPA1003,82,47,57,35,43,4,5,14,17,16,20,9,11,14,17,8,10,7,9,10,12,2,10,11,6,8,4,3,3,2,4,5,3,6,4,4,7
2017,7,LVDPA1005,42,21,50,21,50,2,5,1,2,2,5,1,2,5,12,9,21,7,17,15,36,1,1,1,0,4,4,4,6,1,0,1,1,1,5,3,9
2017,7,LVDPA1009,49,25,51,24,49,4,8,3,6,6,12,6,12,5,10,6,12,10,20,9,18,0,3,2,5,3,4,3,5,4,0,4,1,2,2,7,4
2017,7,LVDPA1010,62,31,50,31,50,6,10,4,6,12,19,4,6,9,15,9,15,6,10,12,19,3,1,7,4,3,5,4,4,3,3,5,0,6,4,2,8
2017,7,LVDPA1011,57,23,40,34,60,1,2,2,4,5,9,5,9,5,9,11,19,10,18,18,32,1,0,2,4,2,5,4,5,0,2,3,1,3,6,6,13
2017,7,LVDPA1014,64,33,52,31,48,9,14,5,8,7,11,12,19,5,8,6,9,4,6,16,25,6,2,3,8,3,1,2,8,3,3,4,4,2,5,2,8
2017,7,LVDPA1015,256,115,45,141,55,13,5,19,7,31,12,18,7,30,12,38,15,41,16,66,26,5,12,12,12,15,21,20,18,8,7,19,6,15,17,21,48
2017,7,LVDPA1017,65,34,52,31,48,8,12,10,15,6,9,7,11,3,5,10,15,4,6,17,26,3,5,4,5,2,7,3,5,5,5,2,2,1,3,1,12
2017,7,LVDPA1019,74,35,47,39,53,2,3,2,3,11,15,4,5,7,9,10,14,14,19,24,32,0,0,8,2,4,3,5,13,2,2,3,2,3,7,9,11
2017,7,LVDPA1021,51,23,45,28,55,2,4,3,6,2,4,5,10,4,8,7,14,10,20,18,35,2,3,1,3,2,4,4,4,0,0,1,2,2,3,6,14
2017,7,LVDPA1024,217,104,48,113,52,21,10,22,10,17,8,36,17,30,14,20,9,35,16,36,17,9,11,8,18,18,9,18,13,12,11,9,18,12,11,17,23
2017,7,LVDPA1027,50,25,50,25,50,1,2,2,4,5,10,5,10,8,16,13,26,6,12,10,20,0,2,3,2,4,6,5,3,1,0,2,3,4,7,1,7
2017,7,LVDPA1029,356,174,49,182,51,60,17,52,15,40,11,37,10,58,16,53,15,34,10,22,6,31,30,22,16,22,26,20,7,29,22,18,21,36,27,14,15
2017,7,LVDPA1030,61,31,51,30,49,6,10,4,7,8,13,5,8,11,18,7,11,4,7,16,26,3,1,5,1,8,4,3,6,3,3,3,4,3,3,1,10
2017,7,LVDPA1031,182,81,45,101,55,14,8,10,5,17,9,37,20,13,7,20,11,37,20,34,19,5,4,7,22,8,7,15,13,9,6,10,15,5,13,22,21
2017,7,LVDPA1032,240,109,45,131,55,30,13,18,8,31,13,31,13,33,14,14,6,40,17,43,18,17,9,13,14,13,6,23,14,13,9,18,17,20,8,17,29
2017,7,LVDPA1033,66,34,52,32,48,5,8,3,5,6,9,8,12,6,9,10,15,13,20,15,23,1,2,3,4,4,6,6,8,4,1,3,4,2,4,7,7
2017,7,LVDPA1035,70,34,49,36,51,7,10,2,3,6,9,7,10,9,13,7,10,12,17,20,29,3,2,4,5,5,5,4,6,4,0,2,2,4,2,8,14
2017,7,LVDPA1036,45,29,64,16,36,1,2,7,16,4,9,9,20,5,11,9,20,6,13,4,9,0,5,2,7,3,6,4,2,1,2,2,2,2,3,2,2
2017,7,LVDPA1037,83,32,39,51,61,7,8,11,13,6,7,11,13,10,12,9,11,14,17,15,18,4,3,4,4,4,3,5,5,3,8,2,7,6,6,9,10
2017,7,LVDPA1038,121,50,41,71,59,7,6,9,7,10,8,21,17,15,12,16,13,27,22,16,13,2,2,3,13,9,4,11,6,5,7,7,8,6,12,16,10
2017,7,LVDPA1039,249,121,49,128,51,32,13,26,10,17,7,45,18,29,12,24,10,37,15,39,16,19,12,6,21,20,9,18,16,13,14,11,24,9,15,19,23
2017,7,LVDPA1040,79,34,43,45,57,2,3,10,13,9,11,9,11,9,11,13,16,15,19,12,15,1,5,3,4,5,5,6,5,1,5,6,5,4,8,9,7
2017,7,LVDPA1041,127,64,50,63,50,15,12,11,9,24,19,17,13,12,9,24,19,9,7,15,12,8,5,14,8,8,13,4,4,7,6,10,9,4,11,5,11
2017,7,LVDPA1043,52,28,54,24,46,7,13,6,12,4,8,8,15,3,6,7,13,7,13,10,19,4,5,3,4,0,3,4,5,3,1,1,4,3,4,3,5
2017,7,LVDPA1044,157,79,50,78,50,10,6,14,9,19,12,21,13,21,13,17,11,20,13,35,22,9,5,11,14,11,5,10,14,1,9,8,7,10,12,10,21
2017,7,LVDPA1046,76,31,41,45,59,1,1,3,4,5,7,2,3,4,5,6,8,7,9,48,63,0,3,3,2,3,4,4,12,1,0,2,0,1,2,3,36
2017,7,LVDPA1047,91,46,51,45,49,5,5,4,4,15,16,12,13,8,9,18,20,10,11,19,21,4,3,9,5,4,9,6,6,1,1,6,7,4,9,4,13
2017,7,LVDPA1048,65,28,43,37,57,7,11,5,8,8,12,7,11,6,9,6,9,4,6,22,34,1,3,1,5,3,4,2,9,6,2,7,2,3,2,2,13
2017,7,LVDPA1049,58,27,47,31,53,3,5,6,10,8,14,12,21,4,7,7,12,13,22,5,9,3,4,2,6,2,3,7,0,0,2,6,6,2,4,6,5
2017,7,LVDPA1050,101,50,50,51,50,10,10,10,10,15,15,11,11,18,18,8,8,15,15,14,14,5,5,6,6,10,1,7,10,5,5,9,5,8,7,8,4
2017,7,LVDPA1051,88,43,49,45,51,2,2,10,11,19,22,6,7,16,18,12,14,8,9,15,17,0,7,10,3,11,5,3,4,2,3,9,3,5,7,5,11
2017,7,LVDPA1052,355,166,47,189,53,4,1,6,2,13,4,36,10,100,28,77,22,61,17,58,16,1,5,9,16,43,46,27,19,3,1,4,20,57,31,34,39
2017,7,LVDPA1053,50,24,48,26,52,4,8,4,8,4,8,6,12,6,12,9,18,6,12,11,22,1,2,3,3,3,5,4,3,3,2,1,3,3,4,2,8
2017,7,LVDPA1054,581,283,49,298,51,21,4,52,9,71,12,79,14,109,19,122,21,69,12,58,10,9,29,31,52,62,52,30,18,12,23,40,27,47,70,39,40
2017,7,LVDPA1055,50,24,48,26,52,6,12,0,0,6,12,8,16,4,8,9,18,7,14,10,20,3,0,2,7,3,3,4,2,3,0,4,1,1,6,3,8
2017,7,LVDPA1057,44,21,48,23,52,0,0,6,14,6,14,2,5,11,25,3,7,6,14,10,23,0,2,5,1,7,1,1,4,0,4,1,1,4,2,5,6
2017,7,LVDPA1059,39,19,49,20,51,1,3,3,8,5,13,6,15,5,13,6,15,8,21,5,13,1,3,3,2,2,4,3,1,0,0,2,4,3,2,5,4
2017,7,LVDPA1060,56,31,55,25,45,1,2,2,4,11,20,9,16,7,13,13,23,4,7,9,16,1,2,6,7,4,5,2,4,0,0,5,2,3,8,2,5
2017,7,LVDPA1061,50,22,44,28,56,1,2,7,14,6,12,8,16,9,18,9,18,4,8,6,12,1,4,4,4,4,3,1,1,0,3,2,4,5,6,3,5
2017,7,LVDPA1063,62,23,37,39,63,1,2,4,6,9,15,4,6,5,8,13,21,15,24,11,18,0,0,4,2,2,6,6,3,1,4,5,2,3,7,9,8
2017,7,LVDPA1066,107,51,48,56,52,10,9,9,8,4,4,24,22,6,6,27,25,14,13,13,12,6,4,2,11,5,13,6,4,4,5,2,13,1,14,8,9
2017,7,LVDPA1068,124,62,50,62,50,8,6,18,15,15,12,14,11,14,11,13,10,14,11,28,23,3,9,11,10,6,8,5,10,5,9,4,4,8,5,9,18
2017,7,LVDPA1069,67,34,51,33,49,5,7,4,6,8,12,9,13,9,13,8,12,14,21,10,15,3,3,4,3,5,5,7,4,2,1,4,6,4,3,7,6
2017,7,LVDPA1070,73,33,45,40,55,5,7,6,8,9,12,13,18,7,10,11,15,9,12,13,18,3,3,4,6,5,5,2,5,2,3,5,7,2,6,7,8
2017,7,LVDPA1071,48,18,38,30,63,8,17,5,10,6,13,4,8,6,13,5,10,9,19,5,10,3,1,3,1,2,3,4,1,5,4,3,3,4,2,5,4
2017,7,LVDPA1072,1576,737,47,839,53,160,10,210,13,163,10,238,15,302,19,200,13,134,9,169,11,86,118,83,108,145,89,56,52,74,92,80,130,157,111,78,117
2017,7,LVDPA1073,168,79,47,89,53,7,4,9,5,21,13,24,14,19,11,26,15,26,15,36,21,3,3,10,14,10,14,12,13,4,6,11,10,9,12,14,23
2017,7,LVDPA1074,65,35,54,30,46,7,11,9,14,11,17,8,12,11,17,5,8,8,12,6,9,5,5,7,4,5,4,4,1,2,4,4,4,6,1,4,5
2017,7,LVDPA1075,82,37,45,45,55,7,9,5,6,1,1,17,21,6,7,15,18,11,13,20,24,5,4,0,8,1,8,5,6,2,1,1,9,5,7,6,14
2017,7,LVDPA1076,98,48,49,50,51,13,13,8,8,7,7,12,12,12,12,13,13,13,13,20,20,6,5,4,7,3,10,8,5,7,3,3,5,9,3,5,15
2017,7,LVDPA1077,132,61,46,71,54,7,5,6,5,20,15,25,19,15,11,25,19,18,14,16,12,4,1,8,12,7,14,10,5,3,5,12,13,8,11,8,11
2017,7,LVDPA1078,221,108,49,113,51,13,6,15,7,38,17,26,12,41,19,35,16,18,8,35,16,8,8,22,14,23,18,8,7,5,7,16,12,18,17,10,28
2017,7,LVDPA1079,88,33,38,55,63,8,9,8,9,19,22,8,9,8,9,17,19,12,14,8,9,4,2,8,4,4,5,5,1,4,6,11,4,4,12,7,7
2017,7,LVDPA1080,90,45,50,45,50,4,4,8,9,13,14,11,12,11,12,16,18,13,14,14,16,2,5,6,7,6,8,7,4,2,3,7,4,5,8,6,10
2017,7,LVDPA1081,57,34,60,23,40,5,9,6,11,6,11,6,11,3,5,8,14,9,16,14,25,3,4,5,5,1,5,6,5,2,2,1,1,2,3,3,9
2017,7,LVDPA1082,148,75,51,73,49,12,8,18,12,14,9,26,18,15,10,26,18,15,10,22,15,5,9,6,16,9,14,6,10,7,9,8,10,6,12,9,12
2017,7,LVDPA1083,54,31,57,23,43,4,7,5,9,3,6,14,26,4,7,5,9,11,20,8,15,3,3,1,8,3,2,8,3,1,2,2,6,1,3,3,5
2017,7,LVDPA1084,48,29,60,19,40,3,6,3,6,7,15,8,17,2,4,13,27,8,17,4,8,2,2,5,6,2,8,3,1,1,1,2,2,0,5,5,3
2017,7,LVDPA1086,70,34,49,36,51,3,4,7,10,10,14,8,11,10,14,12,17,8,11,12,17,1,4,8,4,5,6,4,2,2,3,2,4,5,6,4,10
2017,7,LVDPA1087,49,21,43,28,57,0,0,3,6,8,16,4,8,9,18,11,22,8,16,6,12,0,1,4,1,6,4,4,1,0,2,4,3,3,7,4,5
2017,7,LVDPA1088,116,52,45,64,55,7,6,9,8,13,11,14,12,12,10,20,17,12,10,29,25,2,4,8,7,8,9,5,9,5,5,5,7,4,11,7,20
2017,7,LVDPA1089,73,37,51,36,49,13,18,7,10,8,11,18,25,6,8,8,11,4,5,9,12,9,6,3,8,3,3,1,4,4,1,5,10,3,5,3,5
2017,7,LVDPA1090,66,33,50,33,50,2,3,4,6,17,26,8,12,11,17,11,17,3,5,10,15,1,2,10,4,5,8,0,3,1,2,7,4,6,3,3,7
2017,7,LVDPA1091,114,60,53,54,47,4,4,12,11,11,10,16,14,15,13,22,19,20,18,14,12,2,7,9,8,6,14,10,4,2,5,2,8,9,8,10,10
2017,7,LVDPA1093,60,28,47,32,53,6,10,4,7,6,10,9,15,2,3,11,18,14,23,8,13,2,2,3,4,1,4,7,5,4,2,3,5,1,7,7,3
2017,7,LVDPA1094,68,26,38,42,62,2,3,6,9,17,25,10,15,10,15,5,7,8,12,10,15,0,1,7,5,4,3,5,1,2,5,10,5,6,2,3,9
2017,7,LVDPA1097,118,57,48,61,52,6,5,4,3,18,15,16,14,12,10,21,18,16,14,25,21,1,3,13,10,3,11,6,10,5,1,5,6,9,10,10,15
2017,7,LVDPA1100,49,25,51,24,49,1,2,0,0,8,16,6,12,1,2,11,22,12,24,10,20,0,0,5,5,0,5,7,3,1,0,3,1,1,6,5,7
2017,7,LVDPA1101,57,32,56,25,44,3,5,9,16,10,18,7,12,7,12,6,11,8,14,7,12,2,6,4,6,3,4,5,2,1,3,6,1,4,2,3,5
2017,7,LVDPA1102,187,106,57,81,43,8,4,2,1,6,3,16,9,17,9,24,13,52,28,62,33,4,1,1,9,10,18,35,28,4,1,5,7,7,6,17,34
2017,7,LVDPA1103,47,27,57,20,43,2,4,1,2,1,2,8,17,12,26,9,19,10,21,4,9,1,1,0,4,9,5,6,1,1,0,1,4,3,4,4,3
2017,7,LVDPA1104,68,31,46,37,54,3,4,3,4,8,12,10,15,6,9,11,16,15,22,12,18,1,0,4,6,3,6,7,4,2,3,4,4,3,5,8,8
2017,7,LVDPA1105,59,30,51,29,49,6,10,4,7,4,7,11,19,7,12,6,10,10,17,11,19,4,3,2,4,4,3,4,6,2,1,2,7,3,3,6,5
2017,7,LVDPA1106,45,19,42,26,58,1,2,6,13,1,2,3,7,3,7,6,13,9,20,16,36,0,4,0,1,2,4,3,5,1,2,1,2,1,2,6,11
2017,7,LVDPA1107,71,34,48,37,52,11,15,5,7,5,7,12,17,10,14,6,8,12,17,10,14,6,2,2,7,7,1,7,2,5,3,3,5,3,5,5,8
2017,7,LVDPA1108,160,72,45,88,55,6,4,19,12,12,8,19,12,22,14,15,9,18,11,49,31,4,10,7,7,16,8,3,17,2,9,5,12,6,7,15,32
2017,7,LVDPA1109,73,36,49,37,51,1,1,5,7,8,11,15,21,5,7,15,21,10,14,14,19,1,3,7,8,4,6,6,1,0,2,1,7,1,9,4,13
2017,7,LVDPA1110,54,23,43,31,57,4,7,3,6,5,9,11,20,4,7,7,13,11,20,9,17,3,1,2,5,1,5,4,2,1,2,3,6,3,2,7,7
2017,7,LVDPA1111,49,25,51,24,49,2,4,1,2,5,10,8,16,7,14,7,14,6,12,13,27,1,0,4,6,3,3,4,4,1,1,1,2,4,4,2,9
2017,7,LVDPA1113,138,76,55,62,45,0,0,2,1,5,4,11,8,17,12,21,15,31,22,51,37,0,0,4,5,11,13,21,22,0,2,1,6,6,8,10,29
2017,7,LVDPA1114,91,46,51,45,49,7,8,5,5,15,16,7,8,10,11,13,14,18,20,16,18,2,5,10,3,5,5,10,6,5,0,5,4,5,8,8,10
2017,7,LVDPA1115,48,25,52,23,48,2,4,1,2,2,4,8,17,4,8,12,25,8,17,11,23,1,1,1,4,4,3,6,5,1,0,1,4,0,9,2,6
2017,7,LVDPA1116,96,32,33,64,67,2,2,2,2,8,8,6,6,7,7,8,8,10,10,53,55,2,0,5,1,4,4,6,10,0,2,3,5,3,4,4,43
2017,7,LVDPA1118,58,24,41,34,59,1,2,2,3,8,14,4,7,4,7,10,17,14,24,15,26,0,2,2,3,1,5,6,5,1,0,6,1,3,5,8,10
2017,7,LVDPA1119,50,30,60,20,40,3,6,6,12,2,4,10,20,7,14,9,18,4,8,9,18,2,4,0,8,5,5,4,2,1,2,2,2,2,4,0,7
2017,7,LVDPA1120,100,52,52,48,48,8,8,8,8,12,12,14,14,8,8,15,15,17,17,18,18,7,4,8,9,2,9,8,5,1,4,4,5,6,6,9,13
2017,7,LVDPA1123,46,25,54,21,46,0,0,5,11,7,15,6,13,3,7,11,24,4,9,10,22,0,3,4,5,1,5,3,4,0,2,3,1,2,6,1,6
2017,7,LVDPA1125,84,41,49,43,51,7,8,2,2,11,13,12,14,8,10,7,8,20,24,17,20,4,1,7,5,5,3,10,6,3,1,4,7,3,4,10,11
2017,7,LVDPA1126,68,30,44,38,56,10,15,6,9,12,18,6,9,9,13,9,13,7,10,9,13,3,3,6,3,4,5,3,3,7,3,6,3,5,4,4,6
2017,7,LVDPA1127,167,75,45,92,55,6,4,18,11,16,10,23,14,13,8,31,19,14,8,46,28,5,11,9,10,5,13,5,17,1,7,7,13,8,18,9,29
2017,7,LVDPA1128,46,22,48,24,52,2,4,5,11,8,17,5,11,2,4,2,4,10,22,12,26,0,3,5,3,2,1,5,3,2,2,3,2,0,1,5,9
2017,7,LVDPA1129,281,141,50,140,50,16,6,17,6,31,11,44,16,29,10,41,15,38,14,65,23,11,6,17,26,15,21,14,31,5,11,14,18,14,20,24,34
2017,7,LVDPA1130,1134,517,46,617,54,84,7,90,8,105,9,152,13,156,14,194,17,123,11,230,20,39,43,55,81,74,87,62,76,45,47,50,71,82,107,61,154
2017,7,LVDPA1132,72,32,44,40,56,4,6,6,8,10,14,7,10,8,11,10,14,15,21,12,17,0,3,4,3,4,5,8,5,4,3,6,4,4,5,7,7
2017,7,LVDPA1134,123,66,54,57,46,4,3,12,10,45,37,9,7,8,7,10,8,13,11,22,18,1,8,31,7,3,4,6,6,3,4,14,2,5,6,7,16
2017,7,LVDPA1136,55,24,44,31,56,4,7,2,4,11,20,4,7,3,5,7,13,2,4,22,40,2,0,7,4,1,4,1,5,2,2,4,0,2,3,1,17
2017,7,LVDPA1137,68,34,50,34,50,10,15,6,9,6,9,13,19,5,7,7,10,10,15,11,16,6,2,3,7,2,5,6,3,4,4,3,6,3,2,4,8
2017,7,LVDPA1138,57,25,44,32,56,6,11,4,7,2,4,9,16,4,7,7,12,14,25,11,19,1,3,0,2,3,4,7,5,5,1,2,7,1,3,7,6
2017,7,LVDPA1139,66,33,50,33,50,5,8,4,6,4,6,11,17,4,6,6,9,11,17,21,32,3,3,1,7,2,4,5,8,2,1,3,4,2,2,6,13
2017,7,LVDPA1140,444,222,50,222,50,54,12,69,16,49,11,57,13,93,21,71,16,27,6,24,5,29,34,24,23,45,41,16,10,25,35,25,34,48,30,11,14
2017,7,LVDPA1142,56,30,54,26,46,0,0,2,4,9,16,3,5,8,14,10,18,3,5,21,38,0,2,8,2,3,6,1,8,0,0,1,1,5,4,2,13
2017,7,LVDPA1145,86,46,53,40,47,5,6,6,7,12,14,16,19,7,8,14,16,12,14,14,16,3,5,8,11,4,7,6,2,2,1,4,5,3,7,6,12
2017,7,LVDPA1146,87,36,41,51,59,4,5,3,3,16,18,10,11,10,11,12,14,17,20,15,17,2,1,6,7,6,2,9,3,2,2,10,3,4,10,8,12
2017,7,LVDPA1148,246,114,46,132,54,6,2,17,7,31,13,36,15,28,11,31,13,53,22,44,18,2,7,18,15,13,16,28,15,4,10,13,21,15,15,25,29
2017,7,LVDPA1149,80,35,44,45,56,6,8,10,13,5,6,18,23,8,10,14,18,11,14,8,10,3,5,1,9,3,6,6,2,3,5,4,9,5,8,5,6
2017,7,LVDPA1151,143,69,48,74,52,7,5,14,10,15,10,13,9,20,14,16,11,22,15,36,25,6,5,10,6,10,9,10,13,1,9,5,7,10,7,12,23
2017,7,LVDPA1152,45,27,60,18,40,3,7,2,4,9,20,5,11,4,9,3,7,8,18,11,24,1,2,5,5,2,2,5,5,2,0,4,0,2,1,3,6
2017,7,LVDPA1153,86,46,53,40,47,11,13,16,19,16,19,11,13,9,10,8,9,2,2,13,15,6,10,8,7,3,3,1,8,5,6,8,4,6,5,1,5
2017,7,LVDPA1154,283,117,41,166,59,12,4,16,6,29,10,35,12,45,16,38,13,38,13,70,25,8,8,14,16,26,17,14,14,4,8,15,19,19,21,24,56
2017,7,LVDPA1155,120,55,46,65,54,5,4,14,12,22,18,16,13,14,12,17,14,24,20,8,7,1,9,10,7,7,7,12,2,4,5,12,9,7,10,12,6
2017,7,LVDPA1157,218,100,46,118,54,5,2,10,5,39,18,88,40,23,11,23,11,15,7,15,7,3,5,20,43,13,9,3,4,2,5,19,45,10,14,12,11
2017,7,LVDPA1158,49,24,49,25,51,4,8,3,6,5,10,8,16,5,10,10,20,5,10,9,18,2,1,3,5,3,5,2,3,2,2,2,3,2,5,3,6
2017,7,LVDPA1160,73,43,59,30,41,7,10,5,7,12,16,7,10,12,16,10,14,8,11,12,16,6,5,6,4,8,4,4,6,1,0,6,3,4,6,4,6
2017,7,LVDPA1161,85,33,39,52,61,4,5,8,9,8,9,16,19,12,14,9,11,10,12,18,21,2,2,4,7,7,3,4,4,2,6,4,9,5,6,6,14
2017,7,LVDPA1163,50,25,50,25,50,4,8,3,6,14,28,3,6,5,10,11,22,5,10,5,10,3,0,7,1,2,6,5,1,1,3,7,2,3,5,0,4
2017,7,LVDPA1165,55,29,53,26,47,2,4,3,5,4,7,13,24,8,15,2,4,12,22,11,20,2,3,1,7,5,1,5,5,0,0,3,6,3,1,7,6
2017,7,LVDPA1166,67,30,45,37,55,2,3,9,13,17,25,7,10,5,7,16,24,3,4,8,12,1,2,8,5,1,9,2,2,1,7,9,2,4,7,1,6
2017,7,LVDPA1167,169,83,49,86,51,15,9,19,11,20,12,27,16,30,18,22,13,16,9,20,12,6,9,10,15,17,10,8,8,9,10,10,12,13,12,8,12
2017,7,LVDPA1169,40,17,43,23,58,3,8,2,5,7,18,4,10,3,8,5,13,7,18,9,23,1,0,4,2,3,2,4,1,2,2,3,2,0,3,3,8
2017,7,LVDPA1171,126,67,53,59,47,0,0,0,0,0,0,1,1,3,2,8,6,18,14,96,76,0,0,0,1,2,5,17,42,0,0,0,0,1,3,1,54
2017,7,LVDPA1172,48,21,44,27,56,0,0,2,4,6,13,7,15,5,10,9,19,7,15,12,25,0,1,3,2,2,6,4,3,0,1,3,5,3,3,3,9
2017,7,LVDPA1174,72,37,51,35,49,5,7,8,11,11,15,10,14,4,6,9,13,13,18,12,17,4,4,7,8,1,5,3,5,1,4,4,2,3,4,10,7
2017,7,LVDPA1175,68,38,56,30,44,6,9,9,13,13,19,8,12,9,13,10,15,4,6,9,13,4,4,8,6,4,5,4,3,2,5,5,2,5,5,0,6
2017,7,LVDPA1176,466,218,47,248,53,20,4,36,8,38,8,80,17,78,17,63,14,64,14,87,19,9,15,18,39,43,38,27,29,11,21,20,41,35,25,37,58
2017,7,LVDPA1178,98,50,51,48,49,6,6,4,4,3,3,13,13,6,6,17,17,18,18,31,32,4,1,2,9,4,8,8,14,2,3,1,4,2,9,10,17
2017,7,LVDPA1179,205,119,58,86,42,2,1,8,4,8,4,17,8,37,18,51,25,44,21,38,19,2,4,4,10,21,35,28,15,0,4,4,7,16,16,16,23
2017,7,LVDPA1180,48,23,48,25,52,2,4,5,10,2,4,10,21,3,6,9,19,5,10,12,25,1,3,1,6,2,4,2,4,1,2,1,4,1,5,3,8
2017,7,LVDPA1181,47,24,51,23,49,1,2,0,0,8,17,4,9,2,4,12,26,8,17,12,26,1,0,5,3,2,5,5,3,0,0,3,1,0,7,3,9
2017,7,LVDPA1184,64,32,50,32,50,3,5,0,0,5,8,12,19,7,11,14,22,9,14,14,22,1,0,2,7,4,8,6,4,2,0,3,5,3,6,3,10
2017,7,LVDPA1185,63,35,56,28,44,2,3,6,10,9,14,6,10,6,10,9,14,13,21,12,19,1,3,8,5,0,6,7,5,1,3,1,1,6,3,6,7
2017,7,LVDPA1186,146,73,50,73,50,6,4,13,9,18,12,18,12,23,16,22,15,23,16,23,16,3,6,9,11,17,13,10,4,3,7,9,7,6,9,13,19
2017,7,LVDPA1188,392,169,43,223,57,32,8,31,8,44,11,60,15,40,10,55,14,55,14,75,19,14,16,23,33,17,25,21,20,18,15,21,27,23,30,34,55
2017,7,LVDPA1189,67,35,52,32,48,6,9,7,10,10,15,9,13,13,19,7,10,5,7,10,15,2,5,4,6,8,5,2,3,4,2,6,3,5,2,3,7
2017,7,LVDPA1192,166,77,46,89,54,7,4,14,8,24,14,29,17,23,14,28,17,24,14,17,10,4,6,11,16,12,13,11,4,3,8,13,13,11,15,13,13
2017,7,LVDPA1195,47,23,49,24,51,1,2,3,6,6,13,6,13,7,15,12,26,1,2,11,23,1,1,3,4,4,6,0,4,0,2,3,2,3,6,1,7
2017,7,LVDPA1196,64,31,48,33,52,7,11,5,8,5,8,12,19,2,3,7,11,10,16,16,25,4,4,1,7,0,4,4,7,3,1,4,5,2,3,6,9
2017,7,LVDPA1197,78,38,49,40,51,2,3,7,9,14,18,6,8,13,17,11,14,5,6,20,26,1,4,7,2,8,5,1,10,1,3,7,4,5,6,4,10
2017,7,LVDPA1198,190,86,45,104,55,10,5,16,8,15,8,34,18,16,8,23,12,27,14,49,26,5,6,7,16,11,9,16,16,5,10,8,18,5,14,11,33
2017,7,LVDPA1199,122,60,49,62,51,7,6,8,7,14,11,15,12,21,17,13,11,17,14,27,22,6,5,7,8,14,6,6,8,1,3,7,7,7,7,11,19
2017,7,LVDPA1200,75,31,41,44,59,3,4,13,17,10,13,9,12,10,13,8,11,12,16,10,13,3,7,2,5,3,5,4,2,0,6,8,4,7,3,8,8
2017,7,LVDPA1201,71,40,56,31,44,8,11,12,17,7,10,9,13,5,7,14,20,6,8,10,14,5,8,3,6,3,8,5,2,3,4,4,3,2,6,1,8
2017,7,LVDPA1206,102,48,47,54,53,7,7,5,5,6,6,9,9,9,9,12,12,20,20,34,33,4,2,3,6,3,6,12,12,3,3,3,3,6,6,8,22
2017,7,LVDPA1208,49,23,47,26,53,7,14,3,6,7,14,4,8,5,10,4,8,9,18,10,20,3,1,5,1,3,1,3,6,4,2,2,3,2,3,6,4
2017,7,LVDPA1210,96,54,56,42,44,7,7,9,9,12,13,13,14,17,18,15,16,13,14,10,10,4,6,10,6,9,10,6,3,3,3,2,7,8,5,7,7
2017,7,LVDPA1212,57,28,49,29,51,6,11,6,11,6,11,10,18,6,11,7,12,6,11,10,18,4,5,2,4,4,3,1,5,2,1,4,6,2,4,5,5
2017,7,LVDPA1214,75,35,47,40,53,1,1,9,12,8,11,7,9,11,15,8,11,8,11,23,31,1,1,5,3,6,5,4,10,0,8,3,4,5,3,4,13
2017,7,LVDPA1217,91,42,46,49,54,3,3,10,11,11,12,6,7,16,18,10,11,10,11,25,27,1,5,8,1,9,5,4,9,2,5,3,5,7,5,6,16
2017,7,LVDPA1218,302,165,55,137,45,4,1,2,1,11,4,46,15,47,16,63,21,72,24,57,19,3,1,8,24,25,37,44,23,1,1,3,22,22,26,28,34
2017,7,LVDPA1219,49,23,47,26,53,2,4,2,4,4,8,10,20,4,8,8,16,6,12,13,27,1,0,2,4,4,4,4,4,1,2,2,6,0,4,2,9
2017,7,LVDPA1221,68,36,53,32,47,6,9,3,4,8,12,6,9,12,18,10,15,6,9,17,25,4,3,4,3,8,4,4,6,2,0,4,3,4,6,2,11
2017,7,LVDPA1225,56,27,48,29,52,1,2,1,2,8,14,4,7,7,13,5,9,8,14,22,39,1,0,5,2,3,2,2,12,0,1,3,2,4,3,6,10
2017,7,LVDPA1226,101,53,52,48,48,3,3,8,8,12,12,23,23,7,7,19,19,11,11,18,18,2,5,7,16,4,7,8,4,1,3,5,7,3,12,3,14
2017,7,LVDPA1227,45,20,44,25,56,5,11,7,16,4,9,9,20,6,13,7,16,5,11,2,4,2,1,1,6,3,4,2,1,3,6,3,3,3,3,3,1
2017,7,LVDPA1229,65,26,40,39,60,3,5,8,12,11,17,6,9,9,14,9,14,8,12,11,17,1,4,4,2,4,4,5,2,2,4,7,4,5,5,3,9
2017,7,LVDPA1230,135,73,54,62,46,9,7,9,7,12,9,22,16,17,13,14,10,24,18,28,21,4,4,6,16,10,9,12,12,5,5,6,6,7,5,12,16
2017,7,LVDPA1231,451,185,41,266,59,11,2,3,1,15,3,16,4,26,6,37,8,57,13,286,63,6,1,3,12,16,25,33,89,5,2,12,4,10,12,24,197
2017,7,LVDPA1232,204,93,46,111,54,15,7,18,9,28,14,29,14,29,14,37,18,27,13,21,10,10,7,15,14,15,15,12,5,5,11,13,15,14,22,15,16
2017,7,LVDPA1235,35,18,51,17,49,2,6,7,20,3,9,3,9,7,20,7,20,2,6,4,11,2,5,2,1,2,4,1,1,0,2,1,2,5,3,1,3
2017,7,LVDPA1236,137,71,52,66,48,9,7,9,7,17,12,27,20,19,14,19,14,15,11,22,16,4,6,12,15,9,9,6,10,5,3,5,12,10,10,9,12
2017,7,LVDPA1239,142,67,47,75,53,15,11,10,7,23,16,27,19,18,13,21,15,16,11,12,8,8,0,14,17,10,9,4,5,7,10,9,10,8,12,12,7
2017,7,LVDPA1240,60,30,50,30,50,7,12,7,12,10,17,7,12,8,13,4,7,7,12,10,17,6,2,9,1,5,3,3,1,1,5,1,6,3,1,4,9
2017,7,LVDPA1241,110,58,53,52,47,9,8,9,8,12,11,13,12,10,9,27,25,12,11,18,16,6,7,5,8,3,15,8,6,3,2,7,5,7,12,4,12
2017,7,LVDPA1243,1146,529,46,617,54,96,8,90,8,109,10,191,17,182,16,152,13,155,14,171,15,54,41,57,112,89,64,65,47,42,49,52,79,93,88,90,124
2017,7,LVDPA1244,89,45,51,44,49,4,4,10,11,13,15,12,13,14,16,11,12,13,15,12,13,3,4,6,8,6,6,7,5,1,6,7,4,8,5,6,7
2017,7,LVDPA1245,101,46,46,55,54,12,12,6,6,13,13,12,12,12,12,14,14,12,12,20,20,7,3,5,6,6,8,6,5,5,3,8,6,6,6,6,15
2017,7,LVDPA1246,69,40,58,29,42,4,6,5,7,5,7,11,16,11,16,8,12,12,17,13,19,3,3,3,8,7,5,5,6,1,2,2,3,4,3,7,7
2017,7,LVDPA1247,76,33,43,43,57,5,7,7,9,4,5,10,13,7,9,13,17,13,17,17,22,4,2,2,4,4,6,6,5,1,5,2,6,3,7,7,12
2017,7,LVDPA1248,48,23,48,25,52,4,8,4,8,5,10,8,17,5,10,11,23,5,10,6,13,3,2,1,3,5,6,0,3,1,2,4,5,0,5,5,3
2017,7,LVDPA1249,55,25,45,30,55,0,0,3,5,7,13,10,18,2,4,12,22,8,15,13,24,0,2,4,5,1,6,4,3,0,1,3,5,1,6,4,10
2017,7,LVDPA1253,326,162,50,164,50,18,6,16,5,19,6,25,8,24,7,36,11,51,16,137,42,7,9,10,14,13,24,32,53,11,7,9,11,11,12,19,84
2017,7,LVDPA1256,52,29,56,23,44,3,6,10,19,10,19,8,15,6,12,6,12,5,10,4,8,2,6,6,4,2,4,3,2,1,4,4,4,4,2,2,2
2017,7,LVDPA1257,70,36,51,34,49,7,10,6,9,16,23,4,6,7,10,8,11,11,16,11,16,4,3,8,4,3,5,5,4,3,3,8,0,4,3,6,7
2017,7,LVDPA1259,56,25,45,31,55,8,14,4,7,2,4,10,18,5,9,6,11,11,20,10,18,1,0,2,7,2,4,4,5,7,4,0,3,3,2,7,5
2017,7,LVDPA1261,92,42,46,50,54,5,5,11,12,15,16,10,11,12,13,12,13,8,9,19,21,4,6,5,5,6,5,6,5,1,5,10,5,6,7,2,14
2017,7,LVDPA1262,57,35,61,22,39,5,9,2,4,13,23,8,14,5,9,10,18,3,5,11,19,4,2,7,6,2,5,2,7,1,0,6,2,3,5,1,4
2017,7,LVDPA1263,63,32,51,31,49,3,5,4,6,10,16,11,17,6,10,18,29,6,10,5,8,2,1,4,7,4,10,3,1,1,3,6,4,2,8,3,4
2017,7,LVDPA1264,64,30,47,34,53,4,6,7,11,5,8,9,14,7,11,12,19,5,8,15,23,2,5,2,4,3,6,4,4,2,2,3,5,4,6,1,11
2017,7,LVDPA1265,62,26,42,36,58,3,5,3,5,10,16,15,24,5,8,7,11,12,19,7,11,0,1,6,6,3,3,6,1,3,2,4,9,2,4,6,6
2017,7,LVDPA1267,132,71,54,61,46,11,8,21,16,20,15,20,15,18,14,13,10,15,11,14,11,7,10,12,11,10,7,10,4,4,11,8,9,8,6,5,10
2017,7,LVDPA1268,154,75,49,79,51,15,10,9,6,17,11,17,11,27,18,16,10,31,20,22,14,5,5,6,9,16,7,17,10,10,4,11,8,11,9,14,12
2017,7,LVDPA1269,82,45,55,37,45,5,6,5,6,9,11,13,16,8,10,13,16,13,16,16,20,3,3,6,9,4,8,5,7,2,2,3,4,4,5,8,9
2017,7,LVDPA1274,60,31,52,29,48,3,5,3,5,11,18,8,13,10,17,12,20,6,10,7,12,3,1,5,5,6,6,2,3,0,2,6,3,4,6,4,4
2017,7,LVDPA1276,65,36,55,29,45,3,5,6,9,11,17,7,11,7,11,6,9,12,18,13,20,3,4,7,4,5,2,7,4,0,2,4,3,2,4,5,9
2017,7,LVDPA1278,98,50,51,48,49,6,6,5,5,12,12,14,14,6,6,16,16,14,14,25,26,4,3,7,11,3,8,6,8,2,2,5,3,3,8,8,17
2017,7,LVDPA1279,98,58,59,40,41,7,7,11,11,14,14,15,15,13,13,22,22,5,5,11,11,4,6,11,10,8,13,2,4,3,5,3,5,5,9,3,7
2017,7,LVDPA1281,50,28,56,22,44,3,6,6,12,3,6,19,38,1,2,11,22,5,10,2,4,2,4,1,12,0,4,4,1,1,2,2,7,1,7,1,1
2017,7,LVDPA1284,64,35,55,29,45,4,6,11,17,7,11,10,16,7,11,12,19,5,8,8,13,3,6,3,6,3,7,3,4,1,5,4,4,4,5,2,4
2017,7,LVDPA1285,47,23,49,24,51,2,4,5,11,9,19,4,9,8,17,5,11,5,11,9,19,1,4,3,4,5,2,3,1,1,1,6,0,3,3,2,8
2017,7,LVDPA1289,46,24,52,22,48,7,15,6,13,4,9,11,24,2,4,3,7,6,13,7,15,6,3,3,6,1,2,2,1,1,3,1,5,1,1,4,6
2017,7,LVDPA1290,173,88,51,85,49,11,6,10,6,15,9,35,20,11,6,39,23,23,13,29,17,6,5,7,20,11,21,10,8,5,5,8,15,0,18,13,21
2017,7,LVDPA1291,82,40,49,42,51,4,5,11,13,7,9,10,12,15,18,11,13,10,12,14,17,2,5,4,7,8,5,4,5,2,6,3,3,7,6,6,9
2017,7,LVDPA1292,230,119,52,111,48,4,2,10,4,11,5,37,16,100,43,21,9,18,8,29,13,1,5,7,19,54,14,7,12,3,5,4,18,46,7,11,17
2017,7,LVDPA1295,43,21,49,22,51,1,2,2,5,1,2,4,9,3,7,9,21,10,23,13,30,0,2,1,2,2,4,4,6,1,0,0,2,1,5,6,7
2017,7,LVDPA1296,64,37,58,27,42,4,6,8,13,7,11,9,14,9,14,8,13,9,14,10,16,3,4,5,4,5,4,6,6,1,4,2,5,4,4,3,4
2017,7,LVDPA1297,109,53,49,56,51,3,3,12,11,11,10,21,19,7,6,21,19,22,20,12,11,1,7,6,10,4,6,14,5,2,5,5,11,3,15,8,7
2017,7,LVDPA1298,54,26,48,28,52,0,0,5,9,10,19,8,15,7,13,11,20,6,11,7,13,0,2,6,5,2,8,2,1,0,3,4,3,5,3,4,6
2017,7,LVDPA1299,49,24,49,25,51,1,2,4,8,7,14,5,10,6,12,5,10,8,16,13,27,0,1,6,3,3,3,4,4,1,3,1,2,3,2,4,9
2017,7,LVDPA1303,52,27,52,25,48,6,12,4,8,9,17,5,10,12,23,8,15,1,2,7,13,5,2,4,4,7,4,0,1,1,2,5,1,5,4,1,6
2017,7,LVDPA1305,51,24,47,27,53,9,18,5,10,5,10,8,16,6,12,5,10,5,10,8,16,4,3,4,3,4,1,3,2,5,2,1,5,2,4,2,6
2017,7,LVDPA1306,94,47,50,47,50,10,11,13,14,12,13,6,6,16,17,11,12,8,9,18,19,3,9,4,4,12,7,2,6,7,4,8,2,4,4,6,12
2017,7,LVDPA1307,53,23,43,30,57,2,4,4,8,12,23,8,15,1,2,9,17,10,19,7,13,1,1,8,3,1,5,3,1,1,3,4,5,0,4,7,6
2017,7,LVDPA1308,38,21,55,17,45,1,3,1,3,2,5,4,11,6,16,5,13,5,13,14,37,1,1,2,2,4,3,3,5,0,0,0,2,2,2,2,9
2017,7,LVDPA1309,62,28,45,34,55,8,13,7,11,7,11,4,6,12,19,6,10,6,10,12,19,5,4,4,2,6,2,2,3,3,3,3,2,6,4,4,9
2017,7,LVDPA1310,56,30,54,26,46,9,16,4,7,8,14,12,21,5,9,7,13,9,16,2,4,5,3,5,6,2,4,4,1,4,1,3,6,3,3,5,1
2017,7,LVDPA1312,77,42,55,35,45,4,5,11,14,12,16,12,16,6,8,8,10,7,9,17,22,2,6,10,7,3,2,4,8,2,5,2,5,3,6,3,9
2017,7,LVDPA1315,67,36,54,31,46,4,6,3,4,6,9,7,10,9,13,11,16,12,18,15,22,3,3,5,3,7,6,4,5,1,0,1,4,2,5,8,10
2017,7,LVDPA1317,202,94,47,108,53,12,6,12,6,20,10,31,15,9,4,38,19,42,21,38,19,9,7,9,19,6,14,21,9,3,5,11,12,3,24,21,29
2017,7,LVDPA1320,53,28,53,25,47,3,6,4,8,7,13,6,11,9,17,10,19,7,13,7,13,2,2,4,3,5,7,2,3,1,2,3,3,4,3,5,4
2017,7,LVDPA1321,71,34,48,37,52,4,6,3,4,6,8,7,10,5,7,12,17,9,13,25,35,2,1,1,3,3,6,8,10,2,2,5,4,2,6,1,15
2017,7,LVDPA1322,149,70,47,79,53,15,10,8,5,17,11,18,12,16,11,21,14,28,19,26,17,9,2,8,8,11,9,13,10,6,6,9,10,5,12,15,16
2017,7,LVDPA1323,54,25,46,29,54,4,7,4,7,8,15,7,13,5,9,5,9,7,13,14,26,3,2,3,4,2,3,2,6,1,2,5,3,3,2,5,8
2017,7,LVDPA1325,42,21,50,21,50,1,2,3,7,4,10,4,10,6,14,7,17,4,10,13,31,1,1,2,4,4,4,1,4,0,2,2,0,2,3,3,9
2017,7,LVDPA1327,401,180,45,221,55,32,8,37,9,49,12,66,16,49,12,55,14,63,16,50,12,16,18,27,36,19,24,26,14,16,19,22,30,30,31,37,36
2017,7,LVDPA1329,49,19,39,30,61,1,2,3,6,5,10,8,16,3,6,3,6,11,22,15,31,1,3,2,3,2,3,2,3,0,0,3,5,1,0,9,12
2017,7,LVDPA1332,82,46,56,36,44,1,1,7,9,8,10,19,23,7,9,11,13,11,13,18,22,1,4,4,13,4,5,6,9,0,3,4,6,3,6,5,9
2017,7,LVDPA1334,127,60,47,67,53,5,4,6,5,15,12,21,17,22,17,21,17,21,17,16,13,2,5,7,11,13,11,9,2,3,1,8,10,9,10,12,14
2017,7,LVDPA1335,220,116,53,104,47,13,6,22,10,29,13,34,15,29,13,27,12,33,15,33,15,5,13,17,26,16,12,16,11,8,9,12,8,13,15,17,22
2017,7,LVDPA1337,53,25,47,28,53,4,8,4,8,9,17,7,13,5,9,10,19,3,6,11,21,3,2,2,5,2,5,1,5,1,2,7,2,3,5,2,6
2017,7,LVDPA1339,65,35,54,30,46,6,9,8,12,10,15,8,12,13,20,5,8,8,12,7,11,4,7,6,6,4,3,4,1,2,1,4,2,9,2,4,6
2017,7,LVDPA1340,34,14,41,20,59,2,6,0,0,6,18,3,9,5,15,7,21,4,12,7,21,1,0,2,3,2,2,2,2,1,0,4,0,3,5,2,5
2017,7,LVDPA1341,113,64,57,49,43,4,4,16,14,9,8,24,21,18,16,16,14,18,16,8,7,3,11,5,15,9,9,11,1,1,5,4,9,9,7,7,7
2017,7,LVDPA1344,51,24,47,27,53,1,2,8,16,6,12,7,14,9,18,6,12,9,18,5,10,0,4,3,5,3,4,4,1,1,4,3,2,6,2,5,4
2017,7,LVDPA1345,44,23,52,21,48,2,5,3,7,13,30,2,5,6,14,3,7,5,11,10,23,1,2,9,1,2,1,3,4,1,1,4,1,4,2,2,6
2017,7,LVDPA1346,128,56,44,72,56,13,10,11,9,12,9,12,9,17,13,14,11,22,17,27,21,4,4,4,6,10,7,10,11,9,7,8,6,7,7,12,16
2017,7,LVDPA1347,50,23,46,27,54,1,2,4,8,9,18,6,12,5,10,13,26,6,12,6,12,0,2,6,3,2,6,3,1,1,2,3,3,3,7,3,5
2017,7,LVDPA1348,55,27,49,28,51,0,0,5,9,6,11,5,9,6,11,10,18,15,27,8,15,0,1,4,3,5,4,7,3,0,4,2,2,1,6,8,5
2017,7,LVDPA1351,48,21,44,27,56,4,8,3,6,3,6,4,8,7,15,9,19,5,10,13,27,2,1,1,3,4,5,1,4,2,2,2,1,3,4,4,9
2017,7,LVDPA1352,93,45,48,48,52,16,17,13,14,9,10,14,15,7,8,9,10,12,13,13,14,10,4,4,7,5,6,4,5,6,9,5,7,2,3,8,8
2017,7,LVDPA1357,84,33,39,51,61,5,6,10,12,5,6,8,10,12,14,9,11,8,10,27,32,1,3,2,4,7,4,5,7,4,7,3,4,5,5,3,20
2017,7,LVDPA1359,61,30,49,31,51,4,7,0,0,4,7,12,20,3,5,8,13,13,21,17,28,2,0,2,10,1,3,6,6,2,0,2,2,2,5,7,11
2017,7,LVDPA1360,54,24,44,30,56,3,6,10,19,3,6,8,15,9,17,3,6,7,13,11,20,1,4,0,4,6,1,4,4,2,6,3,4,3,2,3,7
2017,7,LVDPA1361,48,21,44,27,56,1,2,5,10,5,10,10,21,9,19,5,10,4,8,9,19,0,2,2,5,5,3,2,2,1,3,3,5,4,2,2,7
2017,7,LVDPA1363,36,22,61,14,39,0,0,0,0,3,8,1,3,0,0,6,17,5,14,21,58,0,0,2,1,0,4,3,12,0,0,1,0,0,2,2,9
2017,7,LVDPA1364,53,25,47,28,53,3,6,6,11,8,15,4,8,9,17,9,17,4,8,10,19,0,1,7,2,4,6,2,3,3,5,1,2,5,3,2,7
2017,7,LVDPA1366,46,21,46,25,54,2,4,2,4,5,11,9,20,10,22,10,22,2,4,6,13,0,0,3,5,4,6,1,2,2,2,2,4,6,4,1,4
2017,7,LVDPA1368,134,74,55,60,45,3,2,6,4,5,4,12,9,9,7,14,10,26,19,59,44,3,4,3,6,6,6,15,31,0,2,2,6,3,8,11,28
2017,7,LVDPA1369,328,155,47,173,53,26,8,34,10,39,12,35,11,54,16,29,9,49,15,62,19,12,17,21,11,26,14,23,31,14,17,18,24,28,15,26,31
2017,7,LVDPA1370,60,33,55,27,45,6,10,4,7,7,12,9,15,8,13,5,8,6,10,15,25,4,4,4,5,5,1,4,6,2,0,3,4,3,4,2,9
2017,7,LVDPA1371,40,19,48,21,53,1,3,3,8,6,15,2,5,10,25,5,13,5,13,8,20,0,0,5,1,5,2,3,3,1,3,1,1,5,3,2,5
2017,7,LVDPA1372,1190,522,44,668,56,132,11,109,9,86,7,169,14,194,16,121,10,124,10,255,21,71,52,45,87,90,52,50,75,61,57,41,82,104,69,74,180
2017,7,LVDPA1373,263,140,53,123,47,8,3,23,9,101,38,51,19,26,10,16,6,19,7,19,7,5,14,59,28,11,7,9,7,3,9,42,23,15,9,10,12
2017,7,LVDPA1374,65,31,48,34,52,7,11,5,8,8,12,10,15,9,14,10,15,7,11,9,14,4,4,5,4,5,3,3,3,3,1,3,6,4,7,4,6
2017,7,LVDPA1375,142,71,50,71,50,8,6,6,4,7,5,21,15,17,12,24,17,21,15,38,27,5,2,3,17,11,12,8,13,3,4,4,4,6,12,13,25
2017,7,LVDPA1379,55,22,40,33,60,5,9,8,15,6,11,8,15,6,11,5,9,6,11,11,20,4,4,1,3,4,2,1,3,1,4,5,5,2,3,5,8
2017,7,LVDPA1381,54,30,56,24,44,5,9,3,6,7,13,10,19,6,11,6,11,6,11,11,20,2,2,5,7,1,4,4,5,3,1,2,3,5,2,2,6
2017,7,LVDPA1384,147,69,47,78,53,9,6,12,8,16,11,19,13,21,14,24,16,27,18,19,13,8,4,5,11,9,14,13,5,1,8,11,8,12,10,14,14
2017,7,LVDPA1385,42,21,50,21,50,1,2,1,2,4,10,4,10,6,14,7,17,9,21,10,24,0,0,2,4,4,4,5,2,1,1,2,0,2,3,4,8
2017,7,LVDPA1386,48,24,50,24,50,2,4,5,10,5,10,2,4,2,4,9,19,4,8,19,40,1,2,4,2,1,6,4,4,1,3,1,0,1,3,0,15
2017,7,LVDPA1387,64,26,41,38,59,3,5,8,13,7,11,9,14,7,11,5,8,14,22,11,17,2,5,3,3,5,1,5,2,1,3,4,6,2,4,9,9
2017,7,LVDPA1388,107,49,46,58,54,9,8,12,11,18,17,16,15,9,8,15,14,11,10,17,16,5,5,8,5,6,8,4,8,4,7,10,11,3,7,7,9
2017,7,LVDPA1389,120,50,42,70,58,11,9,13,11,11,9,15,13,13,11,11,9,19,16,27,23,4,6,5,9,8,4,7,7,7,7,6,6,5,7,12,20
2017,7,LVDPA1391,487,305,63,182,37,8,2,12,2,31,6,77,16,74,15,104,21,84,17,97,20,2,6,22,47,44,78,54,52,6,6,9,30,30,26,30,45
2017,7,LVDPA1394,59,29,49,30,51,1,2,4,7,6,10,6,10,8,14,13,22,11,19,10,17,1,3,3,3,4,6,6,3,0,1,3,3,4,7,5,7
2017,7,LVDPA1396,42,18,43,24,57,0,0,2,5,6,14,3,7,11,26,6,14,4,10,10,24,0,2,2,3,4,3,1,3,0,0,4,0,7,3,3,7
2017,7,LVDPA1397,121,69,57,52,43,14,12,16,13,11,9,18,15,19,16,18,15,8,7,17,14,10,9,10,11,10,8,4,7,4,7,1,7,9,10,4,10
2017,7,LVDPA1399,232,106,46,126,54,4,2,8,3,12,5,10,4,17,7,22,9,32,14,127,55,2,4,5,5,7,8,20,55,2,4,7,5,10,14,12,72
2017,7,LVDPA1401,69,33,48,36,52,5,7,5,7,7,10,4,6,9,13,13,19,11,16,15,22,3,3,3,3,4,9,3,5,2,2,4,1,5,4,8,10
2017,7,LVDPA1404,156,81,52,75,48,6,4,18,12,13,8,25,16,17,11,23,15,30,19,24,15,5,8,7,15,6,12,19,9,1,10,6,10,11,11,11,15
2017,7,LVDPA1405,68,32,47,36,53,5,7,5,7,8,12,16,24,7,10,9,13,7,10,11,16,2,2,3,9,4,4,2,6,3,3,5,7,3,5,5,5
2017,7,LVDPA1408,48,27,56,21,44,1,2,3,6,5,10,7,15,9,19,10,21,7,15,6,13,1,2,2,6,4,6,3,3,0,1,3,1,5,4,4,3
2017,7,LVDPA1410,83,42,51,41,49,8,10,4,5,13,16,12,14,6,7,16,19,16,19,8,10,3,2,5,8,5,8,9,2,5,2,8,4,1,8,7,6
2017,7,LVDPA1412,56,28,50,28,50,0,0,4,7,9,16,7,13,9,16,8,14,9,16,10,18,0,3,3,5,4,6,3,4,0,1,6,2,5,2,6,6
2017,7,LVDPA1413,100,45,45,55,55,8,8,4,4,12,12,21,21,8,8,20,20,8,8,19,19,4,0,6,11,5,6,5,8,4,4,6,10,3,14,3,11
2017,7,LVDPA1415,71,33,46,38,54,6,8,8,11,9,13,7,10,10,14,7,10,11,15,13,18,4,4,3,5,6,3,5,3,2,4,6,2,4,4,6,10
2017,7,LVDPA1416,94,45,48,49,52,0,0,1,1,1,1,5,5,12,13,18,19,31,33,26,28,0,1,1,2,9,11,14,7,0,0,0,3,3,7,17,19
2017,7,LVDPA1419,64,28,44,36,56,5,8,6,9,10,16,7,11,8,13,8,13,9,14,11,17,3,1,4,2,5,2,5,6,2,5,6,5,3,6,4,5
2017,7,LVDPA1420,87,36,41,51,59,0,0,0,0,0,0,0,0,1,1,3,3,6,7,77,89,0,0,0,0,1,2,5,28,0,0,0,0,0,1,1,49
2017,7,LVDPA1423,41,22,54,19,46,1,2,2,5,4,10,6,15,2,5,6,15,6,15,14,34,1,2,3,3,2,4,3,4,0,0,1,3,0,2,3,10
2017,7,LVDPA1424,210,85,40,125,60,7,3,12,6,12,6,13,6,9,4,9,4,21,10,127,60,4,4,6,7,6,4,12,42,3,8,6,6,3,5,9,85
2017,7,LVDPA1425,36,18,50,18,50,2,6,3,8,5,14,4,11,6,17,5,14,3,8,8,22,1,2,3,3,3,3,1,2,1,1,2,1,3,2,2,6
2017,7,LVDPA1428,76,40,53,36,47,6,8,12,16,7,9,11,14,15,20,4,5,7,9,14,18,1,9,4,4,9,3,4,6,5,3,3,7,6,1,3,8
2017,7,LVDPA1429,64,27,42,37,58,7,11,6,9,10,16,5,8,10,16,8,13,8,13,10,16,2,3,3,2,6,3,4,4,5,3,7,3,4,5,4,6
2017,7,LVDPA1431,53,25,47,28,53,5,9,8,15,9,17,7,13,6,11,3,6,4,8,11,21,3,3,3,2,5,3,1,5,2,5,6,5,1,0,3,6
2017,7,LVDPA1434,58,30,52,28,48,5,9,3,5,8,14,7,12,8,14,9,16,2,3,16,28,4,2,4,6,4,5,1,4,1,1,4,1,4,4,1,12
2017,7,LVDPA1435,66,37,56,29,44,3,5,8,12,8,12,6,9,16,24,11,17,7,11,7,11,2,5,6,4,9,6,3,2,1,3,2,2,7,5,4,5
2017,7,LVDPA1441,63,33,52,30,48,7,11,5,8,8,13,6,10,15,24,5,8,6,10,11,17,5,3,4,5,9,3,2,2,2,2,4,1,6,2,4,9
2017,7,LVDPA1443,145,91,63,54,37,1,1,5,3,7,5,13,9,21,14,28,19,39,27,31,21,1,2,5,11,15,16,25,16,0,3,2,2,6,12,14,15
2017,7,LVDPA1445,56,35,63,21,38,8,14,5,9,9,16,10,18,6,11,6,11,6,11,6,11,5,5,5,7,4,3,3,3,3,0,4,3,2,3,3,3
2017,7,LVDPA1446,56,23,41,33,59,3,5,5,9,9,16,11,20,8,14,6,11,6,11,8,14,0,2,4,7,5,2,2,1,3,3,5,4,3,4,4,7
2017,7,LVDPA1447,47,20,43,27,57,7,15,6,13,12,26,7,15,3,6,3,6,6,13,3,6,0,3,6,5,1,2,2,1,7,3,6,2,2,1,4,2
2017,7,LVDPA1449,48,22,46,26,54,4,8,2,4,2,4,6,13,4,8,11,23,9,19,10,21,2,1,2,3,2,5,4,3,2,1,0,3,2,6,5,7
2017,7,LVDPA1450,67,26,39,41,61,6,9,8,12,5,7,16,24,6,9,13,19,4,6,9,13,3,1,1,9,1,7,2,2,3,7,4,7,5,6,2,7
2017,7,LVDPA1451,26,12,46,14,54,0,0,2,8,0,0,0,0,2,8,1,4,5,19,16,62,0,0,0,0,1,1,5,5,0,2,0,0,1,0,0,11
2017,7,LVDPA1452,48,25,52,23,48,5,10,7,15,4,8,10,21,4,8,7,15,6,13,5,10,1,6,2,5,0,4,4,3,4,1,2,5,4,3,2,2
2017,7,LVDPA1453,64,18,28,46,72,3,5,4,6,2,3,4,6,3,5,3,5,4,6,41,64,1,0,2,1,1,1,2,10,2,4,0,3,2,2,2,31
2017,7,LVDPA1454,115,54,47,61,53,4,3,16,14,17,15,18,16,19,17,16,14,13,11,12,10,3,9,6,9,11,8,5,3,1,7,11,9,8,8,8,9
2017,7,LVDPA1456,38,22,58,16,42,0,0,1,3,18,47,2,5,3,8,4,11,6,16,4,11,0,0,11,1,3,2,3,2,0,1,7,1,0,2,3,2
2017,7,LVDPA1457,51,19,37,32,63,0,0,2,4,8,16,4,8,5,10,8,16,9,18,15,29,0,0,3,3,1,3,3,6,0,2,5,1,4,5,6,9
2017,7,LVDPA1458,62,33,53,29,47,3,5,5,8,11,18,6,10,10,16,7,11,10,16,10,16,1,4,7,6,4,3,5,3,2,1,4,0,6,4,5,7
2017,7,LVDPA1462,70,29,41,41,59,9,13,11,16,11,16,7,10,4,6,8,11,5,7,15,21,4,2,5,3,2,5,1,7,5,9,6,4,2,3,4,8
2017,7,LVDPA1467,83,41,49,42,51,5,6,1,1,1,1,3,4,4,5,3,4,9,11,57,69,1,1,1,1,4,3,6,24,4,0,0,2,0,0,3,33
2017,7,LVDPA1468,68,28,41,40,59,7,10,6,9,13,19,10,15,11,16,7,10,7,10,7,10,4,2,6,2,4,3,4,3,3,4,7,8,7,4,3,4
2017,7,LVDPA1469,146,68,47,78,53,13,9,11,8,24,16,23,16,16,11,32,22,10,7,17,12,8,6,17,13,8,11,4,1,5,5,7,10,8,21,6,16
2017,7,LVDPA1472,56,30,54,26,46,1,2,8,14,4,7,8,14,4,7,14,25,8,14,9,16,1,5,4,6,2,6,4,2,0,3,0,2,2,8,4,7
2017,7,LVDPA1473,54,26,48,28,52,3,6,5,9,5,9,10,19,3,6,13,24,10,19,5,9,2,3,2,6,2,5,4,2,1,2,3,4,1,8,6,3
2017,7,LVDPA1475,407,209,51,198,49,33,8,45,11,22,5,45,11,71,17,56,14,58,14,77,19,17,22,11,27,35,30,33,34,16,23,11,18,36,26,25,43
2017,7,LVDPA1476,449,234,52,215,48,11,2,41,9,46,10,53,12,69,15,65,14,62,14,102,23,9,24,27,29,34,37,34,40,2,17,19,24,35,28,28,62
2017,7,LVDPA1477,1083,561,52,522,48,64,6,111,10,108,10,138,13,192,18,156,14,159,15,155,14,34,60,49,79,107,80,86,66,30,51,59,59,85,76,73,89
2017,7,LVDPA1478,94,53,56,41,44,2,2,1,1,2,2,12,13,7,7,16,17,11,12,43,46,2,1,1,7,4,9,7,22,0,0,1,5,3,7,4,21
2017,7,LVDPA1479,605,295,49,310,51,45,7,82,14,71,12,55,9,98,16,131,22,80,13,43,7,27,44,32,24,43,70,40,15,18,38,39,31,55,61,40,28
2017,7,LVDPA1480,241,122,51,119,49,15,6,8,3,18,7,8,3,42,17,31,13,39,16,80,33,8,5,6,7,24,19,18,35,7,3,12,1,18,12,21,45
2017,7,LVDPA1481,87,41,47,46,53,2,2,3,3,7,8,11,13,8,9,19,22,16,18,21,24,2,1,5,5,3,7,11,7,0,2,2,6,5,12,5,14
2017,7,LVDPA1482,571,291,51,280,49,61,11,85,15,59,10,68,12,112,20,87,15,48,8,51,9,29,55,31,38,51,45,23,19,32,30,28,30,61,42,25,32
2017,7,LVDPA1483,77,38,49,39,51,1,1,3,4,6,8,8,10,7,9,16,21,17,22,19,25,1,1,2,3,6,9,12,4,0,2,4,5,1,7,5,15
2017,7,LVDPA1484,175,91,52,84,48,22,13,23,13,11,6,30,17,22,13,20,11,15,9,32,18,11,14,6,14,15,7,11,13,11,9,5,16,7,13,4,19
2017,7,LVDPA1485,301,173,57,128,43,6,2,12,4,25,8,44,15,52,17,52,17,47,16,63,21,3,7,13,26,28,33,28,35,3,5,12,18,24,19,19,28
2017,7,LVDPA1486,117,57,49,60,51,8,7,5,4,9,8,18,15,17,15,12,10,20,17,28,24,5,1,4,10,10,6,10,11,3,4,5,8,7,6,10,17
2017,7,LVDPA1487,138,75,54,63,46,12,9,17,12,15,11,18,13,17,12,18,13,13,9,28,20,6,10,8,11,8,12,8,12,6,7,7,7,9,6,5,16
2017,7,LVDPA1488,276,133,48,143,52,15,5,25,9,29,11,28,10,50,18,33,12,35,13,61,22,8,12,12,12,24,20,17,28,7,13,17,16,26,13,18,33
2017,7,LVDPA1489,116,59,51,57,49,12,10,9,8,8,7,17,15,11,9,21,18,20,17,18,16,9,4,3,9,5,10,11,8,3,5,5,8,6,11,9,10
2017,7,LVDPA1490,203,113,56,90,44,2,1,10,5,16,8,26,13,32,16,33,16,37,18,47,23,1,7,9,16,14,19,25,22,1,3,7,10,18,14,12,25
2017,7,LVDPA1491,276,143,52,133,48,34,12,34,12,23,8,56,20,61,22,32,12,21,8,15,5,21,13,14,30,30,16,11,8,13,21,9,26,31,16,10,7
2017,7,LVDPA1492,70,33,47,37,53,5,7,6,9,3,4,9,13,9,13,6,9,10,14,22,31,1,4,0,3,5,3,5,12,4,2,3,6,4,3,5,10
2017,7,LVDPA1493,100,48,48,52,52,10,10,11,11,5,5,10,10,16,16,10,10,16,16,22,22,3,5,1,5,10,5,8,11,7,6,4,5,6,5,8,11
2017,7,LVDPA1494,122,55,45,67,55,11,9,5,4,12,10,19,16,18,15,17,14,13,11,27,22,5,3,7,8,10,8,5,9,6,2,5,11,8,9,8,18
2017,7,LVDPA1495,49,20,41,29,59,0,0,1,2,7,14,6,12,4,8,13,27,8,16,10,20,0,1,2,1,2,7,5,2,0,0,5,5,2,6,3,8
2017,7,LVDPA1496,135,67,50,68,50,17,13,13,10,13,10,17,13,29,21,19,14,18,13,9,7,8,8,5,8,16,12,5,5,9,5,8,9,13,7,13,4
2017,7,LVDPA1497,95,54,57,41,43,9,9,11,12,10,11,5,5,20,21,12,13,16,17,12,13,7,7,6,3,11,5,9,6,2,4,4,2,9,7,7,6
2017,7,LVDPA1498,157,75,48,82,52,10,6,14,9,15,10,24,15,29,18,19,12,21,13,25,16,5,6,7,12,17,7,10,11,5,8,8,12,12,12,11,14
2017,7,LVDPA1499,281,147,52,134,48,41,15,34,12,19,7,43,15,53,19,41,15,31,11,19,7,25,15,7,19,30,26,15,10,16,19,12,24,23,15,16,9
2017,7,LVDPA1500,139,65,47,74,53,20,14,17,12,8,6,18,13,25,18,17,12,12,9,22,16,8,10,4,10,13,10,5,5,12,7,4,8,12,7,7,17
2017,7,LVDPA1501,66,34,52,32,48,2,3,6,9,10,15,9,14,14,21,16,24,6,9,3,5,0,4,4,5,8,9,2,2,2,2,6,4,6,7,4,1
2017,7,LVDPA1502,269,130,48,139,52,27,10,43,16,27,10,44,16,51,19,34,13,25,9,18,7,13,20,14,21,27,20,12,3,14,23,13,23,24,14,13,15
2017,7,LVDPA1503,216,103,48,113,52,25,12,23,11,31,14,24,11,27,13,41,19,19,9,26,12,13,17,12,11,9,20,10,11,12,6,19,13,18,21,9,15
2017,7,LVDPA1504,62,37,60,25,40,5,8,4,6,5,8,11,18,6,10,10,16,12,19,9,15,4,3,3,6,4,5,8,4,1,1,2,5,2,5,4,5
2017,7,LVDPA1505,150,82,55,68,45,12,8,11,7,13,9,18,12,26,17,25,17,16,11,29,19,9,4,9,10,12,15,8,15,3,7,4,8,14,10,8,14
2017,7,LVDPA1506,184,85,46,99,54,16,9,20,11,12,7,32,17,20,11,24,13,21,11,39,21,7,6,7,19,11,9,9,17,9,14,5,13,9,15,12,22
2017,7,LVDPA1507,135,69,51,66,49,8,6,15,11,9,7,17,13,25,19,20,15,22,16,19,14,4,8,7,6,14,9,13,8,4,7,2,11,11,11,9,11
2017,7,LVDPA1508,178,90,51,88,49,32,18,34,19,10,6,19,11,44,25,18,10,11,6,10,6,17,14,4,10,20,12,7,6,15,20,6,9,24,6,4,4
2017,7,LVDPA1509,75,42,56,33,44,11,15,7,9,9,12,6,8,15,20,8,11,8,11,11,15,9,4,5,3,8,5,4,4,2,3,4,3,7,3,4,7
2017,7,LVDPA1510,49,24,49,25,51,2,4,7,14,4,8,3,6,12,24,5,10,7,14,9,18,2,2,1,2,7,2,4,4,0,5,3,1,5,3,3,5
2017,7,LVDPA1511,184,104,57,80,43,14,8,18,10,14,8,33,18,25,14,26,14,34,18,20,11,7,14,8,19,14,13,20,9,7,4,6,14,11,13,14,11
2017,7,LVDPA1512,123,58,47,65,53,15,12,9,7,12,10,15,12,21,17,17,14,14,11,20,16,5,7,7,7,11,6,7,8,10,2,5,8,10,11,7,12
2017,7,LVDPA1513,188,96,51,92,49,32,17,30,16,19,10,23,12,41,22,28,15,6,3,9,5,14,18,14,10,19,17,2,2,18,12,5,13,22,11,4,7
2017,7,LVDPA1514,106,42,40,64,60,15,14,18,17,16,15,14,13,18,17,11,10,3,3,11,10,5,7,5,7,10,4,1,3,10,11,11,7,8,7,2,8
2017,7,LVDPA1515,234,118,50,116,50,38,16,38,16,26,11,29,12,52,22,21,9,16,7,14,6,15,19,20,14,26,10,7,7,23,19,6,15,26,11,9,7
2017,7,LVDPA1516,71,44,62,27,38,8,11,5,7,5,7,7,10,16,23,11,15,10,14,9,13,4,5,2,4,11,10,6,2,4,0,3,3,5,1,4,7
2017,7,LVDPA1517,68,36,53,32,47,6,9,9,13,6,9,11,16,10,15,10,15,10,15,6,9,3,5,4,6,4,6,5,3,3,4,2,5,6,4,5,3
2017,7,LVDPA1518,71,37,52,34,48,7,10,12,17,6,8,7,10,12,17,10,14,6,8,11,15,4,7,2,5,6,6,4,3,3,5,4,2,6,4,2,8
2017,7,LVDPA1519,52,28,54,24,46,6,12,5,10,4,8,16,31,3,6,7,13,5,10,6,12,5,4,3,8,2,2,3,1,1,1,1,8,1,5,2,5
2017,7,LVDPA1520,61,32,52,29,48,5,8,5,8,5,8,5,8,10,16,11,18,5,8,15,25,4,1,3,3,5,6,4,6,1,4,2,2,5,5,1,9
2017,7,LVDPA1521,46,25,54,21,46,1,2,3,7,9,20,6,13,7,15,7,15,10,22,3,7,0,2,7,2,4,4,5,1,1,1,2,4,3,3,5,2
2017,7,LVDPA1522,56,27,48,29,52,4,7,3,5,4,7,8,14,11,20,9,16,8,14,9,16,2,1,1,4,6,5,4,4,2,2,3,4,5,4,4,5
2017,7,LVDPA1523,117,62,53,55,47,12,10,18,15,13,11,12,10,29,25,13,11,7,6,13,11,6,11,9,6,16,5,2,7,6,7,4,6,13,8,5,6
2017,7,LVDPA1524,36,17,47,19,53,0,0,4,11,2,6,5,14,6,17,5,14,8,22,6,17,0,2,0,3,5,3,3,1,0,2,2,2,1,2,5,5
2017,7,LVDPA1525,130,67,52,63,48,3,2,8,6,13,10,14,11,20,15,21,16,22,17,29,22,2,5,8,6,13,7,11,15,1,3,5,8,7,14,11,14
2017,7,LVDPA1526,61,29,48,32,52,3,5,9,15,7,11,14,23,6,10,9,15,9,15,4,7,3,2,3,8,3,4,5,1,0,7,4,6,3,5,4,3
2017,7,LVDPA1527,75,36,48,39,52,7,9,12,16,9,12,9,12,12,16,13,17,2,3,11,15,4,4,4,6,6,7,1,4,3,8,5,3,6,6,1,7
2017,7,LVDPA1528,116,58,50,58,50,29,25,15,13,4,3,21,18,25,22,10,9,3,3,9,8,17,9,1,8,14,5,2,2,12,6,3,13,11,5,1,7
2017,7,LVDPA1529,59,29,49,30,51,0,0,7,12,4,7,6,10,11,19,9,15,8,14,14,24,0,4,3,3,6,6,2,5,0,3,1,3,5,3,6,9
2017,7,LVDPA1530,160,82,51,78,49,26,16,27,17,12,8,15,9,38,24,15,9,16,10,11,7,17,14,5,4,21,6,11,4,9,13,7,11,17,9,5,7
2017,7,LVDPA1531,49,26,53,23,47,5,10,5,10,8,16,6,12,8,16,10,20,5,10,2,4,2,2,6,3,5,5,3,0,3,3,2,3,3,5,2,2
2017,7,LVDPA1532,101,53,52,48,48,8,8,10,10,5,5,18,18,15,15,16,16,15,15,14,14,5,4,4,9,7,12,6,6,3,6,1,9,8,4,9,8
2017,7,LVDPA1533,54,23,43,31,57,2,4,8,15,7,13,5,9,8,15,13,24,4,7,7,13,1,2,5,2,5,6,1,1,1,6,2,3,3,7,3,6
2017,7,LVDPA1534,80,43,54,37,46,16,20,12,15,6,8,17,21,15,19,5,6,3,4,6,8,7,7,6,8,8,4,1,2,9,5,0,9,7,1,2,4
2017,7,LVDPA1535,185,88,48,97,52,7,4,28,15,22,12,13,7,42,23,36,19,18,10,19,10,4,13,12,4,16,21,10,8,3,15,10,9,26,15,8,11
2017,7,LVDPA1536,231,104,45,127,55,48,21,41,18,24,10,34,15,45,19,26,11,5,2,8,3,22,18,13,9,23,14,1,4,26,23,11,25,22,12,4,4
2017,7,LVDPA1537,57,30,53,27,47,7,12,5,9,6,11,7,12,9,16,5,9,10,18,8,14,3,4,4,3,3,4,6,3,4,1,2,4,6,1,4,5
2017,7,LVDPA1538,52,21,40,31,60,6,12,7,13,7,13,10,19,8,15,5,10,3,6,6,12,4,2,3,4,4,2,2,0,2,5,4,6,4,3,1,6
2017,7,LVDPA1539,76,37,49,39,51,13,17,2,3,10,13,9,12,4,5,11,14,17,22,10,13,10,1,3,4,2,6,7,4,3,1,7,5,2,5,10,6
2017,7,LVDPA1540,73,37,51,36,49,6,8,6,8,3,4,8,11,19,26,4,5,7,10,20,27,4,3,0,4,11,1,4,10,2,3,3,4,8,3,3,10
2017,7,LVDPA1541,48,23,48,25,52,3,6,4,8,6,13,10,21,2,4,8,17,6,13,9,19,2,1,5,5,1,4,3,2,1,3,1,5,1,4,3,7
2017,7,LVDPA1542,80,36,45,44,55,8,10,17,21,10,13,4,5,21,26,15,19,4,5,1,1,3,8,4,2,10,6,3,0,5,9,6,2,11,9,1,1
2017,7,LVDPA1543,45,26,58,19,42,1,2,2,4,5,11,8,18,5,11,9,20,7,16,8,18,1,2,3,5,4,5,3,3,0,0,2,3,1,4,4,5
2017,7,LVDPA1544,62,27,44,35,56,1,2,5,8,9,15,8,13,5,8,14,23,10,16,10,16,1,1,4,3,3,7,4,4,0,4,5,5,2,7,6,6
2017,7,LVDPA1545,66,35,53,31,47,8,12,8,12,12,18,9,14,16,24,3,5,7,11,3,5,6,5,5,5,10,3,1,0,2,3,7,4,6,0,6,3
2017,7,LVDPA1546,54,24,44,30,56,3,6,2,4,13,24,10,19,5,9,10,19,7,13,4,7,1,0,4,8,1,6,4,0,2,2,9,2,4,4,3,4
2017,7,LVDPA1547,85,37,44,48,56,14,16,4,5,6,7,19,22,15,18,10,12,8,9,9,11,3,3,2,11,8,2,4,4,11,1,4,8,7,8,4,5
2017,7,LVDPA1548,65,28,43,37,57,4,6,7,11,9,14,6,9,8,12,10,15,7,11,14,22,1,3,6,3,2,5,5,3,3,4,3,3,6,5,2,11
2017,7,LVDPA1549,38,17,45,21,55,3,8,7,18,6,16,0,0,8,21,2,5,6,16,6,16,1,3,4,0,4,1,4,0,2,4,2,0,4,1,2,6
2017,7,LVDPA1550,49,26,53,23,47,12,24,5,10,9,18,4,8,6,12,4,8,2,4,7,14,9,4,4,2,1,2,1,3,3,1,5,2,5,2,1,4
2017,7,LVDPA1551,60,31,52,29,48,10,17,7,12,7,12,12,20,9,15,5,8,6,10,4,7,6,4,5,6,2,4,3,1,4,3,2,6,7,1,3,3
2017,7,LVDPA1552,78,41,53,37,47,7,9,12,15,7,9,13,17,10,13,11,14,12,15,6,8,5,7,3,9,4,6,5,2,2,5,4,4,6,5,7,4
2017,7,LVDPA1553,51,25,49,26,51,5,10,9,18,9,18,3,6,10,20,4,8,4,8,7,14,2,6,2,2,6,3,1,3,3,3,7,1,4,1,3,4
2017,7,LVDPA1554,54,26,48,28,52,3,6,4,7,14,26,5,9,9,17,10,19,3,6,6,11,1,2,7,3,3,5,1,4,2,2,7,2,6,5,2,2
2017,7,LVDPA1555,60,29,48,31,52,0,0,2,3,4,7,8,13,6,10,8,13,12,20,20,33,0,1,2,5,4,3,6,8,0,1,2,3,2,5,6,12
2017,7,LVDPA1556,116,57,49,59,51,11,9,18,16,9,8,13,11,27,23,17,15,17,15,4,3,5,10,5,4,12,9,11,1,6,8,4,9,15,8,6,3
2017,7,LVDPA1557,73,38,52,35,48,4,5,15,21,7,10,6,8,15,21,9,12,6,8,11,15,2,10,4,3,5,6,3,5,2,5,3,3,10,3,3,6
2017,7,LVDPA1558,52,27,52,25,48,5,10,8,15,15,29,5,10,7,13,7,13,4,8,1,2,1,4,9,2,3,6,2,0,4,4,6,3,4,1,2,1
2017,7,LVDPA1559,47,21,45,26,55,6,13,6,13,11,23,3,6,8,17,5,11,3,6,5,11,4,3,5,1,4,2,2,0,2,3,6,2,4,3,1,5
2017,7,LVDPA1560,55,29,53,26,47,8,15,8,15,3,5,7,13,9,16,6,11,9,16,5,9,5,5,1,4,3,4,5,2,3,3,2,3,6,2,4,3
2017,7,LVDPA1561,55,31,56,24,44,5,9,8,15,7,13,6,11,12,22,7,13,7,13,3,5,3,5,4,4,5,4,4,2,2,3,3,2,7,3,3,1
2017,7,LVDPA1562,49,25,51,24,49,5,10,4,8,12,24,5,10,5,10,9,18,4,8,5,10,1,1,9,3,2,5,1,3,4,3,3,2,3,4,3,2
2017,7,LVDPA1563,19,9,47,10,53,0,0,3,16,0,0,3,16,1,5,6,32,3,16,3,16,0,0,0,2,0,4,2,1,0,3,0,1,1,2,1,2
2017,7,LVDPA1564,44,21,48,23,52,5,11,0,0,11,25,3,7,9,20,7,16,1,2,8,18,1,0,7,3,3,4,0,3,4,0,4,0,6,3,1,5
2017,7,LVDPA1565,68,33,49,35,51,10,15,7,10,5,7,18,26,8,12,10,15,7,10,3,4,5,5,1,9,4,5,3,1,5,2,4,9,4,5,4,2
2017,7,LVDPA1566,75,30,40,45,60,4,5,4,5,10,13,6,8,9,12,9,12,8,11,25,33,0,1,3,3,6,4,3,10,4,3,7,3,3,5,5,15
2017,7,LVDPA1567,40,13,33,27,68,4,10,1,3,3,8,6,15,4,10,12,30,4,10,6,15,0,0,1,3,1,6,2,0,4,1,2,3,3,6,2,6
2017,7,LVDPA1568,64,29,45,35,55,5,8,11,17,7,11,8,13,11,17,11,17,4,6,7,11,4,4,3,4,6,6,2,0,1,7,4,4,5,5,2,7
2017,7,LVDPA1569,45,24,53,21,47,5,11,5,11,12,27,5,11,4,9,6,13,4,9,4,9,3,2,6,4,2,3,2,2,2,3,6,1,2,3,2,2
2017,7,LVDPA1570,76,34,45,42,55,8,11,14,18,8,11,7,9,11,14,16,21,10,13,2,3,3,7,6,3,2,8,4,1,5,7,2,4,9,8,6,1
2017,7,LVDPA1571,34,17,50,17,50,1,3,4,12,9,26,6,18,7,21,4,12,3,9,0,0,1,0,5,4,4,2,1,0,0,4,4,2,3,2,2,0
2018,0,LV,1934379,889641,46,1044738,54,146301,8,158990,8,179823,9,271520,14,253953,13,265093,14,269843,14,388856,20,75742,81624,92361,139428,126415,126604,119599,127868,70559,77366,87462,132092,127538,138489,150244,260988
2018,1,LV003,242997,112614,46,130383,54,17776,7,20722,9,25809,11,31139,13,28964,12,33431,14,34238,14,50918,21,9161,10628,13325,16367,14456,16067,15529,17081,8615,10094,12484,14772,14508,17364,18709,33837
2018,1,LV005,264770,122382,46,142388,54,16455,6,19784,7,25641,10,31950,12,31118,12,40611,15,41854,16,57357,22,8505,10170,13338,17164,15681,19804,19129,18591,7950,9614,12303,14786,15437,20807,22725,38766
2018,1,LV006,637825,283268,44,354557,56,49073,8,49014,8,52112,8,99555,16,89947,14,81919,13,86974,14,129231,20,25437,25153,26378,48657,43466,37395,36052,40730,23636,23861,25734,50898,46481,44524,50922,88501
2018,1,LV007,367430,173195,47,194235,53,32042,9,34572,9,33300,9,50987,14,53391,15,49796,14,47040,13,66302,18,16580,17786,17106,26046,26760,24583,21501,22833,15462,16786,16194,24941,26631,25213,25539,43469
2018,1,LV008,188470,88368,47,100102,53,13305,7,15023,8,19763,10,25407,13,21319,11,26909,14,26977,14,39767,21,6934,7804,10256,13693,10941,12896,12491,13353,6371,7219,9507,11714,10378,14013,14486,26414
2018,1,LV009,232883,109811,47,123072,53,17650,8,19875,9,23198,10,32480,14,29213,13,32427,14,32759,14,45281,19,9125,10083,11958,17499,15110,15859,14897,15280,8525,9792,11240,14981,14103,16568,17862,30001
2018,1,UNK,5,,,,,,,,,,,,,,,,,,,,,,,,,,,,,,,,,,,,
2018,3,0010000,637825,283268,44,354557,56,49073,8,49014,8,52112,8,99555,16,89947,14,81919,13,86974,14,129231,20,25437,25153,26378,48657,43466,37395,36052,40730,23636,23861,25734,50898,46481,44524,50922,88501
2018,3,0050000,83185,36964,44,46221,56,5956,7,6501,8,7017,8,10012,12,10189,12,12609,15,12544,15,18357,22,3140,3374,3588,5122,4902,5911,5276,5651,2816,3127,3429,4890,5287,6698,7268,12706
2018,3,0090000,56475,25678,45,30797,55,5048,9,5165,9,5201,9,8247,15,7744,14,7331,13,7302,13,10437,18,2631,2590,2560,4170,3851,3442,3072,3362,2417,2575,2641,4077,3893,3889,4230,7075
2018,3,0110000,22186,10123,46,12063,54,1596,7,1936,9,2130,10,3027,14,2823,13,3157,14,3203,14,4314,19,803,962,1099,1609,1434,1463,1396,1357,793,974,1031,1418,1389,1694,1807,2957
2018,3,0130000,49092,22376,46,26716,54,3356,7,3718,8,3838,8,6461,13,6595,13,7031,14,7387,15,10706,22,1712,1926,1984,3248,3189,3418,3271,3628,1644,1792,1854,3213,3406,3613,4116,7078
2018,3,0170000,69202,30767,44,38435,56,5642,8,6215,9,6964,10,8766,13,8558,12,9240,13,9219,13,14598,21,2945,3188,3566,4264,4101,4268,3929,4506,2697,3027,3398,4502,4457,4972,5290,10092
2018,3,0210000,28154,12367,44,15787,56,1942,7,2420,9,2626,9,3316,12,3574,13,4011,14,4470,16,5795,21,1006,1261,1377,1632,1655,1797,1903,1736,936,1159,1249,1684,1919,2214,2567,4059
2018,3,0250000,23069,10138,44,12931,56,1999,9,1975,9,2158,9,3230,14,2741,12,3082,13,3078,13,4806,21,1053,1032,1076,1500,1290,1338,1269,1580,946,943,1082,1730,1451,1744,1809,3226
2018,3,0270000,34844,15637,45,19207,55,2443,7,2839,8,3356,10,4104,12,4369,13,4994,14,5027,14,7712,22,1265,1448,1653,2105,2063,2372,2196,2535,1178,1391,1703,1999,2306,2622,2831,5177
2018,3,0320200,8130,3697,45,4433,55,577,7,638,8,751,9,1093,13,1001,12,1101,14,1288,16,1681,21,337,325,376,570,518,489,538,544,240,313,375,523,483,612,750,1137
2018,3,0321000,5257,2581,49,2676,51,329,6,417,8,545,10,717,14,618,12,762,14,789,15,1080,21,173,221,277,389,351,400,403,367,156,196,268,328,267,362,386,713
2018,3,0321400,5033,2405,48,2628,52,341,7,336,7,542,11,640,13,542,11,748,15,746,15,1138,23,173,163,295,379,297,368,355,375,168,173,247,261,245,380,391,763
2018,3,0326100,5017,2406,48,2611,52,377,8,420,8,548,11,718,14,557,11,729,15,691,14,977,19,190,204,303,411,282,365,324,327,187,216,245,307,275,364,367,650
2018,3,0327100,3447,1734,50,1713,50,180,5,190,6,372,11,477,14,358,10,561,16,574,17,735,21,98,99,206,274,198,299,294,266,82,91,166,203,160,262,280,469
2018,3,0328200,3367,1584,47,1783,53,226,7,258,8,295,9,451,13,384,11,447,13,500,15,806,24,123,129,140,245,202,236,234,275,103,129,155,206,182,211,266,531
2018,3,0360200,14468,6685,46,7783,54,894,6,1162,8,1684,12,1748,12,1512,10,2223,15,2142,15,3103,21,468,583,861,921,765,1059,1011,1017,426,579,823,827,747,1164,1131,2086
2018,3,0360800,3344,1641,49,1703,51,235,7,247,7,386,12,439,13,374,11,485,15,467,14,711,21,128,128,203,265,204,235,250,228,107,119,183,174,170,250,217,483
2018,3,0380200,12115,5680,47,6435,53,766,6,918,8,1303,11,1489,12,1269,10,1878,16,1937,16,2555,21,412,503,679,797,649,927,881,832,354,415,624,692,620,951,1056,1723
2018,3,0381600,4727,2292,48,2435,52,219,5,312,7,553,12,539,11,531,11,743,16,766,16,1064,23,117,165,297,316,300,383,393,321,102,147,256,223,231,360,373,743
2018,3,0384400,1002,495,49,507,51,48,5,61,6,120,12,132,13,87,9,182,18,161,16,211,21,28,38,55,82,48,96,81,67,20,23,65,50,39,86,80,144
2018,3,0387500,2158,1050,49,1108,51,113,5,170,8,266,12,298,14,254,12,322,15,308,14,427,20,53,80,144,169,132,183,149,140,60,90,122,129,122,139,159,287
2018,3,0400200,23074,10919,47,12155,53,1641,7,2031,9,2358,10,3200,14,2817,12,3252,14,3404,15,4371,19,856,1025,1206,1769,1449,1586,1523,1505,785,1006,1152,1431,1368,1666,1881,2866
2018,3,0406400,8420,4006,48,4414,52,651,8,800,10,929,11,1169,14,1146,14,1218,14,1085,13,1422,17,323,413,466,626,580,618,503,477,328,387,463,543,566,600,582,945
2018,3,0407700,3406,1649,48,1757,52,289,8,265,8,337,10,481,14,390,11,468,14,500,15,676,20,150,146,169,274,219,225,230,236,139,119,168,207,171,243,270,440
2018,3,0409500,7892,3859,49,4033,51,538,7,656,8,852,11,1075,14,936,12,1127,14,1143,14,1565,20,265,353,449,604,514,570,547,557,273,303,403,471,422,557,596,1008
2018,3,0420200,16507,7337,44,9170,56,1345,8,1397,8,1660,10,2198,13,1992,12,2173,13,2225,13,3517,21,692,715,868,1111,936,949,910,1156,653,682,792,1087,1056,1224,1315,2361
2018,3,0421200,3262,1536,47,1726,53,211,6,244,7,307,9,432,13,418,13,436,13,469,14,745,23,99,126,164,252,233,205,212,245,112,118,143,180,185,231,257,500
2018,3,0424701,4995,2482,50,2513,50,323,6,403,8,568,11,678,14,595,12,708,14,728,15,992,20,167,211,298,384,328,355,371,368,156,192,270,294,267,353,357,624
2018,3,0425700,2084,966,46,1118,54,137,7,156,7,269,13,255,12,228,11,296,14,279,13,464,22,58,66,136,141,141,140,132,152,79,90,133,114,87,156,147,312
2018,3,0427300,7718,3644,47,4074,53,589,8,587,8,816,11,1072,14,856,11,1170,15,1068,14,1560,20,321,306,419,577,429,560,492,540,268,281,397,495,427,610,576,1020
2018,3,0427500,3665,1822,50,1843,50,272,7,299,8,367,10,538,15,401,11,535,15,494,13,759,21,155,151,207,292,222,283,252,260,117,148,160,246,179,252,242,499
2018,3,0427700,3094,1481,48,1613,52,170,5,242,8,315,10,422,14,353,11,459,15,411,13,722,23,81,125,161,236,186,225,204,263,89,117,154,186,167,234,207,459
2018,3,0429300,3608,1816,50,1792,50,208,6,259,7,366,10,547,15,377,10,576,16,530,15,745,21,106,141,185,326,219,284,275,280,102,118,181,221,158,292,255,465
2018,3,0440200,20773,10117,49,10656,51,1015,5,1301,6,1966,9,2471,12,2532,12,3309,16,3480,17,4699,23,533,668,1026,1405,1371,1701,1727,1686,482,633,940,1066,1161,1608,1753,3013
2018,3,0440801,6820,3214,47,3606,53,366,5,436,6,704,10,848,12,689,10,1054,15,1126,17,1597,23,185,224,358,486,344,528,540,549,181,212,346,362,345,526,586,1048
2018,3,0460200,19773,9361,47,10412,53,1447,7,1672,8,2113,11,2686,14,2427,12,2796,14,2807,14,3825,19,726,873,1117,1472,1245,1354,1233,1341,721,799,996,1214,1182,1442,1574,2484
2018,3,0460800,6288,2904,46,3384,54,402,6,534,8,674,11,772,12,671,11,831,13,921,15,1483,24,215,272,344,404,350,402,420,497,187,262,330,368,321,429,501,986
2018,3,0468900,3395,1625,48,1770,52,230,7,241,7,344,10,499,15,358,11,481,14,468,14,774,23,128,125,180,290,193,231,214,264,102,116,164,209,165,250,254,510
2018,3,0500200,20422,9700,47,10722,53,1389,7,1579,8,2265,11,2761,14,2365,12,3000,15,3043,15,4020,20,703,829,1160,1533,1209,1491,1429,1346,686,750,1105,1228,1156,1509,1614,2674
2018,3,0540200,22260,10855,49,11405,51,1443,6,1822,8,2262,10,3163,14,2924,13,3149,14,3202,14,4295,19,746,896,1223,1777,1573,1587,1544,1509,697,926,1039,1386,1351,1562,1658,2786
2018,3,0546701,9866,4698,48,5168,52,1085,11,969,10,890,9,1395,14,1449,15,1237,13,1172,12,1669,17,565,481,452,700,729,638,556,577,520,488,438,695,720,599,616,1092
2018,3,0560200,4420,2192,50,2228,50,267,6,286,6,486,11,638,14,441,10,668,15,688,16,946,21,126,138,261,382,247,341,372,325,141,148,225,256,194,327,316,621
2018,3,0560800,2557,1305,51,1252,49,121,5,170,7,268,10,374,15,259,10,456,18,407,16,502,20,62,100,147,217,145,234,212,188,59,70,121,157,114,222,195,314
2018,3,0561800,3612,1768,49,1844,51,211,6,296,8,386,11,467,13,372,10,558,15,508,14,814,23,106,155,206,276,209,286,245,285,105,141,180,191,163,272,263,529
2018,3,0566900,5607,2791,50,2816,50,417,7,474,8,577,10,722,13,587,10,833,15,849,15,1148,20,198,247,302,405,311,457,445,426,219,227,275,317,276,376,404,722
2018,3,0568700,3401,1671,49,1730,51,234,7,299,9,338,10,469,14,409,12,517,15,512,15,623,18,131,166,180,256,213,268,237,220,103,133,158,213,196,249,275,403
2018,3,0600202,14537,6719,46,7818,54,696,5,998,7,1416,10,1470,10,1521,10,2305,16,2646,18,3485,24,343,477,756,821,761,1131,1220,1210,353,521,660,649,760,1174,1426,2275
2018,3,0601000,6983,3347,48,3636,52,362,5,490,7,777,11,783,11,739,11,1165,17,1126,16,1541,22,168,247,406,451,395,604,552,524,194,243,371,332,344,561,574,1017
2018,3,0604300,3311,1627,49,1684,51,143,4,224,7,371,11,354,11,313,9,547,17,581,18,778,23,68,117,195,198,169,287,311,282,75,107,176,156,144,260,270,496
2018,3,0620200,22633,10651,47,11982,53,1644,7,1946,9,2618,12,3095,14,2763,12,2999,13,3227,14,4341,19,839,1013,1325,1621,1393,1437,1492,1531,805,933,1293,1474,1370,1562,1735,2810
2018,3,0621200,4743,2262,48,2481,52,280,6,375,8,538,11,585,12,537,11,653,14,707,15,1068,23,140,182,282,324,287,342,339,366,140,193,256,261,250,311,368,702
2018,3,0624200,1319,627,48,692,52,93,7,98,7,129,10,190,14,125,9,176,13,239,18,269,20,55,48,62,104,65,93,109,91,38,50,67,86,60,83,130,178
2018,3,0640600,8345,3973,48,4372,52,557,7,734,9,924,11,1030,12,885,11,1142,14,1144,14,1929,23,285,371,495,587,467,548,520,700,272,363,429,443,418,594,624,1229
2018,3,0640801,2681,1329,50,1352,50,187,7,185,7,282,11,330,12,314,12,385,14,373,14,625,23,108,98,149,199,176,178,199,222,79,87,133,131,138,207,174,403
2018,3,0641000,8475,3997,47,4478,53,626,7,767,9,897,11,1062,13,1070,13,1126,13,1129,13,1798,21,309,401,464,561,544,560,502,656,317,366,433,501,526,566,627,1142
2018,3,0641401,2572,1252,49,1320,51,155,6,178,7,251,10,338,13,243,9,408,16,399,16,600,23,85,88,126,187,139,217,207,203,70,90,125,151,104,191,192,397
2018,3,0641600,5200,2507,48,2693,52,330,6,488,9,578,11,657,13,586,11,731,14,758,15,1072,21,164,257,303,371,314,370,372,356,166,231,275,286,272,361,386,716
2018,3,0647900,3209,1582,49,1627,51,162,5,258,8,324,10,413,13,359,11,506,16,459,14,728,23,92,135,176,234,183,252,240,270,70,123,148,179,176,254,219,458
2018,3,0648500,1536,772,50,764,50,81,5,111,7,141,9,194,13,136,9,237,15,250,16,386,25,38,56,84,122,81,124,132,135,43,55,57,72,55,113,118,251
2018,3,0649300,2337,1113,48,1224,52,167,7,200,9,252,11,290,12,248,11,338,14,292,12,550,24,88,103,129,162,133,179,140,179,79,97,123,128,115,159,152,371
2018,3,0660200,16312,7784,48,8528,52,1118,7,1304,8,1680,10,2199,13,1927,12,2282,14,2305,14,3497,21,601,678,860,1173,1022,1137,1087,1226,517,626,820,1026,905,1145,1218,2271
2018,3,0661000,4678,2271,49,2407,51,303,6,381,8,506,11,637,14,506,11,677,14,632,14,1036,22,162,194,274,344,276,349,318,354,141,187,232,293,230,328,314,682
2018,3,0661400,7426,3568,48,3858,52,376,5,531,7,760,10,966,13,854,12,1148,15,1137,15,1654,22,211,276,397,549,439,579,541,576,165,255,363,417,415,569,596,1078
2018,3,0680200,12411,5718,46,6693,54,692,6,865,7,1157,9,1472,12,1555,13,1950,16,1946,16,2774,22,347,435,606,805,777,971,881,896,345,430,551,667,778,979,1065,1878
2018,3,0681000,5382,2512,47,2870,53,295,5,365,7,605,11,672,12,597,11,860,16,810,15,1178,22,132,187,322,377,306,452,378,358,163,178,283,295,291,408,432,820
2018,3,0681801,2762,1326,48,1436,52,141,5,182,7,308,11,330,12,346,13,415,15,422,15,618,22,83,97,162,195,188,197,188,216,58,85,146,135,158,218,234,402
2018,3,0684901,2513,1224,49,1289,51,140,6,175,7,265,11,329,13,280,11,396,16,412,16,516,21,72,80,142,180,169,187,219,175,68,95,123,149,111,209,193,341
2018,3,0700200,22593,10631,47,11962,53,1551,7,1752,8,2462,11,3048,13,2533,11,3242,14,3289,15,4716,21,800,911,1276,1648,1313,1598,1516,1569,751,841,1186,1400,1220,1644,1773,3147
2018,3,0700800,2421,1166,48,1255,52,114,5,173,7,285,12,302,12,268,11,371,15,366,15,542,22,63,92,164,171,132,188,172,184,51,81,121,131,136,183,194,358
2018,3,0701400,2288,1116,49,1172,51,127,6,160,7,241,11,310,14,253,11,348,15,331,14,518,23,71,79,120,194,138,176,164,174,56,81,121,116,115,172,167,344
2018,3,0701800,3133,1474,47,1659,53,170,5,245,8,365,12,429,14,333,11,430,14,433,14,728,23,87,141,195,234,166,216,208,227,83,104,170,195,167,214,225,501
2018,3,0705500,2751,1304,47,1447,53,153,6,194,7,287,10,372,14,247,9,378,14,403,15,717,26,81,96,143,216,142,182,199,245,72,98,144,156,105,196,204,472
2018,3,0740202,33093,15038,45,18055,55,2580,8,3030,9,3055,9,4409,13,4616,14,4265,13,4272,13,6866,21,1269,1553,1544,2325,2294,2041,1783,2229,1311,1477,1511,2084,2322,2224,2489,4637
2018,3,0740600,9648,4594,48,5054,52,1054,11,1135,12,823,9,1293,13,1562,16,1249,13,1067,11,1465,15,553,572,409,662,767,622,481,528,501,563,414,631,795,627,586,937
2018,3,0741001,5376,2608,49,2768,51,411,8,379,7,514,10,796,15,627,12,774,14,809,15,1066,20,204,195,263,433,329,384,396,404,207,184,251,363,298,390,413,662
2018,3,0741401,9735,4573,47,5162,53,752,8,891,9,986,10,1297,13,1332,14,1382,14,1264,13,1831,19,366,457,514,713,667,680,566,610,386,434,472,584,665,702,698,1221
2018,3,0760202,9378,4276,46,5102,54,600,6,693,7,878,9,1267,14,1004,11,1461,16,1568,17,1907,20,309,357,449,668,513,672,705,603,291,336,429,599,491,789,863,1304
2018,3,0761201,11012,5026,46,5986,54,669,6,889,8,1114,10,1338,12,1251,11,1561,14,1857,17,2333,21,350,417,560,703,654,762,823,757,319,472,554,635,597,799,1034,1576
2018,3,0766300,4779,2378,50,2401,50,232,5,321,7,588,12,602,13,505,11,740,15,764,16,1027,21,126,178,320,362,285,378,397,332,106,143,268,240,220,362,367,695
2018,3,0769101,1869,925,49,944,51,124,7,109,6,235,13,248,13,180,10,269,14,294,16,410,22,67,50,115,144,98,142,163,146,57,59,120,104,82,127,131,264
2018,3,0780200,25247,12473,49,12774,51,1628,6,1948,8,2765,11,3266,13,3084,12,3960,16,3742,15,4854,19,814,1018,1488,1840,1650,2060,1914,1689,814,930,1277,1426,1434,1900,1828,3165
2018,3,0781800,5652,2652,47,3000,53,308,5,406,7,607,11,714,13,618,11,874,15,894,16,1231,22,152,197,293,411,315,435,428,421,156,209,314,303,303,439,466,810
2018,3,0800600,5496,2642,48,2854,52,475,9,577,10,578,11,796,14,832,15,692,13,650,12,896,16,254,311,306,411,433,337,312,278,221,266,272,385,399,355,338,618
2018,3,0800800,23053,10937,47,12116,53,2700,12,2496,11,1737,8,3451,15,3963,17,2798,12,2599,11,3309,14,1390,1274,887,1671,1948,1394,1193,1180,1310,1222,850,1780,2015,1404,1406,2129
2018,3,0801000,19437,8950,46,10487,54,1422,7,1717,9,1712,9,2647,14,2961,15,2728,14,2694,14,3556,18,718,844,877,1367,1522,1323,1165,1134,704,873,835,1280,1439,1405,1529,2422
2018,3,0801200,22577,10600,47,11977,53,2095,9,2108,9,1898,8,3245,14,3718,16,2998,13,2567,11,3948,17,1125,1113,948,1594,1906,1450,1154,1310,970,995,950,1651,1812,1548,1413,2638
2018,3,0801400,5754,2713,47,3041,53,415,7,430,7,461,8,691,12,742,13,838,15,815,14,1362,24,219,217,229,370,375,430,380,493,196,213,232,321,367,408,435,869
2018,3,0801601,17350,7982,46,9368,54,1799,10,1666,10,1645,9,2725,16,2455,14,2094,12,2071,12,2895,17,938,829,801,1318,1209,991,916,980,861,837,844,1407,1246,1103,1155,1915
2018,3,0801800,7567,3634,48,3933,52,622,8,690,9,630,8,1024,14,1117,15,1006,13,1075,14,1403,19,331,357,339,567,573,501,509,457,291,333,291,457,544,505,566,946
2018,3,0804400,11188,5306,47,5882,53,1354,12,1449,13,918,8,1621,14,2018,18,1317,12,1186,11,1325,12,701,739,462,756,976,654,549,469,653,710,456,865,1042,663,637,856
2018,3,0804900,10355,4904,47,5451,53,1262,12,1222,12,952,9,1423,14,1612,16,1435,14,1145,11,1304,13,632,622,464,639,772,721,571,483,630,600,488,784,840,714,574,821
2018,3,0805200,8629,4370,51,4259,49,577,7,598,7,655,8,1208,14,1253,15,1308,15,1269,15,1761,20,296,332,336,674,660,690,619,763,281,266,319,534,593,618,650,998
2018,3,0806000,8347,4157,50,4190,50,754,9,985,12,835,10,1024,12,1367,16,1326,16,1008,12,1048,13,395,502,474,504,657,681,518,426,359,483,361,520,710,645,490,622
2018,3,0806900,4886,2387,49,2499,51,369,8,381,8,482,10,698,14,648,13,653,13,711,15,944,19,195,188,262,382,348,326,345,341,174,193,220,316,300,327,366,603
2018,3,0807400,3408,1620,48,1788,52,253,7,297,9,378,11,419,12,476,14,485,14,446,13,654,19,145,157,198,210,252,251,197,210,108,140,180,209,224,234,249,444
2018,3,0807600,19457,9368,48,10089,52,2835,15,2579,13,1596,8,3079,16,3603,19,2429,12,1524,8,1812,9,1459,1344,817,1402,1768,1228,731,619,1376,1235,779,1677,1835,1201,793,1193
2018,3,0808400,6805,3335,49,3470,51,531,8,619,9,603,9,1005,15,1058,16,974,14,911,13,1104,16,268,308,313,574,552,497,424,399,263,311,290,431,506,477,487,705
2018,3,0809200,2182,1045,48,1137,52,158,7,189,9,213,10,314,14,308,14,284,13,309,14,407,19,82,90,106,171,155,146,145,150,76,99,107,143,153,138,164,257
2018,3,0809600,10495,4985,47,5510,53,1062,10,1149,11,980,9,1429,14,1718,16,1468,14,1189,11,1500,14,547,606,520,692,830,729,537,524,515,543,460,737,888,739,652,976
2018,3,0840200,22414,10641,47,11773,53,1669,7,1920,9,2652,12,2921,13,2576,11,3182,14,3230,14,4264,19,841,969,1370,1622,1297,1552,1465,1525,828,951,1282,1299,1279,1630,1765,2739
2018,3,0840601,5624,2642,47,2982,53,410,7,493,9,661,12,693,12,650,12,753,13,792,14,1172,21,209,252,350,371,323,366,389,382,201,241,311,322,327,387,403,790
2018,3,0880200,28060,13251,47,14809,53,2009,7,2309,8,3145,11,3808,14,3292,12,3751,13,4083,15,5663,20,1044,1206,1659,2046,1678,1796,1854,1968,965,1103,1486,1762,1614,1955,2229,3695
2018,3,0885100,3740,1784,48,1956,52,264,7,273,7,402,11,527,14,367,10,584,16,500,13,823,22,128,140,216,286,215,287,235,277,136,133,186,241,152,297,265,546
2018,3,0887600,1477,701,47,776,53,86,6,101,7,155,10,187,13,184,12,198,13,212,14,354,24,43,53,81,107,106,97,106,108,43,48,74,80,78,101,106,246
2018,3,0888301,3525,1622,46,1903,54,185,5,258,7,359,10,471,13,360,10,533,15,556,16,803,23,99,126,171,269,176,261,265,255,86,132,188,202,184,272,291,548
2018,3,0900200,27904,13140,47,14764,53,2313,8,2641,9,3029,11,3828,14,3552,13,3785,14,3494,13,5262,19,1228,1379,1556,2028,1790,1838,1590,1731,1085,1262,1473,1800,1762,1947,1904,3531
2018,3,0901201,7859,3817,49,4042,51,512,7,679,9,960,12,1046,13,883,11,1105,14,1126,14,1548,20,284,348,511,557,469,538,546,564,228,331,449,489,414,567,580,984
2018,3,0905100,7082,3368,48,3714,52,416,6,535,8,617,9,917,13,837,12,997,14,1045,15,1718,24,212,278,323,508,432,519,493,603,204,257,294,409,405,478,552,1115
2018,3,0905700,2239,1123,50,1116,50,168,8,196,9,259,12,339,15,251,11,268,12,333,15,425,19,83,97,132,204,150,129,164,164,85,99,127,135,101,139,169,261
2018,3,0940200,7812,3552,45,4260,55,509,7,574,7,770,10,962,12,711,9,1111,14,1232,16,1943,25,278,315,389,522,357,514,555,622,231,259,381,440,354,597,677,1321
2018,3,0941600,12084,5832,48,6252,52,955,8,1060,9,1246,10,1690,14,1433,12,1710,14,1694,14,2296,19,511,562,673,922,770,812,785,797,444,498,573,768,663,898,909,1499
2018,3,0941800,2945,1327,45,1618,55,129,4,220,7,261,9,276,9,312,11,419,14,512,17,816,28,65,118,139,146,157,205,250,247,64,102,122,130,155,214,262,569
2018,3,0960200,5911,2840,48,3071,52,465,8,459,8,626,11,827,14,690,12,837,14,862,15,1145,19,246,230,319,456,364,422,415,388,219,229,307,371,326,415,447,757
2018,3,0961000,2987,1366,46,1621,54,186,6,213,7,301,10,408,14,321,11,419,14,427,14,712,24,89,116,157,219,171,202,195,217,97,97,144,189,150,217,232,495
2018,3,0961600,4989,2351,47,2638,53,282,6,384,8,455,9,629,13,571,11,699,14,768,15,1201,24,156,203,227,352,271,345,379,418,126,181,228,277,300,354,389,783
2018,3,0964700,3007,1483,49,1524,51,217,7,251,8,293,10,405,13,379,13,428,14,432,14,602,20,116,126,148,241,216,202,221,213,101,125,145,164,163,226,211,389
2018,3,0967101,7583,3824,50,3759,50,563,7,643,8,791,10,1194,16,886,12,1100,15,1033,14,1373,18,276,324,439,694,500,579,489,523,287,319,352,500,386,521,544,850
2018,3,0967300,1730,854,49,876,51,112,6,145,8,219,13,235,14,170,10,274,16,261,15,314,18,64,78,129,140,82,131,136,94,48,67,90,95,88,143,125,220
2018,3,0980200,11061,5504,50,5557,50,786,7,974,9,1181,11,1478,13,1342,12,1495,14,1642,15,2163,20,384,494,664,825,715,768,838,816,402,480,517,653,627,727,804,1347
2018,3,UNK,5,,,,,,,,,,,,,,,,,,,,,,,,,,,,,,,,,,,,
2018,4,0010000,637825,283268,44,354557,56,49073,8,49014,8,52112,8,99555,16,89947,14,81919,13,86974,14,129231,20,25437,25153,26378,48657,43466,37395,36052,40730,23636,23861,25734,50898,46481,44524,50922,88501
2018,4,0050000,83185,36964,44,46221,56,5956,7,6501,8,7017,8,10012,12,10189,12,12609,15,12544,15,18357,22,3140,3374,3588,5122,4902,5911,5276,5651,2816,3127,3429,4890,5287,6698,7268,12706
2018,4,0090000,56475,25678,45,30797,55,5048,9,5165,9,5201,9,8247,15,7744,14,7331,13,7302,13,10437,18,2631,2590,2560,4170,3851,3442,3072,3362,2417,2575,2641,4077,3893,3889,4230,7075
2018,4,0110000,22186,10123,46,12063,54,1596,7,1936,9,2130,10,3027,14,2823,13,3157,14,3203,14,4314,19,803,962,1099,1609,1434,1463,1396,1357,793,974,1031,1418,1389,1694,1807,2957
2018,4,0130000,49092,22376,46,26716,54,3356,7,3718,8,3838,8,6461,13,6595,13,7031,14,7387,15,10706,22,1712,1926,1984,3248,3189,3418,3271,3628,1644,1792,1854,3213,3406,3613,4116,7078
2018,4,0170000,69202,30767,44,38435,56,5642,8,6215,9,6964,10,8766,13,8558,12,9240,13,9219,13,14598,21,2945,3188,3566,4264,4101,4268,3929,4506,2697,3027,3398,4502,4457,4972,5290,10092
2018,4,0210000,28154,12367,44,15787,56,1942,7,2420,9,2626,9,3316,12,3574,13,4011,14,4470,16,5795,21,1006,1261,1377,1632,1655,1797,1903,1736,936,1159,1249,1684,1919,2214,2567,4059
2018,4,0250000,23069,10138,44,12931,56,1999,9,1975,9,2158,9,3230,14,2741,12,3082,13,3078,13,4806,21,1053,1032,1076,1500,1290,1338,1269,1580,946,943,1082,1730,1451,1744,1809,3226
2018,4,0270000,34844,15637,45,19207,55,2443,7,2839,8,3356,10,4104,12,4369,13,4994,14,5027,14,7712,22,1265,1448,1653,2105,2063,2372,2196,2535,1178,1391,1703,1999,2306,2622,2831,5177
2018,4,0320201,7080,3195,45,3885,55,483,7,543,8,653,9,935,13,883,12,945,13,1137,16,1501,21,282,283,330,478,461,415,463,483,201,260,323,457,422,530,674,1018
2018,4,0320244,1028,485,47,543,53,90,9,95,9,95,9,153,15,114,11,153,15,150,15,178,17,52,42,44,89,54,71,74,59,38,53,51,64,60,82,76,119
2018,4,0321007,1836,875,48,961,52,120,7,148,8,174,9,230,13,223,12,239,13,269,15,433,24,64,87,82,121,126,128,129,138,56,61,92,109,97,111,140,295
2018,4,0321027,76,39,51,37,49,7,9,8,11,6,8,10,13,8,11,11,14,14,18,12,16,3,4,4,3,6,6,8,5,4,4,2,7,2,5,6,7
2018,4,0321050,917,447,49,470,51,60,7,73,8,89,10,140,15,93,10,126,14,160,17,176,19,27,35,42,86,54,61,86,56,33,38,47,54,39,65,74,120
2018,4,0321078,938,470,50,468,50,66,7,75,8,126,13,130,14,118,13,148,16,129,14,146,16,35,36,65,67,67,75,68,57,31,39,61,63,51,73,61,89
2018,4,0321080,740,373,50,367,50,49,7,64,9,54,7,119,16,82,11,122,16,108,15,142,19,31,26,25,60,50,66,57,58,18,38,29,59,32,56,51,84
2018,4,0321084,324,162,50,162,50,14,4,10,3,42,13,43,13,37,11,48,15,53,16,77,24,4,7,30,24,19,27,26,25,10,3,12,19,18,21,27,52
2018,4,0321086,418,213,51,205,49,12,3,37,9,54,13,43,10,56,13,66,16,56,13,94,22,9,25,29,27,29,37,29,28,3,12,25,16,27,29,27,66
2018,4,0321413,3071,1404,46,1667,54,218,7,230,7,317,10,397,13,337,11,429,14,449,15,694,23,118,112,172,226,180,195,191,210,100,118,145,171,157,234,258,484
2018,4,0321442,608,307,50,301,50,33,5,28,5,79,13,77,13,52,9,114,19,83,14,142,23,20,12,46,51,24,63,42,49,13,16,33,26,28,51,41,93
2018,4,0321458,664,328,49,336,51,41,6,34,5,80,12,84,13,77,12,106,16,90,14,152,23,12,15,44,50,46,59,48,54,29,19,36,34,31,47,42,98
2018,4,0321492,663,348,52,315,48,48,7,42,6,64,10,74,11,68,10,96,14,122,18,149,22,22,24,31,48,41,49,72,61,26,18,33,26,27,47,50,88
2018,4,0326146,1021,485,48,536,52,95,9,106,10,113,11,172,17,110,11,135,13,135,13,155,15,40,52,59,105,55,71,56,47,55,54,54,67,55,64,79,108
2018,4,0326154,474,234,49,240,51,21,4,51,11,67,14,67,14,54,11,65,14,64,14,85,18,9,26,38,38,28,30,34,31,12,25,29,29,26,35,30,54
2018,4,0326160,3509,1679,48,1830,52,259,7,262,7,364,10,476,14,393,11,528,15,491,14,736,21,139,126,205,265,199,264,233,248,120,136,159,211,194,264,258,488
2018,4,0327166,1004,517,51,487,49,42,4,42,4,93,9,151,15,110,11,178,18,169,17,219,22,23,24,44,81,66,100,94,85,19,18,49,70,44,78,75,134
2018,4,0327170,1481,716,48,765,52,83,6,99,7,162,11,187,13,163,11,233,16,220,15,334,23,38,49,94,112,82,127,103,111,45,50,68,75,81,106,117,223
2018,4,0327174,360,191,53,169,47,13,4,15,4,38,11,53,15,36,10,57,16,77,21,71,20,9,8,23,29,23,31,38,30,4,7,15,24,13,26,39,41
2018,4,0327196,595,306,51,289,49,42,7,34,6,77,13,84,14,47,8,92,15,108,18,111,19,28,18,43,51,26,41,59,40,14,16,34,33,21,51,49,71
2018,4,0328200,3367,1584,47,1783,53,226,7,258,8,295,9,451,13,384,11,447,13,500,15,806,24,123,129,140,245,202,236,234,275,103,129,155,206,182,211,266,531
2018,4,0360201,6769,3014,45,3755,55,430,6,545,8,715,11,826,12,738,11,973,14,1010,15,1532,23,220,269,355,437,363,436,433,501,210,276,360,389,375,537,577,1031
2018,4,0360242,1274,606,48,668,52,75,6,92,7,161,13,132,10,154,12,194,15,196,15,270,21,37,46,90,69,76,101,99,88,38,46,71,63,78,93,97,182
2018,4,0360244,376,171,45,205,55,31,8,30,8,34,9,61,16,32,9,43,11,66,18,79,21,13,15,18,29,16,26,28,26,18,15,16,32,16,17,38,53
2018,4,0360252,309,146,47,163,53,13,4,22,7,57,18,30,10,25,8,57,18,53,17,52,17,8,12,30,17,10,25,30,14,5,10,27,13,15,32,23,38
2018,4,0360256,977,470,48,507,52,63,6,85,9,115,12,125,13,92,9,149,15,163,17,185,19,35,40,53,70,52,80,82,58,28,45,62,55,40,69,81,127
2018,4,0360258,398,187,47,211,53,28,7,26,7,39,10,44,11,35,9,89,22,59,15,78,20,21,14,20,20,19,44,28,21,7,12,19,24,16,45,31,57
2018,4,0360260,395,186,47,209,53,25,6,39,10,57,14,54,14,44,11,68,17,46,12,62,16,15,20,30,27,19,31,25,19,10,19,27,27,25,37,21,43
2018,4,0360264,140,58,41,82,59,6,4,11,8,11,8,15,11,13,9,23,16,29,21,32,23,3,3,5,7,7,8,17,8,3,8,6,8,6,15,12,24
2018,4,0360268,720,335,47,385,53,41,6,61,8,96,13,81,11,67,9,105,15,89,12,180,25,22,29,53,37,37,46,49,62,19,32,43,44,30,59,40,118
2018,4,0360272,368,186,51,182,49,26,7,46,13,49,13,44,12,32,9,62,17,44,12,65,18,15,26,25,27,12,35,20,26,11,20,24,17,20,27,24,39
2018,4,0360274,514,245,48,269,52,26,5,32,6,76,15,51,10,38,7,100,19,61,12,130,25,14,14,45,28,17,46,36,45,12,18,31,23,21,54,25,85
2018,4,0360276,306,146,48,160,52,21,7,27,9,35,11,32,10,45,15,40,13,50,16,56,18,11,15,16,18,25,25,21,15,10,12,19,14,20,15,29,41
2018,4,0360280,584,273,47,311,53,35,6,50,9,68,12,71,12,50,9,92,16,74,13,144,25,17,25,32,36,24,47,42,50,18,25,36,35,26,45,32,94
2018,4,0360288,305,145,48,160,52,15,5,13,4,40,13,49,16,20,7,60,20,56,18,52,17,7,7,20,27,11,27,29,17,8,6,20,22,9,33,27,35
2018,4,0360294,314,154,49,160,51,23,7,28,9,32,10,46,15,31,10,50,16,47,15,57,18,13,16,20,27,19,23,23,13,10,12,12,19,12,27,24,44
2018,4,0360296,693,347,50,346,50,33,5,54,8,95,14,82,12,91,13,113,16,96,14,129,19,16,32,47,41,55,56,46,54,17,22,48,41,36,57,50,75
2018,4,0360805,850,392,46,458,54,45,5,57,7,99,12,105,12,113,13,128,15,121,14,182,21,23,25,46,55,64,59,60,60,22,32,53,50,49,69,61,122
2018,4,0360825,433,227,52,206,48,45,10,35,8,46,11,70,16,40,9,67,15,56,13,74,17,24,23,29,41,24,28,33,25,21,12,17,29,16,39,23,49
2018,4,0360848,813,385,47,428,53,65,8,71,9,92,11,101,12,101,12,98,12,119,15,166,20,32,35,51,57,49,51,65,45,33,36,41,44,52,47,54,121
2018,4,0360884,705,353,50,352,50,51,7,54,8,64,9,87,12,68,10,95,13,102,14,184,26,33,30,31,58,40,47,55,59,18,24,33,29,28,48,47,125
2018,4,0360890,542,283,52,259,48,29,5,30,6,85,16,75,14,52,10,97,18,69,13,105,19,16,15,46,53,27,50,37,39,13,15,39,22,25,47,32,66
2018,4,0380201,6125,2723,44,3402,56,397,6,489,8,600,10,752,12,687,11,868,14,1035,17,1297,21,209,278,293,378,341,404,421,399,188,211,307,374,346,464,614,898
2018,4,0380246,633,320,51,313,49,47,7,41,6,65,10,72,11,76,12,105,17,98,15,129,20,23,21,43,45,40,47,55,46,24,20,22,27,36,58,43,83
2018,4,0380248,420,209,50,211,50,30,7,28,7,54,13,45,11,53,13,58,14,80,19,72,17,18,19,25,28,30,31,39,19,12,9,29,17,23,27,41,53
2018,4,0380250,687,346,50,341,50,35,5,45,7,86,13,81,12,68,10,130,19,95,14,147,21,20,24,45,50,33,73,49,52,15,21,41,31,35,57,46,95
2018,4,0380252,512,259,51,253,49,26,5,23,4,92,18,64,13,38,7,101,20,70,14,98,19,15,16,50,39,14,56,35,34,11,7,42,25,24,45,35,64
2018,4,0380256,335,162,48,173,52,24,7,27,8,44,13,58,17,31,9,53,16,47,14,51,15,15,14,23,31,16,23,25,15,9,13,21,27,15,30,22,36
2018,4,0380258,1352,674,50,678,50,71,5,85,6,143,11,148,11,115,9,199,15,215,16,376,28,33,46,87,83,61,107,113,144,38,39,56,65,54,92,102,232
2018,4,0380266,230,110,48,120,52,14,6,18,8,18,8,25,11,27,12,43,19,39,17,46,20,7,10,9,12,14,23,19,16,7,8,9,13,13,20,20,30
2018,4,0380286,877,416,47,461,53,62,7,66,8,112,13,131,15,73,8,149,17,135,15,149,17,40,30,59,76,43,68,62,38,22,36,53,55,30,81,73,111
2018,4,0380290,388,199,51,189,49,27,7,36,9,44,11,56,14,34,9,76,20,48,12,67,17,17,20,26,30,19,38,23,26,10,16,18,26,15,38,25,41
2018,4,0380294,548,255,47,293,53,32,6,60,11,44,8,57,10,65,12,94,17,74,14,122,22,15,25,18,25,36,55,39,42,17,35,26,32,29,39,35,80
2018,4,0381615,1301,615,47,686,53,66,5,91,7,151,12,129,10,165,13,191,15,210,16,298,23,43,48,85,71,95,81,111,81,23,43,66,58,70,110,99,217
2018,4,0381660,288,143,50,145,50,8,3,11,4,25,9,23,8,33,11,33,11,60,21,95,33,4,8,15,14,19,22,30,31,4,3,10,9,14,11,30,64
2018,4,0381670,615,308,50,307,50,22,4,54,9,71,12,83,13,69,11,92,15,90,15,134,22,10,29,45,53,37,46,45,43,12,25,26,30,32,46,45,91
2018,4,0381678,516,256,50,260,50,25,5,29,6,46,9,56,11,56,11,90,17,90,17,124,24,12,12,24,33,32,53,50,40,13,17,22,23,24,37,40,84
2018,4,0381682,988,474,48,514,52,51,5,67,7,148,15,119,12,94,10,192,19,115,12,202,20,24,37,70,72,48,105,55,63,27,30,78,47,46,87,60,139
2018,4,0381692,433,222,51,211,49,17,4,20,5,55,13,50,12,42,10,73,17,78,18,98,23,10,14,25,31,27,41,43,31,7,6,30,19,15,32,35,67
2018,4,0381698,586,274,47,312,53,30,5,40,7,57,10,79,13,72,12,72,12,123,21,113,19,14,17,33,42,42,35,59,32,16,23,24,37,30,37,64,81
2018,4,0384400,1002,495,49,507,51,48,5,61,6,120,12,132,13,87,9,182,18,161,16,211,21,28,38,55,82,48,96,81,67,20,23,65,50,39,86,80,144
2018,4,0387564,840,417,50,423,50,38,5,65,8,105,13,110,13,106,13,123,15,127,15,166,20,16,29,63,67,56,71,61,54,22,36,42,43,50,52,66,112
2018,4,0387574,1318,633,48,685,52,75,6,105,8,161,12,188,14,148,11,199,15,181,14,261,20,37,51,81,102,76,112,88,86,38,54,80,86,72,87,93,175
2018,4,0400201,8489,3741,44,4748,56,635,7,759,9,816,10,1121,13,1061,12,1164,14,1215,14,1718,20,334,373,397,583,516,529,481,528,301,386,419,538,545,635,734,1190
2018,4,0400246,1277,646,51,631,49,73,6,117,9,137,11,168,13,168,13,190,15,172,13,252,20,34,62,64,104,98,100,86,98,39,55,73,64,70,90,86,154
2018,4,0400250,1596,794,50,802,50,118,7,145,9,182,11,213,13,217,14,237,15,211,13,273,17,61,72,104,125,111,120,98,103,57,73,78,88,106,117,113,170
2018,4,0400252,2391,1157,48,1234,52,166,7,212,9,232,10,341,14,277,12,311,13,362,15,490,20,87,115,116,185,154,153,172,175,79,97,116,156,123,158,190,315
2018,4,0400256,634,301,47,333,53,39,6,50,8,72,11,82,13,70,11,103,16,90,14,128,20,19,24,35,47,30,50,45,51,20,26,37,35,40,53,45,77
2018,4,0400260,2007,952,47,1055,53,110,5,157,8,206,10,310,15,218,11,279,14,390,19,337,17,55,71,118,170,113,130,176,119,55,86,88,140,105,149,214,218
2018,4,0400268,3398,1674,49,1724,51,274,8,327,10,370,11,495,15,406,12,462,14,507,15,557,16,144,174,198,266,215,231,240,206,130,153,172,229,191,231,267,351
2018,4,0400272,1390,683,49,707,51,82,6,113,8,151,11,187,13,177,13,203,15,183,13,294,21,39,58,69,113,93,110,89,112,43,55,82,74,84,93,94,182
2018,4,0400292,1834,931,51,903,49,140,8,149,8,189,10,274,15,204,11,293,16,264,14,321,18,81,76,103,169,108,153,128,113,59,73,86,105,96,140,136,208
2018,4,0406400,8420,4006,48,4414,52,651,8,800,10,929,11,1169,14,1146,14,1218,14,1085,13,1422,17,323,413,466,626,580,618,503,477,328,387,463,543,566,600,582,945
2018,4,0407776,1743,824,47,919,53,158,9,133,8,170,10,247,14,207,12,237,14,253,15,338,19,76,76,78,133,113,110,113,125,82,57,92,114,94,127,140,213
2018,4,0407788,761,362,48,399,52,53,7,57,7,75,10,98,13,83,11,107,14,118,16,170,22,26,28,39,59,49,50,56,55,27,29,36,39,34,57,62,115
2018,4,0407796,896,457,51,439,49,77,9,75,8,92,10,135,15,98,11,122,14,129,14,168,19,47,42,52,81,55,63,61,56,30,33,40,54,43,59,68,112
2018,4,0409544,718,361,50,357,50,35,5,58,8,82,11,95,13,101,14,104,14,106,15,137,19,20,25,42,56,61,53,61,43,15,33,40,39,40,51,45,94
2018,4,0409562,564,285,51,279,49,33,6,32,6,65,12,70,12,54,10,82,15,99,18,129,23,14,16,33,43,34,43,55,47,19,16,32,27,20,39,44,82
2018,4,0409580,975,486,50,489,50,27,3,75,8,102,10,145,15,83,9,167,17,143,15,233,24,12,43,59,84,45,80,70,93,15,32,43,61,38,87,73,140
2018,4,0409584,736,367,50,369,50,42,6,55,7,85,12,101,14,77,10,118,16,114,15,144,20,21,33,51,51,47,61,56,47,21,22,34,50,30,57,58,97
2018,4,0409590,878,436,50,442,50,56,6,65,7,94,11,114,13,105,12,129,15,143,16,172,20,28,39,49,71,60,70,67,52,28,26,45,43,45,59,76,120
2018,4,0409594,4016,1920,48,2096,52,345,9,371,9,423,11,549,14,515,13,525,13,538,13,750,19,170,197,215,298,266,261,238,275,175,174,208,251,249,264,300,475
2018,4,0420201,15074,6609,44,8465,56,1226,8,1264,8,1496,10,2015,13,1813,12,1987,13,2018,13,3255,22,627,641,780,1000,839,849,812,1061,599,623,716,1015,974,1138,1206,2194
2018,4,0420290,1355,670,49,685,51,118,9,126,9,156,12,173,13,163,12,165,12,198,15,256,19,64,70,82,101,82,86,91,94,54,56,74,72,81,79,107,162
2018,4,0421211,993,467,47,526,53,61,6,76,8,89,9,131,13,118,12,129,13,135,14,254,26,30,45,51,82,60,62,55,82,31,31,38,49,58,67,80,172
2018,4,0421262,2265,1066,47,1199,53,150,7,168,7,218,10,299,13,298,13,307,14,334,15,491,22,69,81,113,168,172,143,157,163,81,87,105,131,126,164,177,328
2018,4,0424742,620,305,49,315,51,31,5,43,7,78,13,73,12,79,13,89,14,100,16,127,20,16,22,35,42,47,44,49,50,15,21,43,31,32,45,51,77
2018,4,0424746,2202,1065,48,1137,52,160,7,187,8,226,10,295,13,273,12,310,14,342,16,409,19,82,88,116,157,143,159,169,151,78,99,110,138,130,151,173,258
2018,4,0424768,738,367,50,371,50,54,7,65,9,90,12,119,16,80,11,107,14,98,13,125,17,30,31,50,72,43,50,47,44,24,34,40,47,37,57,51,81
2018,4,0424778,726,362,50,364,50,40,6,60,8,96,13,86,12,68,9,99,14,94,13,183,25,18,39,50,49,38,45,55,68,22,21,46,37,30,54,39,115
2018,4,0424796,703,378,54,325,46,38,5,48,7,78,11,102,15,94,13,103,15,92,13,148,21,21,31,47,61,56,57,50,55,17,17,31,41,38,46,42,93
2018,4,0425756,1742,801,46,941,54,117,7,122,7,228,13,228,13,191,11,247,14,227,13,382,22,50,48,112,130,114,117,107,123,67,74,116,98,77,130,120,259
2018,4,0425798,340,165,49,175,51,20,6,34,10,41,12,27,8,36,11,49,14,51,15,82,24,8,18,24,11,27,23,25,29,12,16,17,16,9,26,26,53
2018,4,0427360,2726,1265,46,1461,54,188,7,214,8,308,11,330,12,319,12,423,16,385,14,559,21,102,112,164,175,156,203,175,178,86,102,144,155,163,220,210,381
2018,4,0427364,699,344,49,355,51,56,8,52,7,90,13,112,16,77,11,101,14,89,13,122,17,35,27,42,60,44,51,49,36,21,25,48,52,33,50,40,86
2018,4,0427372,3730,1754,47,1976,53,298,8,278,7,357,10,551,15,408,11,565,15,508,14,765,21,152,141,181,298,205,269,224,284,146,137,176,253,203,296,284,481
2018,4,0427394,550,272,49,278,51,47,9,43,8,58,11,75,14,52,9,79,14,83,15,113,21,32,26,29,41,24,36,42,42,15,17,29,34,28,43,41,71
2018,4,0427574,1384,685,49,699,51,95,7,110,8,133,10,194,14,142,10,227,16,188,14,295,21,51,57,71,109,81,121,92,103,44,53,62,85,61,106,96,192
2018,4,0427580,1033,502,49,531,51,75,7,91,9,114,11,155,15,122,12,141,14,135,13,200,19,42,44,70,83,65,71,65,62,33,47,44,72,57,70,70,138
2018,4,0427582,1246,633,51,613,49,102,8,98,8,119,10,189,15,137,11,166,13,171,14,264,21,62,50,65,100,76,90,95,95,40,48,54,89,61,76,76,169
2018,4,0427748,802,389,49,413,51,37,5,59,7,76,9,105,13,95,12,112,14,112,14,206,26,13,27,37,65,51,56,60,80,24,32,39,40,44,56,52,126
2018,4,0427776,2288,1090,48,1198,52,133,6,183,8,239,10,317,14,256,11,346,15,299,13,515,23,68,98,124,171,133,169,144,183,65,85,115,146,123,177,155,332
2018,4,0429350,741,365,49,376,51,49,7,54,7,78,11,118,16,65,9,108,15,121,16,148,20,24,32,31,69,36,52,61,60,25,22,47,49,29,56,60,88
2018,4,0429354,581,290,50,291,50,28,5,44,8,65,11,102,18,71,12,108,19,72,12,91,16,12,21,35,57,39,54,39,33,16,23,30,45,32,54,33,58
2018,4,0429358,288,147,51,141,49,16,6,20,7,30,10,43,15,27,9,43,15,50,17,59,20,9,12,16,30,18,20,23,19,7,8,14,13,9,23,27,40
2018,4,0429386,742,380,51,362,49,44,6,66,9,69,9,114,15,73,10,122,16,99,13,155,21,22,37,38,66,43,59,51,64,22,29,31,48,30,63,48,91
2018,4,0429392,1252,630,50,622,50,71,6,74,6,123,10,170,14,140,11,195,16,188,15,291,23,39,38,64,104,82,99,101,103,32,36,59,66,58,96,87,188
2018,4,0440242,509,234,46,275,54,23,5,43,8,50,10,53,10,64,13,82,16,75,15,119,23,14,20,25,29,31,43,40,32,9,23,25,24,33,39,35,87
2018,4,0440246,474,235,50,239,50,18,4,32,7,51,11,41,9,45,9,80,17,80,17,127,27,7,12,31,24,27,41,44,49,11,20,20,17,18,39,36,78
2018,4,0440250,1215,630,52,585,48,56,5,80,7,99,8,179,15,141,12,205,17,202,17,253,21,32,50,54,110,90,99,101,94,24,30,45,69,51,106,101,159
2018,4,0440252,678,346,51,332,49,37,5,53,8,67,10,100,15,75,11,103,15,118,17,125,18,21,25,36,60,44,53,64,43,16,28,31,40,31,50,54,82
2018,4,0440260,1820,902,50,918,50,101,6,122,7,172,9,243,13,225,12,262,14,309,17,386,21,59,58,94,134,126,131,151,149,42,64,78,109,99,131,158,237
2018,4,0440262,1181,601,51,580,49,35,3,67,6,115,10,144,12,138,12,218,18,213,18,251,21,19,40,61,90,72,122,108,89,16,27,54,54,66,96,105,162
2018,4,0440264,1143,571,50,572,50,37,3,64,6,120,10,124,11,147,13,198,17,195,17,258,23,19,28,69,74,77,110,90,104,18,36,51,50,70,88,105,154
2018,4,0440268,971,491,51,480,49,42,4,52,5,90,9,105,11,130,13,129,13,196,20,227,23,26,28,43,64,82,69,100,79,16,24,47,41,48,60,96,148
2018,4,0440270,777,392,50,385,50,43,6,52,7,86,11,82,11,103,13,138,18,119,15,154,20,22,33,49,46,51,70,62,59,21,19,37,36,52,68,57,95
2018,4,0440272,777,353,45,424,55,37,5,39,5,79,10,93,12,84,11,122,16,145,19,178,23,15,14,41,58,43,57,73,52,22,25,38,35,41,65,72,126
2018,4,0440274,4687,2182,47,2505,53,311,7,272,6,438,9,586,13,619,13,728,16,733,16,1000,21,160,135,212,311,314,349,339,362,151,137,226,275,305,379,394,638
2018,4,0440276,555,258,46,297,54,32,6,36,6,37,7,57,10,62,11,86,15,119,21,126,23,15,20,17,30,33,48,54,41,17,16,20,27,29,38,65,85
2018,4,0440284,555,275,50,280,50,28,5,25,5,46,8,67,12,47,8,96,17,104,19,142,26,13,10,24,38,29,51,62,48,15,15,22,29,18,45,42,94
2018,4,0440286,1045,519,50,526,50,46,4,64,6,88,8,120,11,119,11,183,18,158,15,267,26,20,40,44,72,70,101,79,93,26,24,44,48,49,82,79,174
2018,4,0440288,951,452,48,499,52,32,3,64,7,97,10,93,10,116,12,158,17,146,15,245,26,17,32,55,48,65,77,79,79,15,32,42,45,51,81,67,166
2018,4,0440292,728,361,50,367,50,26,4,40,5,80,11,67,9,114,16,126,17,112,15,163,22,9,23,45,42,58,71,51,62,17,17,35,25,56,55,61,101
2018,4,0440294,636,311,49,325,51,25,4,51,8,60,9,68,11,62,10,119,19,104,16,147,23,13,27,33,38,35,62,54,49,12,24,27,30,27,57,50,98
2018,4,0440296,563,277,49,286,51,32,6,49,9,57,10,73,13,66,12,80,14,87,15,119,21,17,22,30,41,31,43,45,48,15,27,27,32,35,37,42,71
2018,4,0440298,1472,709,48,763,52,51,3,95,6,131,9,166,11,168,11,191,13,262,18,408,28,33,51,62,91,89,101,130,152,18,44,69,75,79,90,132,256
2018,4,0440807,2285,992,43,1293,57,138,6,171,7,228,10,249,11,255,11,330,14,347,15,567,25,68,77,102,136,117,150,156,186,70,94,126,113,138,180,191,381
2018,4,0440815,635,293,46,342,54,39,6,45,7,52,8,68,11,61,10,81,13,106,17,183,29,24,24,27,36,33,41,47,61,15,21,25,32,28,40,59,122
2018,4,0440835,246,128,52,118,48,4,2,13,5,19,8,37,15,24,10,56,23,44,18,49,20,2,9,13,17,18,29,25,15,2,4,6,20,6,27,19,34
2018,4,0440844,776,387,50,389,50,25,3,39,5,82,11,106,14,73,9,113,15,149,19,189,24,15,23,41,69,40,59,71,69,10,16,41,37,33,54,78,120
2018,4,0440854,490,252,51,238,49,27,6,29,6,42,9,77,16,41,8,77,16,94,19,103,21,14,14,27,47,22,39,51,38,13,15,15,30,19,38,43,65
2018,4,0440856,743,348,47,395,53,46,6,52,7,80,11,92,12,68,9,127,17,120,16,158,21,23,25,42,45,32,67,63,51,23,27,38,47,36,60,57,107
2018,4,0440880,834,428,51,406,49,46,6,43,5,101,12,122,15,87,10,153,18,138,17,144,17,23,26,54,77,42,82,71,53,23,17,47,45,45,71,67,91
2018,4,0440890,800,377,47,423,53,41,5,43,5,100,13,90,11,79,10,116,15,127,16,204,26,16,25,52,54,39,60,55,76,25,18,48,36,40,56,72,128
2018,4,0460201,9073,4101,45,4972,55,665,7,745,8,928,10,1237,14,1130,12,1257,14,1288,14,1823,20,340,382,476,672,560,557,515,599,325,363,452,565,570,700,773,1224
2018,4,0460242,810,401,50,409,50,46,6,66,8,80,10,101,12,101,12,100,12,125,15,191,24,19,36,44,57,58,55,55,77,27,30,36,44,43,45,70,114
2018,4,0460246,2784,1350,48,1434,52,206,7,273,10,292,10,357,13,366,13,399,14,383,14,508,18,104,144,147,196,182,210,183,184,102,129,145,161,184,189,200,324
2018,4,0460252,1638,786,48,852,52,104,6,137,8,165,10,221,13,185,11,266,16,225,14,335,20,58,72,85,123,98,129,107,114,46,65,80,98,87,137,118,221
2018,4,0460254,827,424,51,403,49,77,9,62,7,98,12,117,14,97,12,112,14,123,15,141,17,42,31,58,68,49,57,57,62,35,31,40,49,48,55,66,79
2018,4,0460260,734,363,49,371,51,55,7,67,9,90,12,100,14,106,14,98,13,95,13,123,17,25,39,53,47,59,50,48,42,30,28,37,53,47,48,47,81
2018,4,0460268,889,418,47,471,53,73,8,81,9,104,12,115,13,105,12,116,13,125,14,170,19,34,47,52,61,56,63,53,52,39,34,52,54,49,53,72,118
2018,4,0460272,1047,508,49,539,51,87,8,85,8,120,11,166,16,120,11,159,15,148,14,162,15,37,43,70,91,62,82,69,54,50,42,50,75,58,77,79,108
2018,4,0460280,669,343,51,326,49,48,7,41,6,74,11,98,15,62,9,110,16,101,15,135,20,23,21,41,56,37,52,53,60,25,20,33,42,25,58,48,75
2018,4,0460284,813,407,50,406,50,45,6,67,8,98,12,110,14,93,11,110,14,137,17,153,19,26,31,57,65,47,61,62,58,19,36,41,45,46,49,75,95
2018,4,0460298,418,208,50,210,50,35,8,44,11,48,11,50,12,48,11,60,14,52,12,81,19,14,24,22,25,25,33,28,37,21,20,26,25,23,27,24,44
2018,4,0460805,2329,1045,45,1284,55,158,7,202,9,232,10,267,11,225,10,308,13,343,15,594,26,96,96,113,126,118,142,151,203,62,106,119,141,107,166,192,391
2018,4,0460825,620,268,43,352,57,28,5,62,10,58,9,60,10,65,10,89,14,101,16,157,25,13,36,25,29,29,39,47,50,15,26,33,31,36,50,54,107
2018,4,0460850,1462,655,45,807,55,79,5,110,8,160,11,180,12,159,11,198,14,218,15,358,24,36,54,78,99,81,103,94,110,43,56,82,81,78,95,124,248
2018,4,0460864,336,157,47,179,53,26,8,25,7,35,10,43,13,32,10,56,17,44,13,75,22,11,13,17,24,16,28,23,25,15,12,18,19,16,28,21,50
2018,4,0460876,403,198,49,205,51,24,6,29,7,51,13,59,15,45,11,61,15,55,14,79,20,9,18,31,35,16,37,24,28,15,11,20,24,29,24,31,51
2018,4,0460890,294,138,47,156,53,30,10,23,8,22,7,36,12,37,13,27,9,43,15,76,26,18,10,6,19,25,14,18,28,12,13,16,17,12,13,25,48
2018,4,0460894,835,438,52,397,48,56,7,83,10,115,14,124,15,106,13,91,11,116,14,144,17,31,45,74,70,65,38,62,53,25,38,41,54,41,53,54,91
2018,4,0468944,891,432,48,459,52,56,6,59,7,110,12,121,14,102,11,119,13,132,15,192,22,34,32,55,73,50,56,63,69,22,27,55,48,52,63,69,123
2018,4,0468956,571,278,49,293,51,47,8,35,6,62,11,86,15,61,11,79,14,82,14,119,21,25,19,31,49,37,41,37,39,22,16,31,37,24,38,45,80
2018,4,0468988,1926,909,47,1017,53,124,6,147,8,171,9,291,15,194,10,283,15,253,13,463,24,66,74,94,167,105,134,113,156,58,73,77,124,89,149,140,307
2018,4,0500201,7376,3315,45,4061,55,480,7,580,8,765,10,930,13,917,12,1103,15,1128,15,1473,20,225,315,399,493,431,518,479,455,255,265,366,437,486,585,649,1018
2018,4,0500244,1374,670,49,704,51,81,6,129,9,163,12,159,12,157,11,211,15,187,14,287,21,34,68,89,94,86,112,95,92,47,61,74,65,71,99,92,195
2018,4,0500248,1000,496,50,504,50,82,8,74,7,121,12,133,13,117,12,136,14,164,16,173,17,40,37,53,71,65,75,84,71,42,37,68,62,52,61,80,102
2018,4,0500252,461,239,52,222,48,42,9,35,8,55,12,79,17,35,8,68,15,71,15,76,16,22,19,34,50,18,32,38,26,20,16,21,29,17,36,33,50
2018,4,0500256,578,298,52,280,48,35,6,44,8,85,15,76,13,52,9,80,14,85,15,121,21,19,27,38,49,33,42,38,52,16,17,47,27,19,38,47,69
2018,4,0500260,1004,482,48,522,52,71,7,67,7,113,11,139,14,125,12,134,13,156,16,199,20,37,34,54,73,75,64,74,71,34,33,59,66,50,70,82,128
2018,4,0500264,1360,646,48,714,53,82,6,99,7,150,11,174,13,141,10,205,15,196,14,313,23,43,47,73,106,66,114,100,97,39,52,77,68,75,91,96,216
2018,4,0500268,927,480,52,447,48,54,6,53,6,92,10,127,14,130,14,147,16,145,16,179,19,36,27,47,73,71,81,76,69,18,26,45,54,59,66,69,110
2018,4,0500272,1275,621,49,654,51,103,8,97,8,142,11,210,16,136,11,168,13,198,16,221,17,57,49,69,120,68,84,96,78,46,48,73,90,68,84,102,143
2018,4,0500276,439,211,48,228,52,27,6,18,4,37,8,53,12,46,10,61,14,55,13,142,32,18,9,19,35,25,38,28,39,9,9,18,18,21,23,27,103
2018,4,0500284,1219,607,50,612,50,72,6,116,10,137,11,178,15,147,12,181,15,168,14,220,18,49,62,70,91,80,93,84,78,23,54,67,87,67,88,84,142
2018,4,0500288,924,458,50,466,50,61,7,69,7,134,15,129,14,101,11,137,15,144,16,149,16,29,41,76,74,51,64,71,52,32,28,58,55,50,73,73,97
2018,4,0500290,1634,781,48,853,52,126,8,139,9,171,10,248,15,176,11,241,15,237,15,296,18,60,68,94,136,90,118,107,108,66,71,77,112,86,123,130,188
2018,4,0500294,816,372,46,444,54,70,9,55,7,98,12,119,15,78,10,121,15,106,13,169,21,33,23,44,63,46,50,57,56,37,32,54,56,32,71,49,113
2018,4,0540248,1938,933,48,1005,52,133,7,140,7,205,11,264,14,239,12,252,13,309,16,396,20,66,68,117,155,121,126,132,148,67,72,88,109,118,126,177,248
2018,4,0540252,2643,1282,49,1361,51,175,7,209,8,257,10,395,15,364,14,352,13,401,15,490,19,101,100,141,218,187,173,189,173,74,109,116,177,177,179,212,317
2018,4,0540256,2583,1268,49,1315,51,144,6,217,8,239,9,384,15,323,13,396,15,390,15,490,19,84,107,124,223,176,188,188,178,60,110,115,161,147,208,202,312
2018,4,0540258,1905,893,47,1012,53,124,7,142,7,147,8,244,13,219,11,262,14,323,17,444,23,69,77,78,128,124,122,151,144,55,65,69,116,95,140,172,300
2018,4,0540260,733,352,48,381,52,53,7,73,10,78,11,124,17,86,12,94,13,94,13,131,18,28,30,46,63,48,44,51,42,25,43,32,61,38,50,43,89
2018,4,0540262,1979,961,49,1018,51,129,7,182,9,189,10,272,14,269,14,285,14,273,14,380,19,77,93,86,152,154,135,133,131,52,89,103,120,115,150,140,249
2018,4,0540270,1379,676,49,703,51,90,7,107,8,137,10,206,15,171,12,184,13,225,16,259,19,38,55,71,127,86,93,112,94,52,52,66,79,85,91,113,165
2018,4,0540274,1434,708,49,726,51,85,6,110,8,184,13,203,14,179,12,210,15,200,14,263,18,39,57,100,121,98,106,92,95,46,53,84,82,81,104,108,168
2018,4,0540282,1675,806,48,869,52,124,7,153,9,168,10,239,14,248,15,257,15,178,11,308,18,53,71,93,132,121,135,90,111,71,82,75,107,127,122,88,197
2018,4,0540286,1765,861,49,904,51,107,6,137,8,172,10,250,14,209,12,276,16,256,15,358,20,56,60,94,140,117,145,127,122,51,77,78,110,92,131,129,236
2018,4,0540290,1430,726,51,704,49,89,6,107,7,150,10,212,15,241,17,192,13,189,13,250,17,44,56,84,110,138,105,101,88,45,51,66,102,103,87,88,162
2018,4,0540292,1341,652,49,689,51,97,7,113,8,166,12,169,13,185,14,189,14,186,14,236,18,42,51,90,91,101,101,91,85,55,62,76,78,84,88,95,151
2018,4,0540296,1383,682,49,701,51,92,7,129,9,164,12,181,13,178,13,184,13,166,12,289,21,49,68,97,99,94,100,77,98,43,61,67,82,84,84,89,191
2018,4,0546744,4243,2049,48,2194,52,439,10,390,9,394,9,634,15,610,14,578,14,529,12,669,16,219,200,202,335,331,290,250,222,220,190,192,299,279,288,279,447
2018,4,0546766,4022,1842,46,2180,54,483,12,423,11,318,8,532,13,635,16,446,11,441,11,744,18,256,206,156,238,289,234,202,261,227,217,162,294,346,212,239,483
2018,4,0546778,1569,788,50,781,50,160,10,154,10,174,11,219,14,201,13,206,13,200,13,255,16,89,74,91,122,107,109,102,94,71,80,83,97,94,97,98,161
2018,4,0560248,839,405,48,434,52,53,6,68,8,72,9,134,16,106,13,114,14,129,15,163,19,20,31,37,71,59,59,70,58,33,37,35,63,47,55,59,105
2018,4,0560252,453,217,48,236,52,35,8,34,8,55,12,85,19,42,9,62,14,67,15,73,16,16,15,26,51,23,33,32,21,19,19,29,34,19,29,35,52
2018,4,0560254,552,287,52,265,48,31,6,23,4,57,10,70,13,53,10,83,15,100,18,135,24,13,11,36,43,29,46,59,50,18,12,21,27,24,37,41,85
2018,4,0560266,522,263,50,259,50,34,7,31,6,58,11,78,15,46,9,83,16,83,16,109,21,19,12,33,48,20,44,44,43,15,19,25,30,26,39,39,66
2018,4,0560274,421,205,49,216,51,21,5,29,7,56,13,51,12,30,7,78,19,65,15,91,22,9,16,26,27,21,38,36,32,12,13,30,24,9,40,29,59
2018,4,0560282,851,414,49,437,51,32,4,56,7,108,13,103,12,91,11,127,15,129,15,205,24,15,29,58,67,51,64,68,62,17,27,50,36,40,63,61,143
2018,4,0560298,771,392,51,379,49,60,8,42,5,77,10,115,15,73,9,120,16,115,15,169,22,33,23,42,73,44,56,63,58,27,19,35,42,29,64,52,111
2018,4,0560805,1027,474,46,553,54,61,6,74,7,105,10,141,14,103,10,173,17,154,15,216,21,28,45,52,82,49,78,70,70,33,29,53,59,54,95,84,146
2018,4,0560825,357,195,55,162,45,13,4,19,5,36,10,62,17,26,7,74,21,52,15,75,21,8,14,18,38,21,32,35,29,5,5,18,24,5,42,17,46
2018,4,0560844,445,235,53,210,47,25,6,41,9,60,13,59,13,43,10,64,14,69,16,84,19,14,25,36,29,26,34,36,35,11,16,24,30,17,30,33,49
2018,4,0560862,721,396,55,325,45,22,3,36,5,66,9,110,15,84,12,144,20,132,18,127,18,12,16,40,67,46,90,71,54,10,20,26,43,38,54,61,73
2018,4,0561815,1537,710,46,827,54,93,6,138,9,169,11,191,12,166,11,224,15,219,14,337,22,46,68,85,108,88,103,95,117,47,70,84,83,78,121,124,220
2018,4,0561835,605,322,53,283,47,37,6,53,9,68,11,75,12,54,9,104,17,73,12,141,23,22,28,42,50,33,53,42,52,15,25,26,25,21,51,31,89
2018,4,0561858,432,219,51,213,49,19,4,26,6,37,9,56,13,52,12,62,14,76,18,104,24,11,14,23,34,33,35,37,32,8,12,14,22,19,27,39,72
2018,4,0561880,497,246,49,251,51,40,8,37,7,66,13,74,15,45,9,84,17,57,11,94,19,18,18,35,40,24,50,28,33,22,19,31,34,21,34,29,61
2018,4,0561888,535,266,50,269,50,21,4,41,8,46,9,70,13,54,10,84,16,81,15,138,26,8,27,21,43,30,45,41,51,13,14,25,27,24,39,40,87
2018,4,0566946,576,289,50,287,50,36,6,35,6,64,11,80,14,60,10,98,17,83,14,120,21,23,18,33,49,35,51,41,39,13,17,31,31,25,47,42,81
2018,4,0566968,842,422,50,420,50,62,7,69,8,89,11,109,13,83,10,137,16,126,15,167,20,24,40,49,59,42,78,66,64,38,29,40,50,41,59,60,103
2018,4,0566970,1818,877,48,941,52,124,7,171,9,156,9,224,12,204,11,214,12,289,16,436,24,56,86,75,120,97,122,153,168,68,85,81,104,107,92,136,268
2018,4,0566976,655,325,50,330,50,43,7,40,6,77,12,70,11,72,11,118,18,110,17,125,19,22,17,38,43,39,62,57,47,21,23,39,27,33,56,53,78
2018,4,0566994,1062,544,51,518,49,91,9,113,11,107,10,158,15,110,10,156,15,145,14,182,17,46,61,64,84,67,82,76,64,45,52,43,74,43,74,69,118
2018,4,0566996,639,323,51,316,49,59,9,46,7,83,13,78,12,55,9,108,17,92,14,118,18,26,25,43,47,29,60,49,44,33,21,40,31,26,48,43,74
2018,4,0568786,2683,1315,49,1368,51,202,8,246,9,263,10,372,14,325,12,407,15,411,15,457,17,114,138,145,204,161,207,190,156,88,108,118,168,164,200,221,301
2018,4,0568790,713,352,49,361,51,31,4,53,7,75,11,97,14,81,11,109,15,101,14,166,23,16,28,35,52,50,60,47,64,15,25,40,45,31,49,54,102
2018,4,0600201,7766,3370,43,4396,57,405,5,582,7,741,10,781,10,872,11,1163,15,1433,18,1789,23,194,285,380,427,412,512,581,579,211,297,361,354,460,651,852,1210
2018,4,0600248,466,240,52,226,48,13,3,24,5,34,7,50,11,38,8,95,20,81,17,131,28,9,10,19,35,21,54,43,49,4,14,15,15,17,41,38,82
2018,4,0600262,888,418,47,470,53,39,4,69,8,78,9,82,9,78,9,145,16,168,19,229,26,17,32,45,47,38,83,81,75,22,37,33,35,40,62,87,154
2018,4,0600264,560,260,46,300,54,19,3,25,4,65,12,60,11,53,9,94,17,94,17,150,27,6,13,31,33,24,49,48,56,13,12,34,27,29,45,46,94
2018,4,0600268,622,328,53,294,47,28,5,58,9,57,9,75,12,61,10,92,15,119,19,132,21,16,28,38,44,30,53,69,50,12,30,19,31,31,39,50,82
2018,4,0600270,468,245,52,223,48,15,3,22,5,39,8,43,9,52,11,74,16,92,20,131,28,6,11,23,24,37,40,52,52,9,11,16,19,15,34,40,79
2018,4,0600274,460,224,49,236,51,21,5,22,5,42,9,46,10,36,8,99,22,74,16,120,26,12,10,24,26,19,54,37,42,9,12,18,20,17,45,37,78
2018,4,0600278,439,226,51,213,49,21,5,23,5,41,9,52,12,37,8,73,17,80,18,112,26,8,9,27,25,25,36,45,51,13,14,14,27,12,37,35,61
2018,4,0600284,422,214,51,208,49,15,4,20,5,35,8,49,12,40,9,60,14,89,21,114,27,8,9,20,31,22,35,48,41,7,11,15,18,18,25,41,73
2018,4,0600286,764,377,49,387,51,32,4,47,6,89,12,77,10,69,9,130,17,131,17,189,25,18,24,47,44,36,66,76,66,14,23,42,33,33,64,55,123
2018,4,0600288,525,256,49,269,51,34,6,36,7,49,9,62,12,45,9,88,17,102,19,109,21,20,17,27,34,21,47,54,36,14,19,22,28,24,41,48,73
2018,4,0600296,1126,537,48,589,52,52,5,69,6,142,13,89,8,131,12,186,17,179,16,278,25,28,28,71,50,68,97,82,113,24,41,71,39,63,89,97,165
2018,4,0601009,2062,942,46,1120,54,117,6,165,8,210,10,230,11,213,10,329,16,296,14,502,24,54,74,116,125,107,160,134,172,63,91,94,105,106,169,162,330
2018,4,0601042,992,486,49,506,51,34,3,58,6,104,10,127,13,96,10,191,19,169,17,213,21,18,27,55,73,55,91,91,76,16,31,49,54,41,100,78,137
2018,4,0601044,490,239,49,251,51,23,5,30,6,71,14,38,8,57,12,102,21,65,13,104,21,10,19,32,20,32,56,37,33,13,11,39,18,25,46,28,71
2018,4,0601046,416,192,46,224,54,25,6,29,7,57,14,45,11,51,12,66,16,63,15,80,19,12,13,32,27,20,38,28,22,13,16,25,18,31,28,35,58
2018,4,0601050,323,166,51,157,49,14,4,19,6,31,10,30,9,35,11,61,19,67,21,66,20,4,11,19,23,18,35,33,23,10,8,12,7,17,26,34,43
2018,4,0601054,657,312,47,345,53,41,6,44,7,84,13,78,12,71,11,97,15,114,17,128,19,16,23,44,42,41,48,55,43,25,21,40,36,30,49,59,85
2018,4,0601056,654,320,49,334,51,27,4,48,7,70,11,68,10,68,10,88,13,109,17,176,27,13,29,31,39,36,47,60,65,14,19,39,29,32,41,49,111
2018,4,0601076,434,213,49,221,51,33,8,33,8,57,13,49,11,47,11,70,16,80,18,65,15,13,15,32,26,26,44,36,21,20,18,25,23,21,26,44,44
2018,4,0601080,164,92,56,72,44,7,4,9,5,18,11,17,10,20,12,36,22,22,13,35,21,3,7,13,14,14,19,8,14,4,2,5,3,6,17,14,21
2018,4,0601090,319,150,47,169,53,15,5,17,5,32,10,38,12,26,8,49,15,56,18,86,27,9,9,12,23,13,26,28,30,6,8,20,15,13,23,28,56
2018,4,0601092,467,232,50,235,50,26,6,38,8,41,9,63,13,55,12,75,16,83,18,86,18,16,20,19,39,33,39,41,25,10,18,22,24,22,36,42,61
2018,4,0604342,1664,802,48,862,52,91,5,106,6,196,12,194,12,131,8,294,18,283,17,369,22,44,56,97,111,65,155,144,130,47,50,99,83,66,139,139,239
2018,4,0604358,402,199,50,203,50,7,2,24,6,45,11,31,8,40,10,55,14,89,22,111,28,3,14,27,18,21,30,47,39,4,10,18,13,19,25,42,72
2018,4,0604372,680,338,50,342,50,16,2,43,6,55,8,75,11,80,12,106,16,126,19,179,26,7,20,31,37,48,52,74,69,9,23,24,38,32,54,52,110
2018,4,0604394,561,284,51,277,49,29,5,51,9,75,13,52,9,62,11,90,16,83,15,119,21,14,27,40,30,35,48,46,44,15,24,35,22,27,42,37,75
2018,4,0620201,10567,4690,44,5877,56,767,7,883,8,1154,11,1355,13,1356,13,1376,13,1430,14,2246,21,391,463,569,666,650,613,588,750,376,420,585,689,706,763,842,1496
2018,4,0620246,817,408,50,409,50,48,6,71,9,117,14,108,13,91,11,111,14,129,16,142,17,27,40,56,63,46,55,68,53,21,31,61,45,45,56,61,89
2018,4,0620250,555,284,51,271,49,21,4,30,5,62,11,79,14,47,8,105,19,105,19,106,19,10,15,39,51,26,52,52,39,11,15,23,28,21,53,53,67
2018,4,0620254,339,175,52,164,48,30,9,35,10,44,13,47,14,40,12,40,12,52,15,51,15,17,15,26,25,24,21,30,17,13,20,18,22,16,19,22,34
2018,4,0620258,695,355,51,340,49,42,6,54,8,90,13,90,13,82,12,104,15,92,13,141,20,27,30,47,50,44,56,49,52,15,24,43,40,38,48,43,89
2018,4,0620260,1876,904,48,972,52,147,8,176,9,217,12,267,14,231,12,247,13,272,14,319,17,75,90,111,137,123,122,132,114,72,86,106,130,108,125,140,205
2018,4,0620264,978,478,49,500,51,60,6,80,8,137,14,138,14,108,11,132,13,146,15,177,18,25,37,73,76,60,69,72,66,35,43,64,62,48,63,74,111
2018,4,0620272,995,465,47,530,53,92,9,95,10,105,11,131,13,140,14,122,12,143,14,167,17,47,46,47,67,68,61,71,58,45,49,58,64,72,61,72,109
2018,4,0620274,965,492,51,473,49,70,7,80,8,99,10,162,17,111,12,113,12,160,17,170,18,38,45,56,92,59,52,83,67,32,35,43,70,52,61,77,103
2018,4,0620280,838,399,48,439,52,60,7,56,7,83,10,107,13,99,12,99,12,144,17,190,23,24,27,37,61,55,53,66,76,36,29,46,46,44,46,78,114
2018,4,0620284,1449,718,50,731,50,127,9,144,10,171,12,218,15,169,12,207,14,186,13,227,16,65,79,87,113,90,107,87,90,62,65,84,105,79,100,99,137
2018,4,0620290,670,317,47,353,53,46,7,50,7,76,11,102,15,73,11,93,14,103,15,127,19,24,22,32,55,36,43,57,48,22,28,44,47,37,50,46,79
2018,4,0620292,818,417,51,401,49,58,7,78,10,120,15,127,16,79,10,97,12,121,15,138,17,26,43,66,79,41,46,61,55,32,35,54,48,38,51,60,83
2018,4,0620296,962,478,50,484,50,68,7,109,11,135,14,136,14,113,12,134,14,131,14,136,14,40,58,73,72,52,74,66,43,28,51,62,64,61,60,65,93
2018,4,0621209,1949,877,45,1072,55,114,6,135,7,201,10,238,12,189,10,279,14,312,16,481,25,56,60,101,123,94,138,145,160,58,75,100,115,95,141,167,321
2018,4,0621229,967,483,50,484,50,81,8,100,10,110,11,127,13,134,14,120,12,129,13,166,17,42,52,49,76,70,63,69,62,39,48,61,51,64,57,60,104
2018,4,0621268,550,279,51,271,49,23,4,58,11,70,13,67,12,64,12,68,12,84,15,116,21,10,34,38,38,35,38,41,45,13,24,32,29,29,30,43,71
2018,4,0621278,402,196,49,206,51,19,5,29,7,58,14,55,14,41,10,53,13,64,16,83,21,9,8,35,30,22,32,33,27,10,21,23,25,19,21,31,56
2018,4,0621282,851,411,48,440,52,41,5,51,6,97,11,93,11,104,12,127,15,116,14,222,26,22,26,59,54,61,66,51,72,19,25,38,39,43,61,65,150
2018,4,0624200,1319,627,48,692,52,93,7,98,7,129,10,190,14,125,9,176,13,239,18,269,20,55,48,62,104,65,93,109,91,38,50,67,86,60,83,130,178
2018,4,0640605,4136,1890,46,2246,54,255,6,332,8,444,11,496,12,446,11,605,15,518,13,1040,25,143,151,234,282,233,275,209,363,112,181,210,214,213,330,309,677
2018,4,0640642,791,395,50,396,50,59,7,79,10,95,12,100,13,85,11,108,14,102,13,163,21,25,42,58,62,45,52,48,63,34,37,37,38,40,56,54,100
2018,4,0640648,1005,468,47,537,53,71,7,90,9,126,13,144,14,101,10,137,14,156,16,180,18,28,47,61,82,52,64,79,55,43,43,65,62,49,73,77,125
2018,4,0640666,645,323,50,322,50,57,9,69,11,62,10,83,13,70,11,90,14,104,16,110,17,29,40,37,47,36,47,51,36,28,29,25,36,34,43,53,74
2018,4,0640668,1244,618,50,626,50,83,7,112,9,146,12,138,11,127,10,120,10,191,15,327,26,43,60,77,77,67,64,94,136,40,52,69,61,60,56,97,191
2018,4,0640672,503,262,52,241,48,30,6,51,10,49,10,64,13,52,10,81,16,67,13,109,22,15,30,27,34,30,45,34,47,15,21,22,30,22,36,33,62
2018,4,0640807,500,237,47,263,53,31,6,27,5,57,11,60,12,53,11,76,15,63,13,133,27,17,15,27,40,27,33,32,46,14,12,30,20,26,43,31,87
2018,4,0640827,362,185,51,177,49,23,6,25,7,25,7,50,14,40,11,48,13,58,16,93,26,15,12,15,30,25,21,34,33,8,13,10,20,15,27,24,60
2018,4,0640850,606,310,51,296,49,40,7,50,8,74,12,86,14,49,8,99,16,92,15,116,19,27,25,41,52,26,49,52,38,13,25,33,34,23,50,40,78
2018,4,0640888,789,377,48,412,52,67,8,58,7,76,10,98,12,116,15,97,12,102,13,175,22,34,30,41,52,60,49,51,60,33,28,35,46,56,48,51,115
2018,4,0640894,421,218,52,203,48,26,6,25,6,50,12,36,9,54,13,64,15,58,14,108,26,15,16,25,25,36,26,30,45,11,9,25,11,18,38,28,63
2018,4,0641009,3588,1603,45,1985,55,293,8,341,10,361,10,444,12,478,13,445,12,442,12,784,22,134,182,173,211,232,211,175,285,159,159,188,233,246,234,267,499
2018,4,0641044,561,262,47,299,53,37,7,61,11,70,12,65,12,62,11,77,14,71,13,118,21,19,28,35,37,33,32,33,45,18,33,35,28,29,45,38,73
2018,4,0641056,689,348,51,341,49,51,7,59,9,86,12,95,14,68,10,106,15,95,14,129,19,28,32,44,56,33,63,47,45,23,27,42,39,35,43,48,84
2018,4,0641060,2325,1123,48,1202,52,137,6,185,8,241,10,281,12,295,13,323,14,359,15,504,22,67,101,136,157,160,158,170,174,70,84,105,124,135,165,189,330
2018,4,0641076,1291,646,50,645,50,106,8,121,9,135,10,171,13,163,13,173,13,159,12,263,20,59,58,74,95,82,96,75,107,47,63,61,76,81,77,84,156
2018,4,0641413,891,409,46,482,54,40,4,51,6,100,11,98,11,76,9,153,17,129,14,244,27,22,23,53,53,43,81,63,71,18,28,47,45,33,72,66,173
2018,4,0641486,461,248,54,213,46,31,7,32,7,48,10,58,13,48,10,72,16,69,15,103,22,17,16,22,38,26,40,46,43,14,16,26,20,22,32,23,60
2018,4,0641496,1218,593,49,625,51,84,7,95,8,102,8,182,15,119,10,182,15,201,17,253,21,46,49,50,96,70,95,98,89,38,46,52,86,49,87,103,164
2018,4,0641615,1919,871,45,1048,55,112,6,159,8,213,11,241,13,199,10,288,15,275,14,432,23,56,85,104,132,104,133,128,129,56,74,109,109,95,155,147,303
2018,4,0641646,821,405,49,416,51,55,7,84,10,91,11,93,11,83,10,106,13,134,16,175,21,24,40,50,49,41,55,75,71,31,44,41,44,42,51,59,104
2018,4,0641658,597,299,50,298,50,30,5,44,7,65,11,72,12,94,16,85,14,94,16,113,19,16,24,40,39,53,49,42,36,14,20,25,33,41,36,52,77
2018,4,0641664,539,271,50,268,50,33,6,53,10,59,11,75,14,68,13,67,12,81,15,103,19,18,26,33,50,36,32,39,37,15,27,26,25,32,35,42,66
2018,4,0641682,508,267,53,241,47,19,4,66,13,55,11,58,11,56,11,78,15,81,16,95,19,11,40,29,32,32,42,45,36,8,26,26,26,24,36,36,59
2018,4,0641698,796,384,48,412,52,78,10,74,9,92,12,117,15,85,11,105,13,91,11,154,19,37,39,44,69,48,58,42,47,41,35,48,48,37,47,49,107
2018,4,0647978,2399,1179,49,1220,51,114,5,196,8,255,11,312,13,262,11,383,16,339,14,538,22,64,100,141,179,128,192,177,198,50,96,114,133,134,191,162,340
2018,4,0647980,803,397,49,406,51,48,6,61,8,69,9,100,12,94,12,122,15,119,15,190,24,28,34,35,54,53,59,62,72,20,27,34,46,41,63,57,118
2018,4,0648552,565,291,52,274,48,31,5,42,7,57,10,70,12,44,8,93,16,98,17,130,23,14,19,34,47,28,50,50,49,17,23,23,23,16,43,48,81
2018,4,0648584,971,481,50,490,50,50,5,69,7,84,9,124,13,92,9,144,15,152,16,256,26,24,37,50,75,53,74,82,86,26,32,34,49,39,70,70,170
2018,4,0649354,343,181,53,162,47,20,6,17,5,31,9,51,15,21,6,64,19,57,17,82,24,13,12,18,33,13,31,35,26,7,5,13,18,8,33,22,56
2018,4,0649392,1991,929,47,1062,53,147,7,183,9,221,11,237,12,227,11,273,14,235,12,468,24,75,91,111,127,120,147,105,153,72,92,110,110,107,126,130,315
2018,4,0660201,7086,3190,45,3896,55,505,7,555,8,713,10,970,14,854,12,956,13,1018,14,1515,21,260,279,363,496,419,448,423,502,245,276,350,474,435,508,595,1013
2018,4,0660252,1079,550,51,529,49,88,8,79,7,115,11,148,14,123,11,152,14,157,15,217,20,46,49,64,74,78,79,83,77,42,30,51,74,45,73,74,140
2018,4,0660264,2083,1059,51,1024,49,136,7,205,10,229,11,288,14,259,12,296,14,271,13,399,19,75,111,117,163,147,150,132,164,61,94,112,125,112,146,139,235
2018,4,0660268,657,314,48,343,52,50,8,59,9,66,10,83,13,81,12,76,12,115,18,127,19,24,30,28,45,47,34,64,42,26,29,38,38,34,42,51,85
2018,4,0660276,1988,999,50,989,50,121,6,156,8,184,9,255,13,240,12,294,15,260,13,478,24,69,80,103,146,126,163,136,176,52,76,81,109,114,131,124,302
2018,4,0660280,1012,482,48,530,52,66,7,79,8,98,10,124,12,98,10,157,16,125,12,265,26,38,37,50,67,50,80,74,86,28,42,48,57,48,77,51,179
2018,4,0660284,1258,624,50,634,50,76,6,91,7,145,12,184,15,154,12,174,14,183,15,251,20,46,53,73,102,84,91,88,87,30,38,72,82,70,83,95,164
2018,4,0660288,1122,548,49,574,51,74,7,80,7,127,11,141,13,114,10,170,15,172,15,244,22,42,39,60,75,68,88,84,92,32,41,67,66,46,82,88,152
2018,4,0661007,1122,523,47,599,53,59,5,82,7,110,10,130,12,127,11,174,16,153,14,287,26,25,48,55,67,70,84,71,103,34,34,55,63,57,90,82,184
2018,4,0661017,873,421,48,452,52,55,6,84,10,93,11,115,13,101,12,114,13,124,14,187,21,30,42,57,69,50,61,56,56,25,42,36,46,51,53,68,131
2018,4,0661027,718,360,50,358,50,53,7,62,9,84,12,95,13,73,10,102,14,112,16,137,19,25,33,45,49,44,53,60,51,28,29,39,46,29,49,52,86
2018,4,0661037,538,278,52,260,48,32,6,46,9,54,10,64,12,63,12,81,15,69,13,129,24,18,21,20,36,38,47,46,52,14,25,34,28,25,34,23,77
2018,4,0661044,583,274,47,309,53,37,6,37,6,65,11,89,15,60,10,73,13,80,14,142,24,27,15,33,48,31,38,39,43,10,22,32,41,29,35,41,99
2018,4,0661048,840,411,49,429,51,67,8,70,8,100,12,141,17,82,10,132,16,94,11,154,18,37,35,64,72,43,65,46,49,30,35,36,69,39,67,48,105
2018,4,0661405,694,326,47,368,53,32,5,43,6,65,9,86,12,74,11,125,18,104,15,165,24,21,20,35,49,37,62,54,48,11,23,30,37,37,63,50,117
2018,4,0661415,2652,1191,45,1461,55,135,5,191,7,263,10,322,12,321,12,399,15,384,14,637,24,76,95,130,176,160,190,157,207,59,96,133,146,161,209,227,430
2018,4,0661425,456,236,52,220,48,21,5,55,12,42,9,55,12,53,12,68,15,75,16,87,19,13,31,26,36,24,36,40,30,8,24,16,19,29,32,35,57
2018,4,0661435,1930,984,51,946,49,112,6,138,7,230,12,271,14,231,12,290,15,284,15,374,19,59,74,125,158,128,153,143,144,53,64,105,113,103,137,141,230
2018,4,0661460,1682,822,49,860,51,76,5,104,6,160,10,230,14,173,10,263,16,286,17,390,23,42,56,81,128,89,136,144,146,34,48,79,102,84,127,142,244
2018,4,0680201,7873,3453,44,4420,56,467,6,593,8,688,9,949,12,1040,13,1200,15,1206,15,1730,22,234,294,350,479,507,568,490,531,233,299,338,470,533,632,716,1199
2018,4,0680246,505,248,49,257,51,24,5,32,6,64,13,55,11,63,12,89,18,65,13,113,22,15,17,36,31,32,44,34,39,9,15,28,24,31,45,31,74
2018,4,0680250,621,311,50,310,50,29,5,36,6,52,8,81,13,71,11,111,18,108,17,133,21,13,19,31,49,36,57,60,46,16,17,21,32,35,54,48,87
2018,4,0680258,955,493,52,462,48,56,6,85,9,109,11,122,13,121,13,160,17,124,13,178,19,26,44,72,74,63,89,63,62,30,41,37,48,58,71,61,116
2018,4,0680260,494,234,47,260,53,22,4,26,5,57,12,46,9,52,11,69,14,95,19,127,26,13,13,27,29,31,38,45,38,9,13,30,17,21,31,50,89
2018,4,0680278,336,166,49,170,51,14,4,16,5,27,8,35,10,36,11,59,18,59,18,90,27,8,9,13,26,18,31,30,31,6,7,14,9,18,28,29,59
2018,4,0680280,383,192,50,191,50,29,8,23,6,29,8,53,14,32,8,58,15,80,21,79,21,14,10,10,35,16,33,44,30,15,13,19,18,16,25,36,49
2018,4,0680286,526,264,50,262,50,30,6,35,7,71,13,42,8,61,12,82,16,71,13,134,25,13,20,38,33,28,47,38,47,17,15,33,9,33,35,33,87
2018,4,0680288,301,152,50,149,50,12,4,3,1,30,10,43,14,36,12,47,16,58,19,72,24,7,0,17,26,18,23,30,31,5,3,13,17,18,24,28,41
2018,4,0680292,398,193,48,205,52,8,2,15,4,30,8,39,10,36,9,73,18,79,20,118,30,3,8,12,17,25,41,46,41,5,7,18,22,11,32,33,77
2018,4,0681009,1953,868,44,1085,56,121,6,167,9,225,12,232,12,228,12,306,16,249,13,425,22,52,86,127,119,104,157,109,114,69,81,98,113,124,149,140,311
2018,4,0681054,331,160,48,171,52,20,6,19,6,35,11,36,11,40,12,63,19,51,15,67,20,9,7,18,20,29,32,23,22,11,12,17,16,11,31,28,45
2018,4,0681068,1098,508,46,590,54,60,5,59,5,112,10,130,12,121,11,154,14,184,17,278,25,28,28,54,76,65,80,82,95,32,31,58,54,56,74,102,183
2018,4,0681070,794,385,48,409,52,41,5,46,6,83,10,111,14,83,10,154,19,114,14,162,20,19,28,42,60,46,83,57,50,22,18,41,51,37,71,57,112
2018,4,0681072,585,271,46,314,54,27,5,33,6,61,10,92,16,62,11,86,15,109,19,115,20,13,11,30,57,32,44,55,29,14,22,31,35,30,42,54,86
2018,4,0681094,619,319,52,300,48,26,4,41,7,88,14,70,11,63,10,97,16,103,17,131,21,11,27,51,44,30,56,52,48,15,14,37,26,33,41,51,83
2018,4,0681817,1432,658,46,774,54,74,5,102,7,143,10,168,12,177,12,223,16,216,15,329,23,44,56,70,100,92,98,85,113,30,46,73,68,85,125,131,216
2018,4,0681864,271,123,45,148,55,10,4,12,4,30,11,38,14,24,9,42,15,45,17,70,26,6,6,17,24,13,17,22,18,4,6,13,14,11,25,23,52
2018,4,0681884,523,260,50,263,50,32,6,27,5,71,14,71,14,60,11,84,16,78,15,100,19,21,10,40,40,33,41,39,36,11,17,31,31,27,43,39,64
2018,4,0681896,535,284,53,251,47,25,5,41,8,64,12,53,10,85,16,66,12,82,15,119,22,12,25,35,31,50,41,41,49,13,16,29,22,35,25,41,70
2018,4,0684944,397,193,49,204,51,40,10,29,7,46,12,53,13,38,10,62,16,58,15,71,18,21,13,21,29,24,32,28,25,19,16,25,24,14,30,30,46
2018,4,0684948,664,316,48,348,52,32,5,54,8,72,11,89,13,75,11,99,15,117,18,126,19,18,24,38,47,44,46,60,39,14,30,34,42,31,53,57,87
2018,4,0684966,264,131,50,133,50,9,3,15,6,28,11,22,8,34,13,39,15,52,20,65,25,3,6,18,12,21,22,30,19,6,9,10,10,13,17,22,46
2018,4,0684990,527,266,50,261,50,31,6,30,6,50,9,84,16,54,10,79,15,88,17,111,21,18,18,27,48,35,34,49,37,13,12,23,36,19,45,39,74
2018,4,0684998,659,317,48,342,52,28,4,47,7,68,10,80,12,79,12,117,18,97,15,143,22,12,19,38,43,45,53,52,55,16,28,30,37,34,64,45,88
2018,4,0700201,7075,3060,43,4015,57,525,7,564,8,688,10,959,14,787,11,997,14,1060,15,1495,21,249,282,333,477,391,447,427,454,276,282,355,482,396,550,633,1041
2018,4,0700242,1286,653,51,633,49,75,6,112,9,155,12,168,13,152,12,178,14,174,14,272,21,34,68,90,91,79,95,93,103,41,44,65,77,73,83,81,169
2018,4,0700244,1221,578,47,643,53,78,6,79,6,133,11,163,13,137,11,165,14,192,16,274,22,47,35,63,94,72,99,83,85,31,44,70,69,65,66,109,189
2018,4,0700246,1408,711,50,697,50,93,7,115,8,160,11,188,13,165,12,211,15,204,14,272,19,50,61,90,117,86,101,108,98,43,54,70,71,79,110,96,174
2018,4,0700250,1150,540,47,610,53,79,7,91,8,163,14,133,12,125,11,152,13,152,13,255,22,43,47,85,72,60,71,71,91,36,44,78,61,65,81,81,164
2018,4,0700262,1624,772,48,852,52,117,7,114,7,191,12,200,12,205,13,203,13,262,16,332,20,66,64,109,105,110,92,104,122,51,50,82,95,95,111,158,210
2018,4,0700266,649,301,46,348,54,42,6,55,8,83,13,71,11,90,14,99,15,96,15,113,17,23,27,34,44,42,53,40,38,19,28,49,27,48,46,56,75
2018,4,0700268,1171,581,50,590,50,68,6,96,8,123,11,173,15,129,11,175,15,174,15,233,20,32,53,65,106,64,95,87,79,36,43,58,67,65,80,87,154
2018,4,0700270,1254,632,50,622,50,76,6,95,8,143,11,166,13,127,10,185,15,167,13,295,24,35,60,87,92,74,88,88,108,41,35,56,74,53,97,79,187
2018,4,0700274,883,408,46,475,54,49,6,69,8,80,9,117,13,94,11,132,15,124,14,218,25,24,32,48,57,50,76,65,56,25,37,32,60,44,56,59,162
2018,4,0700276,627,307,49,320,51,50,8,37,6,60,10,94,15,72,11,91,15,102,16,121,19,27,21,30,49,42,48,50,40,23,16,30,45,30,43,52,81
2018,4,0700282,913,462,51,451,49,56,6,70,8,107,12,136,15,102,11,134,15,126,14,182,20,30,33,55,78,60,72,62,72,26,37,52,58,42,62,64,110
2018,4,0700286,1428,704,49,724,51,97,7,109,8,149,10,225,16,135,9,224,16,207,14,282,20,55,56,85,122,74,113,106,93,42,53,64,103,61,111,101,189
2018,4,0700290,1272,604,47,668,53,108,8,101,8,142,11,171,13,142,11,206,16,164,13,238,19,61,49,69,90,72,101,83,79,47,52,73,81,70,105,81,159
2018,4,0700296,584,286,49,298,51,34,6,42,7,81,14,73,13,62,11,85,15,76,13,131,22,22,21,33,46,30,43,42,49,12,21,48,27,32,42,34,82
2018,4,0700807,1378,655,48,723,52,51,4,99,7,138,10,185,13,150,11,206,15,217,16,332,24,28,59,90,99,69,98,101,111,23,40,48,86,81,108,116,221
2018,4,0700827,1043,511,49,532,51,63,6,74,7,147,14,117,11,118,11,165,16,149,14,210,20,35,33,74,72,63,90,71,73,28,41,73,45,55,75,78,137
2018,4,0701413,1561,731,47,830,53,92,6,105,7,165,11,216,14,181,12,210,13,226,14,366,23,49,53,79,130,99,97,104,120,43,52,86,86,82,113,122,246
2018,4,0701458,727,385,53,342,47,35,5,55,8,76,10,94,13,72,10,138,19,105,14,152,21,22,26,41,64,39,79,60,54,13,29,35,30,33,59,45,98
2018,4,0701817,1814,805,44,1009,56,112,6,152,8,200,11,245,14,197,11,234,13,228,13,446,25,56,84,106,124,91,113,106,125,56,68,94,121,106,121,122,321
2018,4,0701878,663,340,51,323,49,33,5,48,7,80,12,97,15,68,10,101,15,91,14,145,22,16,26,45,56,42,54,50,51,17,22,35,41,26,47,41,94
2018,4,0701894,652,325,50,327,50,25,4,45,7,84,13,86,13,67,10,94,14,114,17,137,21,15,31,43,53,32,48,52,51,10,14,41,33,35,46,62,86
2018,4,0705554,2073,943,45,1130,55,121,6,163,8,212,10,278,13,187,9,278,13,290,14,544,26,63,80,107,148,100,131,141,173,58,83,105,130,87,147,149,371
2018,4,0705560,246,143,58,103,42,8,3,7,3,20,8,38,15,27,11,34,14,47,19,65,26,3,3,11,31,19,17,26,33,5,4,9,7,8,17,21,32
2018,4,0705592,428,215,50,213,50,24,6,24,6,55,13,54,13,32,7,65,15,66,15,108,25,15,13,25,36,22,33,32,39,9,11,30,18,10,32,34,69
2018,4,0740201,23174,10258,44,12916,56,1860,8,2156,9,1967,8,3086,13,3424,15,2894,12,2915,13,4872,21,923,1111,988,1588,1650,1333,1126,1539,937,1045,979,1498,1774,1561,1789,3333
2018,4,0740252,601,310,52,291,48,28,5,39,6,56,9,95,16,53,9,110,18,88,15,132,22,19,20,29,57,30,59,51,45,9,19,27,38,23,51,37,87
2018,4,0740256,861,384,45,477,55,54,6,71,8,91,11,99,11,105,12,117,14,129,15,195,23,23,24,35,56,57,57,66,66,31,47,56,43,48,60,63,129
2018,4,0740260,592,290,49,302,51,47,8,57,10,79,13,74,13,72,12,68,11,77,13,118,20,19,32,43,45,41,33,39,38,28,25,36,29,31,35,38,80
2018,4,0740268,1504,695,46,809,54,107,7,120,8,172,11,174,12,162,11,201,13,218,14,350,23,50,58,87,97,88,100,94,121,57,62,85,77,74,101,124,229
2018,4,0740272,455,220,48,235,52,21,5,30,7,49,11,62,14,45,10,81,18,60,13,107,24,10,19,20,37,21,45,31,37,11,11,29,25,24,36,29,70
2018,4,0740276,483,247,51,236,49,21,4,26,5,55,11,79,16,56,12,59,12,87,18,100,21,8,12,38,50,33,27,47,32,13,14,17,29,23,32,40,68
2018,4,0740280,2836,1358,48,1478,52,253,9,290,10,292,10,376,13,398,14,395,14,321,11,511,18,124,151,144,200,203,204,152,180,129,139,148,176,195,191,169,331
2018,4,0740288,1705,821,48,884,52,117,7,159,9,201,12,227,13,200,12,220,13,255,15,326,19,56,78,108,120,111,116,113,119,61,81,93,107,89,104,142,207
2018,4,0740292,745,370,50,375,50,58,8,76,10,74,10,112,15,70,9,94,13,109,15,152,20,29,45,41,57,37,54,56,51,29,31,33,55,33,40,53,101
2018,4,0740605,7044,3315,47,3729,53,798,11,831,12,585,8,924,13,1124,16,891,13,776,11,1115,16,424,427,284,466,539,433,342,400,374,404,301,458,585,458,434,715
2018,4,0740625,2581,1266,49,1315,51,252,10,302,12,235,9,366,14,433,17,354,14,290,11,349,14,126,143,125,193,227,186,138,128,126,159,110,173,206,168,152,221
2018,4,0741009,2120,966,46,1154,54,170,8,135,6,191,9,340,16,244,12,277,13,330,16,433,20,76,73,87,169,120,127,143,171,94,62,104,171,124,150,187,262
2018,4,0741029,671,346,52,325,48,61,9,42,6,61,9,108,16,77,11,115,17,82,12,125,19,30,22,31,64,43,66,42,48,31,20,30,44,34,49,40,77
2018,4,0741044,1501,749,50,752,50,108,7,116,8,150,10,194,13,181,12,223,15,223,15,306,20,61,57,88,107,96,107,121,112,47,59,62,87,85,116,102,194
2018,4,0741084,1065,534,50,531,50,72,7,85,8,112,11,149,14,122,11,155,15,168,16,202,19,37,42,57,89,67,82,87,73,35,43,55,60,55,73,81,129
2018,4,0741413,5967,2738,46,3229,54,486,8,565,9,615,10,788,13,838,14,850,14,740,12,1085,18,225,297,317,420,405,403,308,363,261,268,298,368,433,447,432,722
2018,4,0741433,912,459,50,453,50,88,10,76,8,100,11,140,15,122,13,138,15,102,11,146,16,43,46,49,79,66,73,57,46,45,30,51,61,56,65,45,100
2018,4,0741448,1725,822,48,903,52,110,6,164,10,155,9,227,13,227,13,234,14,259,15,349,20,61,74,82,125,123,122,118,117,49,90,73,102,104,112,141,232
2018,4,0741464,1108,540,49,568,51,67,6,86,8,114,10,138,12,137,12,153,14,163,15,250,23,36,40,66,85,68,78,83,84,31,46,48,53,69,75,80,166
2018,4,0760201,6407,2805,44,3602,56,414,6,473,7,583,9,883,14,695,11,1015,16,1092,17,1252,20,215,245,298,452,337,425,459,374,199,228,285,431,358,590,633,878
2018,4,0760244,505,254,50,251,50,35,7,31,6,39,8,64,13,61,12,75,15,93,18,107,21,15,18,18,33,41,48,45,36,20,13,21,31,20,27,48,71
2018,4,0760256,629,323,51,306,49,39,6,58,9,71,11,82,13,62,10,92,15,99,16,126,20,24,26,43,43,31,55,57,44,15,32,28,39,31,37,42,82
2018,4,0760258,971,476,49,495,51,61,6,77,8,99,10,110,11,114,12,147,15,149,15,214,22,30,39,54,66,57,79,74,77,31,38,45,44,57,68,75,137
2018,4,0760274,850,408,48,442,52,50,6,53,6,85,10,125,15,68,8,129,15,133,16,207,24,24,29,36,71,43,63,70,72,26,24,49,54,25,66,63,135
2018,4,0761211,7258,3203,44,4055,56,462,6,615,8,689,9,877,12,849,12,975,13,1261,17,1530,21,239,279,347,444,439,450,510,495,223,336,342,433,410,525,751,1035
2018,4,0761252,688,337,49,351,51,33,5,45,7,65,9,64,9,76,11,99,14,142,21,164,24,18,22,28,41,43,50,78,57,15,23,37,23,33,49,64,107
2018,4,0761266,1111,550,50,561,50,64,6,85,8,125,11,130,12,102,9,169,15,184,17,252,23,44,40,66,75,52,92,94,87,20,45,59,55,50,77,90,165
2018,4,0761268,710,334,47,376,53,45,6,59,8,86,12,101,14,86,12,115,16,90,13,128,18,19,31,44,57,47,63,39,34,26,28,42,44,39,52,51,94
2018,4,0761282,488,230,47,258,53,17,3,28,6,55,11,70,14,61,13,79,16,74,15,104,21,7,13,24,32,33,44,44,33,10,15,31,38,28,35,30,71
2018,4,0761286,737,362,49,375,51,47,6,57,8,92,12,90,12,73,10,121,16,104,14,153,21,23,32,51,49,37,61,58,51,24,25,41,41,36,60,46,102
2018,4,0766348,725,361,50,364,50,40,6,57,8,100,14,78,11,74,10,122,17,109,15,145,20,23,28,62,46,41,67,57,37,17,29,38,32,33,55,52,108
2018,4,0766362,1189,561,47,628,53,47,4,84,7,129,11,143,12,134,11,187,16,194,16,271,23,24,43,58,81,77,93,91,94,23,41,71,62,57,94,103,177
2018,4,0766370,1331,675,51,656,49,90,7,88,7,154,12,162,12,152,11,188,14,193,15,304,23,57,50,82,99,89,92,106,100,33,38,72,63,63,96,87,204
2018,4,0766376,359,183,51,176,49,7,2,24,7,38,11,42,12,38,11,48,13,65,18,97,27,5,17,19,29,22,27,31,33,2,7,19,13,16,21,34,64
2018,4,0766378,475,243,51,232,49,17,4,29,6,55,12,68,14,47,10,91,19,74,16,94,20,5,19,36,41,25,49,40,28,12,10,19,27,22,42,34,66
2018,4,0766380,693,350,51,343,49,30,4,39,6,111,16,108,16,59,9,103,15,127,18,116,17,12,21,62,66,30,49,70,40,18,18,49,42,29,54,57,76
2018,4,0769164,657,336,51,321,49,55,8,41,6,75,11,83,13,71,11,104,16,84,13,144,22,27,25,35,48,41,61,48,51,28,16,40,35,30,43,36,93
2018,4,0769190,662,318,48,344,52,35,5,39,6,94,14,95,14,55,8,92,14,116,18,136,21,21,17,50,50,32,39,64,45,14,22,44,45,23,53,52,91
2018,4,0769194,549,270,49,279,51,34,6,29,5,66,12,69,13,54,10,73,13,94,17,130,24,19,8,30,45,25,42,51,50,15,21,36,24,29,31,43,80
2018,4,0780242,980,471,48,509,52,69,7,86,9,96,10,118,12,134,14,139,14,143,15,195,20,32,39,52,65,68,72,70,73,37,47,44,53,66,67,73,122
2018,4,0780244,609,310,51,299,49,54,9,51,8,78,13,80,13,74,12,100,16,81,13,91,15,28,23,40,43,41,50,48,37,26,28,38,37,33,50,33,54
2018,4,0780246,1092,544,50,548,50,56,5,86,8,123,11,159,15,149,14,177,16,145,13,197,18,35,48,61,86,75,91,79,69,21,38,62,73,74,86,66,128
2018,4,0780250,896,463,52,433,48,51,6,66,7,110,12,111,12,109,12,127,14,137,15,185,21,26,36,68,62,63,72,72,64,25,30,42,49,46,55,65,121
2018,4,0780252,764,398,52,366,48,50,7,73,10,89,12,89,12,85,11,112,15,127,17,139,18,29,41,56,55,48,58,69,42,21,32,33,34,37,54,58,97
2018,4,0780254,865,428,49,437,51,66,8,50,6,118,14,111,13,88,10,161,19,114,13,157,18,33,27,69,62,41,81,66,49,33,23,49,49,47,80,48,108
2018,4,0780256,1717,844,49,873,51,127,7,127,7,166,10,209,12,240,14,288,17,280,16,280,16,59,66,93,107,122,146,143,108,68,61,73,102,118,142,137,172
2018,4,0780258,654,342,52,312,48,40,6,27,4,79,12,93,14,75,11,101,15,106,16,133,20,22,12,35,61,48,58,64,42,18,15,44,32,27,43,42,91
2018,4,0780260,447,215,48,232,52,31,7,34,8,67,15,49,11,55,12,66,15,68,15,77,17,14,20,41,22,26,32,42,18,17,14,26,27,29,34,26,59
2018,4,0780262,1052,509,48,543,52,62,6,78,7,119,11,142,13,113,11,177,17,149,14,212,20,31,43,64,80,65,89,75,62,31,35,55,62,48,88,74,150
2018,4,0780266,652,323,50,329,50,41,6,42,6,70,11,95,15,73,11,87,13,103,16,141,22,12,23,35,53,35,56,57,52,29,19,35,42,38,31,46,89
2018,4,0780268,807,410,51,397,49,50,6,62,8,69,9,119,15,85,11,133,16,117,14,172,21,30,35,43,69,44,64,65,60,20,27,26,50,41,69,52,112
2018,4,0780270,2605,1216,47,1389,53,162,6,227,9,257,10,301,12,334,13,393,15,396,15,535,21,89,124,137,157,163,190,183,173,73,103,120,144,171,203,213,362
2018,4,0780272,496,263,53,233,47,23,5,35,7,42,8,61,12,55,11,94,19,73,15,113,23,8,18,31,40,40,55,37,34,15,17,11,21,15,39,36,79
2018,4,0780274,405,215,53,190,47,21,5,21,5,35,9,50,12,43,11,62,15,67,17,106,26,12,11,16,36,25,32,35,48,9,10,19,14,18,30,32,58
2018,4,0780276,1785,893,50,892,50,123,7,150,8,180,10,228,13,261,15,255,14,250,14,338,19,69,76,87,134,139,138,121,129,54,74,93,94,122,117,129,209
2018,4,0780278,860,416,48,444,52,57,7,67,8,92,11,123,14,122,14,130,15,130,15,139,16,31,32,36,74,67,64,66,46,26,35,56,49,55,66,64,93
2018,4,0780280,379,184,49,195,51,27,7,25,7,23,6,54,14,26,7,55,15,82,22,87,23,13,12,9,29,15,31,41,34,14,13,14,25,11,24,41,53
2018,4,0780282,666,333,50,333,50,26,4,44,7,81,12,83,12,82,12,97,15,102,15,151,23,8,23,48,54,48,48,55,49,18,21,33,29,34,49,47,102
2018,4,0780284,1043,523,50,520,50,62,6,77,7,112,11,139,13,107,10,181,17,155,15,210,20,30,50,54,77,57,100,80,75,32,27,58,62,50,81,75,135
2018,4,0780286,1272,635,50,637,50,89,7,101,8,153,12,179,14,141,11,214,17,164,13,231,18,36,50,82,106,77,111,76,97,53,51,71,73,64,103,88,134
2018,4,0780288,2373,1189,50,1184,50,137,6,211,9,298,13,303,13,306,13,378,16,324,14,416,18,81,107,161,164,171,199,165,141,56,104,137,139,135,179,159,275
2018,4,0780292,567,290,51,277,49,31,5,50,9,84,15,68,12,70,12,90,16,80,14,94,17,13,26,53,38,37,49,41,33,18,24,31,30,33,41,39,61
2018,4,0780294,804,360,45,444,55,69,9,63,8,80,10,90,11,68,8,114,14,121,15,199,25,26,37,40,51,28,60,55,63,43,26,40,39,40,54,66,136
2018,4,0780296,1427,680,48,747,52,102,7,92,6,144,10,209,15,176,12,223,16,227,16,254,18,47,37,77,113,99,108,109,90,55,55,67,96,77,115,118,164
2018,4,0781817,2884,1276,44,1608,56,155,5,218,8,316,11,356,12,323,11,440,15,435,15,641,22,71,100,149,205,151,208,180,212,84,118,167,151,172,232,255,429
2018,4,0781848,675,342,51,333,49,33,5,47,7,71,11,88,13,67,10,108,16,114,17,147,22,19,26,40,49,41,54,63,50,14,21,31,39,26,54,51,97
2018,4,0781890,656,329,50,327,50,37,6,43,7,75,11,88,13,75,11,108,16,101,15,129,20,23,14,36,56,41,59,55,45,14,29,39,32,34,49,46,84
2018,4,0781898,1434,702,49,732,51,83,6,98,7,145,10,181,13,153,11,218,15,242,17,314,22,39,57,68,100,82,114,128,114,44,41,77,81,71,104,114,200
2018,4,0800605,3796,1757,46,2039,54,328,9,398,10,421,11,559,15,548,14,448,12,463,12,631,17,174,213,215,280,275,210,208,182,154,185,206,279,273,238,255,449
2018,4,0800625,1687,874,52,813,48,147,9,178,11,156,9,234,14,281,17,240,14,186,11,265,16,80,97,90,128,155,125,103,96,67,81,66,106,126,115,83,169
2018,4,0800807,6389,3072,48,3317,52,921,14,647,10,355,6,1116,17,1218,19,682,11,762,12,688,11,480,328,174,540,618,335,350,247,441,319,181,576,600,347,412,441
2018,4,0800856,1156,533,46,623,54,121,10,146,13,102,9,153,13,167,14,146,13,148,13,173,15,50,68,56,81,77,75,68,58,71,78,46,72,90,71,80,115
2018,4,0800870,15467,7306,47,8161,53,1657,11,1702,11,1278,8,2175,14,2570,17,1958,13,1682,11,2445,16,859,878,656,1045,1247,976,771,874,798,824,622,1130,1323,982,911,1571
2018,4,0801009,10904,4760,44,6144,56,739,7,864,8,953,9,1484,14,1613,15,1519,14,1484,14,2248,21,369,418,473,786,809,686,569,650,370,446,480,698,804,833,915,1598
2018,4,0801080,8441,4126,49,4315,51,678,8,846,10,756,9,1140,14,1326,16,1186,14,1202,14,1307,15,347,423,401,565,697,620,589,484,331,423,355,575,629,566,613,823
2018,4,0801211,18054,8349,46,9705,54,1719,10,1670,9,1540,9,2629,15,2907,16,2361,13,1973,11,3255,18,927,888,766,1276,1461,1130,856,1045,792,782,774,1353,1446,1231,1117,2210
2018,4,0801231,4479,2219,50,2260,50,372,8,437,10,357,8,609,14,800,18,627,14,587,13,690,15,197,225,181,312,437,313,291,263,175,212,176,297,363,314,296,427
2018,4,0801413,2853,1322,46,1531,54,194,7,189,7,205,7,359,13,364,13,405,14,421,15,716,25,103,86,97,187,183,210,197,259,91,103,108,172,181,195,224,457
2018,4,0801433,2890,1383,48,1507,52,221,8,241,8,255,9,330,11,377,13,429,15,392,14,645,22,116,131,131,182,191,217,181,234,105,110,124,148,186,212,211,411
2018,4,0801615,11352,5131,45,6221,55,1226,11,1092,10,1040,9,1839,16,1600,14,1366,12,1307,12,1882,17,647,543,506,869,783,612,559,612,579,549,534,970,817,754,748,1270
2018,4,0801642,1649,788,48,861,52,136,8,140,8,165,10,208,13,270,16,193,12,234,14,303,18,65,76,73,117,136,102,106,113,71,64,92,91,134,91,128,190
2018,4,0801666,619,295,48,324,52,58,9,65,11,68,11,99,16,71,11,74,12,80,13,104,17,32,27,30,55,33,41,44,33,26,38,38,44,38,33,36,71
2018,4,0801694,3697,1746,47,1951,53,379,10,368,10,369,10,575,16,504,14,457,12,443,12,602,16,194,183,190,275,250,233,202,219,185,185,179,300,254,224,241,383
2018,4,0801817,3274,1534,47,1740,53,251,8,306,9,268,8,452,14,455,14,449,14,489,15,604,18,138,165,142,251,224,212,223,179,113,141,126,201,231,237,266,425
2018,4,0801864,4272,2086,49,2186,51,370,9,384,9,360,8,565,13,656,15,554,13,585,14,798,19,192,192,196,312,343,288,285,278,178,192,164,253,313,266,300,520
2018,4,0804400,11188,5306,47,5882,53,1354,12,1449,13,918,8,1621,14,2018,18,1317,12,1186,11,1325,12,701,739,462,756,976,654,549,469,653,710,456,865,1042,663,637,856
2018,4,0804948,8977,4243,47,4734,53,1130,13,1096,12,832,9,1206,13,1431,16,1250,14,936,10,1096,12,567,564,401,533,677,632,463,406,563,532,431,673,754,618,473,690
2018,4,0804988,1364,651,48,713,52,131,10,126,9,119,9,214,16,177,13,180,13,209,15,208,15,65,58,62,104,92,85,108,77,66,68,57,110,85,95,101,131
2018,4,0805200,8629,4370,51,4259,49,577,7,598,7,655,8,1208,14,1253,15,1308,15,1269,15,1761,20,296,332,336,674,660,690,619,763,281,266,319,534,593,618,650,998
2018,4,0806000,8347,4157,50,4190,50,754,9,985,12,835,10,1024,12,1367,16,1326,16,1008,12,1048,13,395,502,474,504,657,681,518,426,359,483,361,520,710,645,490,622
2018,4,0806956,1305,640,49,665,51,101,8,90,7,140,11,198,15,162,12,181,14,198,15,235,18,51,42,77,103,95,93,98,81,50,48,63,95,67,88,100,154
2018,4,0806968,3578,1745,49,1833,51,268,7,291,8,342,10,500,14,486,14,469,13,513,14,709,20,144,146,185,279,253,231,247,260,124,145,157,221,233,238,266,449
2018,4,0807400,3408,1620,48,1788,52,253,7,297,9,378,11,419,12,476,14,485,14,446,13,654,19,145,157,198,210,252,251,197,210,108,140,180,209,224,234,249,444
2018,4,0807600,19457,9368,48,10089,52,2835,15,2579,13,1596,8,3079,16,3603,19,2429,12,1524,8,1812,9,1459,1344,817,1402,1768,1228,731,619,1376,1235,779,1677,1835,1201,793,1193
2018,4,0808400,6805,3335,49,3470,51,531,8,619,9,603,9,1005,15,1058,16,974,14,911,13,1104,16,268,308,313,574,552,497,424,399,263,311,290,431,506,477,487,705
2018,4,0809200,2182,1045,48,1137,52,158,7,189,9,213,10,314,14,308,14,284,13,309,14,407,19,82,90,106,171,155,146,145,150,76,99,107,143,153,138,164,257
2018,4,0809600,10495,4985,47,5510,53,1062,10,1149,11,980,9,1429,14,1718,16,1468,14,1189,11,1500,14,547,606,520,692,830,729,537,524,515,543,460,737,888,739,652,976
2018,4,0840201,10004,4507,45,5497,55,805,8,839,8,1106,11,1320,13,1224,12,1383,14,1349,13,1978,20,398,427,537,711,576,631,570,657,407,412,569,609,648,752,779,1321
2018,4,0840248,998,478,48,520,52,53,5,94,9,127,13,123,12,88,9,149,15,162,16,202,20,23,49,62,66,46,80,72,80,30,45,65,57,42,69,90,122
2018,4,0840256,310,160,52,150,48,15,5,23,7,30,10,41,13,38,12,50,16,39,13,74,24,8,10,15,28,23,30,19,27,7,13,15,13,15,20,20,47
2018,4,0840258,672,344,51,328,49,52,8,63,9,75,11,97,14,81,12,89,13,103,15,112,17,27,33,42,53,49,41,57,42,25,30,33,44,32,48,46,70
2018,4,0840262,745,377,51,368,49,63,8,68,9,107,14,106,14,88,12,110,15,92,12,111,15,23,28,68,62,52,55,45,44,40,40,39,44,36,55,47,67
2018,4,0840266,1146,557,49,589,51,79,7,124,11,137,12,144,13,131,11,138,12,158,14,235,21,42,66,72,71,71,66,72,97,37,58,65,73,60,72,86,138
2018,4,0840270,1166,558,48,608,52,60,5,89,8,170,15,128,11,134,11,160,14,213,18,212,18,32,51,82,73,72,82,89,77,28,38,88,55,62,78,124,135
2018,4,0840272,1500,736,49,764,51,118,8,129,9,158,11,184,12,181,12,209,14,233,16,288,19,65,70,88,98,96,103,112,104,53,59,70,86,85,106,121,184
2018,4,0840276,559,277,50,282,50,36,6,49,9,73,13,85,15,46,8,90,16,99,18,81,14,14,26,43,52,19,51,46,26,22,23,30,33,27,39,53,55
2018,4,0840282,632,318,50,314,50,37,6,53,8,72,11,71,11,63,10,97,15,98,16,141,22,20,28,40,49,36,49,47,49,17,25,32,22,27,48,51,92
2018,4,0840286,1408,678,48,730,52,99,7,119,8,159,11,192,14,143,10,222,16,214,15,260,18,52,56,88,113,59,111,98,101,47,63,71,79,84,111,116,159
2018,4,0840288,520,244,47,276,53,36,7,56,11,86,17,43,8,62,12,68,13,67,13,102,20,15,20,38,29,29,39,37,37,21,36,48,14,33,29,30,65
2018,4,0840292,338,168,50,170,50,6,2,20,6,39,12,44,13,30,9,55,16,63,19,81,24,6,11,22,29,10,30,33,27,0,9,17,15,20,25,30,54
2018,4,0840294,578,300,52,278,48,46,8,47,8,89,15,80,14,57,10,96,17,75,13,88,15,27,21,49,48,32,47,40,36,19,26,40,32,25,49,35,52
2018,4,0840296,1432,714,50,718,50,119,8,109,8,166,12,212,15,158,11,207,14,217,15,244,17,66,54,89,111,91,102,105,96,53,55,77,101,67,105,112,148
2018,4,0840298,332,170,51,162,49,42,13,31,9,48,14,36,11,36,11,44,13,41,12,54,16,21,14,26,18,24,25,18,24,21,17,22,18,12,19,23,30
2018,4,0840605,2821,1289,46,1532,54,215,8,275,10,295,10,355,13,341,12,355,13,386,14,599,21,113,146,155,187,168,157,179,184,102,129,140,168,173,198,207,415
2018,4,0840625,874,428,49,446,51,66,8,79,9,114,13,99,11,109,12,121,14,118,14,168,19,35,37,60,54,58,62,64,58,31,42,54,45,51,59,54,110
2018,4,0840644,666,327,49,339,51,42,6,55,8,89,13,92,14,81,12,94,14,101,15,112,17,21,32,43,52,41,52,47,39,21,23,46,40,40,42,54,73
2018,4,0840652,611,280,46,331,54,52,9,42,7,71,12,73,12,52,9,90,15,97,16,134,22,22,15,40,39,25,44,49,46,30,27,31,34,27,46,48,88
2018,4,0840680,638,310,49,328,51,34,5,41,6,90,14,72,11,65,10,89,14,88,14,159,25,17,22,51,37,31,49,48,55,17,19,39,35,34,40,40,104
2018,4,0880201,9225,4124,45,5101,55,726,8,741,8,895,10,1238,13,1085,12,1232,13,1372,15,1936,21,391,380,475,638,518,543,551,628,335,361,420,600,567,689,821,1308
2018,4,0880213,1328,587,44,741,56,80,6,104,8,134,10,154,12,121,9,196,15,177,13,362,27,46,54,74,75,60,85,76,117,34,50,60,79,61,111,101,245
2018,4,0880215,1638,771,47,867,53,104,6,156,10,179,11,222,14,223,14,197,12,215,13,342,21,51,76,91,114,116,103,97,123,53,80,88,108,107,94,118,219
2018,4,0880217,1196,563,47,633,53,72,6,100,8,152,13,141,12,142,12,170,14,192,16,227,19,39,51,84,92,67,79,78,73,33,49,68,49,75,91,114,154
2018,4,0880237,786,383,49,403,51,55,7,73,9,91,12,95,12,92,12,95,12,102,13,183,23,25,41,51,52,51,47,52,64,30,32,40,43,41,48,50,119
2018,4,0880242,1046,533,51,513,49,57,5,74,7,141,13,203,19,118,11,132,13,130,12,191,18,32,41,83,107,63,71,59,77,25,33,58,96,55,61,71,114
2018,4,0880246,770,398,52,372,48,50,6,46,6,110,14,105,14,90,12,97,13,134,17,138,18,25,27,57,66,55,51,69,48,25,19,53,39,35,46,65,90
2018,4,0880254,2088,1038,50,1050,50,145,7,166,8,233,11,292,14,254,12,285,14,318,15,395,19,79,95,123,161,142,141,151,146,66,71,110,131,112,144,167,249
2018,4,0880258,429,222,52,207,48,39,9,39,9,56,13,54,13,48,11,71,17,58,14,64,15,24,25,30,29,23,38,29,24,15,14,26,25,25,33,29,40
2018,4,0880264,340,182,54,158,46,13,4,24,7,43,13,55,16,37,11,62,18,49,14,57,17,8,12,29,38,19,33,24,19,5,12,14,17,18,29,25,38
2018,4,0880268,1677,817,49,860,51,131,8,148,9,182,11,229,14,204,12,229,14,249,15,305,18,64,81,89,114,114,117,126,112,67,67,93,115,90,112,123,193
2018,4,0880270,1535,756,49,779,51,96,6,116,8,168,11,189,12,155,10,215,14,191,12,405,26,45,56,95,102,88,109,97,164,51,60,73,87,67,106,94,241
2018,4,0880272,1741,817,47,924,53,131,8,148,9,203,12,230,13,228,13,218,13,262,15,321,18,66,77,96,113,115,109,128,113,65,71,107,117,113,109,134,208
2018,4,0880274,408,186,46,222,54,27,7,24,6,47,12,79,19,33,8,54,13,67,16,77,19,13,12,19,46,15,22,31,28,14,12,28,33,18,32,36,49
2018,4,0880286,352,189,54,163,46,29,8,35,10,39,11,49,14,34,10,43,12,64,18,59,17,20,19,24,29,19,22,38,18,9,16,15,20,15,21,26,41
2018,4,0880292,1159,585,50,574,50,82,7,112,10,163,14,157,14,156,13,131,11,159,14,199,17,38,66,86,85,81,66,87,76,44,46,77,72,75,65,72,123
2018,4,0880294,1516,700,46,816,54,120,8,135,9,187,12,216,14,182,12,193,13,228,15,255,17,51,65,85,121,90,92,104,92,69,70,102,95,92,101,124,163
2018,4,0880296,747,348,47,399,53,43,6,62,8,110,15,86,12,82,11,115,15,107,14,142,19,23,24,60,54,37,58,49,43,20,38,50,32,45,57,58,99
2018,4,0885150,2918,1403,48,1515,52,227,8,231,8,316,11,420,14,293,10,432,15,371,13,628,22,115,125,167,224,169,207,175,221,112,106,149,196,124,225,196,407
2018,4,0885162,819,378,46,441,54,37,5,42,5,86,11,107,13,72,9,152,19,128,16,195,24,13,15,49,62,44,80,59,56,24,27,37,45,28,72,69,139
2018,4,0887600,1477,701,47,776,53,86,6,101,7,155,10,187,13,184,12,198,13,212,14,354,24,43,53,81,107,106,97,106,108,43,48,74,80,78,101,106,246
2018,4,0888301,3525,1622,46,1903,54,185,5,258,7,359,10,471,13,360,10,533,15,556,16,803,23,99,126,171,269,176,261,265,255,86,132,188,202,184,272,291,548
2018,4,0900201,16840,7643,45,9197,55,1483,9,1638,10,1710,10,2325,14,2205,13,2270,13,2011,12,3198,19,782,840,884,1158,1039,1065,861,1014,701,798,826,1167,1166,1205,1150,2184
2018,4,0900246,619,290,47,329,53,51,8,64,10,64,10,100,16,79,13,81,13,68,11,112,18,23,27,30,59,39,42,32,38,28,37,34,41,40,39,36,74
2018,4,0900248,1269,614,48,655,52,96,8,99,8,154,12,171,13,172,14,169,13,173,14,235,19,54,51,72,96,107,87,87,60,42,48,82,75,65,82,86,175
2018,4,0900254,1300,648,50,652,50,87,7,126,10,179,14,158,12,150,12,162,12,164,13,274,21,48,68,98,86,76,91,85,96,39,58,81,72,74,71,79,178
2018,4,0900258,868,462,53,406,47,55,6,69,8,94,11,115,13,96,11,141,16,139,16,159,18,28,44,43,75,59,69,81,63,27,25,51,40,37,72,58,96
2018,4,0900268,599,314,52,285,48,50,8,64,11,84,14,87,15,65,11,72,12,76,13,101,17,30,29,51,55,37,33,40,39,20,35,33,32,28,39,36,62
2018,4,0900274,1351,642,48,709,52,97,7,117,9,136,10,195,14,161,12,191,14,196,15,258,19,46,62,71,110,86,95,87,85,51,55,65,85,75,96,109,173
2018,4,0900278,1136,589,52,547,48,78,7,107,9,152,13,159,14,129,11,172,15,137,12,202,18,54,55,76,97,71,86,70,80,24,52,76,62,58,86,67,122
2018,4,0900280,1715,823,48,892,52,137,8,158,9,205,12,216,13,222,13,222,13,217,13,338,20,72,93,103,123,123,105,96,108,65,65,102,93,99,117,121,230
2018,4,0900284,1633,802,49,831,51,137,8,157,10,182,11,209,13,205,13,207,13,245,15,291,18,71,85,89,115,110,110,115,107,66,72,93,94,95,97,130,184
2018,4,0900296,465,233,50,232,50,36,8,36,8,52,11,72,15,47,10,71,15,60,13,91,20,16,21,27,38,29,34,30,38,20,15,25,34,18,37,30,53
2018,4,0901211,3536,1617,46,1919,54,252,7,319,9,405,11,448,13,393,11,490,14,480,14,749,21,137,167,212,226,189,222,210,254,115,152,193,222,204,268,270,495
2018,4,0901244,500,225,45,275,55,41,8,43,9,76,15,73,15,49,10,73,15,64,13,81,16,21,21,33,33,28,33,35,21,20,22,43,40,21,40,29,60
2018,4,0901262,1276,680,53,596,47,88,7,121,9,173,14,173,14,150,12,170,13,168,13,233,18,55,62,95,101,89,89,89,100,33,59,78,72,61,81,79,133
2018,4,0901270,561,277,49,284,51,19,3,40,7,55,10,74,13,57,10,84,15,99,18,133,24,8,20,28,42,31,46,45,57,11,20,27,32,26,38,54,76
2018,4,0901288,824,418,51,406,49,45,5,65,8,96,12,127,15,84,10,128,16,128,16,151,18,31,27,58,70,44,62,68,58,14,38,38,57,40,66,60,93
2018,4,0901292,505,270,53,235,47,31,6,57,11,61,12,59,12,73,14,62,12,76,15,86,17,16,32,45,31,43,31,43,29,15,25,16,28,30,31,33,57
2018,4,0901294,629,314,50,315,50,35,6,30,5,87,14,85,14,75,12,95,15,107,17,115,18,15,18,34,51,44,54,53,45,20,12,53,34,31,41,54,70
2018,4,0905150,2318,1118,48,1200,52,120,5,166,7,242,10,296,13,276,12,337,15,344,15,537,23,67,94,125,158,144,167,160,203,53,72,117,138,132,170,184,334
2018,4,0905166,2150,995,46,1155,54,116,5,165,8,163,8,280,13,260,12,328,15,318,15,520,24,46,79,97,160,129,175,139,170,70,86,66,120,131,153,179,350
2018,4,0905182,2601,1249,48,1352,52,175,7,203,8,212,8,338,13,299,11,331,13,382,15,661,25,97,105,101,188,158,176,194,230,78,98,111,150,141,155,188,431
2018,4,0905756,1900,944,50,956,50,141,7,172,9,212,11,284,15,210,11,232,12,275,14,374,20,67,86,110,171,126,107,135,142,74,86,102,113,84,125,140,232
2018,4,0905790,339,179,53,160,47,27,8,24,7,47,14,55,16,41,12,36,11,58,17,51,15,16,11,22,33,24,22,29,22,11,13,25,22,17,14,29,29
2018,4,0940201,4576,1969,43,2607,57,280,6,331,7,405,9,537,12,430,9,617,13,741,16,1235,27,149,179,206,279,212,254,303,387,131,152,199,258,218,363,438,848
2018,4,0940252,766,364,48,402,52,54,7,58,8,82,11,105,14,66,9,117,15,103,13,181,24,26,28,34,62,31,60,58,65,28,30,48,43,35,57,45,116
2018,4,0940266,560,271,48,289,52,25,4,43,8,62,11,70,13,48,9,81,14,92,16,139,25,11,27,31,40,25,42,46,49,14,16,31,30,23,39,46,90
2018,4,0940288,962,474,49,488,51,83,9,68,7,104,11,123,13,87,9,145,15,154,16,198,21,44,37,54,72,44,85,74,64,39,31,50,51,43,60,80,134
2018,4,0940292,589,284,48,305,52,37,6,52,9,71,12,81,14,49,8,91,15,90,15,118,20,28,28,38,38,26,44,43,39,9,24,33,43,23,47,47,79
2018,4,0940296,339,176,52,163,48,28,8,20,6,43,13,43,13,27,8,56,17,51,15,71,21,18,15,26,28,15,26,30,18,10,5,17,15,12,30,21,53
2018,4,0941615,5221,2413,46,2808,54,437,8,449,9,529,10,664,13,675,13,669,13,720,14,1078,21,237,230,285,330,366,292,309,364,200,219,244,334,309,377,411,714
2018,4,0941644,1059,538,51,521,49,78,7,88,8,119,11,153,14,99,9,170,16,144,14,208,20,47,43,69,97,58,92,63,69,31,45,50,56,41,78,81,139
2018,4,0941646,852,444,52,408,48,62,7,78,9,84,10,139,16,89,10,127,15,132,15,141,17,35,47,50,82,49,68,63,50,27,31,34,57,40,59,69,91
2018,4,0941648,530,267,50,263,50,39,7,45,8,59,11,76,14,52,10,86,16,78,15,95,18,25,24,30,43,28,46,36,35,14,21,29,33,24,40,42,60
2018,4,0941658,802,401,50,401,50,47,6,70,9,92,11,107,13,100,12,142,18,98,12,146,18,20,35,54,69,48,73,47,55,27,35,38,38,52,69,51,91
2018,4,0941670,1115,539,48,576,52,95,9,102,9,101,9,165,15,141,13,154,14,167,15,190,17,50,49,52,86,71,74,90,67,45,53,49,79,70,80,77,123
2018,4,0941674,822,388,47,434,53,56,7,91,11,71,9,143,17,75,9,120,15,131,16,135,16,27,59,29,82,39,42,62,48,29,32,42,61,36,78,69,87
2018,4,0941680,992,494,50,498,50,105,11,91,9,106,11,145,15,113,11,130,13,124,13,178,18,48,52,57,81,63,68,61,64,57,39,49,64,50,62,63,114
2018,4,0941690,677,336,50,341,50,36,5,46,7,84,12,94,14,85,13,109,16,98,14,125,18,22,23,46,48,45,55,52,45,14,23,38,46,40,54,46,80
2018,4,0941813,1099,464,42,635,58,53,5,84,8,78,7,97,9,111,10,113,10,206,19,357,32,25,46,42,48,60,55,88,100,28,38,36,49,51,58,118,257
2018,4,0941817,1023,442,43,581,57,42,4,86,8,89,9,96,9,115,11,150,15,176,17,269,26,22,40,44,49,57,65,91,74,20,46,45,47,58,85,85,195
2018,4,0941860,359,186,52,173,48,14,4,17,5,39,11,39,11,35,10,75,21,52,14,88,25,9,12,25,23,18,38,29,32,5,5,14,16,17,37,23,56
2018,4,0941876,456,229,50,227,50,20,4,33,7,55,12,42,9,49,11,80,18,76,17,101,22,9,20,28,26,20,46,40,40,11,13,27,16,29,34,36,61
2018,4,0960244,511,252,49,259,51,34,7,42,8,65,13,62,12,64,13,70,14,79,15,95,19,18,20,36,37,37,33,38,33,16,22,29,25,27,37,41,62
2018,4,0960252,997,482,48,515,52,70,7,65,7,100,10,154,15,97,10,151,15,155,16,205,21,41,33,45,95,49,70,80,69,29,32,55,59,48,81,75,136
2018,4,0960264,2800,1326,47,1474,53,244,9,244,9,285,10,393,14,352,13,395,14,379,14,508,18,125,116,146,193,183,208,174,181,119,128,139,200,169,187,205,327
2018,4,0960288,891,447,50,444,50,52,6,57,6,94,11,131,15,89,10,125,14,166,19,177,20,27,38,51,80,51,59,81,60,25,19,43,51,38,66,85,117
2018,4,0960296,698,322,46,376,54,65,9,51,7,82,12,84,12,84,12,94,13,80,11,158,23,35,23,41,48,42,50,39,44,30,28,41,36,42,44,41,114
2018,4,0961011,1130,489,43,641,57,65,6,87,8,95,8,137,12,108,10,136,12,159,14,343,30,30,47,55,71,57,62,70,97,35,40,40,66,51,74,89,246
2018,4,0961031,565,258,46,307,54,41,7,44,8,66,12,76,13,58,10,81,14,81,14,118,21,16,25,35,41,29,42,37,33,25,19,31,35,29,39,44,85
2018,4,0961076,385,166,43,219,57,29,8,26,7,36,9,64,17,41,11,54,14,52,14,83,22,14,12,12,32,23,23,23,27,15,14,24,32,18,31,29,56
2018,4,0961082,310,164,53,146,47,20,6,14,5,38,12,35,11,48,15,46,15,46,15,63,20,11,12,24,20,26,24,24,23,9,2,14,15,22,22,22,40
2018,4,0961084,592,287,48,305,52,30,5,41,7,65,11,96,16,64,11,102,17,89,15,105,18,18,20,30,55,35,51,41,37,12,21,35,41,29,51,48,68
2018,4,0961615,2795,1273,46,1522,54,165,6,226,8,220,8,358,13,281,10,394,14,412,15,739,26,86,120,112,191,130,191,199,244,79,106,108,167,151,203,213,495
2018,4,0961656,190,92,48,98,52,8,4,16,8,31,16,27,14,20,11,22,12,25,13,41,22,5,6,19,12,13,11,11,15,3,10,12,15,7,11,14,26
2018,4,0961658,1215,582,48,633,52,73,6,76,6,113,9,147,12,191,16,197,16,175,14,243,20,41,42,49,87,89,101,85,88,32,34,64,60,102,96,90,155
2018,4,0961668,329,171,52,158,48,9,3,24,7,23,7,31,9,27,8,36,11,79,24,100,30,5,9,16,20,15,17,48,41,4,15,7,11,12,19,31,59
2018,4,0961694,458,232,51,226,49,27,6,42,9,68,15,66,14,52,11,49,11,76,17,78,17,19,26,31,42,24,24,36,30,8,16,37,24,28,25,40,48
2018,4,0964746,809,407,50,402,50,61,8,47,6,70,9,103,13,97,12,119,15,125,15,187,23,31,31,36,58,58,55,68,70,30,16,34,45,39,64,57,117
2018,4,0964762,1324,653,49,671,51,91,7,130,10,129,10,184,14,177,13,189,14,188,14,236,18,46,63,71,107,101,87,92,86,45,67,58,77,76,102,96,150
2018,4,0964784,869,419,48,450,52,65,7,74,9,91,10,118,14,105,12,119,14,118,14,179,21,39,32,39,76,57,59,60,57,26,42,52,42,48,60,58,122
2018,4,0967148,1225,581,47,644,53,90,7,107,9,128,10,156,13,112,9,186,15,168,14,278,23,40,51,65,83,60,97,81,104,50,56,63,73,52,89,87,174
2018,4,0967154,442,221,50,221,50,27,6,30,7,50,11,56,13,33,7,73,17,71,16,102,23,14,17,28,31,16,36,37,42,13,13,22,25,17,37,34,60
2018,4,0967170,792,380,48,412,52,49,6,66,8,79,10,110,14,72,9,132,17,116,15,168,21,24,34,38,60,34,70,61,59,25,32,41,50,38,62,55,109
2018,4,0967178,1306,640,49,666,51,77,6,125,10,133,10,168,13,162,12,181,14,199,15,261,20,45,67,75,89,81,95,91,97,32,58,58,79,81,86,108,164
2018,4,0967190,3408,1797,53,1611,47,288,8,288,8,345,10,651,19,466,14,461,14,412,12,497,15,140,140,204,398,288,244,186,197,148,148,141,253,178,217,226,300
2018,4,0967192,391,191,49,200,51,29,7,27,7,55,14,49,13,37,9,62,16,65,17,67,17,12,15,28,30,18,33,31,24,17,12,27,19,19,29,34,43
2018,4,0967366,608,300,49,308,51,39,6,59,10,88,14,70,12,66,11,87,14,96,16,103,17,24,34,51,35,35,39,52,30,15,25,37,35,31,48,44,73
2018,4,0967372,1119,552,49,567,51,72,6,86,8,130,12,165,15,103,9,187,17,165,15,211,19,39,44,78,105,46,92,84,64,33,42,52,60,57,95,81,147
2018,4,0980213,905,431,48,474,52,49,5,91,10,89,10,122,13,103,11,119,13,153,17,179,20,22,47,47,61,61,57,63,73,27,44,42,61,42,62,90,106
2018,4,0980233,453,233,51,220,49,42,9,44,10,41,9,63,14,41,9,61,13,71,16,90,20,20,23,29,32,21,32,40,36,22,21,12,31,20,29,31,54
2018,4,0980244,583,288,49,295,51,44,8,57,10,63,11,84,14,62,11,76,13,81,14,116,20,17,29,36,49,26,42,47,42,27,28,27,35,36,34,34,74
2018,4,0980250,361,168,47,193,53,23,6,26,7,35,10,32,9,36,10,50,14,45,12,114,32,12,9,15,18,20,22,30,42,11,17,20,14,16,28,15,72
2018,4,0980256,897,437,49,460,51,82,9,75,8,102,11,127,14,114,13,101,11,133,15,163,18,40,37,59,75,61,45,69,51,42,38,43,52,53,56,64,112
2018,4,0980260,808,409,51,399,49,58,7,74,9,90,11,100,12,96,12,94,12,138,17,158,20,33,40,56,60,49,50,68,53,25,34,34,40,47,44,70,105
2018,4,0980266,1649,842,51,807,49,118,7,164,10,159,10,241,15,215,13,239,14,225,14,288,17,53,90,96,135,119,115,118,116,65,74,63,106,96,124,107,172
2018,4,0980270,1902,929,49,973,51,123,6,139,7,226,12,217,11,239,13,264,14,287,15,407,21,62,73,121,123,114,142,134,160,61,66,105,94,125,122,153,247
2018,4,0980274,508,250,49,258,51,34,7,37,7,60,12,67,13,54,11,73,14,79,16,104,20,19,19,33,40,26,38,39,36,15,18,27,27,28,35,40,68
2018,4,0980278,512,256,50,256,50,34,7,47,9,49,10,72,14,58,11,82,16,69,13,101,20,18,18,21,42,35,43,39,40,16,29,28,30,23,39,30,61
2018,4,0980284,1553,767,49,786,51,109,7,143,9,164,11,223,14,202,13,206,13,225,14,281,18,54,70,90,113,105,107,119,109,55,73,74,110,97,99,106,172
2018,4,0980290,443,233,53,210,47,36,8,38,9,42,9,62,14,46,10,59,13,78,18,82,19,16,18,26,35,31,34,41,32,20,20,16,27,15,25,37,50
2018,4,0980294,458,240,52,218,48,33,7,38,8,57,12,61,13,71,16,64,14,56,12,78,17,17,21,33,36,43,37,29,24,16,17,24,25,28,27,27,54
2018,4,UNK,1978,1358,69,620,31,138,7,110,6,211,11,419,21,415,21,382,19,228,12,75,4,79,59,133,307,303,266,172,39,59,51,78,112,112,116,56,36
2018,5,0010001,404,190,47,214,53,53,13,36,9,31,8,71,18,66,16,53,13,43,11,51,13,23,15,19,34,33,25,20,21,30,21,12,37,33,28,23,30
2018,5,0010002,24222,10405,43,13817,57,1822,8,1713,7,1816,7,3719,15,3215,13,3109,13,3289,14,5539,23,948,887,887,1770,1507,1388,1377,1641,874,826,929,1949,1708,1721,1912,3898
2018,5,0010003,4228,2019,48,2209,52,407,10,487,12,407,10,543,13,613,14,544,13,502,12,725,17,228,256,224,253,289,281,224,264,179,231,183,290,324,263,278,461
2018,5,0010004,1158,542,47,616,53,102,9,116,10,119,10,154,13,170,15,149,13,156,13,192,17,52,57,61,80,77,73,71,71,50,59,58,74,93,76,85,121
2018,5,0010005,32308,14259,44,18049,56,2549,8,2445,8,2384,7,5392,17,4414,14,4019,12,5321,16,5784,18,1315,1284,1138,2693,2120,1709,2254,1746,1234,1161,1246,2699,2294,2310,3067,4038
2018,5,0010006,8314,3746,45,4568,55,522,6,606,7,676,8,1160,14,1082,13,1204,14,1369,16,1695,20,271,320,363,604,536,554,570,528,251,286,313,556,546,650,799,1167
2018,5,0010007,2084,996,48,1088,52,150,7,184,9,165,8,328,16,332,16,312,15,316,15,297,14,85,94,83,165,177,152,145,95,65,90,82,163,155,160,171,202
2018,5,0010008,75,38,51,37,49,6,8,6,8,2,3,16,21,4,5,16,21,19,25,6,8,4,4,2,7,3,7,9,2,2,2,0,9,1,9,10,4
2018,5,0010009,2377,1101,46,1276,54,194,8,194,8,228,10,347,15,309,13,335,14,337,14,433,18,115,100,112,166,153,150,153,152,79,94,116,181,156,185,184,281
2018,5,0010010,44540,19217,43,25323,57,3198,7,3466,8,3548,8,5919,13,6137,14,5937,13,4996,11,11339,25,1665,1778,1786,2807,2892,2725,2011,3553,1533,1688,1762,3112,3245,3212,2985,7786
2018,5,0010011,1241,577,46,664,54,107,9,96,8,112,9,159,13,177,14,160,13,168,14,262,21,65,41,55,91,86,75,72,92,42,55,57,68,91,85,96,170
2018,5,0010012,12557,5527,44,7030,56,794,6,990,8,1044,8,1702,14,1680,13,1708,14,1998,16,2641,21,409,497,522,886,833,775,805,800,385,493,522,816,847,933,1193,1841
2018,5,0010013,15167,6712,44,8455,56,1336,9,1270,8,1130,7,2106,14,2290,15,1668,11,1654,11,3713,24,689,681,561,1004,1099,781,654,1243,647,589,569,1102,1191,887,1000,2470
2018,5,0010014,16688,7399,44,9289,56,1068,6,1168,7,1250,7,2478,15,2350,14,2332,14,2503,15,3539,21,545,609,652,1282,1141,1063,1036,1071,523,559,598,1196,1209,1269,1467,2468
2018,5,0010015,24598,11287,46,13311,54,1590,6,1671,7,2152,9,3869,16,3458,14,3402,14,3495,14,4961,20,798,868,1116,1970,1766,1657,1537,1575,792,803,1036,1899,1692,1745,1958,3386
2018,5,0010016,291,137,47,154,53,19,7,32,11,27,9,38,13,29,10,40,14,43,15,63,22,10,13,15,25,13,19,18,24,9,19,12,13,16,21,25,39
2018,5,0010017,916,467,51,449,49,61,7,62,7,54,6,141,15,114,12,148,16,162,18,174,19,27,28,25,76,60,87,100,64,34,34,29,65,54,61,62,110
2018,5,0010018,20937,9295,44,11642,56,1401,7,1468,7,1497,7,2943,14,2854,14,2708,13,3340,16,4726,23,739,739,755,1470,1429,1254,1432,1477,662,729,742,1473,1425,1454,1908,3249
2018,5,0010019,262,123,47,139,53,6,2,17,6,29,11,35,13,28,11,44,17,50,19,53,20,1,9,14,16,14,21,32,16,5,8,15,19,14,23,18,37
2018,5,0010020,358,177,49,181,51,24,7,31,9,25,7,53,15,50,14,56,16,50,14,69,19,14,16,13,29,26,30,24,25,10,15,12,24,24,26,26,44
2018,5,0010021,2953,1391,47,1562,53,200,7,212,7,253,9,380,13,411,14,429,15,431,15,637,22,102,116,135,197,196,208,207,230,98,96,118,183,215,221,224,407
2018,5,0010022,7839,3606,46,4233,54,647,8,575,7,633,8,1344,17,1201,15,1004,13,1125,14,1310,17,330,298,342,678,608,462,469,419,317,277,291,666,593,542,656,891
2018,5,0010023,47149,20119,43,27030,57,3104,7,3186,7,3732,8,6959,15,5922,13,6784,14,6311,13,11151,24,1588,1595,1881,3370,2820,3028,2620,3217,1516,1591,1851,3589,3102,3756,3691,7934
2018,5,0010024,633,296,47,337,53,60,9,51,8,63,10,79,12,96,15,87,14,83,13,114,18,33,23,32,42,42,48,34,42,27,28,31,37,54,39,49,72
2018,5,0010025,56192,24141,43,32051,57,4332,8,4354,8,4327,8,8292,15,7876,14,7137,13,7122,13,12752,23,2225,2234,2161,3897,3727,3122,2757,4018,2107,2120,2166,4395,4149,4015,4365,8734
2018,5,0010026,28754,12553,44,16201,56,2407,8,2201,8,2318,8,4651,16,3977,14,3541,12,3470,12,6189,22,1244,1111,1117,2242,1836,1627,1456,1920,1163,1090,1201,2409,2141,1914,2014,4269
2018,5,0010027,25267,11086,44,14181,56,2046,8,1947,8,2239,9,4137,16,3575,14,3210,13,3432,14,4681,19,1056,1024,1097,1972,1679,1452,1358,1448,990,923,1142,2165,1896,1758,2074,3233
2018,5,0010028,19091,9085,48,10006,52,1404,7,1352,7,1532,8,2973,16,2874,15,2361,12,2831,15,3764,20,715,702,836,1639,1597,1164,1191,1241,689,650,696,1334,1277,1197,1640,2523
2018,5,0010029,232,118,51,114,49,19,8,23,10,28,12,30,13,37,16,31,13,25,11,39,17,11,12,16,16,17,18,12,16,8,11,12,14,20,13,13,23
2018,5,0010030,3505,1687,48,1818,52,275,8,335,10,351,10,382,11,537,15,518,15,500,14,607,17,144,174,163,189,264,255,255,243,131,161,188,193,273,263,245,364
2018,5,0010031,8051,3738,46,4313,54,708,9,848,11,799,10,1098,14,1050,13,1177,15,1020,13,1351,17,376,423,426,531,496,552,483,451,332,425,373,567,554,625,537,900
2018,5,0010032,7017,2998,43,4019,57,696,10,802,11,758,11,1159,17,1095,16,775,11,649,9,1083,15,383,396,382,543,498,318,213,265,313,406,376,616,597,457,436,818
2018,5,0010033,467,220,47,247,53,28,6,35,7,45,10,69,15,55,12,75,16,64,14,96,21,17,17,21,37,27,33,35,33,11,18,24,32,28,42,29,63
2018,5,0010034,30497,13861,45,16636,55,2923,10,2860,9,2759,9,5725,19,4761,16,3564,12,3360,11,4545,15,1494,1479,1393,2654,2195,1640,1447,1559,1429,1381,1366,3071,2566,1924,1913,2986
2018,5,0010035,68,35,51,33,49,4,6,3,4,5,7,11,16,6,9,12,18,13,19,14,21,2,2,3,3,5,8,6,6,2,1,2,8,1,4,7,8
2018,5,0010036,5078,2332,46,2746,54,418,8,479,9,499,10,717,14,767,15,709,14,643,13,846,17,206,252,251,350,361,343,277,292,212,227,248,367,406,366,366,554
2018,5,0010037,3762,1674,44,2088,56,286,8,317,8,293,8,581,15,499,13,517,14,613,16,656,17,154,154,150,278,241,222,272,203,132,163,143,303,258,295,341,453
2018,5,0010038,6570,3039,46,3531,54,537,8,488,7,614,9,1123,17,977,15,926,14,885,13,1020,16,298,253,309,601,470,436,356,316,239,235,305,522,507,490,529,704
2018,5,0010039,1260,563,45,697,55,98,8,98,8,122,10,178,14,163,13,173,14,205,16,223,18,49,52,55,95,69,78,101,64,49,46,67,83,94,95,104,159
2018,5,0010040,42616,18791,44,23825,56,3395,8,3164,7,3048,7,6720,16,6135,14,4535,11,7428,17,8191,19,1753,1637,1523,3224,3046,1965,2941,2702,1642,1527,1525,3496,3089,2570,4487,5489
2018,5,0010041,17706,8015,45,9691,55,1574,9,1473,8,1254,7,2576,15,2495,14,1836,10,3097,17,3401,19,853,789,630,1251,1190,795,1247,1260,721,684,624,1325,1305,1041,1850,2141
2018,5,0010042,4936,2248,46,2688,54,381,8,362,7,385,8,840,17,752,15,634,13,670,14,912,18,198,206,220,388,364,281,304,287,183,156,165,452,388,353,366,625
2018,5,0010043,11456,4719,41,6737,59,742,6,787,7,916,8,1755,15,1553,14,1573,14,1498,13,2632,23,369,418,449,821,677,692,522,771,373,369,467,934,876,881,976,1861
2018,5,0010044,22438,9729,43,12709,57,1544,7,1590,7,1771,8,3438,15,2933,13,3037,14,3100,14,5025,22,820,821,890,1657,1385,1336,1289,1531,724,769,881,1781,1548,1701,1811,3494
2018,5,0010045,1623,781,48,842,52,123,8,161,10,127,8,203,13,215,13,194,12,245,15,355,22,62,85,72,101,107,106,117,131,61,76,55,102,108,88,128,224
2018,5,0010046,2427,1106,46,1321,54,226,9,174,7,223,9,468,19,359,15,285,12,306,13,386,16,106,87,124,218,180,132,135,124,120,87,99,250,179,153,171,262
2018,5,0010047,1637,778,48,859,52,257,16,163,10,115,7,359,22,263,16,191,12,141,9,148,9,124,72,55,166,144,95,65,57,133,91,60,193,119,96,76,91
2018,5,0010048,1568,678,43,890,57,124,8,99,6,109,7,232,15,217,14,206,13,256,16,325,21,61,45,51,128,104,95,107,87,63,54,58,104,113,111,149,238
2018,5,0010049,881,483,55,398,45,67,8,65,7,171,19,194,22,108,12,104,12,93,11,79,9,36,35,109,127,53,46,56,21,31,30,62,67,55,58,37,58
2018,5,0010050,18232,8245,45,9987,55,1398,8,1375,8,1839,10,3611,20,2822,15,2365,13,2178,12,2644,15,712,701,937,1737,1344,1073,878,863,686,674,902,1874,1478,1292,1300,1781
2018,5,0010051,13253,5911,45,7342,55,1178,9,988,7,1125,8,2554,19,2033,15,1580,12,1438,11,2357,18,603,470,574,1240,976,721,573,754,575,518,551,1314,1057,859,865,1603
2018,5,0010052,176,98,56,78,44,22,13,13,7,15,9,25,14,36,20,19,11,22,13,24,14,16,4,7,17,23,11,9,11,6,9,8,8,13,8,13,13
2018,5,0010053,12500,5493,44,7007,56,965,8,933,7,1127,9,2370,19,1856,15,1547,12,1524,12,2178,17,546,456,563,1104,897,674,604,649,419,477,564,1266,959,873,920,1529
2018,5,0010054,5000,2208,44,2792,56,355,7,343,7,424,8,848,17,703,14,654,13,734,15,939,19,183,178,218,415,356,281,305,272,172,165,206,433,347,373,429,667
2018,5,0010055,465,235,51,230,49,24,5,52,11,58,12,46,10,67,14,74,16,47,10,97,21,13,27,38,25,28,41,26,37,11,25,20,21,39,33,21,60
2018,5,0010056,6713,2830,42,3883,58,558,8,567,8,583,9,939,14,862,13,907,14,738,11,1559,23,280,257,296,461,378,411,289,458,278,310,287,478,484,496,449,1101
2018,5,0010057,1971,951,48,1020,52,242,12,181,9,176,9,341,17,293,15,288,15,223,11,227,12,117,88,94,161,136,162,109,84,125,93,82,180,157,126,114,143
2018,5,0010058,1564,849,54,715,46,115,7,126,8,336,21,317,20,203,13,165,11,122,8,180,12,59,59,221,187,104,92,57,70,56,67,115,130,99,73,65,110
2018,5,UNK,3553,2364,67,1189,33,182,5,174,5,244,7,658,19,791,22,751,21,521,15,232,7,96,105,134,467,572,546,326,118,86,69,110,191,219,205,195,114
2018,6,100100005,151,68,45,83,55,10,7,4,3,17,11,26,17,18,12,20,13,22,15,34,23,5,2,7,20,7,10,9,8,5,2,10,6,11,10,13,26
2018,6,100100087,44,24,55,20,45,2,5,0,0,7,16,9,20,0,0,12,27,7,16,7,16,2,0,4,6,0,7,3,2,0,0,3,3,0,5,4,5
2018,6,100100101,69,35,51,34,49,4,6,2,3,13,19,7,10,7,10,16,23,9,13,11,16,2,1,9,5,3,7,5,3,2,1,4,2,4,9,4,8
2018,6,100100150,22,10,45,12,55,1,5,2,9,3,14,1,5,3,14,4,18,2,9,6,27,1,0,1,0,2,2,2,2,0,2,2,1,1,2,0,4
2018,6,100100247,384,173,45,211,55,30,8,35,9,38,10,56,15,40,10,47,12,68,18,70,18,19,17,16,35,14,18,33,21,11,18,22,21,26,29,35,49
2018,6,100100327,475,219,46,256,54,37,8,42,9,52,11,88,19,43,9,69,15,73,15,71,15,15,20,29,52,22,32,29,20,22,22,23,36,21,37,44,51
2018,6,100100384,578,277,48,301,52,37,6,49,8,58,10,95,16,59,10,79,14,100,17,101,17,17,25,26,57,36,34,51,31,20,24,32,38,23,45,49,70
2018,6,100100392,51,25,49,26,51,7,14,0,0,4,8,10,20,5,10,7,14,9,18,9,18,4,0,0,9,3,3,5,1,3,0,4,1,2,4,4,8
2018,6,100100431,320,158,49,162,51,16,5,41,13,40,13,49,15,38,12,41,13,34,11,61,19,8,22,25,28,19,17,18,21,8,19,15,21,19,24,16,40
2018,6,100100497,82,42,51,40,49,2,2,4,5,11,13,13,16,7,9,18,22,7,9,20,24,2,3,7,6,4,9,4,7,0,1,4,7,3,9,3,13
2018,6,100100593,165,78,47,87,53,12,7,8,5,24,15,21,13,22,13,23,14,31,19,24,15,3,2,9,13,11,13,17,10,9,6,15,8,11,10,14,14
2018,6,100100712,2511,1182,47,1329,53,173,7,191,8,261,10,352,14,280,11,370,15,348,14,536,21,99,91,151,185,143,181,159,173,74,100,110,167,137,189,189,363
2018,6,100100761,142,61,43,81,57,13,9,7,5,15,11,21,15,17,12,18,13,22,15,29,20,7,3,5,10,11,5,11,9,6,4,10,11,6,13,11,20
2018,6,100100874,242,125,52,117,48,13,5,17,7,31,13,35,14,27,11,38,16,40,17,41,17,5,9,16,23,16,20,22,14,8,8,15,12,11,18,18,27
2018,6,100101015,308,151,49,157,51,17,6,17,6,32,10,50,16,31,10,44,14,39,13,78,25,10,10,18,27,16,25,21,24,7,7,14,23,15,19,18,54
2018,6,100101056,1046,489,47,557,53,62,6,75,7,110,11,125,12,117,11,165,16,160,15,232,22,26,35,64,67,57,89,76,75,36,40,46,58,60,76,84,157
2018,6,100101103,154,77,50,77,50,6,4,6,4,14,9,18,12,16,10,22,14,37,24,35,23,4,3,9,10,11,13,14,13,2,3,5,8,5,9,23,22
2018,6,100101144,31,12,39,19,61,5,16,0,0,5,16,6,19,2,6,4,13,3,10,6,19,2,0,1,2,0,3,2,2,3,0,4,4,2,1,1,4
2018,6,100101177,367,180,49,187,51,27,7,27,7,62,17,49,13,48,13,65,18,48,13,41,11,15,16,29,27,27,33,20,13,12,11,33,22,21,32,28,28
2018,6,100101185,35,14,40,21,60,0,0,4,11,6,17,6,17,5,14,8,23,3,9,3,9,0,3,3,2,2,3,1,0,0,1,3,4,3,5,2,3
2018,6,100101208,28,17,61,11,39,0,0,1,4,5,18,5,18,3,11,6,21,3,11,5,18,0,1,3,2,2,5,2,2,0,0,2,3,1,1,1,3
2018,6,100101232,5,,,,,,,,,,,,,,,,,,,,,,,,,,,,,,,,,,,,
2018,6,100101304,81,39,48,42,52,5,6,8,10,2,2,13,16,8,10,7,9,20,25,18,22,3,3,0,5,4,4,13,7,2,5,2,8,4,3,7,11
2018,6,100101353,232,114,49,118,51,17,7,16,7,14,6,40,17,27,12,39,17,39,17,40,17,12,7,6,21,15,19,20,14,5,9,8,19,12,20,19,26
2018,6,100101378,86,33,38,53,62,0,0,0,0,0,0,0,0,1,1,3,3,5,6,77,90,0,0,0,0,1,3,4,25,0,0,0,0,0,0,1,52
2018,6,100101394,370,160,43,210,57,23,6,32,9,26,7,73,20,44,12,50,14,53,14,69,19,12,18,9,40,22,17,25,17,11,14,17,33,22,33,28,52
2018,6,100101417,2283,1077,47,1206,53,166,7,172,8,214,9,291,13,271,12,315,14,342,15,512,22,90,78,105,154,147,170,149,184,76,94,109,137,124,145,193,328
2018,6,100101433,51,28,55,23,45,5,10,4,8,9,18,3,6,4,8,8,16,6,12,12,24,2,3,5,2,3,5,4,4,3,1,4,1,1,3,2,8
2018,6,100101441,48,26,54,22,46,4,8,7,15,4,8,8,17,7,15,4,8,9,19,5,10,3,2,3,4,4,3,6,1,1,5,1,4,3,1,3,4
2018,6,100101490,107,53,50,54,50,4,4,2,2,16,15,14,13,11,10,20,19,18,17,22,21,2,1,11,9,5,11,7,7,2,1,5,5,6,9,11,15
2018,6,100101546,163,84,52,79,48,8,5,16,10,24,15,18,11,22,13,34,21,15,9,26,16,5,11,11,13,11,16,8,9,3,5,13,5,11,18,7,17
2018,6,100101626,374,175,47,199,53,32,9,40,11,47,13,48,13,49,13,56,15,48,13,54,14,17,21,26,26,26,27,19,13,15,19,21,22,23,29,29,41
2018,6,100101634,102,51,50,51,50,6,6,6,6,5,5,12,12,12,12,12,12,20,20,29,28,1,5,3,6,9,6,11,10,5,1,2,6,3,6,9,19
2018,6,100101722,157,86,55,71,45,13,8,9,6,19,12,15,10,18,11,20,13,33,21,30,19,7,7,10,11,11,7,19,14,6,2,9,4,7,13,14,16
2018,6,100101755,58,24,41,34,59,2,3,3,5,5,9,3,5,9,16,8,14,7,12,21,36,1,1,2,1,5,5,4,5,1,2,3,2,4,3,3,16
2018,6,100101843,165,83,50,82,50,15,9,10,6,24,15,28,17,6,4,29,18,29,18,24,15,11,5,13,15,4,12,15,8,4,5,11,13,2,17,14,16
2018,6,100101884,118,56,47,62,53,8,7,12,10,15,13,13,11,11,9,15,13,21,18,23,19,6,6,10,8,3,6,10,7,2,6,5,5,8,9,11,16
2018,6,100102113,73,35,48,38,52,3,4,5,7,6,8,10,14,6,8,5,7,20,27,18,25,0,3,3,8,3,2,9,7,3,2,3,2,3,3,11,11
2018,6,100102154,25,14,56,11,44,2,8,0,0,1,4,4,16,0,0,7,28,6,24,5,20,2,0,0,2,0,4,5,1,0,0,1,2,0,3,1,4
2018,6,100102187,194,97,50,97,50,17,9,18,9,26,13,21,11,21,11,32,16,26,13,33,17,7,11,16,11,11,16,14,11,10,7,10,10,10,16,12,22
2018,6,100102201,251,105,42,146,58,12,5,16,6,38,15,26,10,38,15,40,16,30,12,51,20,6,4,18,13,18,18,15,13,6,12,20,13,20,22,15,38
2018,6,100102322,121,58,48,63,52,11,9,11,9,13,11,22,18,9,7,14,12,26,21,15,12,5,4,7,12,6,7,13,4,6,7,6,10,3,7,13,11
2018,6,100102347,507,228,45,279,55,41,8,51,10,64,13,69,14,57,11,60,12,83,16,82,16,20,25,34,38,24,27,41,19,21,26,30,31,33,33,42,63
2018,6,100102484,111,49,44,62,56,3,3,9,8,28,25,10,9,10,9,18,16,15,14,18,16,2,3,14,7,6,4,9,4,1,6,14,3,4,14,6,14
2018,6,100102548,240,96,40,144,60,18,8,21,9,31,13,32,13,16,7,30,13,41,17,51,21,7,11,13,16,11,10,14,14,11,10,18,16,5,20,27,37
2018,6,100102757,216,103,48,113,52,15,7,26,12,33,15,32,15,26,12,36,17,23,11,25,12,10,16,18,14,10,15,12,8,5,10,15,18,16,21,11,17
2018,6,100102781,44,22,50,22,50,1,2,3,7,0,0,8,18,5,11,3,7,13,30,11,25,1,1,0,5,3,1,8,3,0,2,0,3,2,2,5,8
2018,6,100103260,386,176,46,210,54,17,4,37,10,57,15,49,13,32,8,58,15,46,12,90,23,12,20,29,25,17,21,24,28,5,17,28,24,15,37,22,62
2018,6,100103308,140,69,49,71,51,14,10,15,11,17,12,17,12,13,9,23,16,21,15,20,14,8,10,7,11,6,11,8,8,6,5,10,6,7,12,13,12
2018,6,100103478,51,25,49,26,51,1,2,0,0,9,18,4,8,2,4,6,12,9,18,20,39,0,0,5,3,1,2,6,8,1,0,4,1,1,4,3,12
2018,6,100103494,182,81,45,101,55,10,5,18,10,28,15,24,13,14,8,43,24,16,9,29,16,4,8,18,12,8,17,8,6,6,10,10,12,6,26,8,23
2018,6,100103582,87,42,48,45,52,6,7,7,8,9,10,14,16,14,16,6,7,13,15,18,21,4,5,2,7,9,2,7,6,2,2,7,7,5,4,6,12
2018,6,100103902,77,37,48,40,52,7,9,6,8,7,9,9,12,8,10,6,8,14,18,20,26,3,3,5,5,4,2,8,7,4,3,2,4,4,4,6,13
2018,6,100104053,364,172,47,192,53,18,5,22,6,35,10,40,11,28,8,52,14,54,15,115,32,11,13,14,29,16,28,26,35,7,9,21,11,12,24,28,80
2018,6,100104086,95,49,52,46,48,6,6,4,4,11,12,22,23,4,4,19,20,18,19,11,12,4,1,7,15,1,6,10,5,2,3,4,7,3,13,8,6
2018,6,100104166,100,53,53,47,47,5,5,4,4,18,18,9,9,11,11,21,21,7,7,25,25,2,1,13,8,6,11,4,8,3,3,5,1,5,10,3,17
2018,6,100104254,148,72,49,76,51,6,4,10,7,23,16,21,14,18,12,25,17,19,13,26,18,3,5,12,12,11,13,7,9,3,5,11,9,7,12,12,17
2018,6,100104334,63,26,41,37,59,5,8,2,3,14,22,5,8,14,22,9,14,8,13,6,10,2,2,3,3,8,3,3,2,3,0,11,2,6,6,5,4
2018,6,100104375,170,86,51,84,49,6,4,13,8,22,13,28,16,20,12,33,19,30,18,18,11,2,8,12,13,13,14,17,7,4,5,10,15,7,19,13,11
2018,6,100104631,438,194,44,244,56,23,5,27,6,44,10,76,17,30,7,74,17,70,16,94,21,11,15,16,49,12,37,29,25,12,12,28,27,18,37,41,69
2018,6,100105184,99,48,48,51,52,5,5,5,5,14,14,12,12,13,13,18,18,17,17,15,15,4,4,7,7,6,8,8,4,1,1,7,5,7,10,9,11
2018,6,100105416,77,42,55,35,45,8,10,5,6,4,5,8,10,9,12,10,13,19,25,14,18,6,3,3,5,3,4,10,8,2,2,1,3,6,6,9,6
2018,6,100105498,156,70,45,86,55,14,9,11,7,20,13,19,12,21,13,22,14,27,17,22,14,7,7,7,10,9,12,11,7,7,4,13,9,12,10,16,15
2018,6,100105666,39,23,59,16,41,3,8,2,5,6,15,5,13,4,10,9,23,5,13,5,13,3,2,4,2,3,4,3,2,0,0,2,3,1,5,2,3
2018,6,100105842,174,86,49,88,51,8,5,15,9,20,11,24,14,17,10,38,22,26,15,26,15,5,6,13,14,8,20,11,9,3,9,7,10,9,18,15,17
2018,6,100106401,89,42,47,47,53,9,10,8,9,13,15,12,13,7,8,17,19,10,11,13,15,6,6,6,8,4,6,2,4,3,2,7,4,3,11,8,9
2018,6,100106506,111,50,45,61,55,13,12,13,12,14,13,20,18,11,10,10,9,18,16,12,11,8,9,9,7,5,3,6,3,5,4,5,13,6,7,12,9
2018,6,100106916,283,140,49,143,51,8,3,11,4,25,9,23,8,33,12,32,11,58,20,93,33,4,8,15,14,19,21,28,31,4,3,10,9,14,11,30,62
2018,6,100106932,115,48,42,67,58,8,7,8,7,8,7,24,21,12,10,9,8,29,25,17,15,3,2,4,13,7,2,11,6,5,6,4,11,5,7,18,11
2018,6,100107243,140,65,46,75,54,8,6,11,8,16,11,30,21,16,11,12,9,22,16,25,18,3,6,6,20,9,5,9,7,5,5,10,10,7,7,13,18
2018,6,100107661,91,40,44,51,56,8,9,13,14,6,7,14,15,10,11,17,19,14,15,9,10,2,6,4,5,5,9,5,4,6,7,2,9,5,8,9,5
2018,6,100107733,192,89,46,103,54,6,3,18,9,34,18,21,11,21,11,35,18,27,14,30,16,2,9,22,14,10,15,12,5,4,9,12,7,11,20,15,25
2018,6,100108261,504,229,45,275,55,27,5,45,9,70,14,71,14,68,13,66,13,77,15,80,16,12,23,35,34,33,30,37,25,15,22,35,37,35,36,40,55
2018,6,100109230,164,76,46,88,54,9,5,12,7,23,14,11,7,16,10,31,19,19,12,43,26,5,6,11,7,7,16,8,16,4,6,12,4,9,15,11,27
2018,6,100109335,142,74,52,68,48,6,4,9,6,19,13,17,12,11,8,31,22,17,12,32,23,5,5,10,13,4,16,10,11,1,4,9,4,7,15,7,21
2018,6,100109351,105,52,50,53,50,6,6,12,11,10,10,19,18,12,11,11,10,14,13,21,20,3,9,3,11,7,6,6,7,3,3,7,8,5,5,8,14
2018,6,100109866,487,233,48,254,52,45,9,42,9,52,11,84,17,40,8,76,16,76,16,72,15,28,21,30,47,24,33,34,16,17,21,22,37,16,43,42,56
2018,6,100110040,100,47,47,53,53,9,9,8,8,3,3,24,24,5,5,23,23,14,14,14,14,5,4,2,11,4,11,6,4,4,4,1,13,1,12,8,10
2018,6,100110282,14,8,57,6,43,0,0,0,0,1,7,1,7,2,14,3,21,4,29,3,21,0,0,0,1,1,1,3,2,0,0,1,0,1,2,1,1
2018,6,100110305,117,55,47,62,53,4,3,7,6,15,13,12,10,16,14,12,10,27,23,24,21,2,4,7,9,9,6,11,7,2,3,8,3,7,6,16,17
2018,6,100110602,191,87,46,104,54,14,7,24,13,16,8,26,14,24,13,28,15,27,14,32,17,5,10,8,14,14,14,14,8,9,14,8,12,10,14,13,24
2018,6,100110836,557,259,46,298,54,27,5,39,7,55,10,76,14,70,13,67,12,115,21,108,19,14,17,31,40,40,31,56,30,13,22,24,36,30,36,59,78
2018,6,100110940,345,173,50,172,50,18,5,33,10,36,10,47,14,51,15,42,12,55,16,63,18,10,16,21,26,29,20,31,20,8,17,15,21,22,22,24,43
2018,6,100111075,35,20,57,15,43,2,6,3,9,8,23,6,17,5,14,3,9,6,17,2,6,1,2,5,5,1,2,3,1,1,1,3,1,4,1,3,1
2018,6,100111155,554,272,49,282,51,51,9,51,9,47,8,76,14,73,13,74,13,69,12,113,20,26,28,30,54,36,34,28,36,25,23,17,22,37,40,41,77
2018,6,100111196,239,126,53,113,47,9,4,16,7,22,9,35,15,28,12,37,15,39,16,53,22,6,9,16,20,20,18,18,19,3,7,6,15,8,19,21,34
2018,6,100111227,169,81,48,88,52,13,8,17,10,28,17,21,12,29,17,27,16,21,12,13,8,6,8,12,11,13,15,12,4,7,9,16,10,16,12,9,9
2018,6,100111251,519,238,46,281,54,41,8,50,10,44,8,68,13,74,14,68,13,92,18,82,16,17,24,23,30,36,32,48,28,24,26,21,38,38,36,44,54
2018,6,100111268,32,13,41,19,59,3,9,3,9,2,6,5,16,4,13,4,13,7,22,4,13,0,1,1,2,3,2,2,2,3,2,1,3,1,2,5,2
2018,6,100111331,391,180,46,211,54,27,7,32,8,44,11,53,14,45,12,56,14,60,15,74,19,14,15,23,30,19,24,29,26,13,17,21,23,26,32,31,48
2018,6,100111372,44,23,52,21,48,0,0,4,9,7,16,6,14,6,14,10,23,2,5,9,20,0,2,2,4,3,6,1,5,0,2,5,2,3,4,1,4
2018,6,100111380,222,112,50,110,50,12,5,19,9,25,11,31,14,29,13,27,12,45,20,34,15,5,12,16,17,16,13,22,11,7,7,9,14,13,14,23,23
2018,6,100111403,962,440,46,522,54,59,6,82,9,100,10,147,15,99,10,120,12,198,21,157,16,27,37,57,78,46,53,81,61,32,45,43,69,53,67,117,96
2018,6,100111428,18,9,50,9,50,0,0,0,0,2,11,4,22,2,11,5,28,1,6,4,22,0,0,2,4,0,3,0,0,0,0,0,0,2,2,1,4
2018,6,100111436,88,43,49,45,51,3,3,2,2,11,13,12,14,13,15,12,14,18,20,17,19,1,2,7,8,8,6,7,4,2,0,4,4,5,6,11,13
2018,6,100111444,83,38,46,45,54,3,4,6,7,14,17,6,7,15,18,9,11,13,16,17,20,1,1,7,4,7,4,7,7,2,5,7,2,8,5,6,10
2018,6,100111452,164,77,47,87,53,12,7,13,8,7,4,28,17,13,8,27,16,26,16,38,23,7,3,2,18,6,13,13,15,5,10,5,10,7,14,13,23
2018,6,100111460,32,17,53,15,47,0,0,2,6,2,6,6,19,3,9,6,19,9,28,4,13,0,0,1,3,3,2,7,1,0,2,1,3,0,4,2,3
2018,6,100111477,25,9,36,16,64,2,8,3,12,1,4,7,28,5,20,2,8,4,16,1,4,2,0,1,1,3,1,1,0,0,3,0,6,2,1,3,1
2018,6,100111485,47,24,51,23,49,0,0,2,4,6,13,5,11,3,6,8,17,16,34,7,15,0,1,4,3,3,3,8,2,0,1,2,2,0,5,8,5
2018,6,100111493,28,12,43,16,57,2,7,2,7,7,25,3,11,2,7,5,18,4,14,3,11,2,1,2,2,1,2,2,0,0,1,5,1,1,3,2,3
2018,6,100111540,207,104,50,103,50,19,9,19,9,18,9,29,14,37,18,22,11,27,13,36,17,11,10,5,20,19,14,13,12,8,9,13,9,18,8,14,24
2018,6,100111565,300,147,49,153,51,25,8,27,9,34,11,55,18,30,10,49,16,44,15,36,12,11,14,19,35,16,22,22,8,14,13,15,20,14,27,22,28
2018,6,100111645,5481,2540,46,2941,54,412,8,509,9,581,11,752,14,762,14,776,14,711,13,978,18,204,262,285,391,380,378,307,333,208,247,296,361,382,398,404,645
2018,6,100111653,54,27,50,27,50,3,6,2,4,11,20,12,22,4,7,10,19,7,13,5,9,1,0,4,9,2,7,3,1,2,2,7,3,2,3,4,4
2018,6,100111661,29,14,48,15,52,0,0,1,3,4,14,6,21,2,7,5,17,8,28,3,10,0,0,3,3,2,2,4,0,0,1,1,3,0,3,4,3
2018,6,100111717,120,60,50,60,50,10,8,15,13,18,15,15,13,14,12,11,9,14,12,23,19,4,8,13,10,6,6,5,8,6,7,5,5,8,5,9,15
2018,6,100111741,802,413,51,389,49,74,9,99,12,79,10,107,13,107,13,94,12,122,15,120,15,38,54,48,55,57,50,60,51,36,45,31,52,50,44,62,69
2018,6,100111758,293,137,47,156,53,27,9,21,7,28,10,63,22,22,8,40,14,36,12,56,19,13,15,14,33,10,15,20,17,14,6,14,30,12,25,16,39
2018,6,100111774,148,78,53,70,47,8,5,16,11,18,12,20,14,18,12,23,16,12,8,33,22,4,8,13,14,8,14,7,10,4,8,5,6,10,9,5,23
2018,6,100111782,1205,584,48,621,52,92,8,99,8,126,10,169,14,141,12,169,14,231,19,178,15,51,51,58,87,78,84,107,68,41,48,68,82,63,85,124,110
2018,6,100111813,146,70,48,76,52,10,7,8,5,15,10,24,16,21,14,26,18,13,9,29,20,2,3,8,15,10,15,6,11,8,5,7,9,11,11,7,18
2018,6,100111821,146,71,49,75,51,8,5,12,8,18,12,18,12,16,11,28,19,19,13,27,18,4,8,8,8,8,15,12,8,4,4,10,10,8,13,7,19
2018,6,100111838,147,75,51,72,49,9,6,19,13,16,11,19,13,21,14,17,12,21,14,25,17,4,12,9,15,7,7,11,10,5,7,7,4,14,10,10,15
2018,6,100111846,107,54,50,53,50,14,13,12,11,6,6,15,14,11,10,14,13,15,14,20,19,7,7,4,9,4,10,8,5,7,5,2,6,7,4,7,15
2018,6,100111862,356,166,47,190,53,16,4,23,6,46,13,47,13,43,12,50,14,45,13,86,24,8,12,19,27,22,27,21,30,8,11,27,20,21,23,24,56
2018,6,100111887,13,6,46,7,54,1,8,0,0,1,8,2,15,0,0,5,38,2,15,2,15,0,0,1,1,0,3,1,0,1,0,0,1,0,2,1,2
2018,6,100111895,91,41,45,50,55,5,5,6,7,11,12,14,15,17,19,6,7,13,14,19,21,2,3,3,6,11,3,7,6,3,3,8,8,6,3,6,13
2018,6,100111901,18,10,56,8,44,4,22,0,0,0,0,2,11,3,17,2,11,2,11,5,28,3,0,0,1,2,2,1,1,1,0,0,1,1,0,1,4
2018,6,100111918,325,143,44,182,56,28,9,23,7,36,11,52,16,29,9,49,15,49,15,59,18,15,12,18,29,13,17,18,21,13,11,18,23,16,32,31,38
2018,6,100111934,28,11,39,17,61,3,11,0,0,2,7,3,11,2,7,6,21,3,11,9,32,0,0,0,1,1,4,0,5,3,0,2,2,1,2,3,4
2018,6,100111942,666,305,46,361,54,64,10,53,8,61,9,93,14,77,12,90,14,86,13,142,21,29,29,29,53,38,44,36,47,35,24,32,40,39,46,50,95
2018,6,100111975,50,27,54,23,46,1,2,7,14,7,14,6,12,7,14,9,18,7,14,6,12,1,3,3,4,4,5,4,3,0,4,4,2,3,4,3,3
2018,6,100111983,47,23,49,24,51,2,4,5,11,7,15,5,11,6,13,5,11,6,13,11,23,1,4,1,5,4,3,2,3,1,1,6,0,2,2,4,8
2018,6,100111991,38,21,55,17,45,3,8,1,3,2,5,4,11,6,16,4,11,4,11,14,37,2,1,2,1,4,3,2,6,1,0,0,3,2,1,2,8
2018,6,100112003,557,275,49,282,51,17,3,43,8,63,11,84,15,46,8,88,16,83,15,133,24,7,22,38,45,23,45,40,55,10,21,25,39,23,43,43,78
2018,6,100112036,104,55,53,49,47,3,3,8,8,12,12,23,22,10,10,19,18,11,11,18,17,2,5,7,16,6,6,9,4,1,3,5,7,4,13,2,14
2018,6,100112085,243,117,48,126,52,14,6,14,6,31,13,35,14,28,12,42,17,43,18,36,15,8,7,19,15,20,21,18,9,6,7,12,20,8,21,25,27
2018,6,100112132,468,222,47,246,53,34,7,41,9,48,10,62,13,58,12,63,13,75,16,87,19,17,21,26,39,32,29,32,26,17,20,22,23,26,34,43,61
2018,6,100112165,295,140,47,155,53,23,8,18,6,25,8,47,16,27,9,49,17,59,20,47,16,12,10,11,31,13,25,24,14,11,8,14,16,14,24,35,33
2018,6,100112204,69,33,48,36,52,1,1,9,13,8,12,4,6,13,19,12,17,9,13,13,19,0,4,5,1,5,8,6,4,1,5,3,3,8,4,3,9
2018,6,100112212,92,49,53,43,47,8,9,4,4,10,11,9,10,11,12,12,13,15,16,23,25,6,2,7,4,5,8,8,9,2,2,3,5,6,4,7,14
2018,6,100112237,169,74,44,95,56,14,8,8,5,17,10,19,11,25,15,29,17,25,15,32,19,7,5,6,10,13,13,11,9,7,3,11,9,12,16,14,23
2018,6,100112261,2046,929,45,1117,55,186,9,183,9,198,10,276,13,272,13,255,12,281,14,395,19,85,84,105,143,149,115,118,130,101,99,93,133,123,140,163,265
2018,6,100112286,668,319,48,349,52,55,8,80,12,88,13,110,16,70,10,95,14,78,12,92,14,30,48,38,63,30,47,30,33,25,32,50,47,40,48,48,59
2018,6,100112300,161,71,44,90,56,6,4,14,9,18,11,15,9,13,8,29,18,19,12,47,29,5,8,9,6,5,14,7,17,1,6,9,9,8,15,12,30
2018,6,100112325,133,71,53,62,47,9,7,8,6,17,13,27,20,18,14,17,13,18,14,19,14,3,6,12,17,9,8,7,9,6,2,5,10,9,9,11,10
2018,6,100112333,41,19,46,22,54,1,2,7,17,8,20,0,0,8,20,4,10,3,7,10,24,0,4,6,0,4,2,1,2,1,3,2,0,4,2,2,8
2018,6,100112341,262,130,50,132,50,23,9,21,8,20,8,41,16,31,12,30,11,38,15,58,22,14,13,12,20,19,14,18,20,9,8,8,21,12,16,20,38
2018,6,100112358,174,86,49,88,51,16,9,19,11,18,10,25,14,22,13,21,12,29,17,24,14,8,9,9,15,11,10,16,8,8,10,9,10,11,11,13,16
2018,6,100112462,235,111,47,124,53,14,6,21,9,33,14,24,10,41,17,30,13,29,12,43,18,8,12,11,14,23,12,14,17,6,9,22,10,18,18,15,26
2018,6,100112534,33,12,36,21,64,0,0,3,9,8,24,6,18,2,6,3,9,6,18,5,15,0,0,6,2,2,0,2,0,0,3,2,4,0,3,4,5
2018,6,100112591,536,263,49,273,51,37,7,57,11,53,10,70,13,79,15,75,14,68,13,97,18,21,28,30,36,40,36,32,40,16,29,23,34,39,39,36,57
2018,6,100112671,140,71,51,69,49,14,10,9,6,22,16,16,11,20,14,15,11,24,17,20,14,9,5,7,9,10,6,13,12,5,4,15,7,10,9,11,8
2018,6,100112688,147,68,46,79,54,11,7,12,8,15,10,17,12,15,10,17,12,25,17,35,24,5,5,8,11,8,9,12,10,6,7,7,6,7,8,13,25
2018,6,100112702,60,30,50,30,50,4,7,3,5,8,13,9,15,6,10,12,20,7,12,11,18,3,2,1,7,4,8,1,4,1,1,7,2,2,4,6,7
2018,6,100112743,422,194,46,228,54,30,7,34,8,31,7,68,16,48,11,64,15,66,16,81,19,14,17,14,37,25,35,27,25,16,17,17,31,23,29,39,56
2018,6,100112751,77,31,40,46,60,3,4,3,4,13,17,9,12,9,12,9,12,17,22,14,18,2,1,4,6,5,2,8,3,1,2,9,3,4,7,9,11
2018,6,100112768,135,62,46,73,54,6,4,15,11,12,9,22,16,14,10,19,14,21,16,26,19,4,4,8,11,5,10,11,9,2,11,4,11,9,9,10,17
2018,6,100112952,236,112,47,124,53,13,6,29,12,31,13,28,12,27,11,32,14,28,12,48,20,6,15,14,20,13,15,15,14,7,14,17,8,14,17,13,34
2018,6,100113101,447,210,47,237,53,40,9,36,8,46,10,81,18,41,9,59,13,73,16,71,16,20,22,18,47,18,28,32,25,20,14,28,34,23,31,41,46
2018,6,100113376,186,86,46,100,54,10,5,13,7,19,10,35,19,18,10,42,23,26,14,23,12,3,5,8,21,9,21,13,6,7,8,11,14,9,21,13,17
2018,6,100113497,52,16,31,36,69,7,13,3,6,6,12,4,8,6,12,7,13,10,19,9,17,1,2,2,0,3,2,5,1,6,1,4,4,3,5,5,8
2018,6,100113585,895,404,45,491,55,62,7,68,8,107,12,132,15,97,11,128,14,116,13,185,21,26,26,51,78,57,57,52,57,36,42,56,54,40,71,64,128
2018,6,100113987,76,34,45,42,55,6,8,5,7,12,16,9,12,11,14,9,12,12,16,12,16,2,1,7,6,7,3,5,3,4,4,5,3,4,6,7,9
2018,6,100114232,82,41,50,41,50,7,9,3,4,11,13,14,17,5,6,14,17,18,22,10,12,3,2,5,7,4,7,10,3,4,1,6,7,1,7,8,7
2018,6,100114240,2147,971,45,1176,55,151,7,168,8,244,11,251,12,251,12,345,16,295,14,442,21,82,91,125,135,118,164,129,127,69,77,119,116,133,181,166,315
2018,6,100114361,166,74,45,92,55,7,4,5,3,7,4,17,10,20,12,23,14,24,14,63,38,3,2,3,13,15,12,7,19,4,3,4,4,5,11,17,44
2018,6,100114394,51,27,53,24,47,2,4,3,6,6,12,6,12,8,16,10,20,8,16,8,16,0,2,4,4,4,6,4,3,2,1,2,2,4,4,4,5
2018,6,100114433,57,24,42,33,58,3,5,8,14,4,7,15,26,4,7,14,25,3,5,6,11,2,2,2,7,2,7,1,1,1,6,2,8,2,7,2,5
2018,6,100114466,1424,646,45,778,55,100,7,113,8,140,10,194,14,190,13,189,13,220,15,278,20,46,54,69,102,108,78,103,86,54,59,71,92,82,111,117,192
2018,6,100114554,171,82,48,89,52,12,7,13,8,17,10,35,20,22,13,26,15,18,11,28,16,8,6,9,19,10,16,8,6,4,7,8,16,12,10,10,22
2018,6,100114675,181,81,45,100,55,18,10,26,14,18,10,29,16,20,11,17,9,23,13,30,17,9,10,6,17,9,9,12,9,9,16,12,12,11,8,11,21
2018,6,100114763,395,181,46,214,54,39,10,28,7,51,13,70,18,39,10,59,15,52,13,57,14,19,11,27,39,24,23,25,13,20,17,24,31,15,36,27,44
2018,6,100114884,2049,946,46,1103,54,171,8,161,8,205,10,308,15,210,10,332,16,250,12,412,20,90,79,110,155,98,154,112,148,81,82,95,153,112,178,138,264
2018,6,100114948,494,220,45,274,55,41,8,34,7,45,9,90,18,49,10,56,11,85,17,94,19,19,18,18,50,19,28,34,34,22,16,27,40,30,28,51,60
2018,6,100115017,188,85,45,103,55,10,5,15,8,12,6,18,10,29,15,31,16,23,12,50,27,6,5,4,12,17,16,8,17,4,10,8,6,12,15,15,33
2018,6,100115113,5,,,,,,,,,,,,,,,,,,,,,,,,,,,,,,,,,,,,
2018,6,100115121,71,33,46,38,54,8,11,8,11,13,18,9,13,7,10,8,11,5,7,13,18,5,3,4,4,5,6,1,5,3,5,9,5,2,2,4,8
2018,6,100115162,23,11,48,12,52,1,4,1,4,6,26,5,22,0,0,5,22,4,17,1,4,0,1,3,3,0,2,2,0,1,0,3,2,0,3,2,1
2018,6,100115170,173,73,42,100,58,7,4,14,8,12,7,20,12,15,9,30,17,23,13,52,30,4,4,4,12,13,15,9,12,3,10,8,8,2,15,14,40
2018,6,100115218,40,21,53,19,48,6,15,3,8,6,15,4,10,10,25,4,10,2,5,5,13,5,2,3,2,5,2,1,1,1,1,3,2,5,2,1,4
2018,6,100115242,221,111,50,110,50,21,10,25,11,14,6,39,18,24,11,32,14,33,15,33,15,11,15,8,22,9,16,18,12,10,10,6,17,15,16,15,21
2018,6,100115275,1144,498,44,646,56,59,5,82,7,119,10,154,13,127,11,171,15,148,13,284,25,26,42,51,75,64,78,63,99,33,40,68,79,63,93,85,185
2018,6,100115314,178,90,51,88,49,9,5,19,11,17,10,24,13,25,14,23,13,38,21,23,13,5,7,11,16,11,11,16,13,4,12,6,8,14,12,22,10
2018,6,100115548,259,120,46,139,54,19,7,26,10,33,13,25,10,25,10,36,14,34,13,61,24,6,16,15,16,11,17,19,20,13,10,18,9,14,19,15,41
2018,6,100115556,76,39,51,37,49,9,12,8,11,9,12,12,16,9,12,11,14,6,8,12,16,5,6,5,7,4,5,2,5,4,2,4,5,5,6,4,7
2018,6,100115636,31,18,58,13,42,3,10,4,13,3,10,3,10,3,10,10,32,0,0,5,16,3,3,2,1,2,5,0,2,0,1,1,2,1,5,0,3
2018,6,100115660,95,46,48,49,52,5,5,2,2,10,11,16,17,10,11,13,14,17,18,22,23,4,0,5,9,6,7,7,8,1,2,5,7,4,6,10,14
2018,6,100115677,346,166,48,180,52,27,8,31,9,45,13,61,18,44,13,40,12,51,15,47,14,15,17,26,34,23,17,23,11,12,14,19,27,21,23,28,36
2018,6,100115716,107,56,52,51,48,6,6,13,12,9,8,14,13,12,11,13,12,13,12,27,25,4,8,6,8,7,8,8,7,2,5,3,6,5,5,5,20
2018,6,100115724,462,223,48,239,52,41,9,37,8,51,11,70,15,54,12,56,12,71,15,82,18,21,22,25,36,30,26,37,26,20,15,26,34,24,30,34,56
2018,6,100115740,39,22,56,17,44,4,10,5,13,4,10,7,18,4,10,6,15,6,15,3,8,3,2,3,4,2,3,2,3,1,3,1,3,2,3,4,0
2018,6,100115894,354,172,49,182,51,23,6,24,7,26,7,68,19,29,8,60,17,59,17,65,18,12,14,14,40,17,25,25,25,11,10,12,28,12,35,34,40
2018,6,100115982,127,62,49,65,51,16,13,11,9,21,17,19,15,13,10,20,16,11,9,16,13,8,4,12,11,5,11,6,5,8,7,9,8,8,9,5,11
2018,6,100116084,22,11,50,11,50,1,5,4,18,5,23,2,9,1,5,4,18,2,9,3,14,1,2,2,2,1,0,1,2,0,2,3,0,0,4,1,1
2018,6,100116092,313,151,48,162,52,31,10,35,11,32,10,46,15,30,10,34,11,62,20,43,14,16,23,19,20,16,15,26,16,15,12,13,26,14,19,36,27
2018,6,100116131,41,19,46,22,54,9,22,4,10,6,15,7,17,7,17,2,5,4,10,2,5,4,3,1,4,3,1,2,1,5,1,5,3,4,1,2,1
2018,6,100116203,480,225,47,255,53,32,7,31,6,43,9,63,13,53,11,73,15,76,16,109,23,17,17,22,35,32,31,35,36,15,14,21,28,21,42,41,73
2018,6,100116590,166,77,46,89,54,15,9,15,9,20,12,20,12,17,10,20,12,28,17,31,19,9,8,9,11,9,9,10,12,6,7,11,9,8,11,18,19
2018,6,100116613,5,,,,,,,,,,,,,,,,,,,,,,,,,,,,,,,,,,,,
2018,6,100116695,282,150,53,132,47,15,5,18,6,34,12,42,15,42,15,39,14,39,14,53,19,10,12,19,31,24,19,18,17,5,6,15,11,18,20,21,36
2018,6,100116718,5,,,,,,,,,,,,,,,,,,,,,,,,,,,,,,,,,,,,
2018,6,100116896,165,78,47,87,53,11,7,16,10,25,15,13,8,21,13,26,16,23,14,30,18,4,8,15,4,14,14,10,9,7,8,10,9,7,12,13,21
2018,6,100116984,24,10,42,14,58,0,0,0,0,1,4,4,17,3,13,8,33,5,21,3,13,0,0,0,1,2,4,2,1,0,0,1,3,1,4,3,2
2018,6,100117527,233,106,45,127,55,15,6,25,11,27,12,35,15,25,11,36,15,39,17,31,13,10,10,12,21,13,14,20,6,5,15,15,14,12,22,19,25
2018,6,100117584,343,170,50,173,50,12,3,18,5,33,10,47,14,36,10,40,12,74,22,83,24,9,12,17,33,20,23,28,28,3,6,16,14,16,17,46,55
2018,6,100117631,67,34,51,33,49,3,4,6,9,8,12,10,15,9,13,10,15,6,9,15,22,2,4,4,7,4,4,4,5,1,2,4,3,5,6,2,10
2018,6,100117953,149,67,45,82,55,10,7,12,8,10,7,17,11,13,9,24,16,28,19,35,23,4,5,6,7,9,10,16,10,6,7,4,10,4,14,12,25
2018,6,100118071,36,20,56,16,44,0,0,5,14,2,6,4,11,5,14,10,28,3,8,7,19,0,2,2,3,4,6,2,1,0,3,0,1,1,4,1,6
2018,6,100118135,46,23,50,23,50,2,4,9,20,6,13,4,9,8,17,11,24,2,4,4,9,2,7,3,1,3,5,1,1,0,2,3,3,5,6,1,3
2018,6,100118223,244,128,52,116,48,9,4,23,9,21,9,46,19,29,12,47,19,44,18,25,10,6,14,11,30,16,19,21,11,3,9,10,16,13,28,23,14
2018,6,100118633,341,167,49,174,51,18,5,25,7,29,9,63,18,41,12,46,13,77,23,42,12,10,11,15,39,24,18,39,11,8,14,14,24,17,28,38,31
2018,6,100118674,201,101,50,100,50,8,4,7,3,16,8,27,13,14,7,38,19,41,20,50,25,6,4,11,17,9,18,21,15,2,3,5,10,5,20,20,35
2018,6,100118834,23,12,52,11,48,0,0,1,4,2,9,2,9,2,9,3,13,9,39,4,17,0,0,2,1,1,2,4,2,0,1,0,1,1,1,5,2
2018,6,100118883,363,160,44,203,56,27,7,28,8,35,10,48,13,33,9,60,17,60,17,72,20,13,16,15,23,13,30,33,17,14,12,20,25,20,30,27,55
2018,6,100118914,59,26,44,33,56,3,5,4,7,11,19,3,5,7,12,10,17,11,19,10,17,1,2,5,1,3,5,6,3,2,2,6,2,4,5,5,7
2018,6,100118922,21,11,52,10,48,2,10,4,19,2,10,0,0,3,14,5,24,1,5,4,19,0,2,2,0,2,1,1,3,2,2,0,0,1,4,0,1
2018,6,100118955,87,47,54,40,46,5,6,9,10,7,8,11,13,6,7,16,18,14,16,19,22,3,5,4,8,3,9,10,5,2,4,3,3,3,7,4,14
2018,6,100118963,35,19,54,16,46,3,9,3,9,3,9,0,0,10,29,7,20,7,20,2,6,2,0,2,0,7,5,2,1,1,3,1,0,3,2,5,1
2018,6,100119008,774,385,50,389,50,58,7,46,6,99,13,120,16,104,13,87,11,122,16,138,18,37,27,53,59,53,42,60,54,21,19,46,61,51,45,62,84
2018,6,100119032,364,177,49,187,51,14,4,21,6,30,8,52,14,34,9,70,19,70,19,73,20,9,8,18,32,21,31,33,25,5,13,12,20,13,39,37,48
2018,6,100119040,30,17,57,13,43,0,0,7,23,3,10,2,7,7,23,4,13,3,10,4,13,0,3,1,2,3,3,2,3,0,4,2,0,4,1,1,1
2018,6,100119057,16,10,63,6,38,0,0,0,0,0,0,2,13,6,38,3,19,2,13,3,19,0,0,0,0,5,2,1,2,0,0,0,2,1,1,1,1
2018,6,100119098,5,,,,,,,,,,,,,,,,,,,,,,,,,,,,,,,,,,,,
2018,6,100119506,594,302,51,292,49,10,2,29,5,45,8,74,12,81,14,106,18,114,19,135,23,5,16,24,49,42,58,60,48,5,13,21,25,39,48,54,87
2018,6,100119643,81,38,47,43,53,3,4,3,4,9,11,8,10,6,7,15,19,15,19,22,27,2,3,2,6,3,7,7,8,1,0,7,2,3,8,8,14
2018,6,100119651,172,89,52,83,48,8,5,12,7,22,13,21,12,22,13,25,15,25,15,37,22,3,4,15,10,13,15,10,19,5,8,7,11,9,10,15,18
2018,6,100119668,5,,,,,,,,,,,,,,,,,,,,,,,,,,,,,,,,,,,,
2018,6,100119684,329,155,47,174,53,13,4,20,6,30,9,45,14,38,12,52,16,71,22,60,18,7,6,17,30,16,30,29,20,6,14,13,15,22,22,42,40
2018,6,100119707,65,31,48,34,52,5,8,1,2,6,9,5,8,7,11,8,12,15,23,18,28,2,1,4,4,3,3,5,9,3,0,2,1,4,5,10,9
2018,6,100119756,66,31,47,35,53,0,0,3,5,8,12,5,8,8,12,14,21,8,12,20,30,0,2,3,1,5,8,5,7,0,1,5,4,3,6,3,13
2018,6,100119940,229,113,49,116,51,12,5,14,6,27,12,41,18,28,12,32,14,44,19,31,14,7,8,15,24,18,13,20,8,5,6,12,17,10,19,24,23
2018,6,100120260,32,17,53,15,47,2,6,4,13,1,3,3,9,10,31,2,6,6,19,4,13,0,3,0,1,7,1,3,2,2,1,1,2,3,1,3,2
2018,6,100120293,5,,,,,,,,,,,,,,,,,,,,,,,,,,,,,,,,,,,,
2018,6,100120308,33,14,42,19,58,1,3,0,0,2,6,3,9,3,9,7,21,5,15,12,36,1,0,1,1,1,4,2,4,0,0,1,2,2,3,3,8
2018,6,100120324,5,,,,,,,,,,,,,,,,,,,,,,,,,,,,,,,,,,,,
2018,6,100120412,177,89,50,88,50,9,5,14,8,15,8,19,11,20,11,28,16,46,26,26,15,7,5,7,10,12,17,22,9,2,9,8,9,8,11,24,17
2018,6,100120461,5,,,,,,,,,,,,,,,,,,,,,,,,,,,,,,,,,,,,
2018,6,100120517,5,,,,,,,,,,,,,,,,,,,,,,,,,,,,,,,,,,,,
2018,6,100120558,316,153,48,163,52,19,6,22,7,41,13,33,10,50,16,53,17,38,12,60,19,10,14,22,19,26,23,16,23,9,8,19,14,24,30,22,37
2018,6,100120687,5,,,,,,,,,,,,,,,,,,,,,,,,,,,,,,,,,,,,
2018,6,100120695,473,208,44,265,56,26,5,19,4,42,9,59,12,46,10,79,17,96,20,106,22,9,6,24,35,24,30,49,31,17,13,18,24,22,49,47,75
2018,6,100120863,5,,,,,,,,,,,,,,,,,,,,,,,,,,,,,,,,,,,,
2018,6,100120871,12,4,33,8,67,0,0,2,17,0,0,0,0,2,17,1,8,2,17,5,42,0,0,0,0,1,1,1,1,0,2,0,0,1,0,1,4
2018,6,100120888,29,14,48,15,52,0,0,1,3,4,14,3,10,1,3,5,17,9,31,6,21,0,0,1,3,1,1,6,2,0,1,3,0,0,4,3,4
2018,6,100120896,15,4,27,11,73,1,7,1,7,3,20,2,13,2,13,2,13,1,7,3,20,0,0,0,2,0,1,1,0,1,1,3,0,2,1,0,3
2018,6,100120902,22,15,68,7,32,1,5,4,18,2,9,1,5,2,9,3,14,7,32,2,9,1,4,1,0,2,1,5,1,0,0,1,1,0,2,2,1
2018,6,100120910,23,12,52,11,48,5,22,0,0,1,4,2,9,3,13,2,9,4,17,6,26,3,0,0,2,1,1,2,3,2,0,1,0,2,1,2,3
2018,6,100120927,5,,,,,,,,,,,,,,,,,,,,,,,,,,,,,,,,,,,,
2018,6,100120935,27,18,67,9,33,2,7,3,11,3,11,3,11,6,22,5,19,3,11,2,7,2,2,3,2,3,3,2,1,0,1,0,1,3,2,1,1
2018,6,100120943,12,6,50,6,50,2,17,1,8,0,0,4,33,1,8,2,17,0,0,2,17,2,0,0,3,1,0,0,0,0,1,0,1,0,2,0,2
2018,6,100120951,113,49,43,64,57,10,9,11,10,5,4,11,10,5,4,29,26,19,17,23,20,3,7,2,3,3,15,9,7,7,4,3,8,2,14,10,16
2018,6,100120968,376,165,44,211,56,26,7,33,9,41,11,55,15,51,14,57,15,53,14,60,16,12,13,14,32,30,21,20,23,14,20,27,23,21,36,33,37
2018,6,100120992,38,22,58,16,42,7,18,2,5,4,11,5,13,8,21,5,13,2,5,5,13,6,0,3,3,6,3,0,1,1,2,1,2,2,2,2,4
2018,6,100121004,16,9,56,7,44,4,25,0,0,0,0,3,19,2,13,1,6,2,13,4,25,1,0,0,2,2,1,1,2,3,0,0,1,0,0,1,2
2018,6,100121012,5,,,,,,,,,,,,,,,,,,,,,,,,,,,,,,,,,,,,
2018,6,100121020,5,,,,,,,,,,,,,,,,,,,,,,,,,,,,,,,,,,,,
2018,6,100121037,34,17,50,17,50,2,6,3,9,3,9,4,12,5,15,6,18,5,15,6,18,1,2,2,1,2,4,1,4,1,1,1,3,3,2,4,2
2018,6,100121045,12,8,67,4,33,2,17,2,17,1,8,1,8,3,25,0,0,1,8,2,17,2,2,0,0,2,0,1,1,0,0,1,1,1,0,0,1
2018,6,100121053,5,,,,,,,,,,,,,,,,,,,,,,,,,,,,,,,,,,,,
2018,6,100121061,5,,,,,,,,,,,,,,,,,,,,,,,,,,,,,,,,,,,,
2018,6,100121078,5,,,,,,,,,,,,,,,,,,,,,,,,,,,,,,,,,,,,
2018,6,100121086,12,6,50,6,50,0,0,1,8,2,17,2,17,0,0,3,25,1,8,3,25,0,1,1,1,0,2,0,1,0,0,1,1,0,1,1,2
2018,6,100121100,53,27,51,26,49,1,2,5,9,5,9,5,9,8,15,4,8,8,15,17,32,1,2,3,4,4,2,4,7,0,3,2,1,4,2,4,10
2018,6,100121117,22,11,50,11,50,0,0,0,0,2,9,1,5,3,14,4,18,3,14,9,41,0,0,1,1,3,2,1,3,0,0,1,0,0,2,2,6
2018,6,100121125,12,6,50,6,50,0,0,1,8,1,8,0,0,3,25,1,8,3,25,3,25,0,1,0,0,1,1,2,1,0,0,1,0,2,0,1,2
2018,6,100121133,53,27,51,26,49,4,8,2,4,3,6,9,17,9,17,4,8,13,25,9,17,1,0,2,6,4,3,6,5,3,2,1,3,5,1,7,4
2018,6,100121141,1344,590,44,754,56,82,6,43,3,93,7,188,14,197,15,210,16,218,16,313,23,45,17,47,89,92,98,96,106,37,26,46,99,105,112,122,207
2018,6,100121158,51,24,47,27,53,2,4,2,4,3,6,6,12,6,12,10,20,7,14,15,29,1,0,2,1,5,5,4,6,1,2,1,5,1,5,3,9
2018,6,100121166,5,,,,,,,,,,,,,,,,,,,,,,,,,,,,,,,,,,,,
2018,6,100121174,43,22,51,21,49,4,9,4,9,0,0,4,9,9,21,6,14,7,16,9,21,1,2,0,3,5,4,5,2,3,2,0,1,4,2,2,7
2018,6,100121205,5,,,,,,,,,,,,,,,,,,,,,,,,,,,,,,,,,,,,
2018,6,100121213,120,57,48,63,53,5,4,3,3,10,8,12,10,13,11,30,25,20,17,27,23,3,1,6,6,8,13,9,11,2,2,4,6,5,17,11,16
2018,6,100121221,5,,,,,,,,,,,,,,,,,,,,,,,,,,,,,,,,,,,,
2018,6,100121238,22,11,50,11,50,3,14,3,14,0,0,5,23,3,14,1,5,3,14,4,18,0,2,0,1,3,1,2,2,3,1,0,4,0,0,1,2
2018,6,100121246,11,7,64,4,36,0,0,0,0,2,18,0,0,1,9,4,36,3,27,1,9,0,0,1,0,1,1,3,1,0,0,1,0,0,3,0,0
2018,6,100121254,5,,,,,,,,,,,,,,,,,,,,,,,,,,,,,,,,,,,,
2018,6,100121262,25,10,40,15,60,0,0,1,4,4,16,2,8,2,8,9,36,3,12,4,16,0,1,1,0,0,4,2,2,0,0,3,2,2,5,1,2
2018,6,100121270,36,18,50,18,50,2,6,5,14,5,14,2,6,6,17,3,8,3,8,10,28,2,3,4,0,2,2,1,4,0,2,1,2,4,1,2,6
2018,6,100121295,11,6,55,5,45,0,0,0,0,1,9,1,9,0,0,1,9,2,18,6,55,0,0,1,0,0,0,2,3,0,0,0,1,0,1,0,3
2018,6,100121301,893,442,49,451,51,72,8,56,6,93,10,115,13,106,12,131,15,141,16,179,20,40,28,50,69,58,68,63,66,32,28,43,46,48,63,78,113
2018,6,100121326,13,7,54,6,46,0,0,4,31,0,0,0,0,4,31,0,0,1,8,4,31,0,3,0,0,2,0,1,1,0,1,0,0,2,0,0,3
2018,6,100121334,5,,,,,,,,,,,,,,,,,,,,,,,,,,,,,,,,,,,,
2018,6,100121342,16,11,69,5,31,0,0,0,0,0,0,2,13,2,13,0,0,4,25,8,50,0,0,0,2,2,0,4,3,0,0,0,0,0,0,0,5
2018,6,100121350,24,13,54,11,46,1,4,1,4,3,13,3,13,4,17,3,13,2,8,7,29,0,1,0,3,2,3,1,3,1,0,3,0,2,0,1,4
2018,6,100121367,5,,,,,,,,,,,,,,,,,,,,,,,,,,,,,,,,,,,,
2018,6,100121375,5,,,,,,,,,,,,,,,,,,,,,,,,,,,,,,,,,,,,
2018,6,100121383,25,15,60,10,40,0,0,0,0,1,4,0,0,3,12,3,12,10,40,8,32,0,0,1,0,2,2,6,4,0,0,0,0,1,1,4,4
2018,6,100121391,15,5,33,10,67,0,0,2,13,3,20,1,7,2,13,0,0,4,27,3,20,0,0,1,0,1,0,2,1,0,2,2,1,1,0,2,2
2018,6,100121414,1007,449,45,558,55,68,7,68,7,129,13,122,12,136,14,164,16,140,14,180,18,30,38,61,64,58,80,56,62,38,30,68,58,78,84,84,118
2018,6,100121447,12,7,58,5,42,0,0,0,0,0,0,3,25,0,0,2,17,2,17,5,42,0,0,0,2,0,1,2,2,0,0,0,1,0,1,0,3
2018,6,100121455,5,,,,,,,,,,,,,,,,,,,,,,,,,,,,,,,,,,,,
2018,6,100121471,268,123,46,145,54,17,6,23,9,15,6,28,10,29,11,38,14,58,22,60,22,9,14,7,15,17,19,22,20,8,9,8,13,12,19,36,40
2018,6,100121728,97,48,49,49,51,6,6,8,8,7,7,22,23,5,5,19,20,17,18,13,13,3,6,3,15,1,9,7,4,3,2,4,7,4,10,10,9
2018,6,100121840,144,76,53,68,47,7,5,7,5,30,21,17,12,17,12,35,24,15,10,16,11,5,6,16,11,5,20,9,4,2,1,14,6,12,15,6,12
2018,6,100121961,204,95,47,109,53,18,9,8,4,19,9,29,14,18,9,34,17,34,17,44,22,6,5,9,16,10,13,20,16,12,3,10,13,8,21,14,28
2018,6,100122063,20,13,65,7,35,0,0,0,0,0,0,0,0,3,15,5,25,5,25,7,35,0,0,0,0,3,2,4,4,0,0,0,0,0,3,1,3
2018,6,100122096,123,56,46,67,54,5,4,12,10,10,8,16,13,12,10,20,16,18,15,30,24,3,6,4,9,5,10,11,8,2,6,6,7,7,10,7,22
2018,6,100122184,567,283,50,284,50,22,4,32,6,46,8,73,13,63,11,102,18,86,15,143,25,9,22,24,43,34,61,41,49,13,10,22,30,29,41,45,94
2018,6,100122248,28,15,54,13,46,1,4,2,7,4,14,4,14,0,0,6,21,6,21,5,18,1,2,2,2,0,3,3,2,0,0,2,2,0,3,3,3
2018,6,100122352,425,179,42,246,58,15,4,23,5,40,9,48,11,49,12,75,18,67,16,108,25,6,12,23,24,23,32,30,29,9,11,17,24,26,43,37,79
2018,6,100122360,5,,,,,,,,,,,,,,,,,,,,,,,,,,,,,,,,,,,,
2018,6,100122432,5,,,,,,,,,,,,,,,,,,,,,,,,,,,,,,,,,,,,
2018,6,100122504,5,,,,,,,,,,,,,,,,,,,,,,,,,,,,,,,,,,,,
2018,6,100122633,5,,,,,,,,,,,,,,,,,,,,,,,,,,,,,,,,,,,,
2018,6,100122641,5,,,,,,,,,,,,,,,,,,,,,,,,,,,,,,,,,,,,
2018,6,100122666,5,,,,,,,,,,,,,,,,,,,,,,,,,,,,,,,,,,,,
2018,6,100122713,34,19,56,15,44,0,0,1,3,4,12,3,9,6,18,6,18,2,6,12,35,0,1,3,2,3,4,2,4,0,0,1,1,3,2,0,8
2018,6,100122721,185,79,43,106,57,12,6,9,5,32,17,18,10,19,10,27,15,30,16,38,21,6,2,13,13,6,13,11,15,6,7,19,5,13,14,19,23
2018,6,100122795,220,101,46,119,54,15,7,19,9,24,11,29,13,21,10,24,11,25,11,63,29,5,10,11,14,13,10,12,26,10,9,13,15,8,14,13,37
2018,6,100122801,38,21,55,17,45,1,3,2,5,3,8,2,5,11,29,9,24,7,18,3,8,0,1,1,1,6,7,5,0,1,1,2,1,5,2,2,3
2018,6,100122875,237,105,44,132,56,9,4,20,8,29,12,28,12,39,16,40,17,31,13,41,17,2,12,15,15,18,21,12,10,7,8,14,13,21,19,19,31
2018,6,100122883,64,36,56,28,44,4,6,1,2,14,22,5,8,13,20,10,16,8,13,9,14,1,1,9,5,8,5,3,4,3,0,5,0,5,5,5,5
2018,6,100122891,11,4,36,7,64,0,0,1,9,2,18,0,0,0,0,3,27,0,0,5,45,0,0,1,0,0,1,0,2,0,1,1,0,0,2,0,3
2018,6,100122963,5,,,,,,,,,,,,,,,,,,,,,,,,,,,,,,,,,,,,
2018,6,100123057,43,19,44,24,56,0,0,2,5,4,9,5,12,9,21,9,21,3,7,11,26,0,2,1,4,3,5,0,4,0,0,3,1,6,4,3,7
2018,6,100123217,166,79,48,87,52,6,4,10,6,20,12,24,14,12,7,28,17,17,10,49,30,3,5,13,13,7,13,7,18,3,5,7,11,5,15,10,31
2018,6,100123973,79,40,51,39,49,2,3,10,13,7,9,7,9,13,16,10,13,14,18,16,20,2,6,2,2,9,7,7,5,0,4,5,5,4,3,7,11
2018,6,100123981,465,208,45,257,55,21,5,32,7,47,10,46,10,45,10,53,11,79,17,142,31,14,18,28,17,18,26,34,53,7,14,19,29,27,27,45,89
2018,6,100123998,173,83,48,90,52,4,2,9,5,16,9,18,10,19,11,24,14,33,19,50,29,1,6,7,11,11,12,19,16,3,3,9,7,8,12,14,34
2018,6,100124042,225,104,46,121,54,7,3,14,6,18,8,33,15,22,10,36,16,40,18,55,24,5,9,8,21,10,17,19,15,2,5,10,12,12,19,21,40
2018,6,100124516,437,181,41,256,59,21,5,31,7,36,8,42,10,40,9,66,15,75,17,126,29,11,18,15,19,20,26,33,39,10,13,21,23,20,40,42,87
2018,6,100124532,65,37,57,28,43,1,2,0,0,11,17,4,6,6,9,15,23,11,17,17,26,1,0,6,4,2,11,5,8,0,0,5,0,4,4,6,9
2018,6,100124565,408,189,46,219,54,29,7,43,11,35,9,57,14,49,12,45,11,59,14,91,22,14,22,20,28,30,20,23,32,15,21,15,29,19,25,36,59
2018,6,100124598,469,214,46,255,54,30,6,30,6,53,11,66,14,60,13,55,12,70,15,105,22,17,18,26,34,29,25,28,37,13,12,27,32,31,30,42,68
2018,6,100124612,100,50,50,50,50,8,8,6,6,11,11,15,15,7,7,14,14,15,15,24,24,5,3,6,12,3,6,7,8,3,3,5,3,4,8,8,16
2018,6,100124661,136,65,48,71,52,8,6,11,8,11,8,19,14,15,11,24,18,21,15,27,20,4,3,6,11,8,12,9,12,4,8,5,8,7,12,12,15
2018,6,100124678,257,147,57,110,43,4,2,5,2,15,6,30,12,42,16,41,16,59,23,61,24,3,3,8,17,26,24,41,25,1,2,7,13,16,17,18,36
2018,6,100124686,257,132,51,125,49,15,6,22,9,15,6,38,15,29,11,42,16,37,14,59,23,9,14,6,26,17,23,16,21,6,8,9,12,12,19,21,38
2018,6,100124700,1132,507,45,625,55,110,10,151,13,151,13,128,11,166,15,158,14,134,12,134,12,56,78,63,58,75,86,52,39,54,73,88,70,91,72,82,95
2018,6,100124717,232,104,45,128,55,19,8,17,7,15,6,33,14,20,9,31,13,37,16,60,26,9,11,10,16,10,13,18,17,10,6,5,17,10,18,19,43
2018,6,100124733,1197,528,44,669,56,55,5,96,8,130,11,142,12,133,11,165,14,169,14,307,26,25,48,62,80,70,84,70,89,30,48,68,62,63,81,99,218
2018,6,100124766,55,22,40,33,60,3,5,4,7,3,5,9,16,4,7,8,15,10,18,14,25,2,3,2,3,2,4,2,4,1,1,1,6,2,4,8,10
2018,6,100124782,321,146,45,175,55,19,6,21,7,28,9,46,14,40,12,49,15,45,14,73,23,12,8,16,29,23,20,17,21,7,13,12,17,17,29,28,52
2018,6,100124790,471,220,47,251,53,33,7,33,7,43,9,74,16,50,11,64,14,76,16,98,21,13,17,23,43,26,27,34,37,20,16,20,31,24,37,42,61
2018,6,100124854,249,119,48,130,52,24,10,24,10,30,12,46,18,29,12,27,11,32,13,37,15,12,9,14,27,12,15,13,17,12,15,16,19,17,12,19,20
2018,6,100124887,217,103,47,114,53,18,8,15,7,24,11,33,15,21,10,32,15,34,16,40,18,8,7,13,16,13,16,16,14,10,8,11,17,8,16,18,26
2018,6,100124975,206,105,51,101,49,20,10,17,8,28,14,31,15,28,14,26,13,27,13,29,14,8,12,17,18,15,12,12,11,12,5,11,13,13,14,15,18
2018,6,100124983,347,159,46,188,54,23,7,30,9,43,12,43,12,47,14,51,15,42,12,68,20,13,16,25,16,24,27,20,18,10,14,18,27,23,24,22,50
2018,6,100124991,183,85,46,98,54,12,7,12,7,24,13,29,16,17,9,32,17,21,11,36,20,6,6,11,15,11,14,10,12,6,6,13,14,6,18,11,24
2018,6,100125028,606,272,45,334,55,59,10,56,9,75,12,75,12,73,12,74,12,90,15,104,17,28,31,38,38,37,38,37,25,31,25,37,37,36,36,53,79
2018,6,100125036,389,189,49,200,51,32,8,28,7,55,14,54,14,55,14,55,14,52,13,58,15,16,15,31,30,28,31,25,13,16,13,24,24,27,24,27,45
2018,6,100125077,154,73,47,81,53,13,8,15,10,21,14,25,16,23,15,21,14,16,10,20,13,6,5,16,11,12,10,6,7,7,10,5,14,11,11,10,13
2018,6,100125116,49,23,47,26,53,0,0,4,8,9,18,8,16,4,8,11,22,6,12,7,14,0,2,4,6,1,7,2,1,0,2,5,2,3,4,4,6
2018,6,100125124,29,19,66,10,34,0,0,2,7,5,17,4,14,2,7,8,28,3,10,5,17,0,1,4,3,1,5,2,3,0,1,1,1,1,3,1,2
2018,6,100125132,261,120,46,141,54,20,8,20,8,31,12,40,15,33,13,36,14,35,13,46,18,6,13,19,21,11,20,17,13,14,7,12,19,22,16,18,33
2018,6,100125140,124,56,45,68,55,8,6,9,7,13,10,18,15,6,5,25,20,24,19,21,17,4,5,6,9,4,9,12,7,4,4,7,9,2,16,12,14
2018,6,100125173,301,159,53,142,47,20,7,16,5,29,10,51,17,34,11,48,16,38,13,65,22,13,6,15,32,20,27,16,30,7,10,14,19,14,21,22,35
2018,6,100125245,284,142,50,142,50,15,5,24,8,40,14,43,15,30,11,40,14,45,16,47,17,8,13,20,28,18,20,19,16,7,11,20,15,12,20,26,31
2018,6,100125317,317,150,47,167,53,18,6,22,7,33,10,45,14,39,12,64,20,33,10,63,20,10,16,18,30,20,25,13,18,8,6,15,15,19,39,20,45
2018,6,100125325,284,137,48,147,52,24,8,20,7,29,10,49,17,35,12,34,12,52,18,41,14,17,5,14,29,18,18,25,11,7,15,15,20,17,16,27,30
2018,6,100125333,476,218,46,258,54,32,7,40,8,53,11,90,19,39,8,86,18,68,14,68,14,19,19,33,44,18,37,26,22,13,21,20,46,21,49,42,46
2018,6,100125358,99,45,45,54,55,18,18,14,14,10,10,12,12,11,11,6,6,16,16,12,12,10,5,2,5,8,3,7,5,8,9,8,7,3,3,9,7
2018,6,100125366,108,51,47,57,53,2,2,6,6,7,6,14,13,9,8,15,14,18,17,37,34,1,3,3,9,5,7,9,14,1,3,4,5,4,8,9,23
2018,6,100125405,249,122,49,127,51,13,5,31,12,38,15,48,19,33,13,30,12,28,11,28,11,10,14,24,24,17,10,13,10,3,17,14,24,16,20,15,18
2018,6,100125421,143,76,53,67,47,8,6,11,8,18,13,16,11,22,15,12,8,24,17,32,22,8,4,14,10,15,3,12,10,0,7,4,6,7,9,12,22
2018,6,100125454,214,101,47,113,53,18,8,25,12,22,10,24,11,24,11,30,14,28,13,43,20,5,12,9,11,13,16,13,22,13,13,13,13,11,14,15,21
2018,6,100125470,76,34,45,42,55,1,1,0,0,4,5,4,5,5,7,12,16,14,18,36,47,0,0,1,3,2,7,7,14,1,0,3,1,3,5,7,22
2018,6,100125501,156,73,47,83,53,9,6,19,12,21,13,19,12,16,10,21,13,19,12,32,21,4,10,11,13,9,9,10,7,5,9,10,6,7,12,9,25
2018,6,100125518,207,103,50,104,50,13,6,13,6,22,11,32,15,18,9,37,18,37,18,35,17,6,9,15,22,9,16,17,9,7,4,7,10,9,21,20,26
2018,6,100125614,135,67,50,68,50,9,7,17,13,17,13,13,10,20,15,14,10,21,16,24,18,2,11,9,8,12,7,11,7,7,6,8,5,8,7,10,17
2018,6,100125671,78,40,51,38,49,10,13,7,9,7,9,17,22,6,8,17,22,7,9,7,9,4,4,3,9,3,9,5,3,6,3,4,8,3,8,2,4
2018,6,100125702,278,128,46,150,54,29,10,19,7,30,11,36,13,25,9,39,14,53,19,47,17,17,11,12,17,12,19,25,15,12,8,18,19,13,20,28,32
2018,6,100125743,64,30,47,34,53,10,16,7,11,9,14,5,8,12,19,6,9,8,13,7,11,4,2,5,2,7,5,3,2,6,5,4,3,5,1,5,5
2018,6,100125936,237,124,52,113,48,21,9,22,9,34,14,40,17,18,8,36,15,27,11,39,16,11,14,24,25,9,14,14,13,10,8,10,15,9,22,13,26
2018,6,100126005,85,47,55,38,45,9,11,7,8,10,12,12,14,5,6,16,19,15,18,11,13,5,5,5,8,5,8,5,6,4,2,5,4,0,8,10,5
2018,6,100126038,191,91,48,100,52,10,5,17,9,24,13,26,14,18,9,26,14,24,13,46,24,7,10,8,17,11,12,9,17,3,7,16,9,7,14,15,29
2018,6,100126070,418,201,48,217,52,30,7,33,8,53,13,60,14,50,12,64,15,51,12,77,18,18,16,32,28,31,31,19,26,12,17,21,32,19,33,32,51
2018,6,100126087,95,42,44,53,56,2,2,5,5,12,13,10,11,15,16,11,12,15,16,25,26,1,1,5,5,7,5,10,8,1,4,7,5,8,6,5,17
2018,6,100126327,441,196,44,245,56,31,7,24,5,44,10,61,14,37,8,73,17,67,15,104,24,14,12,21,34,17,39,34,25,17,12,23,27,20,34,33,79
2018,6,100126456,199,98,49,101,51,21,11,17,9,24,12,26,13,25,13,22,11,28,14,36,18,10,10,15,15,12,11,13,12,11,7,9,11,13,11,15,24
2018,6,100126503,645,334,52,311,48,39,6,34,5,53,8,88,14,100,16,104,16,111,17,116,18,24,21,27,48,57,57,57,43,15,13,26,40,43,47,54,73
2018,6,100126593,108,52,48,56,52,5,5,8,7,6,6,9,8,16,15,16,15,25,23,23,21,3,2,2,6,10,9,13,7,2,6,4,3,6,7,12,16
2018,6,100126624,567,271,48,296,52,40,7,38,7,67,12,98,17,63,11,73,13,92,16,96,17,21,22,37,55,29,32,44,31,19,16,30,43,34,41,48,65
2018,6,100126737,178,91,51,87,49,16,9,9,5,18,10,28,16,26,15,31,17,26,15,24,13,8,4,10,19,12,20,10,8,8,5,8,9,14,11,16,16
2018,6,100126786,157,75,48,82,52,6,4,14,9,23,15,14,9,26,17,30,19,16,10,28,18,4,5,10,6,15,15,11,9,2,9,13,8,11,15,5,19
2018,6,100126858,107,59,55,48,45,3,3,5,5,12,11,23,21,14,13,17,16,15,14,18,17,1,4,5,14,10,11,9,5,2,1,7,9,4,6,6,13
2018,6,100126954,478,225,47,253,53,32,7,47,10,58,12,77,16,59,12,67,14,69,14,69,14,21,23,31,40,28,28,29,25,11,24,27,37,31,39,40,44
2018,6,100127056,258,120,47,138,53,19,7,27,10,26,10,35,14,30,12,39,15,45,17,37,14,8,16,14,14,18,17,20,13,11,11,12,21,12,22,25,24
2018,6,100127080,151,64,42,87,58,2,1,8,5,17,11,26,17,18,12,16,11,32,21,32,21,1,3,9,14,9,8,12,8,1,5,8,12,9,8,20,24
2018,6,100127136,153,80,52,73,48,16,10,12,8,22,14,19,12,19,12,27,18,18,12,20,13,8,8,13,11,7,13,10,10,8,4,9,8,12,14,8,10
2018,6,100127185,104,46,44,58,56,7,7,13,13,14,13,15,14,8,8,18,17,12,12,17,16,4,6,6,7,3,9,4,7,3,7,8,8,5,9,8,10
2018,6,100127208,37,17,46,20,54,1,3,2,5,6,16,6,16,6,16,4,11,6,16,6,16,1,1,5,3,2,1,2,2,0,1,1,3,4,3,4,4
2018,6,100127232,476,228,48,248,52,55,12,55,12,42,9,78,16,48,10,66,14,52,11,80,17,27,28,24,43,27,28,25,26,28,27,18,35,21,38,27,54
2018,6,100127240,167,79,47,88,53,8,5,9,5,17,10,23,14,16,10,27,16,28,17,39,23,2,3,9,14,9,15,12,15,6,6,8,9,7,12,16,24
2018,6,100127257,382,171,45,211,55,28,7,31,8,44,12,63,16,48,13,52,14,61,16,55,14,13,16,25,34,21,23,24,15,15,15,19,29,27,29,37,40
2018,6,100127546,50,16,32,34,68,3,6,5,10,10,20,5,10,3,6,11,22,6,12,7,14,0,2,3,3,1,3,3,1,3,3,7,2,2,8,3,6
2018,6,100127570,262,116,44,146,56,24,9,17,6,25,10,46,18,22,8,40,15,37,14,51,19,13,3,7,26,13,17,20,17,11,14,18,20,9,23,17,34
2018,6,100127601,44,25,57,19,43,2,5,2,5,2,5,8,18,3,7,9,20,6,14,12,27,2,1,1,6,3,5,4,3,0,1,1,2,0,4,2,9
2018,6,100127675,61,26,43,35,57,5,8,6,10,7,11,7,11,9,15,8,13,7,11,12,20,3,1,3,2,5,2,3,7,2,5,4,5,4,6,4,5
2018,6,100127683,203,107,53,96,47,14,7,20,10,16,8,24,12,41,20,21,10,25,12,42,21,7,13,9,11,25,12,14,16,7,7,7,13,16,9,11,26
2018,6,100127691,91,37,41,54,59,5,5,9,10,8,9,12,13,14,15,11,12,14,15,18,20,3,2,4,5,7,5,8,3,2,7,4,7,7,6,6,15
2018,6,100127706,1290,603,47,687,53,122,9,103,8,125,10,192,15,196,15,185,14,175,14,192,15,59,56,66,104,105,83,80,50,63,47,59,88,91,102,95,142
2018,6,100127714,931,454,49,477,51,95,10,104,11,75,8,155,17,112,12,128,14,108,12,154,17,51,53,38,79,56,72,51,54,44,51,37,76,56,56,57,100
2018,6,100127722,330,155,47,175,53,36,11,19,6,44,13,44,13,39,12,39,12,46,14,63,19,15,14,21,23,25,17,18,22,21,5,23,21,14,22,28,41
2018,6,100127771,1543,725,47,818,53,110,7,122,8,161,10,211,14,199,13,192,12,241,16,307,20,51,58,93,126,97,93,98,109,59,64,68,85,102,99,143,198
2018,6,100127835,211,97,46,114,54,21,10,16,8,18,9,37,18,27,13,34,16,25,12,33,16,10,5,10,22,14,17,12,7,11,11,8,15,13,17,13,26
2018,6,100127876,742,341,46,401,54,51,7,59,8,50,7,110,15,98,13,83,11,130,18,161,22,29,28,27,56,55,31,61,54,22,31,23,54,43,52,69,107
2018,6,100127915,223,107,48,116,52,14,6,15,7,25,11,36,16,33,15,27,12,33,15,40,18,9,7,13,25,14,14,11,14,5,8,12,11,19,13,22,26
2018,6,100127923,218,98,45,120,55,21,10,12,6,15,7,38,17,10,5,36,17,38,17,48,22,12,7,9,19,8,14,17,12,9,5,6,19,2,22,21,36
2018,6,100127948,151,78,52,73,48,13,9,18,12,10,7,25,17,23,15,18,12,22,15,22,15,8,10,5,14,10,9,12,10,5,8,5,11,13,9,10,12
2018,6,100127964,493,246,50,247,50,36,7,45,9,57,12,67,14,69,14,72,15,55,11,92,19,24,20,29,41,37,34,27,34,12,25,28,26,32,38,28,58
2018,6,100127997,194,97,50,97,50,8,4,18,9,18,9,30,15,25,13,31,16,35,18,29,15,4,7,9,20,19,17,12,9,4,11,9,10,6,14,23,20
2018,6,100128074,606,278,46,328,54,16,3,45,7,43,7,100,17,80,13,95,16,103,17,124,20,8,19,17,58,37,43,45,51,8,26,26,42,43,52,58,73
2018,6,100128082,312,152,49,160,51,19,6,31,10,27,9,58,19,34,11,47,15,36,12,60,19,11,10,20,30,22,21,20,18,8,21,7,28,12,26,16,42
2018,6,100128105,115,51,44,64,56,5,4,10,9,17,15,12,10,19,17,15,13,13,11,24,21,3,2,10,9,7,8,6,6,2,8,7,3,12,7,7,18
2018,6,100128138,372,183,49,189,51,18,5,36,10,31,8,44,12,62,17,61,16,54,15,66,18,14,15,16,22,35,29,25,27,4,21,15,22,27,32,29,39
2018,6,100128146,88,37,42,51,58,4,5,6,7,6,7,17,19,8,9,11,13,12,14,24,27,2,1,2,10,5,6,6,5,2,5,4,7,3,5,6,19
2018,6,100128187,894,407,46,487,54,68,8,90,10,94,11,123,14,116,13,120,13,116,13,167,19,40,48,42,65,59,52,52,49,28,42,52,58,57,68,64,118
2018,6,100128275,3943,1808,46,2135,54,477,12,413,10,310,8,522,13,620,16,432,11,439,11,730,19,253,203,154,233,279,229,201,256,224,210,156,289,341,203,238,474
2018,6,100128322,318,146,46,172,54,22,7,17,5,28,9,45,14,40,13,39,12,57,18,70,22,7,8,14,28,16,19,29,25,15,9,14,17,24,20,28,45
2018,6,100128330,266,133,50,133,50,14,5,17,6,33,12,46,17,29,11,44,17,42,16,41,15,6,9,17,27,18,21,19,16,8,8,16,19,11,23,23,25
2018,6,100128347,136,66,49,70,51,7,5,13,10,16,12,15,11,24,18,10,7,26,19,25,18,3,6,10,8,11,5,14,9,4,7,6,7,13,5,12,16
2018,6,100128363,299,140,47,159,53,17,6,23,8,22,7,48,16,43,14,35,12,50,17,61,20,6,11,14,28,25,17,20,19,11,12,8,20,18,18,30,42
2018,6,100128443,440,217,49,223,51,30,7,27,6,51,12,75,17,42,10,75,17,73,17,67,15,14,12,28,42,27,34,36,24,16,15,23,33,15,41,37,43
2018,6,100128476,313,152,49,161,51,31,10,26,8,30,10,53,17,45,14,45,14,43,14,40,13,19,10,17,31,24,22,15,14,12,16,13,22,21,23,28,26
2018,6,100128484,26,15,58,11,42,2,8,2,8,2,8,4,15,1,4,10,38,1,4,4,15,2,0,2,2,1,6,1,1,0,2,0,2,0,4,0,3
2018,6,100128523,262,124,47,138,53,21,8,27,10,27,10,37,14,23,9,45,17,32,12,50,19,11,13,14,20,13,24,15,14,10,14,13,17,10,21,17,36
2018,6,100128556,366,171,47,195,53,27,7,43,12,23,6,48,13,80,22,53,14,29,8,63,17,10,20,10,23,38,30,15,25,17,23,13,25,42,23,14,38
2018,6,100128580,589,285,48,304,52,54,9,45,8,65,11,97,16,79,13,92,16,53,9,104,18,25,21,39,55,41,44,27,33,29,24,26,42,38,48,26,71
2018,6,100128611,200,96,48,104,52,16,8,15,8,24,12,34,17,20,10,37,19,19,10,35,18,6,6,11,21,11,20,9,12,10,9,13,13,9,17,10,23
2018,6,100128660,488,245,50,243,50,19,4,45,9,27,6,78,16,79,16,67,14,78,16,95,19,9,18,17,47,45,34,35,40,10,27,10,31,34,33,43,55
2018,6,100128677,338,159,47,179,53,31,9,28,8,36,11,64,19,26,8,56,17,46,14,51,15,15,11,18,36,14,29,24,12,16,17,18,28,12,27,22,39
2018,6,100128685,207,109,53,98,47,7,3,13,6,24,12,28,14,20,10,31,15,37,18,47,23,6,6,14,18,10,17,19,19,1,7,10,10,10,14,18,28
2018,6,100128757,255,125,49,130,51,23,9,21,8,21,8,40,16,31,12,28,11,34,13,57,22,10,13,12,19,22,12,18,19,13,8,9,21,9,16,16,38
2018,6,100128765,183,87,48,96,52,12,7,19,10,22,12,33,18,20,11,24,13,26,14,27,15,5,9,12,17,10,11,12,11,7,10,10,16,10,13,14,16
2018,6,100128853,159,69,43,90,57,10,6,16,10,13,8,18,11,22,14,12,8,29,18,39,25,3,7,6,10,14,7,11,11,7,9,7,8,8,5,18,28
2018,6,100128861,189,85,45,104,55,15,8,14,7,25,13,35,19,26,14,29,15,26,14,19,10,5,7,11,17,15,14,11,5,10,7,14,18,11,15,15,14
2018,6,100128878,267,133,50,134,50,15,6,24,9,30,11,26,10,43,16,36,13,42,16,51,19,9,9,15,17,26,19,19,19,6,15,15,9,17,17,23,32
2018,6,100128900,583,262,45,321,55,45,8,56,10,69,12,86,15,64,11,86,15,64,11,113,19,21,29,40,43,33,39,27,30,24,27,29,43,31,47,37,83
2018,6,100129236,96,53,55,43,45,7,7,10,10,8,8,15,16,7,7,12,13,16,17,21,22,4,6,5,10,3,7,9,9,3,4,3,5,4,5,7,12
2018,6,100129252,153,79,52,74,48,11,7,19,12,27,18,16,10,22,14,19,12,23,15,16,10,5,12,17,6,13,10,11,5,6,7,10,10,9,9,12,11
2018,6,100129533,246,114,46,132,54,9,4,15,6,28,11,40,16,22,9,43,17,43,17,46,19,6,7,10,27,13,20,16,15,3,8,18,13,9,23,27,31
2018,6,100129574,64,26,41,38,59,3,5,3,5,7,11,16,25,7,11,9,14,11,17,8,13,0,1,3,7,5,3,6,1,3,2,4,9,2,6,5,7
2018,6,100129605,56,23,41,33,59,2,4,4,7,6,11,5,9,5,9,9,16,12,21,13,23,0,1,2,2,3,6,5,4,2,3,4,3,2,3,7,9
2018,6,100129621,367,179,49,188,51,33,9,39,11,23,6,60,16,53,14,39,11,57,16,63,17,15,19,18,29,28,19,32,19,18,20,5,31,25,20,25,44
2018,6,100129701,212,97,46,115,54,21,10,21,10,30,14,35,17,22,10,31,15,31,15,21,10,8,9,11,22,13,15,14,5,13,12,19,13,9,16,17,16
2018,6,100129775,87,50,57,37,43,3,3,2,2,13,15,9,10,11,13,13,15,19,22,17,20,2,1,9,6,5,8,12,7,1,1,4,3,6,5,7,10
2018,6,100129871,134,54,40,80,60,11,8,10,7,9,7,20,15,18,13,17,13,21,16,28,21,5,4,4,7,9,10,9,6,6,6,5,13,9,7,12,22
2018,6,100129888,48,23,48,25,52,2,4,2,4,3,6,5,10,6,13,7,15,8,17,15,31,2,2,2,3,4,4,3,3,0,0,1,2,2,3,5,12
2018,6,100129896,135,67,50,68,50,4,3,9,7,17,13,25,19,17,13,24,18,19,14,20,15,1,3,11,19,9,11,7,6,3,6,6,6,8,13,12,14
2018,6,100129968,327,198,61,129,39,8,2,10,3,14,4,52,16,50,15,73,22,53,16,67,20,3,4,9,31,28,54,34,35,5,6,5,21,22,19,19,32
2018,6,100129984,214,101,47,113,53,10,5,11,5,28,13,40,19,14,7,38,18,44,21,29,14,8,4,14,24,3,18,21,9,2,7,14,16,11,20,23,20
2018,6,100130046,111,52,47,59,53,11,10,10,9,9,8,16,14,5,5,26,23,14,13,20,18,6,4,4,8,1,15,6,8,5,6,5,8,4,11,8,12
2018,6,100130101,64,29,45,35,55,3,5,2,3,9,14,9,14,7,11,12,19,11,17,11,17,1,0,4,6,3,6,5,4,2,2,5,3,4,6,6,7
2018,6,100130302,73,35,48,38,52,2,3,8,11,7,10,8,11,10,14,10,14,8,11,20,27,1,2,4,3,6,6,4,9,1,6,3,5,4,4,4,11
2018,6,100130310,227,113,50,114,50,11,5,17,7,14,6,31,14,24,11,48,21,29,13,53,23,4,13,5,22,13,25,15,16,7,4,9,9,11,23,14,37
2018,6,100130415,203,96,47,107,53,15,7,22,11,21,10,34,17,25,12,31,15,23,11,32,16,7,11,11,18,14,12,14,9,8,11,10,16,11,19,9,23
2018,6,100130665,70,36,51,34,49,8,11,3,4,8,11,15,21,5,7,9,13,13,19,9,13,2,2,7,8,2,5,7,3,6,1,1,7,3,4,6,6
2018,6,100130946,294,136,46,158,54,20,7,27,9,36,12,45,15,38,13,35,12,44,15,49,17,9,12,14,25,21,16,20,19,11,15,22,20,17,19,24,30
2018,6,100131466,236,112,47,124,53,20,8,21,9,28,12,29,12,40,17,15,6,40,17,43,18,10,10,15,14,20,8,21,14,10,11,13,15,20,7,19,29
2018,6,100131554,75,36,48,39,52,4,5,3,4,10,13,10,13,7,9,7,9,15,20,19,25,2,1,6,5,5,3,8,6,2,2,4,5,2,4,7,13
2018,6,100131562,91,43,47,48,53,4,4,4,4,18,20,3,3,6,7,20,22,13,14,23,25,1,1,8,0,5,10,8,10,3,3,10,3,1,10,5,13
2018,6,100131810,309,145,47,164,53,21,7,24,8,44,14,34,11,33,11,57,18,57,18,39,13,11,12,20,21,14,29,26,12,10,12,24,13,19,28,31,27
2018,6,100132113,170,85,50,85,50,6,4,9,5,26,15,21,12,23,14,26,15,26,15,33,19,4,7,15,12,14,14,9,10,2,2,11,9,9,12,17,23
2018,6,100132170,72,31,43,41,57,3,4,6,8,11,15,3,4,12,17,12,17,8,11,17,24,1,2,6,2,5,6,3,6,2,4,5,1,7,6,5,11
2018,6,100132242,59,30,51,29,49,4,7,1,2,5,8,10,17,9,15,5,8,13,22,12,20,0,1,2,8,5,2,8,4,4,0,3,2,4,3,5,8
2018,6,100132322,1343,623,46,720,54,99,7,120,9,118,9,199,15,182,14,212,16,223,17,190,14,48,66,64,98,89,105,95,58,51,54,54,101,93,107,128,132
2018,6,100132363,151,81,54,70,46,7,5,18,12,12,8,22,15,17,11,23,15,28,19,24,16,6,9,8,13,6,13,17,9,1,9,4,9,11,10,11,15
2018,6,100132443,535,268,50,267,50,54,10,57,11,64,12,64,12,67,13,73,14,67,13,89,17,32,34,39,40,34,34,25,30,22,23,25,24,33,39,42,59
2018,6,100132597,166,78,47,88,53,9,5,16,10,13,8,30,18,18,11,24,14,28,17,28,17,8,7,5,14,10,10,14,10,1,9,8,16,8,14,14,18
2018,6,100133180,67,36,54,31,46,4,6,8,12,5,7,7,10,6,9,13,19,11,16,13,19,3,5,4,4,4,8,5,3,1,3,1,3,2,5,6,10
2018,6,100133285,69,37,54,32,46,7,10,9,13,4,6,13,19,8,12,10,14,8,12,10,14,7,3,1,7,5,6,4,4,0,6,3,6,3,4,4,6
2018,6,100133293,259,123,47,136,53,31,12,38,15,31,12,42,16,30,12,28,11,26,10,33,13,14,21,19,19,14,11,14,11,17,17,12,23,16,17,12,22
2018,6,100133638,209,108,52,101,48,15,7,17,8,33,16,29,14,23,11,37,18,30,14,25,12,6,8,23,18,13,18,14,8,9,9,10,11,10,19,16,17
2018,6,100133742,48,19,40,29,60,1,2,0,0,4,8,4,8,2,4,9,19,12,25,16,33,1,0,1,4,1,2,6,4,0,0,3,0,1,7,6,12
2018,6,100133750,341,160,47,181,53,26,8,24,7,44,13,61,18,27,8,53,16,49,14,57,17,15,14,22,36,13,21,23,16,11,10,22,25,14,32,26,41
2018,6,100134061,98,49,50,49,50,7,7,7,7,12,12,19,19,13,13,18,18,9,9,13,13,2,4,7,11,5,9,5,6,5,3,5,8,8,9,4,7
2018,6,100134270,249,120,48,129,52,7,3,16,6,20,8,37,15,28,11,35,14,54,22,52,21,2,7,14,20,16,16,26,19,5,9,6,17,12,19,28,33
2018,6,100134672,244,122,50,122,50,9,4,18,7,32,13,21,9,28,11,52,21,34,14,50,20,7,12,13,11,14,32,18,15,2,6,19,10,14,20,16,35
2018,6,100135014,58,31,53,27,47,4,7,5,9,6,10,9,16,10,17,9,16,5,9,10,17,3,4,2,6,6,5,2,3,1,1,4,3,4,4,3,7
2018,6,100135127,253,114,45,139,55,19,8,18,7,33,13,28,11,32,13,37,15,42,17,44,17,9,8,20,16,12,22,16,11,10,10,13,12,20,15,26,33
2018,6,100135561,143,71,50,72,50,4,3,7,5,10,7,28,20,14,10,28,20,29,20,23,16,2,3,6,19,7,12,15,7,2,4,4,9,7,16,14,16
2018,6,100135738,162,77,48,85,52,7,4,6,4,17,10,18,11,16,10,29,18,43,27,26,16,1,3,8,13,8,17,19,8,6,3,9,5,8,12,24,18
2018,6,100135746,53,32,60,21,40,6,11,5,9,6,11,5,9,3,6,8,15,9,17,11,21,3,4,5,4,2,5,6,3,3,1,1,1,1,3,3,8
2018,6,100136186,151,68,45,83,55,5,3,9,6,18,12,16,11,16,11,23,15,33,22,31,21,3,4,10,9,7,11,15,9,2,5,8,7,9,12,18,22
2018,6,100136233,113,50,44,63,56,7,6,9,8,13,12,14,12,13,12,19,17,24,21,14,12,3,4,7,6,7,8,8,7,4,5,6,8,6,11,16,7
2018,6,100136602,263,136,52,127,48,9,3,19,7,28,11,32,12,21,8,34,13,49,19,71,27,8,14,12,19,11,17,24,31,1,5,16,13,10,17,25,40
2018,6,100137155,140,62,44,78,56,5,4,11,8,10,7,7,5,11,8,19,14,37,26,40,29,2,7,4,2,6,8,19,14,3,4,6,5,5,11,18,26
2018,6,100137372,36,19,53,17,47,1,3,3,8,3,8,3,8,3,8,10,28,4,11,9,25,0,1,2,2,2,7,3,2,1,2,1,1,1,3,1,7
2018,6,100137653,509,232,46,277,54,19,4,35,7,41,8,45,9,40,8,80,16,108,21,141,28,7,19,26,28,18,42,45,47,12,16,15,17,22,38,63,94
2018,6,100138028,244,107,44,137,56,10,4,11,5,28,11,35,14,23,9,43,18,43,18,51,21,4,6,14,21,11,17,18,16,6,5,14,14,12,26,25,35
2018,6,100138663,196,98,50,98,50,11,6,21,11,17,9,34,17,16,8,24,12,47,24,26,13,8,8,11,21,8,11,24,7,3,13,6,13,8,13,23,19
2018,6,100138872,35,18,51,17,49,2,6,0,0,6,17,3,9,1,3,9,26,9,26,5,14,1,0,2,1,1,6,6,1,1,0,4,2,0,3,3,4
2018,6,100139005,140,72,51,68,49,4,3,12,9,13,9,14,10,17,12,29,21,24,17,27,19,1,5,10,7,12,14,14,9,3,7,3,7,5,15,10,18
2018,6,100139062,229,109,48,120,52,6,3,19,8,24,10,33,14,26,11,39,17,38,17,44,19,2,7,11,19,15,17,21,17,4,12,13,14,11,22,17,27
2018,6,100140040,174,83,48,91,52,9,5,8,5,16,9,19,11,13,7,41,24,27,16,41,24,6,5,9,9,9,20,13,12,3,3,7,10,4,21,14,29
2018,6,100140313,133,63,47,70,53,11,8,8,6,19,14,20,15,17,13,8,6,35,26,15,11,2,5,13,12,10,3,13,5,9,3,6,8,7,5,22,10
2018,6,100140651,27,18,67,9,33,0,0,2,7,1,4,2,7,4,15,6,22,7,26,5,19,0,2,1,2,3,5,3,2,0,0,0,0,1,1,4,3
2018,6,100140723,57,31,54,26,46,5,9,5,9,10,18,6,11,8,14,12,21,5,9,6,11,2,3,6,4,6,6,1,3,3,2,4,2,2,6,4,3
2018,6,100140860,103,46,45,57,55,2,2,7,7,10,10,13,13,12,12,8,8,24,23,27,26,0,3,4,7,5,7,10,10,2,4,6,6,7,1,14,17
2018,6,100140940,82,43,52,39,48,4,5,2,2,2,2,17,21,7,9,11,13,26,32,13,16,2,0,1,12,6,4,15,3,2,2,1,5,1,7,11,10
2018,6,100141188,249,119,48,130,52,5,2,17,7,36,14,30,12,21,8,51,20,50,20,39,16,2,11,17,17,12,21,28,11,3,6,19,13,9,30,22,28
2018,6,100141202,149,74,50,75,50,9,6,9,6,10,7,11,7,13,9,18,12,25,17,54,36,6,4,5,7,6,8,18,20,3,5,5,4,7,10,7,34
2018,6,100141645,161,73,45,88,55,13,8,17,11,16,10,20,12,14,9,24,15,35,22,22,14,7,8,9,9,6,10,17,7,6,9,7,11,8,14,18,15
2018,6,100142325,191,78,41,113,59,8,4,10,5,28,15,23,12,13,7,32,17,32,17,45,24,6,4,10,12,4,16,13,13,2,6,18,11,9,16,19,32
2018,6,100142671,266,129,48,137,52,17,6,21,8,24,9,33,12,34,13,44,17,54,20,39,15,10,10,14,21,17,23,25,9,7,11,10,12,17,21,29,30
2018,6,100143038,164,87,53,77,47,4,2,9,5,22,13,20,12,21,13,24,15,31,19,33,20,3,6,14,15,10,10,18,11,1,3,8,5,11,14,13,22
2018,6,100143528,24,16,67,8,33,2,8,2,8,1,4,3,13,0,0,3,13,3,13,10,42,2,2,1,2,0,2,1,6,0,0,0,1,0,1,2,4
2018,6,100143560,363,165,45,198,55,20,6,25,7,54,15,30,8,36,10,71,20,50,14,77,21,12,10,27,13,20,32,18,33,8,15,27,17,16,39,32,44
2018,6,100143616,87,39,45,48,55,3,3,10,11,10,11,6,7,13,15,11,13,12,14,22,25,1,5,7,1,7,6,5,7,2,5,3,5,6,5,7,15
2018,6,100143681,67,31,46,36,54,3,4,4,6,4,6,6,9,10,15,10,15,13,19,17,25,1,0,2,5,5,6,4,8,2,4,2,1,5,4,9,9
2018,6,100143720,48,21,44,27,56,0,0,1,2,9,19,4,8,10,21,11,23,8,17,5,10,0,0,4,2,6,4,4,1,0,1,5,2,4,7,4,4
2018,6,100143817,241,115,48,126,52,25,10,32,13,27,11,41,17,31,13,26,11,31,13,28,12,14,13,13,23,15,13,16,8,11,19,14,18,16,13,15,20
2018,6,100143841,36,18,50,18,50,1,3,0,0,2,6,3,8,5,14,5,14,11,31,9,25,0,0,0,3,4,3,6,2,1,0,2,0,1,2,5,7
2018,6,100143874,167,82,49,85,51,16,10,19,11,23,14,21,13,31,19,24,14,16,10,17,10,6,9,13,11,16,11,9,7,10,10,10,10,15,13,7,10
2018,6,100143890,98,45,46,53,54,6,6,12,12,14,14,13,13,14,14,11,11,8,8,20,20,3,6,6,8,7,5,5,5,3,6,8,5,7,6,3,15
2018,6,100143962,43,28,65,15,35,4,9,3,7,2,5,3,7,6,14,9,21,4,9,12,28,2,2,1,3,5,7,2,6,2,1,1,0,1,2,2,6
2018,6,100143987,664,295,44,369,56,48,7,40,6,67,10,96,14,63,9,84,13,126,19,140,21,28,19,31,49,32,45,49,42,20,21,36,47,31,39,77,98
2018,6,100144015,379,164,43,215,57,29,8,31,8,50,13,53,14,34,9,59,16,61,16,62,16,13,14,23,25,21,24,26,18,16,17,27,28,13,35,35,44
2018,6,100144056,137,68,50,69,50,7,5,5,4,12,9,18,13,9,7,30,22,27,20,29,21,3,3,8,11,6,14,12,11,4,2,4,7,3,16,15,18
2018,6,100144064,56,32,57,24,43,1,2,4,7,12,21,7,13,6,11,14,25,3,5,9,16,1,4,7,5,3,6,2,4,0,0,5,2,3,8,1,5
2018,6,100144103,81,43,53,38,47,9,11,7,9,8,10,22,27,4,5,10,12,13,16,8,10,4,2,7,13,4,4,5,4,5,5,1,9,0,6,8,4
2018,6,100144185,314,153,49,161,51,22,7,24,8,39,12,39,12,35,11,44,14,44,14,67,21,12,15,20,20,18,23,22,23,10,9,19,19,17,21,22,44
2018,6,100144232,243,107,44,136,56,18,7,26,11,32,13,38,16,21,9,34,14,30,12,44,18,14,11,14,17,12,16,14,9,4,15,18,21,9,18,16,35
2018,6,100144257,832,388,47,444,53,68,8,89,11,92,11,121,15,116,14,93,11,124,15,129,16,33,48,45,64,58,44,56,40,35,41,47,57,58,49,68,89
2018,6,100144304,173,78,45,95,55,15,9,9,5,33,19,21,12,14,8,28,16,28,16,25,14,8,4,14,10,8,14,11,9,7,5,19,11,6,14,17,16
2018,6,100144320,198,90,45,108,55,9,5,20,10,21,11,32,16,19,10,25,13,32,16,40,20,2,8,10,20,7,12,15,16,7,12,11,12,12,13,17,24
2018,6,100144337,60,23,38,37,62,4,7,4,7,12,20,8,13,4,7,7,12,15,25,6,10,0,1,5,3,2,4,7,1,4,3,7,5,2,3,8,5
2018,6,100144345,29,14,48,15,52,0,0,2,7,3,10,4,14,3,10,4,14,5,17,8,28,0,1,3,1,2,2,3,2,0,1,0,3,1,2,2,6
2018,6,100144353,34,13,38,21,62,1,3,3,9,1,3,4,12,1,3,5,15,5,15,14,41,0,2,0,2,1,3,2,3,1,1,1,2,0,2,3,11
2018,6,100144378,308,153,50,155,50,15,5,36,12,46,15,48,16,33,11,36,12,48,16,46,15,9,17,28,29,15,18,22,15,6,19,18,19,18,18,26,31
2018,6,100144417,38,19,50,19,50,1,3,3,8,2,5,7,18,3,8,8,21,7,18,7,18,1,1,2,4,2,3,4,2,0,2,0,3,1,5,3,5
2018,6,100144425,35,12,34,23,66,2,6,4,11,9,26,5,14,6,17,5,14,0,0,4,11,2,0,3,2,3,2,0,0,0,4,6,3,3,3,0,4
2018,6,100144433,78,34,44,44,56,5,6,12,15,11,14,8,10,13,17,8,10,12,15,9,12,5,7,4,4,4,4,4,2,0,5,7,4,9,4,8,7
2018,6,100144458,213,105,49,108,51,20,9,21,10,19,9,32,15,33,15,19,9,34,16,35,16,11,10,9,19,17,9,17,13,9,11,10,13,16,10,17,22
2018,6,100144513,410,202,49,208,51,26,6,38,9,49,12,76,19,52,13,49,12,67,16,53,13,13,20,28,45,28,26,30,12,13,18,21,31,24,23,37,41
2018,6,100144521,157,82,52,75,48,15,10,6,4,13,8,20,13,16,10,17,11,34,22,36,23,11,4,7,12,8,6,17,17,4,2,6,8,8,11,17,19
2018,6,100144546,28,13,46,15,54,3,11,1,4,5,18,5,18,3,11,0,0,3,11,8,29,1,0,4,4,1,0,1,2,2,1,1,1,2,0,2,6
2018,6,100144562,163,76,47,87,53,6,4,13,8,21,13,28,17,13,8,27,17,24,15,31,19,2,4,12,15,9,13,11,10,4,9,9,13,4,14,13,21
2018,6,100144595,38,18,47,20,53,1,3,5,13,4,11,5,13,2,5,0,0,9,24,12,32,0,3,2,3,2,0,5,3,1,2,2,2,0,0,4,9
2018,6,100144642,284,124,44,160,56,24,8,16,6,25,9,34,12,30,11,43,15,43,15,69,24,11,7,12,19,15,22,14,24,13,9,13,15,15,21,29,45
2018,6,100144683,352,166,47,186,53,14,4,23,7,47,13,36,10,47,13,47,13,46,13,92,26,6,8,32,23,28,25,19,25,8,15,15,13,19,22,27,67
2018,6,100144810,354,171,48,183,52,28,8,48,14,39,11,53,15,38,11,53,15,35,10,60,17,15,30,19,26,15,29,16,21,13,18,20,27,23,24,19,39
2018,6,100144827,51,25,49,26,51,6,12,4,8,7,14,7,14,7,14,5,10,6,12,9,18,3,1,6,3,3,3,2,4,3,3,1,4,4,2,4,5
2018,6,100144843,343,159,46,184,54,25,7,30,9,45,13,57,17,37,11,49,14,57,17,43,13,14,9,22,29,24,23,20,18,11,21,23,28,13,26,37,25
2018,6,100144907,267,124,46,143,54,19,7,22,8,29,11,42,16,26,10,40,15,41,15,48,18,12,11,8,24,11,17,23,18,7,11,21,18,15,23,18,30
2018,6,100144972,149,68,46,81,54,9,6,16,11,23,15,29,19,12,8,17,11,18,12,25,17,1,8,11,16,6,6,8,12,8,8,12,13,6,11,10,13
2018,6,100145025,287,142,49,145,51,21,7,29,10,47,16,50,17,34,12,34,12,36,13,36,13,11,15,26,31,17,13,16,13,10,14,21,19,17,21,20,23
2018,6,100145066,476,225,47,251,53,39,8,55,12,62,13,77,16,55,12,69,14,62,13,57,12,24,28,32,39,26,32,30,14,15,27,30,38,29,37,32,43
2018,6,100145154,138,62,45,76,55,9,7,18,13,21,15,16,12,20,14,14,10,16,12,24,17,2,7,13,8,10,6,7,9,7,11,8,8,10,8,9,15
2018,6,100145250,259,117,45,142,55,22,8,36,14,34,13,31,12,30,12,34,13,31,12,41,16,11,16,14,18,14,15,14,15,11,20,20,13,16,19,17,26
2018,6,100145267,105,51,49,54,51,11,10,15,14,14,13,9,9,6,6,12,11,14,13,24,23,4,9,9,5,1,5,9,9,7,6,5,4,5,7,5,15
2018,6,100145275,147,66,45,81,55,2,1,15,10,20,14,15,10,18,12,24,16,19,13,34,23,1,7,9,10,7,13,9,10,1,8,11,5,11,11,10,24
2018,6,100145283,176,78,44,98,56,18,10,18,10,25,14,17,10,22,13,15,9,27,15,34,19,7,8,12,5,10,7,13,16,11,10,13,12,12,8,14,18
2018,6,100145291,56,25,45,31,55,6,11,7,13,2,4,10,18,5,9,5,9,11,20,10,18,1,1,2,7,2,3,4,5,5,6,0,3,3,2,7,5
2018,6,100145330,418,188,45,230,55,28,7,32,8,45,11,55,13,46,11,54,13,77,18,81,19,10,19,25,31,27,21,33,22,18,13,20,24,19,33,44,59
2018,6,100145347,201,103,51,98,49,15,7,20,10,21,10,34,17,16,8,34,17,37,18,24,12,9,12,13,18,7,17,19,8,6,8,8,16,9,17,18,16
2018,6,100145363,31,16,52,15,48,0,0,1,3,7,23,1,3,3,10,7,23,6,19,6,19,0,0,3,1,2,3,5,2,0,1,4,0,1,4,1,4
2018,6,100145402,189,97,51,92,49,11,6,13,7,25,13,22,12,17,9,40,21,29,15,32,17,6,6,15,15,9,20,16,10,5,7,10,7,8,20,13,22
2018,6,100145451,26,15,58,11,42,0,0,0,0,2,8,2,8,4,15,7,27,2,8,9,35,0,0,2,0,4,5,1,3,0,0,0,2,0,2,1,6
2018,6,100145468,27,13,48,14,52,5,19,5,19,1,4,2,7,4,15,3,11,3,11,4,15,2,2,0,1,3,2,2,1,3,3,1,1,1,1,1,3
2018,6,100145484,240,124,52,116,48,16,7,10,4,21,9,37,15,17,7,44,18,37,15,58,24,11,7,14,21,11,21,21,18,5,3,7,16,6,23,16,40
2018,6,100145531,189,90,48,99,52,15,8,12,6,22,12,31,16,21,11,26,14,28,15,34,18,9,7,13,16,10,14,15,6,6,5,9,15,11,12,13,28
2018,6,100145597,245,120,49,125,51,22,9,25,10,33,13,31,13,34,14,36,15,29,12,35,14,11,17,18,16,18,18,12,10,11,8,15,15,16,18,17,25
2018,6,100145603,18,10,56,8,44,1,6,0,0,2,11,2,11,5,28,2,11,1,6,5,28,1,0,0,2,4,1,0,2,0,0,2,0,1,1,1,3
2018,6,100145636,97,49,51,48,49,0,0,0,0,0,0,5,5,21,22,18,19,28,29,25,26,0,0,0,2,13,10,15,9,0,0,0,3,8,8,13,16
2018,6,100145740,249,109,44,140,56,14,6,21,8,31,12,14,6,32,13,32,13,42,17,63,25,5,12,13,8,17,17,19,18,9,9,18,6,15,15,23,45
2018,6,100145757,436,195,45,241,55,34,8,47,11,54,12,59,14,49,11,40,9,57,13,96,22,19,30,32,26,22,17,24,25,15,17,22,33,27,23,33,71
2018,6,100145781,60,30,50,30,50,7,12,3,5,8,13,5,8,9,15,7,12,12,20,9,15,3,3,6,2,4,4,5,3,4,0,2,3,5,3,7,6
2018,6,100145798,242,114,47,128,53,20,8,34,14,29,12,32,13,37,15,25,10,34,14,31,13,12,14,16,19,18,11,14,10,8,20,13,13,19,14,20,21
2018,6,100145820,36,21,58,15,42,0,0,1,3,2,6,6,17,5,14,7,19,6,17,9,25,0,0,1,6,4,4,3,3,0,1,1,0,1,3,3,6
2018,6,100145837,239,116,49,123,51,27,11,24,10,22,9,32,13,25,10,26,11,42,18,41,17,15,13,12,16,14,14,20,12,12,11,10,16,11,12,22,29
2018,6,100145878,34,15,44,19,56,2,6,1,3,3,9,3,9,2,6,10,29,6,18,7,21,0,1,2,2,1,3,4,2,2,0,1,1,1,7,2,5
2018,6,100145900,31,15,48,16,52,3,10,5,16,3,10,6,19,0,0,3,10,5,16,6,19,2,2,1,3,0,2,3,2,1,3,2,3,0,1,2,4
2018,6,100145933,522,235,45,287,55,37,7,54,10,64,12,67,13,58,11,55,11,95,18,92,18,19,27,26,38,27,26,41,31,18,27,38,29,31,29,54,61
2018,6,100145958,136,73,54,63,46,0,0,0,0,1,1,1,1,2,1,7,5,12,9,113,83,0,0,1,1,2,4,11,54,0,0,0,0,0,3,1,59
2018,6,100145966,70,36,51,34,49,3,4,11,16,12,17,9,13,5,7,8,11,8,11,14,20,1,6,9,5,2,2,5,6,2,5,3,4,3,6,3,8
2018,6,100146002,27,17,63,10,37,1,4,4,15,6,22,5,19,2,7,2,7,2,7,5,19,1,3,4,3,1,1,1,3,0,1,2,2,1,1,1,2
2018,6,100146010,25,11,44,14,56,2,8,1,4,1,4,1,4,4,16,2,8,4,16,10,40,2,0,0,1,3,1,2,2,0,1,1,0,1,1,2,8
2018,6,100146027,75,41,55,34,45,4,5,10,13,7,9,11,15,6,8,11,15,10,13,16,21,2,6,4,6,3,6,4,10,2,4,3,5,3,5,6,6
2018,6,100146043,83,50,60,33,40,3,4,4,5,2,2,8,10,7,8,14,17,12,14,33,40,2,4,2,3,4,10,8,17,1,0,0,5,3,4,4,16
2018,6,100146084,428,208,49,220,51,35,8,45,11,42,10,68,16,67,16,47,11,67,16,57,13,17,25,20,37,37,25,26,21,18,20,22,31,30,22,41,36
2018,6,100146115,28,19,68,9,32,1,4,2,7,6,21,6,21,2,7,2,7,3,11,6,21,0,2,5,5,0,1,2,4,1,0,1,1,2,1,1,2
2018,6,100146156,76,38,50,38,50,2,3,4,5,4,5,6,8,9,12,15,20,16,21,20,26,1,1,2,2,7,8,13,4,1,3,2,4,2,7,3,16
2018,6,100146172,1001,462,46,539,54,67,7,93,9,110,11,134,13,118,12,154,15,141,14,184,18,41,48,55,75,51,66,68,58,26,45,55,59,67,88,73,126
2018,6,100146197,64,32,50,32,50,2,3,6,9,8,13,11,17,9,14,3,5,10,16,15,23,0,4,5,7,4,2,4,6,2,2,3,4,5,1,6,9
2018,6,100146211,288,144,50,144,50,12,4,28,10,35,12,43,15,26,9,53,18,33,11,58,20,6,13,22,25,12,29,17,20,6,15,13,18,14,24,16,38
2018,6,100146285,216,112,52,104,48,1,0,25,12,21,10,29,13,33,15,35,16,25,12,47,22,0,11,11,18,19,19,14,20,1,14,10,11,14,16,11,27
2018,6,100146308,107,55,51,52,49,2,2,2,2,11,10,12,11,10,9,12,11,21,20,37,35,1,2,5,7,7,6,12,15,1,0,6,5,3,6,9,22
2018,6,100146340,78,38,49,40,51,4,5,6,8,10,13,8,10,8,10,12,15,10,13,20,26,1,3,5,5,5,5,5,9,3,3,5,3,3,7,5,11
2018,6,100146381,223,100,45,123,55,15,7,26,12,14,6,35,16,29,13,29,13,33,15,42,19,11,15,4,18,13,12,12,15,4,11,10,17,16,17,21,27
2018,6,100146478,66,38,58,28,42,4,6,10,15,5,8,11,17,9,14,8,12,8,12,11,17,3,6,3,5,5,4,5,7,1,4,2,6,4,4,3,4
2018,6,100146500,84,44,52,40,48,1,1,12,14,6,7,4,5,11,13,15,18,14,17,21,25,0,9,3,2,5,7,9,9,1,3,3,2,6,8,5,12
2018,6,100146517,54,30,56,24,44,3,6,8,15,8,15,7,13,6,11,5,9,10,19,7,13,2,5,4,5,3,3,6,2,1,3,4,2,3,2,4,5
2018,6,100146525,23,12,52,11,48,0,0,3,13,3,13,0,0,4,17,2,9,3,13,8,35,0,1,3,0,1,2,2,3,0,2,0,0,3,0,1,5
2018,6,100146590,477,227,48,250,52,25,5,37,8,43,9,60,13,41,9,71,15,63,13,137,29,13,20,26,35,22,34,32,45,12,17,17,25,19,37,31,92
2018,6,100146718,5,,,,,,,,,,,,,,,,,,,,,,,,,,,,,,,,,,,,
2018,6,100146734,72,35,49,37,51,6,8,4,6,8,11,10,14,13,18,9,13,10,14,12,17,3,3,3,5,8,5,4,4,3,1,5,5,5,4,6,8
2018,6,100146767,19,11,58,8,42,1,5,1,5,1,5,1,5,2,11,4,21,5,26,4,21,1,0,0,1,1,2,4,2,0,1,1,0,1,2,1,2
2018,6,100146783,57,25,44,32,56,8,14,6,11,7,12,8,14,6,11,14,25,2,4,6,11,3,1,1,6,3,8,1,2,5,5,6,2,3,6,1,4
2018,6,100146791,5,,,,,,,,,,,,,,,,,,,,,,,,,,,,,,,,,,,,
2018,6,100146814,23,14,61,9,39,1,4,2,9,4,17,3,13,1,4,3,13,1,4,8,35,0,2,4,2,0,2,1,3,1,0,0,1,1,1,0,5
2018,6,100146902,387,172,44,215,56,37,10,32,8,32,8,52,13,63,16,50,13,47,12,74,19,17,18,17,27,33,19,21,20,20,14,15,25,30,31,26,54
2018,6,100146943,1572,725,46,847,54,121,8,143,9,178,11,183,12,194,12,207,13,185,12,361,23,63,71,92,92,101,107,77,122,58,72,86,91,93,100,108,239
2018,6,100147061,126,59,47,67,53,13,10,19,15,12,10,18,14,13,10,10,8,13,10,28,22,6,7,8,8,9,6,7,8,7,12,4,10,4,4,6,20
2018,6,100147086,209,108,52,101,48,14,7,10,5,21,10,26,12,23,11,38,18,35,17,42,20,10,5,9,16,15,21,17,15,4,5,12,10,8,17,18,27
2018,6,100147094,307,145,47,162,53,28,9,29,9,20,7,56,18,33,11,40,13,55,18,46,15,14,12,12,25,20,16,27,19,14,17,8,31,13,24,28,27
2018,6,100147100,148,65,44,83,56,10,7,12,8,12,8,17,11,12,8,19,13,23,16,43,29,6,7,2,8,6,9,12,15,4,5,10,9,6,10,11,28
2018,6,100147125,99,53,54,46,46,7,7,13,13,14,14,14,14,7,7,16,16,13,13,15,15,5,8,7,9,4,9,9,2,2,5,7,5,3,7,4,13
2018,6,100147141,114,55,48,59,52,10,9,8,7,10,9,17,15,10,9,16,14,19,17,24,21,3,6,6,10,5,8,8,9,7,2,4,7,5,8,11,15
2018,6,100147158,85,37,44,48,56,9,11,7,8,12,14,13,15,12,14,9,11,9,11,14,16,4,4,5,8,9,3,2,2,5,3,7,5,3,6,7,12
2018,6,100147166,46,22,48,24,52,0,0,5,11,2,4,7,15,6,13,6,13,8,17,12,26,0,4,2,5,2,3,4,2,0,1,0,2,4,3,4,10
2018,6,100147205,242,112,46,130,54,17,7,16,7,26,11,31,13,25,10,34,14,41,17,52,21,8,6,14,15,15,15,22,17,9,10,12,16,10,19,19,35
2018,6,100147262,111,49,44,62,56,3,3,8,7,13,12,23,21,9,8,13,12,23,21,19,17,3,2,5,12,5,6,11,5,0,6,8,11,4,7,12,14
2018,6,100147287,43,21,49,22,51,3,7,4,9,7,16,2,5,5,12,6,14,6,14,10,23,1,1,5,2,2,3,3,4,2,3,2,0,3,3,3,6
2018,6,100147326,55,30,55,25,45,7,13,1,2,6,11,5,9,7,13,8,15,10,18,11,20,3,1,4,3,4,7,4,4,4,0,2,2,3,1,6,7
2018,6,100147334,266,132,50,134,50,26,10,13,5,28,11,44,17,32,12,40,15,29,11,54,20,13,5,17,22,18,22,14,21,13,8,11,22,14,18,15,33
2018,6,100147367,174,85,49,89,51,10,6,24,14,31,18,25,14,14,8,27,16,17,10,26,15,6,15,21,15,4,9,7,8,4,9,10,10,10,18,10,18
2018,6,100147391,246,122,50,124,50,18,7,23,9,19,8,28,11,36,15,26,11,37,15,59,24,11,16,11,11,24,12,20,17,7,7,8,17,12,14,17,42
2018,6,100147406,57,28,49,29,51,5,9,3,5,7,12,6,11,4,7,10,18,11,19,11,19,0,3,3,3,2,5,7,5,5,0,4,3,2,5,4,6
2018,6,100147471,129,61,47,68,53,10,8,7,5,10,8,16,12,18,14,18,14,16,12,34,26,4,1,7,8,10,13,8,10,6,6,3,8,8,5,8,24
2018,6,100147488,560,269,48,291,52,46,8,45,8,62,11,92,16,80,14,67,12,81,14,87,16,23,24,34,42,45,31,36,34,23,21,28,50,35,36,45,53
2018,6,100147568,128,60,47,68,53,9,7,3,2,19,15,16,13,13,10,19,15,22,17,27,21,5,1,8,9,7,11,10,9,4,2,11,7,6,8,12,18
2018,6,100147584,35,17,49,18,51,0,0,3,9,3,9,5,14,4,11,7,20,2,6,11,31,0,3,1,1,3,4,0,5,0,0,2,4,1,3,2,6
2018,6,100147592,283,126,45,157,55,15,5,16,6,12,4,52,18,29,10,44,16,47,17,68,24,7,6,6,29,17,20,21,20,8,10,6,23,12,24,26,48
2018,6,100147648,276,142,51,134,49,10,4,13,5,21,8,30,11,29,11,39,14,58,21,76,28,7,7,13,16,16,21,34,28,3,6,8,14,13,18,24,48
2018,6,100147672,667,336,50,331,50,58,9,64,10,65,10,100,15,91,14,78,12,89,13,122,18,27,38,36,51,52,36,45,51,31,26,29,49,39,42,44,71
2018,6,100147697,305,160,52,145,48,16,5,35,11,36,12,52,17,40,13,56,18,30,10,40,13,8,19,17,35,20,28,14,19,8,16,19,17,20,28,16,21
2018,6,100147703,39,20,51,19,49,1,3,2,5,5,13,9,23,7,18,4,10,5,13,6,15,1,2,2,6,4,0,3,2,0,0,3,3,3,4,2,4
2018,6,100147777,209,98,47,111,53,18,9,21,10,19,9,30,14,20,10,26,12,39,19,36,17,9,12,10,15,10,9,21,12,9,9,9,15,10,17,18,24
2018,6,100147785,40,20,50,20,50,1,3,5,13,1,3,5,13,6,15,3,8,9,23,10,25,0,2,0,4,3,1,7,3,1,3,1,1,3,2,2,7
2018,6,100147808,354,172,49,182,51,22,6,26,7,44,12,60,17,48,14,38,11,73,21,43,12,14,11,23,35,28,15,35,11,8,15,21,25,20,23,38,32
2018,6,100147824,5,,,,,,,,,,,,,,,,,,,,,,,,,,,,,,,,,,,,
2018,6,100147898,166,85,51,81,49,14,8,11,7,17,10,21,13,19,11,28,17,23,14,33,20,8,7,12,12,10,13,8,15,6,4,5,9,9,15,15,18
2018,6,100147920,188,92,49,96,51,11,6,15,8,26,14,25,13,30,16,26,14,22,12,33,18,6,10,13,12,19,13,7,12,5,5,13,13,11,13,15,21
2018,6,100147961,123,62,50,61,50,3,2,7,6,6,5,13,11,14,11,20,16,19,15,41,33,1,3,1,8,12,7,14,16,2,4,5,5,2,13,5,25
2018,6,100147994,69,37,54,32,46,7,10,9,13,10,14,12,17,5,7,10,14,9,13,7,10,4,5,5,8,2,5,6,2,3,4,5,4,3,5,3,5
2018,6,100148006,104,50,48,54,52,5,5,10,10,7,7,17,16,8,8,20,19,11,11,26,25,3,2,4,7,2,10,9,13,2,8,3,10,6,10,2,13
2018,6,100148014,258,135,52,123,48,16,6,16,6,24,9,37,14,33,13,37,14,38,15,57,22,12,10,18,18,20,21,18,18,4,6,6,19,13,16,20,39
2018,6,100148088,465,234,50,231,50,22,5,41,9,32,7,52,11,61,13,60,13,74,16,123,26,14,24,17,28,30,34,42,45,8,17,15,24,31,26,32,78
2018,6,100148110,474,214,45,260,55,32,7,40,8,53,11,53,11,48,10,68,14,53,11,127,27,20,17,29,27,23,32,28,38,12,23,24,26,25,36,25,89
2018,6,100148207,37,16,43,21,57,3,8,4,11,2,5,8,22,2,5,9,24,5,14,4,11,1,3,1,3,1,4,2,1,2,1,1,5,1,5,3,3
2018,6,100148215,130,54,42,76,58,9,7,8,6,14,11,15,12,18,14,17,13,22,17,27,21,4,3,5,7,10,9,8,8,5,5,9,8,8,8,14,19
2018,6,100148223,271,135,50,136,50,18,7,19,7,28,10,39,14,35,13,37,14,45,17,50,18,14,9,16,24,19,21,16,16,4,10,12,15,16,16,29,34
2018,6,100148248,21,11,52,10,48,3,14,1,5,2,10,3,14,0,0,4,19,6,29,2,10,3,0,1,1,0,2,4,0,0,1,1,2,0,2,2,2
2018,6,100148256,60,32,53,28,47,6,10,4,7,7,12,8,13,4,7,8,13,9,15,14,23,4,3,5,6,2,5,1,6,2,1,2,2,2,3,8,8
2018,6,100148264,455,205,45,250,55,33,7,30,7,47,10,64,14,48,11,63,14,75,16,95,21,20,14,20,33,30,27,30,31,13,16,27,31,18,36,45,64
2018,6,100148303,13,9,69,4,31,0,0,1,8,3,23,1,8,2,15,5,38,1,8,0,0,0,1,1,1,1,4,1,0,0,0,2,0,1,1,0,0
2018,6,100148481,153,69,45,84,55,19,12,9,6,15,10,28,18,11,7,30,20,20,13,21,14,8,5,5,15,6,14,11,5,11,4,10,13,5,16,9,16
2018,6,100148795,217,99,46,118,54,14,6,15,7,33,15,30,14,31,14,35,16,21,10,38,18,6,7,18,17,14,18,7,12,8,8,15,13,17,17,14,26
2018,6,100149073,211,99,47,112,53,8,4,19,9,20,9,27,13,24,11,37,18,34,16,42,20,4,7,10,14,17,16,16,15,4,12,10,13,7,21,18,27
2018,6,100149098,162,73,45,89,55,12,7,9,6,23,14,20,12,18,11,26,16,26,16,28,17,6,5,9,12,9,13,12,7,6,4,14,8,9,13,14,21
2018,6,100149596,247,123,50,124,50,12,5,12,5,27,11,36,15,32,13,48,19,42,17,38,15,4,9,18,21,17,24,20,10,8,3,9,15,15,24,22,28
2018,6,100149780,189,85,45,104,55,14,7,15,8,22,12,20,11,24,13,39,21,21,11,34,18,6,5,11,11,16,17,9,10,8,10,11,9,8,22,12,24
2018,6,100150308,290,140,48,150,52,20,7,23,8,22,8,43,15,43,15,45,16,46,16,48,17,9,14,15,24,21,21,22,14,11,9,7,19,22,24,24,34
2018,6,100150558,244,108,44,136,56,11,5,12,5,25,10,26,11,28,11,37,15,47,19,58,24,8,6,8,17,17,19,19,14,3,6,17,9,11,18,28,44
2018,6,100151174,160,67,42,93,58,7,4,9,6,20,13,20,13,12,8,29,18,23,14,40,25,3,5,12,11,6,10,12,8,4,4,8,9,6,19,11,32
2018,6,100151455,50,27,54,23,46,1,2,1,2,5,10,2,4,10,20,8,16,11,22,12,24,1,1,4,0,8,4,6,3,0,0,1,2,2,4,5,9
2018,6,100151744,353,153,43,200,57,19,5,26,7,28,8,50,14,36,10,40,11,78,22,76,22,10,11,18,30,19,16,28,21,9,15,10,20,17,24,50,55
2018,6,100151953,71,34,48,37,52,5,7,5,7,6,8,11,15,7,10,9,13,6,8,22,31,3,3,4,4,4,4,3,9,2,2,2,7,3,5,3,13
2018,6,100152721,168,71,42,97,58,8,5,11,7,20,12,28,17,17,10,32,19,26,15,26,15,3,7,8,16,7,12,9,9,5,4,12,12,10,20,17,17
2018,6,100152770,77,36,47,41,53,7,9,9,12,6,8,15,19,9,12,14,18,9,12,8,10,5,4,2,7,4,6,5,3,2,5,4,8,5,8,4,5
2018,6,100152883,50,16,32,34,68,3,6,4,8,3,6,8,16,3,6,8,16,8,16,13,26,2,1,2,2,0,3,3,3,1,3,1,6,3,5,5,10
2018,6,100153153,278,138,50,140,50,13,5,15,5,33,12,42,15,32,12,46,17,50,18,47,17,6,6,17,31,15,24,25,14,7,9,16,11,17,22,25,33
2018,6,100153338,89,46,52,43,48,7,8,11,12,9,10,15,17,11,12,20,22,7,8,9,10,3,9,4,6,7,10,4,3,4,2,5,9,4,10,3,6
2018,6,100153506,258,120,47,138,53,14,5,19,7,25,10,42,16,25,10,52,20,46,18,35,14,6,10,11,25,13,24,20,11,8,9,14,17,12,28,26,24
2018,6,100153530,119,59,50,60,50,9,8,11,9,11,9,21,18,12,10,20,17,12,10,23,19,6,6,4,11,8,10,6,8,3,5,7,10,4,10,6,15
2018,6,100154171,124,61,49,63,51,3,2,4,3,14,11,19,15,15,12,30,24,26,21,13,10,2,3,6,14,9,11,12,4,1,1,8,5,6,19,14,9
2018,6,100154532,186,92,49,94,51,15,8,9,5,15,8,26,14,17,9,35,19,34,18,35,19,5,6,6,15,11,20,16,13,10,3,9,11,6,15,18,22
2018,6,100154805,255,123,48,132,52,17,7,15,6,42,16,32,13,27,11,42,16,44,17,36,14,11,5,26,17,11,21,23,9,6,10,16,15,16,21,21,27
2018,6,100154862,57,29,51,28,49,2,4,3,5,9,16,8,14,11,19,10,18,5,9,9,16,2,1,5,3,7,5,2,4,0,2,4,5,4,5,3,5
2018,6,100155702,262,123,47,139,53,19,7,18,7,36,14,31,12,34,13,39,15,38,15,47,18,6,10,18,25,15,18,17,14,13,8,18,6,19,21,21,33
2018,6,100156046,62,32,52,30,48,3,5,0,0,4,6,12,19,5,8,16,26,8,13,14,23,1,0,1,8,3,9,5,5,2,0,3,4,2,7,3,9
2018,6,100156167,194,90,46,104,54,16,8,16,8,18,9,31,16,20,10,31,16,25,13,37,19,9,9,11,16,10,13,13,9,7,7,7,15,10,18,12,28
2018,6,100156577,158,75,47,83,53,3,2,8,5,15,9,15,9,16,10,34,22,26,16,41,26,2,5,8,7,7,17,18,11,1,3,7,8,9,17,8,30
2018,6,100156970,179,89,50,90,50,7,4,12,7,26,15,18,10,18,10,31,17,33,18,34,19,2,8,15,10,9,15,18,12,5,4,11,8,9,16,15,22
2018,6,100157634,75,37,49,38,51,2,3,9,12,5,7,5,7,15,20,8,11,12,16,19,25,0,5,4,3,9,5,6,5,2,4,1,2,6,3,6,14
2018,6,100158082,23,11,48,12,52,0,0,3,13,1,4,4,17,2,9,4,17,2,9,7,30,0,1,0,2,1,2,1,4,0,2,1,2,1,2,1,3
2018,6,100158396,154,70,45,84,55,12,8,9,6,22,14,25,16,23,15,30,19,8,5,25,16,5,2,11,17,12,13,2,8,7,7,11,8,11,17,6,17
2018,6,100158611,31,15,48,16,52,1,3,3,10,10,32,6,19,2,6,1,3,7,23,1,3,0,3,2,3,2,0,5,0,1,0,8,3,0,1,2,1
2018,6,100158693,17,9,53,8,47,2,12,0,0,0,0,2,12,3,18,4,24,4,24,2,12,1,0,0,1,2,3,1,1,1,0,0,1,1,1,3,1
2018,6,100158724,108,47,44,61,56,12,11,11,10,18,17,11,10,10,9,18,17,14,13,14,13,5,5,8,7,4,8,9,1,7,6,10,4,6,10,5,13
2018,6,100158740,16,9,56,7,44,1,6,0,0,2,13,1,6,1,6,4,25,3,19,4,25,1,0,2,1,0,3,0,2,0,0,0,0,1,1,3,2
2018,6,100158861,516,248,48,268,52,36,7,48,9,69,13,73,14,52,10,81,16,70,14,87,17,15,34,38,38,24,39,30,30,21,14,31,35,28,42,40,57
2018,6,100158941,87,44,51,43,49,2,2,2,2,5,6,13,15,6,7,10,11,26,30,23,26,0,1,3,9,4,5,16,6,2,1,2,4,2,5,10,17
2018,6,100159027,82,43,52,39,48,5,6,6,7,11,13,11,13,10,12,10,12,16,20,13,16,3,5,8,8,4,4,9,2,2,1,3,3,6,6,7,11
2018,6,100159092,704,323,46,381,54,45,6,44,6,84,12,104,15,79,11,86,12,125,18,137,19,32,20,37,53,42,50,51,38,13,24,47,51,37,36,74,99
2018,6,100159203,510,251,49,259,51,30,6,45,9,63,12,61,12,62,12,80,16,65,13,104,20,17,27,39,36,29,38,33,32,13,18,24,25,33,42,32,72
2018,6,100159211,309,151,49,158,51,21,7,20,6,31,10,39,13,35,11,56,18,52,17,55,18,11,10,20,24,19,26,24,17,10,10,11,15,16,30,28,38
2018,6,100159357,234,104,44,130,56,12,5,34,15,27,12,30,13,28,12,24,10,29,12,50,21,7,13,11,16,14,9,16,18,5,21,16,14,14,15,13,32
2018,6,100159445,317,132,42,185,58,17,5,22,7,50,16,29,9,41,13,46,15,44,14,68,21,8,15,28,14,15,19,18,15,9,7,22,15,26,27,26,53
2018,6,100159494,1731,774,45,957,55,98,6,139,8,175,10,232,13,150,9,236,14,250,14,451,26,48,68,90,120,78,108,123,139,50,71,85,112,72,128,127,312
2018,6,100159566,32,19,59,13,41,2,6,1,3,1,3,3,9,3,9,6,19,7,22,9,28,1,1,0,3,2,3,5,4,1,0,1,0,1,3,2,5
2018,6,100159621,107,57,53,50,47,4,4,11,10,14,13,18,17,6,6,27,25,11,10,16,15,3,4,8,11,5,15,4,7,1,7,6,7,1,12,7,9
2018,6,100159742,78,42,54,36,46,2,3,1,1,10,13,14,18,5,6,15,19,19,24,12,15,0,0,6,11,3,7,11,4,2,1,4,3,2,8,8,8
2018,6,100159902,59,30,51,29,49,6,10,7,12,7,12,10,17,11,19,4,7,6,10,8,14,2,4,3,5,7,3,2,4,4,3,4,5,4,1,4,4
2018,6,100159910,672,312,46,360,54,50,7,50,7,83,12,75,11,95,14,110,16,94,14,115,17,32,28,46,36,46,49,34,41,18,22,37,39,49,61,60,74
2018,6,100159976,244,110,45,134,55,14,6,14,6,27,11,31,13,35,14,20,8,47,19,56,23,9,8,17,15,18,8,20,15,5,6,10,16,17,12,27,41
2018,6,100160013,539,239,44,300,56,39,7,47,9,70,13,59,11,76,14,82,15,74,14,92,17,20,22,26,35,34,43,28,31,19,25,44,24,42,39,46,61
2018,6,100160070,257,118,46,139,54,12,5,26,10,24,9,36,14,21,8,46,18,34,13,58,23,7,10,16,20,12,21,14,18,5,16,8,16,9,25,20,40
2018,6,100160407,184,82,45,102,55,11,6,11,6,23,13,33,18,17,9,28,15,29,16,32,17,4,6,11,16,10,12,12,11,7,5,12,17,7,16,17,21
2018,6,100160593,597,287,48,310,52,37,6,45,8,63,11,83,14,59,10,88,15,76,13,146,24,16,27,33,50,33,41,35,52,21,18,30,33,26,47,41,94
2018,6,100160745,589,265,45,324,55,40,7,50,8,52,9,72,12,58,10,87,15,76,13,154,26,19,25,35,35,28,51,37,35,21,25,17,37,30,36,39,119
2018,6,100160905,339,161,47,178,53,34,10,22,6,31,9,54,16,36,11,48,14,56,17,58,17,17,11,16,27,22,25,25,18,17,11,15,27,14,23,31,40
2018,6,100161216,243,106,44,137,56,18,7,26,11,22,9,39,16,33,14,34,14,27,11,44,18,9,13,8,20,20,15,11,10,9,13,14,19,13,19,16,34
2018,6,100161265,87,45,52,42,48,5,6,7,8,10,11,13,15,16,18,6,7,11,13,19,22,3,4,4,7,10,5,6,6,2,3,6,6,6,1,5,13
2018,6,100161378,229,106,46,123,54,16,7,18,8,28,12,30,13,37,16,30,13,26,11,44,19,9,8,15,15,21,14,7,17,7,10,13,15,16,16,19,27
2018,6,100161505,427,211,49,216,51,21,5,34,8,47,11,78,18,30,7,77,18,69,16,71,17,13,19,27,44,16,36,35,21,8,15,20,34,14,41,34,50
2018,6,100161521,148,71,48,77,52,8,5,19,13,20,14,18,12,15,10,30,20,13,9,25,17,6,9,11,8,6,15,6,10,2,10,9,10,9,15,7,15
2018,6,100161691,57,25,44,32,56,6,11,5,9,6,11,10,18,5,9,4,7,10,18,11,19,2,3,4,6,1,2,6,1,4,2,2,4,4,2,4,10
2018,6,100161755,57,25,44,32,56,2,4,2,4,7,12,6,11,4,7,15,26,6,11,15,26,1,1,4,2,2,8,2,5,1,1,3,4,2,7,4,10
2018,6,100161810,391,198,51,193,49,33,8,27,7,45,12,52,13,46,12,81,21,57,15,50,13,25,13,28,27,25,32,33,15,8,14,17,25,21,49,24,35
2018,6,100161892,96,51,53,45,47,5,5,6,6,15,16,17,18,6,6,22,23,15,16,10,10,4,4,7,10,3,13,9,1,1,2,8,7,3,9,6,9
2018,6,100161907,76,44,58,32,42,8,11,3,4,11,14,10,13,8,11,6,8,14,18,16,21,5,2,8,7,5,3,8,6,3,1,3,3,3,3,6,10
2018,6,100161956,30,13,43,17,57,2,7,2,7,2,7,5,17,4,13,4,13,6,20,5,17,1,1,0,2,3,1,4,1,1,1,2,3,1,3,2,4
2018,6,100162041,109,55,50,54,50,6,6,12,11,11,10,17,16,12,11,17,16,17,16,17,16,2,10,6,10,4,10,6,7,4,2,5,7,8,7,11,10
2018,6,100162283,55,27,49,28,51,1,2,1,2,4,7,8,15,5,9,9,16,12,22,15,27,0,0,2,6,3,4,8,4,1,1,2,2,2,5,4,11
2018,6,100162468,276,131,47,145,53,18,7,19,7,46,17,33,12,26,9,47,17,35,13,52,19,12,13,17,21,12,21,18,17,6,6,29,12,14,26,17,35
2018,6,100162564,135,65,48,70,52,13,10,18,13,13,10,18,13,29,21,21,16,14,10,9,7,8,9,4,8,15,12,5,4,5,9,9,10,14,9,9,5
2018,6,100162572,409,204,50,205,50,33,8,41,10,46,11,66,16,62,15,65,16,41,10,55,13,14,24,24,36,33,35,22,16,19,17,22,30,29,30,19,39
2018,6,100162611,42,19,45,23,55,2,5,2,5,3,7,9,21,3,7,5,12,11,26,7,17,2,1,0,3,3,2,5,3,0,1,3,6,0,3,6,4
2018,6,100162644,140,70,50,70,50,12,9,19,14,13,9,18,13,28,20,17,12,16,11,17,12,10,5,6,12,12,9,8,8,2,14,7,6,16,8,8,9
2018,6,100162660,100,43,43,57,57,10,10,3,3,12,12,20,20,6,6,18,18,13,13,18,18,3,1,6,10,4,6,6,7,7,2,6,10,2,12,7,11
2018,6,100162685,97,40,41,57,59,7,7,7,7,9,9,26,27,10,10,9,9,19,20,10,10,2,4,2,12,5,3,9,3,5,3,7,14,5,6,10,7
2018,6,100162716,149,79,53,70,47,10,7,9,6,13,9,20,13,22,15,24,16,19,13,32,21,4,6,9,11,11,16,8,14,6,3,4,9,11,8,11,18
2018,6,100162724,57,28,49,29,51,4,7,2,4,3,5,10,18,10,18,10,18,9,16,9,16,2,0,1,4,7,5,5,4,2,2,2,6,3,5,4,5
2018,6,100162740,18,10,56,8,44,0,0,2,11,3,17,4,22,3,17,1,6,3,17,2,11,0,1,0,4,1,1,2,1,0,1,3,0,2,0,1,1
2018,6,100162757,42,21,50,21,50,1,2,1,2,0,0,5,12,2,5,11,26,8,19,14,33,0,1,0,3,1,6,5,5,1,0,0,2,1,5,3,9
2018,6,100162765,56,31,55,25,45,6,11,3,5,9,16,8,14,6,11,10,18,5,9,9,16,3,1,6,5,4,5,3,4,3,2,3,3,2,5,2,5
2018,6,100162798,259,135,52,124,48,30,12,24,9,20,8,39,15,30,12,34,13,30,12,52,20,15,16,11,20,15,20,21,17,15,8,9,19,15,14,9,35
2018,6,100162886,645,318,49,327,51,46,7,50,8,76,12,82,13,89,14,96,15,96,15,110,17,27,27,42,48,46,43,52,33,19,23,34,34,43,53,44,77
2018,6,100162917,1001,458,46,543,54,69,7,81,8,87,9,141,14,126,13,135,13,151,15,211,21,39,41,42,79,67,67,57,66,30,40,45,62,59,68,94,145
2018,6,100162982,425,184,43,241,57,24,6,34,8,45,11,61,14,47,11,60,14,67,16,87,20,15,8,16,32,26,25,35,27,9,26,29,29,21,35,32,60
2018,6,100163002,337,157,47,180,53,28,8,38,11,51,15,35,10,41,12,33,10,41,12,70,21,10,23,28,19,23,15,19,20,18,15,23,16,18,18,22,50
2018,6,100163068,553,252,46,301,54,30,5,48,9,54,10,62,11,82,15,77,14,86,16,114,21,18,23,32,35,42,34,38,30,12,25,22,27,40,43,48,84
2018,6,100163164,798,339,42,459,58,54,7,68,9,81,10,86,11,88,11,113,14,109,14,199,25,24,29,42,39,46,50,43,66,30,39,39,47,42,63,66,133
2018,6,100163180,243,120,49,123,51,13,5,20,8,20,8,40,16,25,10,48,20,29,12,48,20,8,12,10,21,16,25,13,15,5,8,10,19,9,23,16,33
2018,6,100163228,250,126,50,124,50,10,4,15,6,27,11,39,16,36,14,29,12,51,20,43,17,2,7,17,26,23,13,26,12,8,8,10,13,13,16,25,31
2018,6,100163308,977,461,47,516,53,96,10,89,9,109,11,118,12,138,14,150,15,102,10,175,18,50,44,46,62,70,77,47,65,46,45,63,56,68,73,55,110
2018,6,100163324,1352,638,47,714,53,113,8,148,11,134,10,174,13,190,14,187,14,157,12,249,18,58,80,65,96,96,96,69,78,55,68,69,78,94,91,88,171
2018,6,100163357,479,254,53,225,47,25,5,36,8,48,10,69,14,59,12,72,15,85,18,85,18,12,20,25,44,35,41,48,29,13,16,23,25,24,31,37,56
2018,6,100163365,75,33,44,42,56,12,16,6,8,6,8,8,11,15,20,8,11,6,8,14,19,5,4,3,4,7,3,3,4,7,2,3,4,8,5,3,10
2018,6,100163373,63,28,44,35,56,6,10,3,5,2,3,9,14,5,8,9,14,11,17,18,29,3,2,0,4,2,5,7,5,3,1,2,5,3,4,4,13
2018,6,100163412,56,24,43,32,57,1,2,7,13,5,9,7,13,9,16,3,5,14,25,10,18,1,5,2,3,6,1,5,1,0,2,3,4,3,2,9,9
2018,6,100163420,35,19,54,16,46,3,9,5,14,4,11,7,20,4,11,2,6,5,14,5,14,2,1,1,4,3,1,4,3,1,4,3,3,1,1,1,2
2018,6,100163437,88,41,47,47,53,7,8,11,13,8,9,8,9,10,11,14,16,13,15,17,19,4,4,5,3,5,10,4,6,3,7,3,5,5,4,9,11
2018,6,100163453,728,328,45,400,55,45,6,62,9,87,12,100,14,87,12,91,13,124,17,132,18,21,27,47,52,51,43,48,39,24,35,40,48,36,48,76,93
2018,6,100163486,230,107,47,123,53,26,11,23,10,21,9,46,20,16,7,28,12,33,14,37,16,14,15,12,18,8,13,17,10,12,8,9,28,8,15,16,27
2018,6,100164117,793,350,44,443,56,46,6,53,7,100,13,111,14,57,7,125,16,143,18,158,20,20,27,46,63,28,59,65,42,26,26,54,48,29,66,78,116
2018,6,100164133,155,76,49,79,51,10,6,9,6,10,6,28,18,10,6,35,23,29,19,24,15,5,4,5,15,6,17,15,9,5,5,5,13,4,18,14,15
2018,6,100164623,124,56,45,68,55,7,6,7,6,7,6,19,15,12,10,19,15,26,21,27,22,3,3,3,9,7,10,11,10,4,4,4,10,5,9,15,17
2018,6,100165096,274,127,46,147,54,16,6,19,7,40,15,38,14,23,8,58,21,41,15,39,14,8,8,26,20,11,29,17,8,8,11,14,18,12,29,24,31
2018,6,100165248,145,68,47,77,53,13,9,16,11,10,7,19,13,16,11,19,13,28,19,24,17,8,5,3,10,9,10,13,10,5,11,7,9,7,9,15,14
2018,6,100165272,59,31,53,28,47,1,2,2,3,3,5,6,10,9,15,7,12,9,15,22,37,0,2,1,5,5,3,6,9,1,0,2,1,4,4,3,13
2018,6,100165641,80,39,49,41,51,7,9,6,8,10,13,12,15,5,6,18,23,10,13,12,15,3,2,5,8,2,13,4,2,4,4,5,4,3,5,6,10
2018,6,100165658,161,70,43,91,57,9,6,18,11,24,15,15,9,20,12,26,16,27,17,22,14,3,8,13,9,9,11,13,4,6,10,11,6,11,15,14,18
2018,6,100166434,283,130,46,153,54,15,5,26,9,34,12,34,12,40,14,44,16,47,17,43,15,7,12,20,19,17,20,21,14,8,14,14,15,23,24,26,29
2018,6,100167042,66,31,47,35,53,4,6,4,6,6,9,6,9,7,11,11,17,10,15,18,27,2,0,4,3,6,5,6,5,2,4,2,3,1,6,4,13
2018,6,100167091,728,337,46,391,54,30,4,59,8,94,13,91,13,75,10,123,17,117,16,139,19,17,32,41,53,40,60,48,46,13,27,53,38,35,63,69,93
2018,6,100167315,92,44,48,48,52,3,3,10,11,19,21,7,8,13,14,14,15,8,9,18,20,1,6,9,4,9,7,3,5,2,4,10,3,4,7,5,13
2018,6,100168108,241,113,47,128,53,18,7,24,10,31,13,26,11,19,8,38,16,36,15,49,20,12,11,18,15,6,16,19,16,6,13,13,11,13,22,17,33
2018,6,100168583,273,122,45,151,55,13,5,27,10,31,11,46,17,37,14,48,18,33,12,38,14,3,13,18,24,16,26,13,9,10,14,13,22,21,22,20,29
2018,6,100168630,129,68,53,61,47,13,10,5,4,15,12,13,10,10,8,22,17,19,15,32,25,11,2,8,9,7,9,13,9,2,3,7,4,3,13,6,23
2018,6,100168911,91,41,45,50,55,10,11,4,4,9,10,10,11,12,13,10,11,12,13,24,26,6,3,2,4,7,3,6,10,4,1,7,6,5,7,6,14
2018,6,100169005,133,64,48,69,52,8,6,8,6,23,17,20,15,21,16,11,8,15,11,27,20,5,5,11,11,12,5,4,11,3,3,12,9,9,6,11,16
2018,6,100169021,194,100,52,94,48,17,9,20,10,19,10,30,15,18,9,33,17,27,14,30,15,12,11,11,18,10,18,14,6,5,9,8,12,8,15,13,24
2018,6,100170032,166,85,51,81,49,6,4,8,5,18,11,30,18,10,6,34,20,26,16,34,20,4,5,7,21,6,16,12,14,2,3,11,9,4,18,14,20
2018,6,100170104,101,41,41,60,59,8,8,8,8,10,10,19,19,3,3,15,15,16,16,22,22,3,6,4,9,1,6,4,8,5,2,6,10,2,9,12,14
2018,6,100170112,53,28,53,25,47,1,2,5,9,4,8,9,17,3,6,8,15,11,21,12,23,1,2,1,6,3,4,6,5,0,3,3,3,0,4,5,7
2018,6,100170186,95,40,42,55,58,1,1,4,4,14,15,13,14,8,8,12,13,21,22,22,23,1,2,6,8,4,7,7,5,0,2,8,5,4,5,14,17
2018,6,100170530,69,32,46,37,54,1,1,3,4,13,19,11,16,8,12,16,23,6,9,11,16,0,3,7,4,4,7,2,5,1,0,6,7,4,9,4,6
2018,6,100170723,218,109,50,109,50,10,5,22,10,26,12,36,17,19,9,30,14,45,21,30,14,5,8,17,19,9,14,27,10,5,14,9,17,10,16,18,20
2018,6,100171227,140,64,46,76,54,6,4,8,6,16,11,29,21,14,10,24,17,24,17,19,14,3,3,6,13,7,12,14,6,3,5,10,16,7,12,10,13
2018,6,100171524,123,56,46,67,54,5,4,13,11,23,19,18,15,13,11,16,13,22,18,13,11,1,7,10,10,6,7,11,4,4,6,13,8,7,9,11,9
2018,6,100171612,48,22,46,26,54,4,8,5,10,5,10,3,6,5,10,7,15,5,10,14,29,2,3,4,1,1,4,3,4,2,2,1,2,4,3,2,10
2018,6,100171975,115,48,42,67,58,9,8,8,7,27,23,19,17,5,4,12,10,14,12,21,18,3,3,10,10,3,3,8,8,6,5,17,9,2,9,6,13
2018,6,100172052,157,74,47,83,53,7,4,6,4,22,14,25,16,15,10,24,15,31,20,27,17,5,2,14,14,8,7,18,6,2,4,8,11,7,17,13,21
2018,6,100172550,174,83,48,91,52,19,11,14,8,21,12,30,17,15,9,21,12,33,19,21,12,12,4,8,18,8,7,20,6,7,10,13,12,7,14,13,15
2018,6,100172655,30,15,50,15,50,0,0,0,0,3,10,2,7,1,3,2,7,7,23,15,50,0,0,2,2,0,2,2,7,0,0,1,0,1,0,5,8
2018,6,100172702,5,,,,,,,,,,,,,,,,,,,,,,,,,,,,,,,,,,,,
2018,6,100172710,41,25,61,16,39,4,10,3,7,4,10,6,15,7,17,6,15,6,15,5,12,2,2,2,2,5,2,5,5,2,1,2,4,2,4,1,0
2018,6,100172743,5,,,,,,,,,,,,,,,,,,,,,,,,,,,,,,,,,,,,
2018,6,100172751,13,8,62,5,38,1,8,0,0,3,23,1,8,2,15,4,31,0,0,2,15,1,0,3,0,1,2,0,1,0,0,0,1,1,2,0,1
2018,6,100172768,5,,,,,,,,,,,,,,,,,,,,,,,,,,,,,,,,,,,,
2018,6,100172776,16,5,31,11,69,4,25,2,13,1,6,0,0,5,31,0,0,2,13,2,13,1,1,1,0,1,0,0,1,3,1,0,0,4,0,2,1
2018,6,100172784,5,,,,,,,,,,,,,,,,,,,,,,,,,,,,,,,,,,,,
2018,6,100172792,5,,,,,,,,,,,,,,,,,,,,,,,,,,,,,,,,,,,,
2018,6,100172807,16,8,50,8,50,1,6,1,6,2,13,3,19,2,13,4,25,1,6,2,13,0,0,2,2,0,2,1,1,1,1,0,1,2,2,0,1
2018,6,100172815,13,8,62,5,38,2,15,0,0,3,23,1,8,1,8,3,23,2,15,1,8,2,0,1,1,1,1,2,0,0,0,2,0,0,2,0,1
2018,6,100172831,5,,,,,,,,,,,,,,,,,,,,,,,,,,,,,,,,,,,,
2018,6,100172848,12,8,67,4,33,1,8,0,0,2,17,1,8,3,25,1,8,1,8,3,25,1,0,2,1,2,1,0,1,0,0,0,0,1,0,1,2
2018,6,100172856,13,7,54,6,46,1,8,3,23,1,8,1,8,1,8,3,23,0,0,3,23,0,3,1,0,1,1,0,1,1,0,0,1,0,2,0,2
2018,6,100172864,5,,,,,,,,,,,,,,,,,,,,,,,,,,,,,,,,,,,,
2018,6,100172872,17,8,47,9,53,0,0,2,12,1,6,2,12,4,24,1,6,2,12,5,29,0,1,0,2,2,1,1,1,0,1,1,0,2,0,1,4
2018,6,100172880,23,11,48,12,52,0,0,0,0,1,4,3,13,3,13,3,13,9,39,4,17,0,0,1,2,2,1,4,1,0,0,0,1,1,2,5,3
2018,6,100172897,21,14,67,7,33,2,10,3,14,4,19,2,10,0,0,5,24,3,14,2,10,2,1,3,1,0,4,1,2,0,2,1,1,0,1,2,0
2018,6,100172903,5,,,,,,,,,,,,,,,,,,,,,,,,,,,,,,,,,,,,
2018,6,100172911,17,8,47,9,53,0,0,0,0,1,6,0,0,2,12,3,18,4,24,7,41,0,0,1,0,1,2,2,2,0,0,0,0,1,1,2,5
2018,6,100172928,5,,,,,,,,,,,,,,,,,,,,,,,,,,,,,,,,,,,,
2018,6,100172936,5,,,,,,,,,,,,,,,,,,,,,,,,,,,,,,,,,,,,
2018,6,100172944,5,,,,,,,,,,,,,,,,,,,,,,,,,,,,,,,,,,,,
2018,6,100172952,5,,,,,,,,,,,,,,,,,,,,,,,,,,,,,,,,,,,,
2018,6,100172960,17,7,41,10,59,1,6,3,18,2,12,1,6,3,18,3,18,3,18,1,6,1,0,1,1,1,1,2,0,0,3,1,0,2,2,1,1
2018,6,100172977,5,,,,,,,,,,,,,,,,,,,,,,,,,,,,,,,,,,,,
2018,6,100172985,5,,,,,,,,,,,,,,,,,,,,,,,,,,,,,,,,,,,,
2018,6,100172993,12,6,50,6,50,0,0,0,0,2,17,1,8,1,8,2,17,1,8,5,42,0,0,2,0,0,1,1,2,0,0,0,1,1,1,0,3
2018,6,100173005,19,9,47,10,53,2,11,2,11,2,11,2,11,3,16,3,16,2,11,3,16,1,2,1,1,2,1,1,0,1,0,1,1,1,2,1,3
2018,6,100173013,5,,,,,,,,,,,,,,,,,,,,,,,,,,,,,,,,,,,,
2018,6,100173021,423,192,45,231,55,30,7,50,12,36,9,57,13,62,15,59,14,58,14,71,17,13,22,14,31,31,31,26,24,17,28,22,26,31,28,32,47
2018,6,100173038,20,8,40,12,60,3,15,1,5,2,10,3,15,1,5,3,15,2,10,5,25,1,0,2,0,0,2,1,2,2,1,0,3,1,1,1,3
2018,6,100173046,5,,,,,,,,,,,,,,,,,,,,,,,,,,,,,,,,,,,,
2018,6,100173054,22,9,41,13,59,1,5,2,9,4,18,1,5,4,18,3,14,3,14,4,18,1,0,1,0,2,2,2,1,0,2,3,1,2,1,1,3
2018,6,100173062,70,32,46,38,54,4,6,1,1,11,16,9,13,6,9,7,10,16,23,16,23,2,0,5,5,3,4,8,5,2,1,6,4,3,3,8,11
2018,6,100173070,5,,,,,,,,,,,,,,,,,,,,,,,,,,,,,,,,,,,,
2018,6,100173087,5,,,,,,,,,,,,,,,,,,,,,,,,,,,,,,,,,,,,
2018,6,100173095,5,,,,,,,,,,,,,,,,,,,,,,,,,,,,,,,,,,,,
2018,6,100173118,37,20,54,17,46,3,8,2,5,3,8,6,16,1,3,7,19,4,11,11,30,1,2,2,5,0,3,3,4,2,0,1,1,1,4,1,7
2018,6,100173126,5,,,,,,,,,,,,,,,,,,,,,,,,,,,,,,,,,,,,
2018,6,100173134,60,27,45,33,55,2,3,6,10,6,10,6,10,11,18,5,8,14,23,10,17,0,3,4,3,5,3,5,4,2,3,2,3,6,2,9,6
2018,6,100173456,271,128,47,143,53,19,7,23,8,41,15,40,15,33,12,52,19,29,11,34,13,6,12,21,20,15,26,14,14,13,11,20,20,18,26,15,20
2018,6,100173681,246,115,47,131,53,10,4,20,8,32,13,39,16,40,16,36,15,34,14,35,14,6,10,14,19,20,14,19,13,4,10,18,20,20,22,15,22
2018,6,100173921,268,128,48,140,52,15,6,31,12,31,12,38,14,45,17,38,14,37,14,33,12,7,18,15,24,22,18,17,7,8,13,16,14,23,20,20,26
2018,6,100174320,205,101,49,104,51,10,5,14,7,26,13,29,14,21,10,32,16,33,16,40,20,8,10,11,16,12,14,17,13,2,4,15,13,9,18,16,27
2018,6,100174466,305,143,47,162,53,19,6,24,8,34,11,41,13,40,13,46,15,48,16,53,17,11,11,17,24,20,21,21,18,8,13,17,17,20,25,27,35
2018,6,100175515,308,158,51,150,49,22,7,26,8,30,10,48,16,32,10,50,16,53,17,47,15,14,11,22,29,19,28,24,11,8,15,8,19,13,22,29,36
2018,6,100175933,214,100,47,114,53,18,8,16,7,28,13,27,13,26,12,41,19,33,15,25,12,7,7,17,20,11,17,17,4,11,9,11,7,15,24,16,21
2018,6,100176228,292,135,46,157,54,14,5,26,9,28,10,39,13,46,16,46,16,52,18,41,14,6,11,17,21,24,21,25,10,8,15,11,18,22,25,27,31
2018,6,100176558,161,79,49,82,51,10,6,10,6,16,10,18,11,30,19,21,13,30,19,26,16,4,7,9,8,16,11,14,10,6,3,7,10,14,10,16,16
2018,6,100177053,176,90,51,86,49,10,6,12,7,21,12,27,15,30,17,19,11,26,15,31,18,6,6,9,19,19,9,15,7,4,6,12,8,11,10,11,24
2018,6,100177205,212,99,47,113,53,17,8,21,10,30,14,24,11,32,15,27,13,35,17,26,12,7,11,18,12,15,12,18,6,10,10,12,12,17,15,17,20
2018,6,100177898,163,77,47,86,53,13,8,13,8,16,10,30,18,18,11,32,20,14,9,27,17,4,6,8,18,10,18,6,7,9,7,8,12,8,14,8,20
2018,6,100178143,449,210,47,239,53,21,5,37,8,51,11,57,13,47,10,77,17,70,16,89,20,13,22,26,31,24,35,35,24,8,15,25,26,23,42,35,65
2018,6,100178578,184,89,48,95,52,14,8,12,7,26,14,30,16,25,14,17,9,31,17,29,16,5,6,13,16,15,8,14,12,9,6,13,14,10,9,17,17
2018,6,100178641,51,25,49,26,51,1,2,2,4,8,16,6,12,5,10,8,16,11,22,10,20,1,1,5,3,3,2,8,2,0,1,3,3,2,6,3,8
2018,6,100178738,74,35,47,39,53,7,9,5,7,2,3,16,22,3,4,12,16,11,15,18,24,4,4,1,8,0,7,6,5,3,1,1,8,3,5,5,13
2018,6,100178770,47,24,51,23,49,8,17,3,6,5,11,10,21,1,2,8,17,5,11,7,15,5,0,3,7,0,3,3,3,3,3,2,3,1,5,2,4
2018,6,100178867,311,149,48,162,52,21,7,28,9,29,9,42,14,41,13,51,16,40,13,59,19,9,15,19,21,21,21,22,21,12,13,10,21,20,30,18,38
2018,6,100178996,2133,982,46,1151,54,124,6,189,9,213,10,229,11,280,13,323,15,336,16,439,21,68,105,114,118,134,154,152,137,56,84,99,111,146,169,184,302
2018,6,100179370,229,115,50,114,50,15,7,17,7,24,10,38,17,20,9,44,19,35,15,36,16,4,8,16,24,14,24,14,11,11,9,8,14,6,20,21,25
2018,6,100179627,21,12,57,9,43,1,5,1,5,4,19,0,0,4,19,5,24,2,10,4,19,0,0,4,0,2,4,0,2,1,1,0,0,2,1,2,2
2018,6,100179715,5,,,,,,,,,,,,,,,,,,,,,,,,,,,,,,,,,,,,
2018,6,100179828,246,128,52,118,48,12,5,17,7,21,9,38,15,29,12,36,15,41,17,52,21,8,9,10,28,17,14,18,24,4,8,11,10,12,22,23,28
2018,6,100179998,272,120,44,152,56,20,7,24,9,25,9,42,15,39,14,36,13,45,17,41,15,12,7,12,23,19,16,17,14,8,17,13,19,20,20,28,27
2018,6,100180236,222,96,43,126,57,23,10,17,8,30,14,42,19,33,15,21,9,27,12,29,13,14,7,9,22,18,8,10,8,9,10,21,20,15,13,17,21
2018,6,100180412,195,92,47,103,53,22,11,15,8,11,6,31,16,12,6,30,15,44,23,30,15,11,7,3,16,6,16,21,12,11,8,8,15,6,14,23,18
2018,6,100180646,310,151,49,159,51,14,5,25,8,40,13,43,14,40,13,45,15,48,15,55,18,3,14,22,28,23,21,24,16,11,11,18,15,17,24,24,39
2018,6,100181037,174,82,47,92,53,7,4,9,5,18,10,24,14,22,13,32,18,23,13,39,22,4,3,10,15,13,15,9,13,3,6,8,9,9,17,14,26
2018,6,100181125,242,122,50,120,50,16,7,21,9,30,12,47,19,19,8,50,21,28,12,31,13,9,10,16,29,6,23,16,13,7,11,14,18,13,27,12,18
2018,6,100181287,130,65,50,65,50,6,5,11,8,14,11,8,6,16,12,26,20,18,14,31,24,0,6,9,7,8,14,8,13,6,5,5,1,8,12,10,18
2018,6,100181535,73,34,47,39,53,2,3,2,3,15,21,10,14,12,16,13,18,6,8,13,18,1,0,8,7,5,8,2,3,1,2,7,3,7,5,4,10
2018,6,100181711,301,148,49,153,51,20,7,28,9,38,13,31,10,39,13,55,18,37,12,53,18,14,15,22,20,21,24,17,15,6,13,16,11,18,31,20,38
2018,6,100181752,93,43,46,50,54,3,3,5,5,7,8,8,9,13,14,12,13,25,27,20,22,1,3,3,4,6,7,12,7,2,2,4,4,7,5,13,13
2018,6,100181785,238,117,49,121,51,10,4,31,13,32,13,36,15,29,12,40,17,30,13,30,13,5,17,14,22,16,19,13,11,5,14,18,14,13,21,17,19
2018,6,100181840,242,120,50,122,50,20,8,27,11,26,11,43,18,27,11,33,14,36,15,30,12,14,16,15,19,14,14,19,9,6,11,11,24,13,19,17,21
2018,6,100182215,266,123,46,143,54,15,6,16,6,28,11,44,17,34,13,40,15,46,17,43,16,12,6,12,24,16,22,20,11,3,10,16,20,18,18,26,32
2018,6,100182473,68,36,53,32,47,4,6,7,10,10,15,14,21,8,12,7,10,11,16,7,10,2,5,5,8,5,5,3,3,2,2,5,6,3,2,8,4
2018,6,100182512,234,110,47,124,53,10,4,21,9,27,12,27,12,27,12,38,16,42,18,42,18,5,9,17,15,14,18,21,11,5,12,10,12,13,20,21,31
2018,6,100182754,761,342,45,419,55,63,8,60,8,78,10,85,11,63,8,109,14,112,15,191,25,24,36,38,49,25,58,52,60,39,24,40,36,38,51,60,131
2018,6,100182826,350,162,46,188,54,34,10,18,5,28,8,71,20,37,11,55,16,59,17,48,14,21,5,19,38,20,24,22,13,13,13,9,33,17,31,37,35
2018,6,100183057,62,25,40,37,60,2,3,1,2,9,15,10,16,2,3,10,16,16,26,12,19,0,1,2,6,0,4,8,4,2,0,7,4,2,6,8,8
2018,6,100183153,34,15,44,19,56,2,6,3,9,4,12,2,6,4,12,4,12,8,24,7,21,0,2,4,0,1,2,3,3,2,1,0,2,3,2,5,4
2018,6,100183797,1177,543,46,634,54,91,8,99,8,116,10,144,12,202,17,145,12,135,11,245,21,41,53,52,72,107,67,65,86,50,46,64,72,95,78,70,159
2018,6,100183803,115,56,49,59,51,4,3,7,6,9,8,19,17,21,18,20,17,22,19,13,11,1,5,3,11,13,11,11,1,3,2,6,8,8,9,11,12
2018,6,100183924,527,261,50,266,50,27,5,34,6,32,6,87,17,81,15,96,18,101,19,69,13,16,16,17,50,48,45,45,24,11,18,15,37,33,51,56,45
2018,6,100183998,72,31,43,41,57,12,17,10,14,6,8,9,13,9,13,8,11,7,10,11,15,6,3,4,4,4,1,4,5,6,7,2,5,5,7,3,6
2018,6,100184001,29,15,52,14,48,3,10,4,14,1,3,2,7,6,21,2,7,5,17,6,21,0,2,1,2,4,1,2,3,3,2,0,0,2,1,3,3
2018,6,100184018,23,14,61,9,39,3,13,2,9,2,9,2,9,4,17,5,22,0,0,5,22,2,2,1,2,3,3,0,1,1,0,1,0,1,2,0,4
2018,6,100184026,26,12,46,14,54,3,12,2,8,4,15,1,4,2,8,7,27,3,12,4,15,2,0,3,0,0,3,1,3,1,2,1,1,2,4,2,1
2018,6,100184034,1810,845,47,965,53,142,8,141,8,172,10,208,11,213,12,264,15,245,14,425,23,76,72,84,112,105,125,115,156,66,69,88,96,108,139,130,269
2018,6,100184067,5,,,,,,,,,,,,,,,,,,,,,,,,,,,,,,,,,,,,
2018,6,100184075,657,305,46,352,54,55,8,64,10,67,10,94,14,116,18,67,10,105,16,89,14,24,31,29,56,61,31,38,35,31,33,38,38,55,36,67,54
2018,6,100184083,95,44,46,51,54,8,8,11,12,8,8,9,9,23,24,8,8,12,13,16,17,6,6,4,3,9,4,6,6,2,5,4,6,14,4,6,10
2018,6,100184091,42,22,52,20,48,0,0,2,5,1,2,0,0,8,19,6,14,6,14,19,45,0,2,0,0,6,4,4,6,0,0,1,0,2,2,2,13
2018,6,100184114,111,57,51,54,49,6,5,5,5,6,5,7,6,13,12,10,9,19,17,45,41,4,3,3,4,5,7,12,19,2,2,3,3,8,3,7,26
2018,6,100184130,66,34,52,32,48,12,18,5,8,3,5,15,23,8,12,5,8,11,17,7,11,7,3,2,5,5,2,7,3,5,2,1,10,3,3,4,4
2018,6,100184196,487,235,48,252,52,49,10,64,13,44,9,52,11,90,18,66,14,56,11,66,14,30,32,18,23,47,33,28,24,19,32,26,29,43,33,28,42
2018,6,100184202,728,349,48,379,52,43,6,56,8,64,9,92,13,99,14,124,17,113,16,137,19,18,25,30,48,49,69,61,49,25,31,34,44,50,55,52,88
2018,6,100184210,75,31,41,44,59,14,19,15,20,2,3,9,12,17,23,8,11,3,4,7,9,7,4,1,3,7,5,1,3,7,11,1,6,10,3,2,4
2018,6,100184227,6525,3065,47,3460,53,859,13,853,13,475,7,996,15,1201,18,658,10,702,11,781,12,444,429,231,469,585,322,305,280,415,424,244,527,616,336,397,501
2018,6,100184235,116,58,50,58,50,15,13,18,16,9,8,21,18,20,17,11,9,10,9,12,10,10,11,4,10,8,6,5,4,5,7,5,11,12,5,5,8
2018,6,100184243,337,167,50,170,50,43,13,46,14,29,9,45,13,64,19,38,11,31,9,41,12,28,23,16,18,31,21,14,16,15,23,13,27,33,17,17,25
2018,6,100184251,2167,1018,47,1149,53,237,11,325,15,218,10,297,14,412,19,288,13,183,8,207,10,119,178,113,131,192,134,83,68,118,147,105,166,220,154,100,139
2018,6,100184268,194,94,48,100,52,40,21,35,18,8,4,26,13,44,23,19,10,6,3,16,8,23,19,3,11,20,7,4,7,17,16,5,15,24,12,2,9
2018,6,100184284,3135,1421,45,1714,55,366,12,389,12,262,8,435,14,520,17,405,13,355,11,403,13,164,201,120,192,233,216,159,136,202,188,142,243,287,189,196,267
2018,6,100184292,446,224,50,222,50,53,12,57,13,36,8,67,15,59,13,80,18,43,10,51,11,31,27,17,32,33,43,19,22,22,30,19,35,26,37,24,29
2018,6,100184307,345,175,51,170,49,56,16,49,14,41,12,39,11,56,16,54,16,27,8,23,7,31,27,29,13,27,28,13,7,25,22,12,26,29,26,14,16
2018,6,100184315,95,41,43,54,57,8,8,11,12,9,9,14,15,15,16,12,13,10,11,16,17,4,3,3,4,9,5,5,8,4,8,6,10,6,7,5,8
2018,6,100184323,70,36,51,34,49,7,10,7,10,4,6,13,19,9,13,13,19,9,13,8,11,5,5,3,3,6,7,4,3,2,2,1,10,3,6,5,5
2018,6,100184331,348,175,50,173,50,51,15,48,14,34,10,49,14,48,14,49,14,39,11,30,9,25,30,18,24,21,26,23,8,26,18,16,25,27,23,16,22
2018,6,100184348,983,497,51,486,49,134,14,129,13,92,9,131,13,189,19,152,15,98,10,58,6,69,68,42,53,96,87,56,26,65,61,50,78,93,65,42,32
2018,6,100184364,64,33,52,31,48,6,9,3,5,7,11,11,17,7,11,9,14,5,8,16,25,3,3,4,6,4,2,4,7,3,0,3,5,3,7,1,9
2018,6,100184372,60,34,57,26,43,2,3,3,5,11,18,6,10,4,7,10,17,11,18,13,22,1,1,10,5,0,7,5,5,1,2,1,1,4,3,6,8
2018,6,100184397,38,18,47,20,53,4,11,0,0,4,11,9,24,3,8,6,16,8,21,4,11,0,0,4,4,1,3,5,1,4,0,0,5,2,3,3,3
2018,6,100184403,216,97,45,119,55,23,11,20,9,28,13,27,13,26,12,47,22,19,9,26,12,9,13,11,10,10,22,10,12,14,7,17,17,16,25,9,14
2018,6,100184428,1247,550,44,697,56,155,12,124,10,104,8,173,14,158,13,150,12,150,12,233,19,74,56,43,87,80,57,70,83,81,68,61,86,78,93,80,150
2018,6,100184444,22,9,41,13,59,1,5,1,5,4,18,2,9,1,5,8,36,2,9,3,14,1,1,3,0,0,3,1,0,0,0,1,2,1,5,1,3
2018,6,100184460,1249,639,51,610,49,57,5,62,5,103,8,167,13,161,13,233,19,197,16,269,22,33,38,46,90,90,120,93,129,24,24,57,77,71,113,104,140
2018,6,100184477,326,172,53,154,47,25,8,19,6,22,7,50,15,45,14,57,17,47,14,61,19,10,9,15,26,24,33,25,30,15,10,7,24,21,24,22,31
2018,6,100184485,133,70,53,63,47,9,7,17,13,12,9,14,11,13,10,28,21,20,15,20,15,5,12,5,9,4,18,12,5,4,5,7,5,9,10,8,15
2018,6,100184493,981,506,52,475,48,56,6,68,7,79,8,132,13,148,15,147,15,165,17,186,19,28,47,40,79,79,66,85,82,28,21,39,53,69,81,80,104
2018,6,100184508,1054,582,55,472,45,40,4,37,4,75,7,138,13,178,17,179,17,170,16,237,22,22,21,45,86,93,98,94,123,18,16,30,52,85,81,76,114
2018,6,100184532,4424,2139,48,2285,52,374,8,370,8,335,8,639,14,639,14,581,13,587,13,899,20,192,192,169,342,332,302,261,349,182,178,166,297,307,279,326,550
2018,6,100184540,357,206,58,151,42,11,3,14,4,22,6,51,14,56,16,62,17,68,19,73,20,4,8,14,32,31,37,41,39,7,6,8,19,25,25,27,34
2018,6,100184557,766,348,45,418,55,80,10,94,12,65,8,91,12,120,16,89,12,111,14,116,15,31,44,35,50,55,46,51,36,49,50,30,41,65,43,60,80
2018,6,100184573,1133,567,50,566,50,120,11,125,11,99,9,167,15,205,18,178,16,130,11,109,10,70,67,54,78,96,96,65,41,50,58,45,89,109,82,65,68
2018,6,100184581,260,140,54,120,46,25,10,26,10,16,6,35,13,46,18,38,15,44,17,30,12,10,9,12,21,25,22,26,15,15,17,4,14,21,16,18,15
2018,6,100184598,1865,891,48,974,52,187,10,249,13,187,10,216,12,341,18,246,13,197,11,242,13,96,125,99,110,165,122,91,83,91,124,88,106,176,124,106,159
2018,6,100184620,214,117,55,97,45,26,12,30,14,16,7,30,14,34,16,21,10,24,11,33,15,14,18,9,12,22,8,17,17,12,12,7,18,12,13,7,16
2018,6,100184637,234,126,54,108,46,12,5,19,8,35,15,23,10,21,9,40,17,52,22,32,14,8,5,21,13,10,21,33,15,4,14,14,10,11,19,19,17
2018,6,100184653,129,63,49,66,51,12,9,11,9,12,9,17,13,23,18,18,14,15,12,21,16,4,8,8,9,12,9,5,8,8,3,4,8,11,9,10,13
2018,6,100184661,759,371,49,388,51,78,10,98,13,71,9,82,11,114,15,126,17,82,11,108,14,43,45,41,41,49,67,38,47,35,53,30,41,65,59,44,61
2018,6,100184686,542,266,49,276,51,33,6,64,12,59,11,58,11,96,18,88,16,57,11,87,16,15,38,35,29,51,44,25,29,18,26,24,29,45,44,32,58
2018,6,100184700,1160,596,51,564,49,90,8,118,10,144,12,148,13,171,15,204,18,130,11,155,13,46,60,94,74,82,103,63,74,44,58,50,74,89,101,67,81
2018,6,100184717,899,452,50,447,50,83,9,98,11,68,8,132,15,139,15,147,16,125,14,107,12,37,52,34,62,67,76,74,50,46,46,34,70,72,71,51,57
2018,6,100184741,90,45,50,45,50,9,10,9,10,3,3,11,12,15,17,8,9,15,17,20,22,4,2,2,7,8,7,6,9,5,7,1,4,7,1,9,11
2018,6,100184774,149,77,52,72,48,14,9,20,13,12,8,17,11,26,17,18,12,22,15,20,13,8,9,7,9,14,10,11,9,6,11,5,8,12,8,11,11
2018,6,100184782,1810,879,49,931,51,180,10,168,9,161,9,241,13,314,17,225,12,222,12,299,17,86,85,86,131,166,122,99,104,94,83,75,110,148,103,123,195
2018,6,100184805,138,69,50,69,50,11,8,21,15,9,7,19,14,18,13,22,16,22,16,16,12,3,14,4,11,11,7,13,6,8,7,5,8,7,15,9,10
2018,6,100184813,256,124,48,132,52,16,6,15,6,21,8,22,9,33,13,34,13,42,16,73,29,9,7,8,14,16,20,20,30,7,8,13,8,17,14,22,43
2018,6,100184854,230,114,50,116,50,14,6,17,7,24,10,32,14,29,13,40,17,32,14,42,18,7,3,15,16,21,18,17,17,7,14,9,16,8,22,15,25
2018,6,100184887,802,377,47,425,53,58,7,71,9,60,7,107,13,105,13,92,11,117,15,192,24,38,40,25,62,44,46,62,60,20,31,35,45,61,46,55,132
2018,6,100184934,217,105,48,112,52,6,3,15,7,28,13,32,15,22,10,41,19,31,14,42,19,4,8,15,17,12,18,20,11,2,7,13,15,10,23,11,31
2018,6,100184942,47,21,45,26,55,2,4,4,9,2,4,4,9,5,11,3,6,11,23,16,34,1,0,2,3,3,1,5,6,1,4,0,1,2,2,6,10
2018,6,100184967,1146,547,48,599,52,113,10,110,10,108,9,178,16,160,14,121,11,164,14,192,17,60,56,59,95,77,58,73,69,53,54,49,83,83,63,91,123
2018,6,100184983,527,259,49,268,51,35,7,36,7,57,11,80,15,74,14,69,13,93,18,83,16,16,20,29,51,39,30,42,32,19,16,28,29,35,39,51,51
2018,6,100185028,134,63,47,71,53,13,10,14,10,17,13,11,8,22,16,15,11,17,13,25,19,7,7,8,5,8,9,12,7,6,7,9,6,14,6,5,18
2018,6,100185036,200,94,47,106,53,11,6,23,12,11,6,30,15,24,12,34,17,30,15,37,19,6,12,5,14,14,15,15,13,5,11,6,16,10,19,15,24
2018,6,100185044,425,186,44,239,56,43,10,68,16,37,9,51,12,72,17,53,12,36,8,65,15,24,26,21,24,28,24,17,22,19,42,16,27,44,29,19,43
2018,6,100185077,86,42,49,44,51,15,17,7,8,11,13,16,19,6,7,13,15,13,15,5,6,6,2,6,7,4,7,7,3,9,5,5,9,2,6,6,2
2018,6,100185085,438,234,53,204,47,30,7,53,12,25,6,52,12,74,17,67,15,61,14,76,17,11,25,14,33,42,37,37,35,19,28,11,19,32,30,24,41
2018,6,100185116,1710,775,45,935,55,177,10,107,6,114,7,283,17,248,15,189,11,228,13,364,21,88,52,51,131,128,83,108,134,89,55,63,152,120,106,120,230
2018,6,100185132,1215,585,48,630,52,158,13,145,12,93,8,169,14,226,19,162,13,118,10,144,12,81,77,48,74,118,82,53,52,77,68,45,95,108,80,65,92
2018,6,100185140,5126,2301,45,2825,55,504,10,531,10,434,8,701,14,857,17,652,13,519,10,928,18,255,271,212,346,412,317,199,289,249,260,222,355,445,335,320,639
2018,6,100185157,582,282,48,300,52,61,10,62,11,53,9,95,16,93,16,80,14,65,11,73,13,34,27,27,47,40,42,31,34,27,35,26,48,53,38,34,39
2018,6,100185173,1944,952,49,992,51,230,12,269,14,143,7,267,14,321,17,242,12,235,12,237,12,126,153,78,125,143,122,107,98,104,116,65,142,178,120,128,139
2018,6,100185181,224,113,50,111,50,32,14,38,17,22,10,35,16,42,19,21,9,18,8,16,7,14,19,13,18,21,13,10,5,18,19,9,17,21,8,8,11
2018,6,100185198,518,246,47,272,53,62,12,65,13,53,10,65,13,87,17,74,14,54,10,58,11,31,33,25,30,40,40,27,20,31,32,28,35,47,34,27,38
2018,6,100185220,1816,829,46,987,54,132,7,157,9,185,10,221,12,247,14,265,15,251,14,358,20,79,84,90,109,123,124,108,112,53,73,95,112,124,141,143,246
2018,6,100185237,354,176,50,178,50,29,8,37,10,49,14,45,13,45,13,58,16,35,10,56,16,14,23,28,24,25,29,16,17,15,14,21,21,20,29,19,39
2018,6,100185245,109,55,50,54,50,5,5,5,5,14,13,8,7,21,19,14,13,16,15,26,24,4,3,8,4,14,9,6,7,1,2,6,4,7,5,10,19
2018,6,100185261,2886,1400,49,1486,51,355,12,362,13,251,9,462,16,498,17,318,11,303,10,337,12,185,195,130,242,252,148,136,112,170,167,121,220,246,170,167,225
2018,6,100185278,12652,6109,48,6543,52,2078,16,1813,14,1005,8,2049,16,2528,20,1491,12,816,6,872,7,1067,940,511,873,1240,771,399,308,1011,873,494,1176,1288,720,417,564
2018,6,100185325,1146,523,46,623,54,83,7,95,8,105,9,163,14,143,12,212,18,116,10,229,20,41,47,55,82,69,93,58,78,42,48,50,81,74,119,58,151
2018,6,100185333,1379,648,47,731,53,126,9,134,10,118,9,194,14,210,15,214,16,153,11,230,17,66,62,59,102,101,107,71,80,60,72,59,92,109,107,82,150
2018,6,100185341,415,215,52,200,48,71,17,63,15,38,9,66,16,78,19,58,14,24,6,17,4,37,35,27,30,38,30,12,6,34,28,11,36,40,28,12,11
2018,6,100185382,309,150,49,159,51,20,6,25,8,27,9,40,13,51,17,40,13,40,13,66,21,11,13,12,16,24,22,22,30,9,12,15,24,27,18,18,36
2018,6,100185405,178,86,48,92,52,13,7,15,8,15,8,20,11,32,18,27,15,16,9,40,22,5,11,8,7,17,16,7,15,8,4,7,13,15,11,9,25
2018,6,100185413,194,103,53,91,47,14,7,25,13,21,11,20,10,34,18,20,10,24,12,36,19,8,14,10,11,18,14,13,15,6,11,11,9,16,6,11,21
2018,6,100185446,1244,647,52,597,48,92,7,134,11,117,9,154,12,219,18,180,14,181,15,167,13,52,69,57,83,124,99,91,72,40,65,60,71,95,81,90,95
2018,6,100185462,278,128,46,150,54,27,10,30,11,25,9,34,12,30,11,46,17,33,12,53,19,7,16,11,21,14,26,16,17,20,14,14,13,16,20,17,36
2018,6,100185470,2950,1380,47,1570,53,251,9,278,9,256,9,437,15,431,15,377,13,465,16,455,15,130,143,138,214,216,179,210,150,121,135,118,223,215,198,255,305
2018,6,100185495,775,386,50,389,50,44,6,74,10,59,8,87,11,128,17,129,17,119,15,135,17,19,28,34,43,72,64,66,60,25,46,25,44,56,65,53,75
2018,6,100185526,126,66,52,60,48,12,10,11,9,10,8,18,14,9,7,21,17,24,19,21,17,10,4,5,8,6,9,14,10,2,7,5,10,3,12,10,11
2018,6,100185614,425,210,49,215,51,38,9,46,11,47,11,60,14,69,16,56,13,47,11,62,15,21,21,30,36,31,29,21,21,17,25,17,24,38,27,26,41
2018,6,100185630,38,21,55,17,45,2,5,4,11,6,16,5,13,3,8,3,8,13,34,2,5,1,3,4,2,1,3,7,0,1,1,2,3,2,0,6,2
2018,6,100185647,88,52,59,36,41,12,14,4,5,8,9,12,14,17,19,12,14,11,13,12,14,6,4,5,7,11,9,6,4,6,0,3,5,6,3,5,8
2018,6,100185663,264,157,59,107,41,18,7,21,8,20,8,42,16,41,16,48,18,43,16,31,12,8,16,12,26,22,29,27,17,10,5,8,16,19,19,16,14
2018,6,100185671,33,18,55,15,45,4,12,3,9,3,9,6,18,5,15,7,21,1,3,4,12,3,2,1,3,4,3,1,1,1,1,2,3,1,4,0,3
2018,6,100185688,242,128,53,114,47,18,7,19,8,15,6,51,21,27,11,36,15,37,15,39,16,11,11,6,34,14,22,18,12,7,8,9,17,13,14,19,27
2018,6,100185702,170,88,52,82,48,14,8,19,11,20,12,20,12,25,15,20,12,25,15,27,16,6,14,11,8,13,11,13,12,8,5,9,12,12,9,12,15
2018,6,100185710,589,286,49,303,51,25,4,51,9,74,13,73,12,100,17,133,23,76,13,57,10,11,25,34,49,57,58,33,19,14,26,40,24,43,75,43,38
2018,6,100185727,945,440,47,505,53,71,8,104,11,90,10,139,15,146,15,126,13,109,12,160,17,39,48,40,70,79,66,39,59,32,56,50,69,67,60,70,101
2018,6,100185735,147,70,48,77,52,8,5,7,5,11,7,20,14,22,15,19,13,26,18,34,23,5,2,8,10,13,5,17,10,3,5,3,10,9,14,9,24
2018,6,100185743,1504,706,47,798,53,112,7,127,8,106,7,217,14,231,15,187,12,217,14,307,20,51,52,52,130,122,88,102,109,61,75,54,87,109,99,115,198
2018,6,100185768,1157,527,46,630,54,105,9,102,9,91,8,193,17,188,16,153,13,151,13,174,15,54,52,51,102,91,73,59,45,51,50,40,91,97,80,92,129
2018,6,100185776,61,30,49,31,51,4,7,13,21,3,5,5,8,13,21,6,10,4,7,13,21,2,7,2,2,8,2,2,5,2,6,1,3,5,4,2,8
2018,6,100185792,70,33,47,37,53,10,14,9,13,4,6,8,11,14,20,8,11,9,13,8,11,3,4,1,4,6,7,4,4,7,5,3,4,8,1,5,4
2018,6,100185807,34,11,32,23,68,7,21,6,18,4,12,6,18,4,12,2,6,3,9,2,6,2,3,0,2,1,1,2,0,5,3,4,4,3,1,1,2
2018,6,100185815,77,36,47,41,53,8,10,8,10,7,9,13,17,5,6,13,17,14,18,9,12,1,3,1,9,3,5,10,4,7,5,6,4,2,8,4,5
2018,6,100185823,140,65,46,75,54,10,7,7,5,12,9,22,16,15,11,24,17,20,14,30,21,6,2,5,10,9,14,9,10,4,5,7,12,6,10,11,20
2018,6,100185831,58,30,52,28,48,7,12,5,9,4,7,9,16,11,19,7,12,5,9,10,17,4,1,3,4,7,4,3,4,3,4,1,5,4,3,2,6
2018,6,100185864,66,28,42,38,58,1,2,5,8,7,11,9,14,6,9,15,23,11,17,12,18,1,1,5,3,2,8,4,4,0,4,2,6,4,7,7,8
2018,6,100185880,46,23,50,23,50,5,11,7,15,4,9,8,17,5,11,6,13,6,13,5,11,1,4,3,3,3,4,3,2,4,3,1,5,2,2,3,3
2018,6,100185897,574,275,48,299,52,61,11,50,9,41,7,101,18,75,13,61,11,93,16,92,16,35,24,19,52,38,27,47,33,26,26,22,49,37,34,46,59
2018,6,100185903,108,59,55,49,45,9,8,14,13,12,11,8,7,21,19,16,15,17,16,11,10,6,9,8,4,9,8,10,5,3,5,4,4,12,8,7,6
2018,6,100185911,33,12,36,21,64,4,12,4,12,4,12,5,15,5,15,5,15,2,6,4,12,1,1,1,2,3,3,0,1,3,3,3,3,2,2,2,3
2018,6,100185928,104,48,46,56,54,10,10,8,8,13,13,17,16,10,10,17,16,11,11,18,17,3,4,7,10,4,11,4,5,7,4,6,7,6,6,7,13
2018,6,100185936,21,16,76,5,24,1,5,0,0,1,5,1,5,2,10,5,24,5,24,6,29,1,0,1,1,2,5,2,4,0,0,0,0,0,0,3,2
2018,6,100185944,5,,,,,,,,,,,,,,,,,,,,,,,,,,,,,,,,,,,,
2018,6,100185952,42,17,40,25,60,1,2,4,10,4,10,4,10,10,24,6,14,5,12,8,19,1,1,2,2,3,3,4,1,0,3,2,2,7,3,1,7
2018,6,100185977,349,155,44,194,56,38,11,35,10,32,9,55,16,56,16,38,11,46,13,49,14,19,10,19,27,27,15,23,15,19,25,13,28,29,23,23,34
2018,6,100185985,290,136,47,154,53,16,6,27,9,20,7,33,11,49,17,33,11,45,16,67,23,9,15,6,20,24,20,18,24,7,12,14,13,25,13,27,43
2018,6,100185993,377,172,46,205,54,21,6,42,11,37,10,58,15,56,15,44,12,58,15,61,16,10,22,19,28,26,19,23,25,11,20,18,30,30,25,35,36
2018,6,100186046,54,28,52,26,48,3,6,6,11,7,13,3,6,12,22,5,9,5,9,13,24,3,3,3,1,7,3,2,6,0,3,4,2,5,2,3,7
2018,6,100186054,227,106,47,121,53,22,10,31,14,25,11,25,11,33,15,16,7,28,12,47,21,12,14,17,10,13,8,13,19,10,17,8,15,20,8,15,28
2018,6,100186062,2685,1226,46,1459,54,265,10,247,9,237,9,396,15,389,14,355,13,366,14,430,16,128,127,132,185,172,179,154,149,137,120,105,211,217,176,212,281
2018,6,100186070,202,90,45,112,55,14,7,18,9,28,14,32,16,26,13,35,17,26,13,23,11,8,8,13,16,12,15,13,5,6,10,15,16,14,20,13,18
2018,6,100186087,1840,944,51,896,49,152,8,241,13,202,11,210,11,328,18,311,17,228,12,168,9,88,130,105,109,161,161,115,75,64,111,97,101,167,150,113,93
2018,6,100186118,850,405,48,445,52,95,11,106,12,82,10,100,12,133,16,126,15,78,9,130,15,41,58,39,49,66,71,34,47,54,48,43,51,67,55,44,83
2018,6,100186126,1636,767,47,869,53,179,11,155,9,133,8,245,15,291,18,195,12,178,11,260,16,96,84,70,117,150,92,79,79,83,71,63,128,141,103,99,181
2018,6,100186134,1210,525,43,685,57,134,11,120,10,77,6,173,14,195,16,126,10,121,10,264,22,70,56,39,84,90,58,44,84,64,64,38,89,105,68,77,180
2018,6,100186167,365,171,47,194,53,23,6,28,8,46,13,58,16,52,14,62,17,37,10,59,16,14,13,27,31,19,28,18,21,9,15,19,27,33,34,19,38
2018,6,100186206,236,116,49,120,51,15,6,24,10,30,13,25,11,27,11,39,17,21,9,55,23,9,13,19,12,14,19,12,18,6,11,11,13,13,20,9,37
2018,6,100186230,336,158,47,178,53,20,6,38,11,40,12,46,14,50,15,42,13,37,11,63,19,10,19,17,24,26,19,21,22,10,19,23,22,24,23,16,41
2018,6,100186247,47,23,49,24,51,2,4,0,0,4,9,6,13,7,15,10,21,8,17,10,21,1,0,2,5,4,6,2,3,1,0,2,1,3,4,6,7
2018,6,100186255,325,158,49,167,51,22,7,26,8,49,15,60,18,34,10,39,12,58,18,37,11,11,13,27,34,16,18,27,12,11,13,22,26,18,21,31,25
2018,6,100186263,19,9,47,10,53,2,11,0,0,2,11,2,11,5,26,2,11,5,26,1,5,0,0,0,1,3,2,3,0,2,0,2,1,2,0,2,1
2018,6,100186271,489,224,46,265,54,22,4,51,10,60,12,54,11,40,8,73,15,82,17,107,22,6,23,34,33,20,36,33,39,16,28,26,21,20,37,49,68
2018,6,100186351,43,18,42,25,58,5,12,4,9,1,2,8,19,4,9,6,14,10,23,5,12,2,1,0,4,1,2,5,3,3,3,1,4,3,4,5,2
2018,6,100186368,5,,,,,,,,,,,,,,,,,,,,,,,,,,,,,,,,,,,,
2018,6,100186376,222,103,46,119,54,23,10,23,10,22,10,31,14,19,9,30,14,30,14,44,20,10,10,13,16,9,13,17,15,13,13,9,15,10,17,13,29
2018,6,100186384,23,11,48,12,52,0,0,5,22,4,17,0,0,2,9,4,17,1,4,7,30,0,3,2,0,1,1,1,3,0,2,2,0,1,3,0,4
2018,6,100186415,140,70,50,70,50,12,9,16,11,15,11,23,16,18,13,20,14,16,11,20,14,6,8,6,15,9,10,8,8,6,8,9,8,9,10,8,12
2018,6,100186448,271,145,54,126,46,22,8,28,10,37,14,37,14,34,13,42,15,36,13,35,13,13,20,20,21,20,19,17,15,9,8,17,16,14,23,19,20
2018,6,100186456,46,18,39,28,61,5,11,4,9,5,11,6,13,7,15,5,11,8,17,6,13,1,1,3,3,3,3,3,1,4,3,2,3,4,2,5,5
2018,6,100186480,359,177,49,182,51,51,14,35,10,41,11,57,16,35,10,50,14,43,12,47,13,21,17,24,32,18,26,20,19,30,18,17,25,17,24,23,28
2018,6,100186511,515,248,48,267,52,34,7,55,11,75,15,64,12,54,10,66,13,64,12,103,20,17,31,38,37,30,29,31,35,17,24,37,27,24,37,33,68
2018,6,100186528,333,158,47,175,53,28,8,39,12,31,9,39,12,51,15,33,10,43,13,69,21,14,21,18,12,25,16,18,34,14,18,13,27,26,17,25,35
2018,6,100186560,482,219,45,263,55,19,4,40,8,87,18,47,10,56,12,68,14,84,17,81,17,11,27,41,20,29,30,36,25,8,13,46,27,27,38,48,56
2018,6,100186585,337,156,46,181,54,22,7,24,7,51,15,35,10,39,12,52,15,54,16,60,18,14,13,22,23,17,29,19,19,8,11,29,12,22,23,35,41
2018,6,100186632,118,63,53,55,47,9,8,7,6,11,9,16,14,17,14,17,14,16,14,25,21,5,2,5,10,14,8,8,11,4,5,6,6,3,9,8,14
2018,6,100186640,65,29,45,36,55,3,5,9,14,5,8,7,11,9,14,9,14,14,22,9,14,3,3,3,5,4,4,5,2,0,6,2,2,5,5,9,7
2018,6,100186657,291,138,47,153,53,25,9,22,8,31,11,37,13,32,11,46,16,38,13,60,21,14,15,16,22,12,23,16,20,11,7,15,15,20,23,22,40
2018,6,100186681,123,67,54,56,46,12,10,18,15,16,13,17,14,19,15,13,11,15,12,13,11,7,7,11,10,12,7,9,4,5,11,5,7,7,6,6,9
2018,6,100186704,383,177,46,206,54,28,7,36,9,48,13,53,14,33,9,61,16,68,18,56,15,11,18,27,31,12,32,30,16,17,18,21,22,21,29,38,40
2018,6,100186778,337,166,49,171,51,20,6,15,4,42,12,40,12,28,8,49,15,43,13,100,30,9,8,27,23,14,25,24,36,11,7,15,17,14,24,19,64
2018,6,100186825,244,114,47,130,53,10,4,21,9,25,10,28,11,25,10,36,15,45,18,54,22,5,11,15,20,13,14,18,18,5,10,10,8,12,22,27,36
2018,6,100186841,1009,483,48,526,52,76,8,78,8,113,11,145,14,101,10,159,16,155,15,182,18,42,37,60,89,38,78,71,68,34,41,53,56,63,81,84,114
2018,6,100186913,231,96,42,135,58,20,9,28,12,38,16,19,8,28,12,22,10,30,13,46,20,8,10,10,13,11,13,16,15,12,18,28,6,17,9,14,31
2018,6,100186946,178,89,50,89,50,4,2,10,6,22,12,21,12,14,8,28,16,34,19,45,25,4,6,10,17,3,15,18,16,0,4,12,4,11,13,16,29
2018,6,100186987,177,83,47,94,53,16,9,13,7,35,20,28,16,13,7,28,16,20,11,24,14,10,7,15,17,6,13,8,7,6,6,20,11,7,15,12,17
2018,6,100187031,81,36,44,45,56,3,4,10,12,11,14,10,12,7,9,13,16,13,16,14,17,2,6,4,5,3,5,6,5,1,4,7,5,4,8,7,9
2018,6,100187080,216,92,43,124,57,6,3,18,8,24,11,27,13,23,11,45,21,24,11,49,23,3,7,11,14,11,22,9,15,3,11,13,13,12,23,15,34
2018,6,100187097,249,125,50,124,50,24,10,17,7,30,12,36,14,34,14,41,16,32,13,35,14,16,11,19,14,18,22,13,12,8,6,11,22,16,19,19,23
2018,6,100187136,50,21,42,29,58,7,14,6,12,11,22,4,8,6,12,6,12,4,8,6,12,2,3,5,2,3,4,1,1,5,3,6,2,3,2,3,5
2018,6,100187160,28,15,54,13,46,2,7,3,11,1,4,4,14,5,18,2,7,6,21,5,18,1,1,1,2,4,1,4,1,1,2,0,2,1,1,2,4
2018,6,100187177,24,12,50,12,50,0,0,1,4,5,21,3,13,4,17,4,17,6,25,1,4,0,0,3,1,2,2,4,0,0,1,2,2,2,2,2,1
2018,6,100187193,20,12,60,8,40,0,0,0,0,3,15,3,15,2,10,6,30,1,5,5,25,0,0,3,2,1,3,1,2,0,0,0,1,1,3,0,3
2018,6,100187216,156,71,46,85,54,6,4,18,12,14,9,19,12,20,13,17,11,15,10,47,30,3,10,9,8,14,10,3,14,3,8,5,11,6,7,12,33
2018,6,100187224,43,22,51,21,49,5,12,5,12,4,9,3,7,6,14,6,14,6,14,8,19,3,4,1,2,2,4,2,4,2,1,3,1,4,2,4,4
2018,6,100187281,51,22,43,29,57,4,8,3,6,5,10,7,14,3,6,6,12,7,14,16,31,0,3,0,4,2,3,6,4,4,0,5,3,1,3,1,12
2018,6,100187304,24,11,46,13,54,0,0,4,17,1,4,1,4,7,29,2,8,5,21,4,17,0,2,0,1,5,0,2,1,0,2,1,0,2,2,3,3
2018,6,100187337,36,18,50,18,50,2,6,3,8,3,8,7,19,4,11,6,17,7,19,4,11,2,1,2,6,0,2,4,1,0,2,1,1,4,4,3,3
2018,6,100187353,19,11,58,8,42,0,0,2,11,4,21,3,16,5,26,0,0,3,16,2,11,0,0,2,3,3,0,1,2,0,2,2,0,2,0,2,0
2018,6,100187386,47,26,55,21,45,5,11,6,13,8,17,5,11,3,6,5,11,4,9,11,23,4,4,7,2,1,4,0,4,1,2,1,3,2,1,4,7
2018,6,100187400,210,98,47,112,53,3,1,6,3,33,16,90,43,29,14,18,9,18,9,13,6,2,4,18,46,13,8,4,3,1,2,15,44,16,10,14,10
2018,6,100187474,339,151,45,188,55,26,8,25,7,59,17,38,11,49,14,41,12,42,12,59,17,10,16,27,18,28,21,17,14,16,9,32,20,21,20,25,45
2018,6,100187505,67,35,52,32,48,5,7,7,10,3,4,14,21,5,7,11,16,14,21,8,12,2,2,2,10,4,5,6,4,3,5,1,4,1,6,8,4
2018,6,100187538,38,14,37,24,63,3,8,3,8,0,0,4,11,4,11,9,24,3,8,12,32,3,0,0,1,3,4,0,3,0,3,0,3,1,5,3,9
2018,6,100187683,35,15,43,20,57,2,6,0,0,3,9,11,31,3,9,2,6,6,17,8,23,1,0,1,6,1,0,1,5,1,0,2,5,2,2,5,3
2018,6,100187771,78,39,50,39,50,13,17,8,10,5,6,18,23,8,10,10,13,3,4,13,17,8,7,1,7,6,4,1,5,5,1,4,11,2,6,2,8
2018,6,100187827,1573,728,46,845,54,107,7,119,8,174,11,189,12,158,10,241,15,216,14,369,23,56,69,91,89,89,116,106,112,51,50,83,100,69,125,110,257
2018,6,100187843,273,132,48,141,52,18,7,14,5,35,13,36,13,31,11,37,14,51,19,51,19,11,9,16,17,16,21,23,19,7,5,19,19,15,16,28,32
2018,6,100187851,48,26,54,22,46,2,4,6,13,8,17,5,10,10,21,7,15,2,4,8,17,1,4,6,4,6,4,0,1,1,2,2,1,4,3,2,7
2018,6,100187868,29,17,59,12,41,2,7,1,3,5,17,7,24,2,7,5,17,1,3,6,21,2,1,3,4,1,3,0,3,0,0,2,3,1,2,1,3
2018,6,100187876,129,71,55,58,45,4,3,12,9,10,8,13,10,17,13,23,18,17,13,33,26,3,9,8,10,8,11,7,15,1,3,2,3,9,12,10,18
2018,6,100187892,31,15,48,16,52,4,13,2,6,2,6,7,23,1,3,2,6,10,32,3,10,3,1,1,3,1,2,3,1,1,1,1,4,0,0,7,2
2018,6,100187907,15,7,47,8,53,0,0,2,13,1,7,0,0,5,33,0,0,2,13,5,33,0,1,0,0,3,0,1,2,0,1,1,0,2,0,1,3
2018,6,100187915,14,8,57,6,43,0,0,0,0,2,14,2,14,3,21,1,7,4,29,2,14,0,0,1,2,2,0,3,0,0,0,1,0,1,1,1,2
2018,6,100187923,22,11,50,11,50,1,5,3,14,3,14,2,9,3,14,5,23,0,0,5,23,1,3,1,1,2,2,0,1,0,0,2,1,1,3,0,4
2018,6,100187948,14,8,57,6,43,0,0,2,14,1,7,2,14,2,14,1,7,4,29,2,14,0,2,0,1,1,1,1,2,0,0,1,1,1,0,3,0
2018,6,100187956,648,293,45,355,55,52,8,57,9,67,10,97,15,73,11,89,14,100,15,113,17,28,28,26,48,41,38,47,37,24,29,41,49,32,51,53,76
2018,6,100187964,49,28,57,21,43,2,4,3,6,5,10,5,10,10,20,9,18,4,8,11,22,2,3,4,2,6,5,3,3,0,0,1,3,4,4,1,8
2018,6,100187972,5,,,,,,,,,,,,,,,,,,,,,,,,,,,,,,,,,,,,
2018,6,100187997,24,13,54,11,46,1,4,0,0,4,17,2,8,4,17,7,29,2,8,4,17,1,0,2,1,2,5,1,1,0,0,2,1,2,2,1,3
2018,6,100188025,13,5,38,8,62,0,0,1,8,1,8,0,0,1,8,5,38,3,23,2,15,0,0,1,0,0,3,0,1,0,1,0,0,1,2,3,1
2018,6,100188041,214,111,52,103,48,20,9,24,11,31,14,29,14,23,11,28,13,30,14,29,14,11,17,16,16,10,15,14,12,9,7,15,13,13,13,16,17
2018,6,100188058,22,9,41,13,59,3,14,3,14,2,9,2,9,5,23,5,23,0,0,2,9,1,1,0,1,2,3,0,1,2,2,2,1,3,2,0,1
2018,6,100188066,638,296,46,342,54,34,5,34,5,72,11,92,14,60,9,117,18,89,14,140,22,11,11,42,55,38,62,38,39,23,23,30,37,22,55,51,101
2018,6,100188074,5,,,,,,,,,,,,,,,,,,,,,,,,,,,,,,,,,,,,
2018,6,100188082,5,,,,,,,,,,,,,,,,,,,,,,,,,,,,,,,,,,,,
2018,6,100188090,11,5,45,6,55,0,0,0,0,1,9,1,9,1,9,3,27,1,9,4,36,0,0,0,1,1,1,1,1,0,0,1,0,0,2,0,3
2018,6,100188105,14,10,71,4,29,0,0,0,0,1,7,1,7,1,7,4,29,3,21,4,29,0,0,1,1,1,2,3,2,0,0,0,0,0,2,0,2
2018,6,100188113,37,15,41,22,59,1,3,2,5,5,14,6,16,3,8,5,14,4,11,11,30,1,0,3,4,1,1,2,3,0,2,2,2,2,4,2,8
2018,6,100188121,5,,,,,,,,,,,,,,,,,,,,,,,,,,,,,,,,,,,,
2018,6,100188138,85,34,40,51,60,2,2,5,6,4,5,6,7,4,5,21,25,19,22,24,28,1,3,2,1,2,12,8,5,1,2,2,5,2,9,11,19
2018,6,100188146,212,113,53,99,47,11,5,17,8,28,13,38,18,21,10,39,18,27,13,31,15,6,9,20,27,11,18,12,10,5,8,8,11,10,21,15,21
2018,6,100188154,30,14,47,16,53,1,3,3,10,4,13,2,7,1,3,6,20,6,20,7,23,1,1,3,0,0,3,4,2,0,2,1,2,1,3,2,5
2018,6,100188162,40,23,58,17,43,0,0,1,3,5,13,5,13,5,13,5,13,11,28,8,20,0,1,3,3,2,4,5,5,0,0,2,2,3,1,6,3
2018,6,100188195,25,15,60,10,40,3,12,1,4,1,4,3,12,6,24,1,4,4,16,6,24,3,0,0,0,5,1,2,4,0,1,1,3,1,0,2,2
2018,6,100188201,225,109,48,116,52,19,8,24,11,28,12,31,14,23,10,34,15,26,12,40,18,15,14,17,13,11,19,9,11,4,10,11,18,12,15,17,29
2018,6,100188218,184,107,58,77,42,3,2,4,2,5,3,14,8,15,8,23,13,49,27,71,39,2,1,2,9,10,15,37,31,1,3,3,5,5,8,12,40
2018,6,100188234,67,34,51,33,49,2,3,5,7,5,7,11,16,7,10,11,16,12,18,14,21,1,2,3,8,4,6,4,6,1,3,2,3,3,5,8,8
2018,6,100188242,57,30,53,27,47,5,9,8,14,4,7,7,12,12,21,7,12,6,11,8,14,1,6,2,4,8,4,2,3,4,2,2,3,4,3,4,5
2018,6,100188250,561,255,45,306,55,45,8,55,10,72,13,80,14,66,12,85,15,73,13,85,15,19,30,33,39,34,41,33,26,26,25,39,41,32,44,40,59
2018,6,100188275,127,59,46,68,54,11,9,7,6,21,17,19,15,17,13,19,15,13,10,20,16,4,2,9,9,8,11,6,10,7,5,12,10,9,8,7,10
2018,6,100188371,26,15,58,11,42,1,4,6,23,1,4,3,12,4,15,4,15,2,8,5,19,1,3,1,1,3,3,2,1,0,3,0,2,1,1,0,4
2018,6,100188410,709,329,46,380,54,35,5,50,7,62,9,76,11,57,8,90,13,99,14,240,34,15,25,34,42,30,41,49,93,20,25,28,34,27,49,50,147
2018,6,100188476,55,25,45,30,55,4,7,2,4,9,16,3,5,8,15,6,11,13,24,10,18,1,1,5,0,4,4,6,4,3,1,4,3,4,2,7,6
2018,6,100188492,29,12,41,17,59,3,10,1,3,2,7,4,14,5,17,5,17,4,14,5,17,0,0,1,2,3,3,2,1,3,1,1,2,2,2,2,4
2018,6,100188507,11,6,55,5,45,0,0,1,9,2,18,1,9,2,18,3,27,0,0,2,18,0,1,0,1,1,2,0,1,0,0,2,0,1,1,0,1
2018,6,100188515,62,29,47,33,53,3,5,4,6,11,18,7,11,7,11,8,13,8,13,14,23,3,1,4,5,3,3,5,5,0,3,7,2,4,5,3,9
2018,6,100188523,459,210,46,249,54,38,8,43,9,51,11,69,15,60,13,53,12,77,17,68,15,18,22,29,32,28,26,36,19,20,21,22,37,32,27,41,49
2018,6,100188531,75,37,49,38,51,9,12,7,9,8,11,10,13,6,8,11,15,10,13,14,19,6,5,1,7,4,5,6,3,3,2,7,3,2,6,4,11
2018,6,100188564,16,6,38,10,63,0,0,1,6,2,13,6,38,0,0,3,19,3,19,1,6,0,0,2,1,0,1,2,0,0,1,0,5,0,2,1,1
2018,6,100188572,27,14,52,13,48,3,11,3,11,2,7,4,15,3,11,4,15,2,7,6,22,2,2,1,2,1,2,1,3,1,1,1,2,2,2,1,3
2018,6,100188580,47,20,43,27,57,6,13,6,13,3,6,4,9,9,19,4,9,9,19,6,13,4,4,1,0,2,4,4,1,2,2,2,4,7,0,5,5
2018,6,100188597,363,173,48,190,52,19,5,30,8,38,10,40,11,50,14,40,11,63,17,83,23,8,16,20,25,22,22,30,30,11,14,18,15,28,18,33,53
2018,6,100188611,46,23,50,23,50,2,4,6,13,3,7,10,22,7,15,3,7,5,11,10,22,0,3,1,4,5,2,2,6,2,3,2,6,2,1,3,4
2018,6,100188628,65,29,45,36,55,2,3,5,8,7,11,5,8,8,12,15,23,7,11,16,25,1,0,3,4,6,7,2,6,1,5,4,1,2,8,5,10
2018,6,100188644,14,7,50,7,50,1,7,2,14,3,21,2,14,0,0,4,29,2,14,0,0,0,1,2,1,0,2,1,0,1,1,1,1,0,2,1,0
2018,6,100188740,191,86,45,105,55,18,9,12,6,18,9,32,17,20,10,18,9,35,18,38,20,8,5,8,19,11,7,13,15,10,7,10,13,9,11,22,23
2018,6,100188781,1324,623,47,701,53,79,6,88,7,142,11,165,12,163,12,175,13,192,15,320,24,41,48,73,91,94,82,97,97,38,40,69,74,69,93,95,223
2018,6,100188798,86,42,49,44,51,5,6,4,5,5,6,11,13,10,12,14,16,15,17,22,26,1,2,3,7,7,8,7,7,4,2,2,4,3,6,8,15
2018,6,100188804,322,146,45,176,55,14,4,19,6,38,12,40,12,36,11,43,13,59,18,73,23,6,9,20,22,19,17,29,24,8,10,18,18,17,26,30,49
2018,6,100188812,24,17,71,7,29,2,8,0,0,0,0,2,8,3,13,5,21,5,21,7,29,2,0,0,2,1,4,4,4,0,0,0,0,2,1,1,3
2018,6,100188820,119,55,46,64,54,8,7,9,8,9,8,19,16,13,11,13,11,22,18,26,22,4,4,5,10,5,8,11,8,4,5,4,9,8,5,11,18
2018,6,100188837,512,236,46,276,54,36,7,43,8,65,13,81,16,47,9,91,18,68,13,81,16,17,21,28,46,23,42,34,25,19,22,37,35,24,49,34,56
2018,6,100188845,2112,960,45,1152,55,109,5,152,7,213,10,264,13,216,10,313,15,338,16,507,24,62,72,104,146,104,149,162,161,47,80,109,118,112,164,176,346
2018,6,100188853,141,72,51,69,49,6,4,11,8,10,7,34,24,15,11,21,15,15,11,29,21,2,8,5,21,9,14,5,8,4,3,5,13,6,7,10,21
2018,6,100188861,71,28,39,43,61,1,1,1,1,6,8,8,11,4,6,17,24,11,15,23,32,1,0,2,7,1,7,3,7,0,1,4,1,3,10,8,16
2018,6,100188886,23,11,48,12,52,0,0,4,17,2,9,2,9,4,17,0,0,3,13,8,35,0,3,1,1,2,0,2,2,0,1,1,1,2,0,1,6
2018,6,100188894,21,10,48,11,52,0,0,2,10,1,5,2,10,3,14,4,19,4,19,5,24,0,1,0,2,1,3,1,2,0,1,1,0,2,1,3,3
2018,6,100188933,38,17,45,21,55,5,13,5,13,10,26,3,8,3,8,2,5,4,11,6,16,3,4,5,1,1,0,2,1,2,1,5,2,2,2,2,5
2018,6,100188958,113,57,50,56,50,11,10,5,4,8,7,18,16,10,9,19,17,21,19,21,19,8,2,3,10,4,10,15,5,3,3,5,8,6,9,6,16
2018,6,100188966,109,55,50,54,50,6,6,7,6,25,23,7,6,16,15,18,17,10,9,20,18,3,4,16,3,7,9,6,7,3,3,9,4,9,9,4,13
2018,6,100188974,68,31,46,37,54,6,9,6,9,10,15,8,12,7,10,5,7,18,26,8,12,0,4,6,5,1,3,10,2,6,2,4,3,6,2,8,6
2018,6,100188990,441,211,48,230,52,34,8,46,10,57,13,75,17,57,13,51,12,56,13,65,15,16,26,29,39,30,27,27,17,18,20,28,36,27,24,29,48
2018,6,100189027,27,12,44,15,56,1,4,0,0,5,19,3,11,4,15,6,22,2,7,6,22,0,0,1,1,1,4,2,3,1,0,4,2,3,2,0,3
2018,6,100189043,40,22,55,18,45,3,8,6,15,5,13,5,13,7,18,1,3,2,5,11,28,2,2,4,1,5,1,1,6,1,4,1,4,2,0,1,5
2018,6,100189051,89,38,43,51,57,11,12,6,7,9,10,14,16,10,11,10,11,14,16,15,17,6,3,5,6,5,4,5,4,5,3,4,8,5,6,9,11
2018,6,100189068,90,45,50,45,50,0,0,8,9,11,12,8,9,12,13,18,20,10,11,23,26,0,6,4,5,6,9,7,8,0,2,7,3,6,9,3,15
2018,6,100189084,531,232,44,299,56,40,8,39,7,63,12,75,14,64,12,70,13,85,16,95,18,18,22,25,39,28,32,35,33,22,17,38,36,36,38,50,62
2018,6,100189092,39,18,46,21,54,3,8,7,18,7,18,4,10,6,15,5,13,1,3,6,15,2,2,4,2,2,3,1,2,1,5,3,2,4,2,0,4
2018,6,100189164,356,167,47,189,53,18,5,26,7,56,16,35,10,44,12,58,16,45,13,74,21,9,10,32,22,20,30,23,21,9,16,24,13,24,28,22,53
2018,6,100189172,68,29,43,39,57,4,6,4,6,12,18,9,13,6,9,12,18,9,13,12,18,0,1,8,3,4,5,6,2,4,3,4,6,2,7,3,10
2018,6,100189180,145,62,43,83,57,7,5,16,11,25,17,18,12,11,8,19,13,22,15,27,19,3,8,13,5,7,8,11,7,4,8,12,13,4,11,11,20
2018,6,100189228,34,15,44,19,56,1,3,5,15,5,15,4,12,6,18,5,15,3,9,5,15,0,2,3,2,1,2,3,2,1,3,2,2,5,3,0,3
2018,6,100189252,262,129,49,133,51,22,8,19,7,24,9,45,17,37,14,33,13,31,12,51,19,11,8,12,29,20,20,15,14,11,11,12,16,17,13,16,37
2018,6,100189308,179,78,44,101,56,21,12,14,8,21,12,28,16,18,10,22,12,16,9,39,22,13,8,6,15,11,9,7,9,8,6,15,13,7,13,9,30
2018,6,100189324,226,108,48,118,52,19,8,16,7,37,16,32,14,36,16,32,14,20,9,34,15,10,10,19,17,22,13,10,7,9,6,18,15,14,19,10,27
2018,6,100189332,331,156,47,175,53,23,7,21,6,29,9,43,13,36,11,42,13,64,19,73,22,12,11,18,24,20,20,30,21,11,10,11,19,16,22,34,52
2018,6,100189357,16,5,31,11,69,0,0,1,6,2,13,1,6,1,6,4,25,0,0,7,44,0,0,0,0,0,3,0,2,0,1,2,1,1,1,0,5
2018,6,100189365,162,73,45,89,55,2,1,11,7,4,2,19,12,19,12,28,17,30,19,49,30,1,8,3,4,10,16,15,16,1,3,1,15,9,12,15,33
2018,6,100189373,179,87,49,92,51,10,6,17,9,18,10,27,15,17,9,27,15,17,9,46,26,5,8,8,15,9,15,8,19,5,9,10,12,8,12,9,27
2018,6,100189381,1308,620,47,688,53,76,6,86,7,158,12,153,12,161,12,189,14,185,14,300,23,46,49,80,83,87,83,82,110,30,37,78,70,74,106,103,190
2018,6,100189404,215,125,58,90,42,6,3,15,7,23,11,36,17,25,12,31,14,38,18,41,19,2,12,16,25,12,20,18,20,4,3,7,11,13,11,20,21
2018,6,100189412,206,97,47,109,53,12,6,18,9,18,9,26,13,21,10,29,14,33,16,49,24,4,8,11,14,11,15,17,17,8,10,7,12,10,14,16,32
2018,6,100189420,162,83,51,79,49,10,6,11,7,5,3,27,17,22,14,22,14,32,20,33,20,7,6,2,14,12,12,15,15,3,5,3,13,10,10,17,18
2018,6,100189437,512,243,47,269,53,32,6,53,10,78,15,63,12,49,10,63,12,63,12,111,22,11,30,44,33,26,29,32,38,21,23,34,30,23,34,31,73
2018,6,100189461,146,76,52,70,48,9,6,14,10,17,12,17,12,21,14,20,14,27,18,21,14,6,6,8,12,15,14,12,3,3,8,9,5,6,6,15,18
2018,6,100189486,83,42,51,41,49,6,7,10,12,8,10,7,8,21,25,5,6,6,7,20,24,6,6,4,4,9,4,3,6,0,4,4,3,12,1,3,14
2018,6,100189500,783,366,47,417,53,60,8,62,8,79,10,135,17,83,11,83,11,111,14,170,22,29,33,39,72,52,34,44,63,31,29,40,63,31,49,67,107
2018,6,100189517,53,24,45,29,55,2,4,0,0,10,19,5,9,5,9,4,8,7,13,20,38,1,0,5,3,2,1,3,9,1,0,5,2,3,3,4,11
2018,6,100189541,216,114,53,102,47,16,7,19,9,29,13,32,15,25,12,29,13,29,13,37,17,8,12,17,24,14,13,15,11,8,7,12,8,11,16,14,26
2018,6,100189646,146,71,49,75,51,11,8,22,15,14,10,15,10,20,14,16,11,24,16,24,16,4,12,8,11,11,6,12,7,7,10,6,4,9,10,12,17
2018,6,100189750,130,69,53,61,47,10,8,8,6,13,10,20,15,16,12,11,8,23,18,29,22,6,3,6,15,9,6,13,11,4,5,7,5,7,5,10,18
2018,6,100189830,25,15,60,10,40,1,4,2,8,2,8,3,12,2,8,3,12,7,28,5,20,1,1,2,1,1,2,3,4,0,1,0,2,1,1,4,1
2018,6,100189847,499,215,43,284,57,27,5,36,7,43,9,54,11,54,11,89,18,82,16,114,23,10,15,21,26,25,44,38,36,17,21,22,28,29,45,44,78
2018,6,100189855,1194,554,46,640,54,71,6,84,7,84,7,171,14,148,12,183,15,169,14,284,24,31,39,55,96,76,96,74,87,40,45,29,75,72,87,95,197
2018,6,100189863,425,207,49,218,51,17,4,43,10,33,8,51,12,56,13,52,12,56,13,117,28,4,24,18,37,27,32,22,43,13,19,15,14,29,20,34,74
2018,6,100189871,5,,,,,,,,,,,,,,,,,,,,,,,,,,,,,,,,,,,,
2018,6,100189902,230,116,50,114,50,12,5,18,8,30,13,27,12,23,10,32,14,39,17,49,21,9,8,20,15,14,16,17,17,3,10,10,12,9,16,22,32
2018,6,100189935,203,98,48,105,52,5,2,17,8,22,11,21,10,26,13,35,17,39,19,38,19,2,7,12,9,13,20,19,16,3,10,10,12,13,15,20,22
2018,6,100189968,79,40,51,39,49,6,8,6,8,9,11,18,23,4,5,11,14,13,16,12,15,3,5,6,12,2,6,5,1,3,1,3,6,2,5,8,11
2018,6,100189976,613,282,46,331,54,40,7,56,9,63,10,85,14,81,13,86,14,72,12,130,21,19,33,33,48,41,36,30,42,21,23,30,37,40,50,42,88
2018,6,100190005,136,61,45,75,55,11,8,11,8,13,10,16,12,19,14,15,11,21,15,30,22,4,5,4,9,11,8,9,11,7,6,9,7,8,7,12,19
2018,6,100190013,299,146,49,153,51,24,8,36,12,35,12,52,17,33,11,47,16,40,13,32,11,13,20,14,31,17,24,16,11,11,16,21,21,16,23,24,21
2018,6,100190038,111,58,52,53,48,6,5,13,12,14,13,17,15,17,15,21,19,13,12,10,9,5,5,7,12,8,10,7,4,1,8,7,5,9,11,6,6
2018,6,100190101,159,74,47,85,53,5,3,11,7,18,11,21,13,25,16,33,21,19,12,27,17,3,7,10,9,14,14,10,7,2,4,8,12,11,19,9,20
2018,6,100190167,742,347,47,395,53,60,8,73,10,83,11,87,12,98,13,81,11,87,12,173,23,29,44,40,52,53,39,35,55,31,29,43,35,45,42,52,118
2018,6,100190183,366,150,41,216,59,4,1,2,1,5,1,10,3,17,5,27,7,55,15,246,67,0,1,0,7,10,19,35,78,4,1,5,3,7,8,20,168
2018,6,100190222,623,295,47,328,53,56,9,51,8,50,8,89,14,71,11,84,13,89,14,133,21,33,33,24,47,33,41,40,44,23,18,26,42,38,43,49,89
2018,6,100190255,337,160,47,177,53,12,4,32,9,24,7,49,15,42,12,42,12,59,18,77,23,6,13,11,28,24,22,27,29,6,19,13,21,18,20,32,48
2018,6,100190310,558,271,49,287,51,55,10,45,8,58,10,75,13,69,12,62,11,90,16,104,19,28,26,25,46,36,31,41,38,27,19,33,29,33,31,49,66
2018,6,100190415,227,106,47,121,53,11,5,19,8,26,11,41,18,27,12,36,16,29,13,38,17,8,7,16,25,13,16,11,10,3,12,10,16,14,20,18,28
2018,6,100190511,252,129,51,123,49,14,6,28,11,33,13,34,13,34,13,34,13,31,12,44,17,7,15,24,17,19,17,17,13,7,13,9,17,15,17,14,31
2018,6,100190528,62,33,53,29,47,4,6,3,5,6,10,8,13,6,10,7,11,16,26,12,19,0,3,2,5,4,4,8,7,4,0,4,3,2,3,8,5
2018,6,100190536,207,100,48,107,52,13,6,13,6,29,14,24,12,25,12,31,15,36,17,36,17,8,7,13,14,13,16,17,12,5,6,16,10,12,15,19,24
2018,6,100190552,145,68,47,77,53,6,4,16,11,18,12,21,14,13,9,21,14,21,14,29,20,1,6,11,10,7,10,12,11,5,10,7,11,6,11,9,18
2018,6,100190624,191,99,52,92,48,26,14,22,12,25,13,38,20,14,7,26,14,18,9,22,12,15,13,14,22,6,13,10,6,11,9,11,16,8,13,8,16
2018,6,100190673,199,99,50,100,50,11,6,13,7,23,12,28,14,21,11,31,16,30,15,42,21,5,4,13,19,11,17,15,15,6,9,10,9,10,14,15,27
2018,6,100190704,243,125,51,118,49,16,7,18,7,32,13,36,15,18,7,48,20,40,16,35,14,6,14,18,23,10,23,21,10,10,4,14,13,8,25,19,25
2018,6,100190800,160,88,55,72,45,10,6,11,7,24,15,24,15,12,8,28,18,21,13,30,19,7,7,15,18,5,13,8,15,3,4,9,6,7,15,13,15
2018,6,100190841,86,40,47,46,53,5,6,3,3,9,10,14,16,2,2,18,21,11,13,24,28,2,2,4,10,0,8,6,8,3,1,5,4,2,10,5,16
2018,6,100190866,28,16,57,12,43,4,14,2,7,2,7,2,7,4,14,4,14,4,14,6,21,2,2,0,1,3,1,4,3,2,0,2,1,1,3,0,3
2018,6,100190890,281,128,46,153,54,22,8,29,10,32,11,48,17,25,9,44,16,38,14,43,15,9,16,9,30,11,21,20,12,13,13,23,18,14,23,18,31
2018,6,100190954,198,89,45,109,55,11,6,13,7,29,15,22,11,9,5,35,18,32,16,47,24,7,8,14,10,3,17,13,17,4,5,15,12,6,18,19,30
2018,6,100190970,30,15,50,15,50,0,0,4,13,6,20,0,0,4,13,6,20,2,7,8,27,0,2,3,0,1,3,2,4,0,2,3,0,3,3,0,4
2018,6,100191007,357,182,51,175,49,19,5,34,10,41,11,51,14,44,12,65,18,46,13,57,16,7,18,29,36,18,29,23,22,12,16,12,15,26,36,23,35
2018,6,100191056,25,13,52,12,48,1,4,1,4,2,8,2,8,3,12,7,28,6,24,3,12,0,0,1,2,1,4,4,1,1,1,1,0,2,3,2,2
2018,6,100191080,123,60,49,63,51,2,2,6,5,12,10,17,14,10,8,22,18,28,23,26,21,1,5,7,12,4,7,14,10,1,1,5,5,6,15,14,16
2018,6,100191111,13,6,46,7,54,0,0,0,0,1,8,2,15,0,0,6,46,0,0,4,31,0,0,1,2,0,2,0,1,0,0,0,0,0,4,0,3
2018,6,100191136,15,9,60,6,40,1,7,1,7,2,13,2,13,1,7,1,7,4,27,3,20,1,1,1,1,1,0,3,1,0,0,1,1,0,1,1,2
2018,6,100191144,305,139,46,166,54,9,3,22,7,40,13,36,12,29,10,46,15,45,15,78,26,4,12,22,22,14,22,20,23,5,10,18,14,15,24,25,55
2018,6,100191152,5,,,,,,,,,,,,,,,,,,,,,,,,,,,,,,,,,,,,
2018,6,100191193,390,172,44,218,56,23,6,30,8,38,10,59,15,43,11,51,13,74,19,72,18,10,11,19,31,21,16,41,23,13,19,19,28,22,35,33,49
2018,6,100191208,55,27,49,28,51,5,9,10,18,3,5,9,16,11,20,6,11,2,4,9,16,2,6,1,3,6,4,1,4,3,4,2,6,5,2,1,5
2018,6,100191265,147,67,46,80,54,17,12,10,7,11,7,30,20,17,12,23,16,26,18,13,9,12,6,4,15,4,10,13,3,5,4,7,15,13,13,13,10
2018,6,100191320,513,236,46,277,54,33,6,62,12,47,9,93,18,48,9,83,16,78,15,69,13,12,38,21,55,27,28,36,19,21,24,26,38,21,55,42,50
2018,6,100191337,37,20,54,17,46,0,0,2,5,3,8,5,14,6,16,2,5,11,30,8,22,0,1,2,2,4,1,4,6,0,1,1,3,2,1,7,2
2018,6,100191400,106,51,48,55,52,4,4,7,7,21,20,8,8,12,11,22,21,14,13,18,17,3,1,9,8,4,14,5,7,1,6,12,0,8,8,9,11
2018,6,100191466,83,38,46,45,54,4,5,8,10,8,10,6,7,12,14,11,13,16,19,18,22,1,7,4,2,4,5,9,6,3,1,4,4,8,6,7,12
2018,6,100191505,109,54,50,55,50,11,10,17,16,8,7,17,16,20,18,13,12,10,9,13,12,6,11,6,8,11,7,4,1,5,6,2,9,9,6,6,12
2018,6,100191595,23,12,52,11,48,4,17,6,26,1,4,6,26,0,0,2,9,2,9,2,9,2,5,1,2,0,1,1,0,2,1,0,4,0,1,1,2
2018,6,100191601,218,101,46,117,54,17,8,10,5,16,7,33,15,20,9,29,13,42,19,51,23,5,5,10,21,13,12,17,18,12,5,6,12,7,17,25,33
2018,6,100191626,11,6,55,5,45,1,9,0,0,0,0,4,36,0,0,0,0,2,18,4,36,1,0,0,2,0,0,2,1,0,0,0,2,0,0,0,3
2018,6,100191691,304,140,46,164,54,15,5,26,9,39,13,27,9,46,15,37,12,49,16,65,21,10,14,14,16,25,18,22,21,5,12,25,11,21,19,27,44
2018,6,100191747,210,96,46,114,54,17,8,17,8,20,10,21,10,25,12,21,10,42,20,47,22,10,9,11,8,12,13,19,14,7,8,9,13,13,8,23,33
2018,6,100191771,209,122,58,87,42,20,10,12,6,20,10,35,17,15,7,43,21,33,16,31,15,14,10,12,25,6,27,19,9,6,2,8,10,9,16,14,22
2018,6,100191876,371,177,48,194,52,17,5,26,7,44,12,59,16,51,14,53,14,49,13,72,19,13,13,25,30,24,23,22,27,4,13,19,29,27,30,27,45
2018,6,100192000,251,110,44,141,56,16,6,23,9,30,12,33,13,19,8,40,16,39,16,51,20,10,11,16,12,10,19,19,13,6,12,14,21,9,21,20,38
2018,6,100192090,114,64,56,50,44,7,6,6,5,21,18,10,9,10,9,23,20,16,14,21,18,4,6,14,7,7,12,8,6,3,0,7,3,3,11,8,15
2018,6,100192170,232,119,51,113,49,16,7,19,8,34,15,28,12,30,13,34,15,38,16,33,14,11,10,18,19,16,15,17,13,5,9,16,9,14,19,21,20
2018,6,100192314,408,184,45,224,55,32,8,23,6,41,10,54,13,41,10,64,16,59,14,94,23,16,8,21,31,25,31,25,27,16,15,20,23,16,33,34,67
2018,6,100192388,133,61,46,72,54,13,10,10,8,11,8,21,16,15,11,15,11,19,14,29,22,7,4,6,11,10,7,8,8,6,6,5,10,5,8,11,21
2018,6,100192402,385,188,49,197,51,25,6,16,4,41,11,60,16,28,7,60,16,73,19,82,21,19,10,21,38,15,24,35,26,6,6,20,22,13,36,38,56
2018,6,100192410,86,46,53,40,47,7,8,8,9,17,20,12,14,10,12,11,13,5,6,16,19,5,3,12,7,5,4,3,7,2,5,5,5,5,7,2,9
2018,6,100192443,340,164,48,176,52,25,7,27,8,39,11,55,16,38,11,53,16,37,11,66,19,17,11,18,34,16,24,21,23,8,16,21,21,22,29,16,43
2018,6,100192451,391,186,48,205,52,13,3,8,2,14,4,36,9,101,26,82,21,71,18,66,17,6,6,7,20,44,45,33,25,7,2,7,16,57,37,38,41
2018,6,100192468,32,14,44,18,56,2,6,3,9,5,16,3,9,5,16,2,6,7,22,5,16,1,2,0,2,2,1,4,2,1,1,5,1,3,1,3,3
2018,6,100192476,44,21,48,23,52,2,5,3,7,2,5,4,9,7,16,4,9,7,16,15,34,1,1,2,3,5,1,2,6,1,2,0,1,2,3,5,9
2018,6,100192507,442,231,52,211,48,40,9,46,10,28,6,75,17,57,13,60,14,54,12,82,19,27,28,12,48,33,28,27,28,13,18,16,27,24,32,27,54
2018,6,100192515,47,21,45,26,55,2,4,3,6,2,4,9,19,5,11,9,19,8,17,9,19,0,3,1,5,2,5,3,2,2,0,1,4,3,4,5,7
2018,6,100192523,55,18,33,37,67,1,2,3,5,7,13,5,9,4,7,10,18,13,24,12,22,0,0,2,2,1,4,6,3,1,3,5,3,3,6,7,9
2018,6,100192652,393,181,46,212,54,32,8,35,9,42,11,57,15,42,11,53,13,63,16,69,18,17,18,21,30,18,26,31,20,15,17,21,27,24,27,32,49
2018,6,100192716,964,437,45,527,55,96,10,87,9,96,10,145,15,126,13,139,14,127,13,148,15,48,41,44,68,65,64,62,45,48,46,52,77,61,75,65,103
2018,6,100192732,177,79,45,98,55,10,6,11,6,19,11,28,16,17,10,28,16,23,13,41,23,3,5,12,10,11,13,9,16,7,6,7,18,6,15,14,25
2018,6,100192798,115,49,43,66,57,7,6,13,11,16,14,14,12,8,7,21,18,15,13,21,18,3,7,9,4,3,9,8,6,4,6,7,10,5,12,7,15
2018,6,100192812,14,7,50,7,50,0,0,1,7,1,7,1,7,3,21,1,7,5,36,2,14,0,0,1,1,2,0,3,0,0,1,0,0,1,1,2,2
2018,6,100192820,171,91,53,80,47,0,0,4,2,8,5,16,9,8,5,20,12,44,26,71,42,0,1,6,11,4,11,28,30,0,3,2,5,4,9,16,41
2018,6,100192837,440,205,47,235,53,28,6,37,8,37,8,58,13,38,9,66,15,68,15,108,25,17,18,22,27,18,32,36,35,11,19,15,31,20,34,32,73
2018,6,100192925,125,53,42,72,58,10,8,8,6,12,10,24,19,18,14,14,11,19,15,20,16,5,5,3,14,11,3,6,6,5,3,9,10,7,11,13,14
2018,6,100192933,48,23,48,25,52,2,4,1,2,2,4,10,21,4,8,6,13,9,19,14,29,1,0,1,5,4,2,6,4,1,1,1,5,0,4,3,10
2018,6,100192941,192,91,47,101,53,13,7,21,11,24,13,21,11,23,12,32,17,27,14,31,16,7,14,16,8,12,15,11,8,6,7,8,13,11,17,16,23
2018,6,100192974,471,227,48,244,52,29,6,44,9,39,8,65,14,64,14,59,13,80,17,91,19,19,22,27,32,28,32,36,31,10,22,12,33,36,27,44,60
2018,6,100193027,16,10,63,6,38,1,6,0,0,0,0,2,13,0,0,4,25,2,13,7,44,1,0,0,1,0,3,2,3,0,0,0,1,0,1,0,4
2018,6,100193051,106,49,46,57,54,9,8,2,2,11,10,14,13,16,15,16,15,14,13,24,23,5,1,8,7,7,7,5,9,4,1,3,7,9,9,9,15
2018,6,100193068,245,116,47,129,53,13,5,18,7,24,10,42,17,22,9,42,17,38,16,46,19,6,7,12,22,11,20,19,19,7,11,12,20,11,22,19,27
2018,6,100193148,355,176,50,179,50,12,3,17,5,37,10,41,12,32,9,57,16,86,24,73,21,7,11,21,26,18,28,40,25,5,6,16,15,14,29,46,48
2018,6,100193180,2697,1462,54,1235,46,217,8,219,8,255,9,551,20,381,14,359,13,335,12,380,14,106,111,157,352,247,192,151,146,111,108,98,199,134,167,184,234
2018,6,100193203,171,74,43,97,57,17,10,29,17,22,13,26,15,26,15,21,12,10,6,20,12,7,12,11,13,13,7,3,8,10,17,11,13,13,14,7,12
2018,6,100193277,147,66,45,81,55,14,10,11,7,19,13,25,17,14,10,21,14,18,12,25,17,6,5,8,7,9,12,8,11,8,6,11,18,5,9,10,14
2018,6,100193285,147,68,46,79,54,11,7,10,7,15,10,18,12,19,13,15,10,30,20,29,20,5,4,9,10,10,8,13,9,6,6,6,8,9,7,17,20
2018,6,100193316,171,89,52,82,48,15,9,20,12,24,14,27,16,23,13,16,9,26,15,20,12,10,13,11,16,10,9,10,10,5,7,13,11,13,7,16,10
2018,6,100193324,71,32,45,39,55,2,3,5,7,10,14,9,13,6,8,8,11,19,27,12,17,1,4,5,5,1,3,9,4,1,1,5,4,5,5,10,8
2018,6,100193332,698,322,46,376,54,65,9,51,7,82,12,84,12,84,12,94,13,80,11,158,23,35,23,41,48,42,50,39,44,30,28,41,36,42,44,41,114
2018,6,100193373,47,29,62,18,38,5,11,1,2,4,9,4,9,3,6,8,17,11,23,11,23,4,1,4,2,3,5,7,3,1,0,0,2,0,3,4,8
2018,6,100193404,29,14,48,15,52,7,24,4,14,4,14,5,17,4,14,1,3,4,14,0,0,2,3,3,3,1,0,2,0,5,1,1,2,3,1,2,0
2018,6,100193420,22,9,41,13,59,0,0,2,9,2,9,5,23,1,5,6,27,2,9,4,18,0,1,0,5,0,2,1,0,0,1,2,0,1,4,1,4
2018,6,100193445,5,,,,,,,,,,,,,,,,,,,,,,,,,,,,,,,,,,,,
2018,6,100193453,28,13,46,15,54,2,7,2,7,4,14,3,11,4,14,4,14,2,7,7,25,1,2,2,1,2,1,1,3,1,0,2,2,2,3,1,4
2018,6,100193478,54,28,52,26,48,2,4,9,17,12,22,3,6,7,13,8,15,7,13,6,11,0,5,7,2,1,6,6,1,2,4,5,1,6,2,1,5
2018,6,100193486,20,9,45,11,55,0,0,0,0,5,25,2,10,3,15,4,20,3,15,3,15,0,0,2,0,1,2,3,1,0,0,3,2,2,2,0,2
2018,6,100193494,307,150,49,157,51,26,8,27,9,26,8,58,19,32,10,31,10,47,15,60,20,11,13,15,36,16,16,26,17,15,14,11,22,16,15,21,43
2018,6,100193500,200,88,44,112,56,9,5,14,7,16,8,16,8,16,8,24,12,28,14,77,39,6,3,6,7,9,9,19,29,3,11,10,9,7,15,9,48
2018,6,100193517,521,245,47,276,53,57,11,38,7,51,10,83,16,72,14,51,10,80,15,89,17,28,16,26,49,41,21,36,28,29,22,25,34,31,30,44,61
2018,6,100193525,5,,,,,,,,,,,,,,,,,,,,,,,,,,,,,,,,,,,,
2018,6,100193533,49,24,49,25,51,6,12,7,14,7,14,6,12,7,14,4,8,4,8,8,16,3,5,4,3,3,2,2,2,3,2,3,3,4,2,2,6
2018,6,100193566,113,59,52,54,48,3,3,13,12,38,34,8,7,9,8,7,6,15,13,20,18,1,8,26,7,3,3,7,4,2,5,12,1,6,4,8,16
2018,6,100193574,40,21,53,19,48,3,8,1,3,3,8,3,8,4,10,6,15,6,15,14,35,2,1,2,3,2,3,4,4,1,0,1,0,2,3,2,10
2018,6,100193621,70,34,49,36,51,4,6,9,13,9,13,10,14,8,11,10,14,9,13,11,16,2,3,3,6,4,7,4,5,2,6,6,4,4,3,5,6
2018,6,100193638,357,175,49,182,51,30,8,27,8,26,7,49,14,47,13,43,12,73,20,62,17,14,15,15,23,25,23,37,23,16,12,11,26,22,20,36,39
2018,6,100193646,33,16,48,17,52,3,9,0,0,2,6,1,3,4,12,5,15,6,18,12,36,3,0,0,0,3,3,3,4,0,0,2,1,1,2,3,8
2018,6,100193670,5,,,,,,,,,,,,,,,,,,,,,,,,,,,,,,,,,,,,
2018,6,100193687,14,9,64,5,36,3,21,1,7,0,0,1,7,5,36,0,0,2,14,2,14,2,1,0,1,2,0,2,1,1,0,0,0,3,0,0,1
2018,6,100193695,5,,,,,,,,,,,,,,,,,,,,,,,,,,,,,,,,,,,,
2018,6,100193718,15,8,53,7,47,0,0,0,0,2,13,4,27,2,13,1,7,3,20,3,20,0,0,0,2,2,1,2,1,0,0,2,2,0,0,1,2
2018,6,100193726,67,35,52,32,48,8,12,6,9,4,6,15,22,10,15,5,7,7,10,12,18,4,6,3,8,7,1,3,3,4,0,1,7,3,4,4,9
2018,6,100193767,82,49,60,33,40,6,7,16,20,6,7,7,9,12,15,18,22,11,13,6,7,3,9,6,4,7,11,6,3,3,7,0,3,5,7,5,3
2018,6,100193775,450,206,46,244,54,32,7,34,8,42,9,74,16,41,9,77,17,67,15,83,18,13,18,22,40,21,31,28,33,19,16,20,34,20,46,39,50
2018,6,100193806,71,37,52,34,48,4,6,14,20,6,8,9,13,4,6,6,8,11,15,17,24,1,8,4,6,2,3,5,8,3,6,2,3,2,3,6,9
2018,6,100193822,16,7,44,9,56,0,0,0,0,0,0,0,0,2,13,4,25,2,13,8,50,0,0,0,0,0,1,2,4,0,0,0,0,2,3,0,4
2018,6,100193847,25,14,56,11,44,5,20,2,8,0,0,1,4,4,16,5,20,4,16,4,16,2,1,0,1,2,2,3,3,3,1,0,0,2,3,1,1
2018,6,100193888,5,,,,,,,,,,,,,,,,,,,,,,,,,,,,,,,,,,,,
2018,6,100193896,5,,,,,,,,,,,,,,,,,,,,,,,,,,,,,,,,,,,,
2018,6,100193927,23,12,52,11,48,2,9,0,0,2,9,4,17,2,9,2,9,5,22,6,26,0,0,2,1,1,2,3,3,2,0,0,3,1,0,2,3
2018,6,100193935,182,92,51,90,49,7,4,18,10,19,10,26,14,24,13,36,20,23,13,29,16,3,9,10,15,15,17,15,8,4,9,9,11,9,19,8,21
2018,6,100193976,1526,736,48,790,52,96,6,113,7,178,12,186,12,193,13,202,13,242,16,316,21,49,58,103,104,94,103,106,119,47,55,75,82,99,99,136,197
2018,6,100193992,35,16,46,19,54,1,3,2,6,4,11,3,9,2,6,7,20,4,11,12,34,0,0,2,2,1,4,3,4,1,2,2,1,1,3,1,8
2018,6,100194020,12,5,42,7,58,0,0,1,8,1,8,1,8,0,0,3,25,2,17,4,33,0,1,0,0,0,1,1,2,0,0,1,1,0,2,1,2
2018,6,100194053,218,100,46,118,54,12,6,10,5,20,9,21,10,26,12,40,18,37,17,52,24,6,4,11,12,13,19,16,19,6,6,9,9,13,21,21,33
2018,6,100194117,307,149,49,158,51,17,6,31,10,27,9,50,16,36,12,55,18,33,11,58,19,11,12,11,30,18,28,19,20,6,19,16,20,18,27,14,38
2018,6,100194158,38,23,61,15,39,1,3,2,5,4,11,1,3,5,13,9,24,3,8,13,34,1,1,3,1,4,5,1,7,0,1,1,0,1,4,2,6
2018,6,100194166,309,149,48,160,52,21,7,29,9,31,10,42,14,40,13,43,14,45,15,58,19,9,15,19,24,18,24,23,17,12,14,12,18,22,19,22,41
2018,6,100194174,284,146,51,138,49,15,5,24,8,17,6,44,15,36,13,36,13,39,14,73,26,8,15,7,27,19,20,20,30,7,9,10,17,17,16,19,43
2018,6,100194213,29,17,59,12,41,1,3,2,7,1,3,3,10,3,10,6,21,7,24,6,21,1,1,0,1,2,5,4,3,0,1,1,2,1,1,3,3
2018,6,100194238,40,22,55,18,45,2,5,7,18,3,8,2,5,7,18,4,10,6,15,9,23,1,3,3,1,4,2,2,6,1,4,0,1,3,2,4,3
2018,6,100194262,37,18,49,19,51,1,3,3,8,2,5,3,8,6,16,6,16,10,27,6,16,0,2,0,1,2,3,6,4,1,1,2,2,4,3,4,2
2018,6,100194318,342,157,46,185,54,26,8,29,8,44,13,50,15,40,12,39,11,62,18,52,15,14,12,25,21,22,17,30,16,12,17,19,29,18,22,32,36
2018,6,100194334,197,94,48,103,52,22,11,18,9,16,8,38,19,16,8,22,11,38,19,27,14,10,8,10,18,10,9,22,7,12,10,6,20,6,13,16,20
2018,6,100194430,221,114,52,107,48,16,7,25,11,26,12,28,13,41,19,25,11,23,10,37,17,10,15,18,16,21,13,11,10,6,10,8,12,20,12,12,27
2018,6,100195055,41,23,56,18,44,3,7,4,10,2,5,11,27,2,5,14,34,2,5,3,7,1,2,1,8,1,9,0,1,2,2,1,3,1,5,2,2
2018,6,100195071,202,98,49,104,51,21,10,23,11,20,10,33,16,29,14,29,14,27,13,20,10,12,9,9,17,11,18,13,9,9,14,11,16,18,11,14,11
2018,6,100195096,289,117,40,172,60,14,5,18,6,25,9,35,12,39,13,45,16,41,14,72,25,8,10,12,17,23,17,15,15,6,8,13,18,16,28,26,57
2018,6,100195393,87,35,40,52,60,8,9,8,9,10,11,13,15,15,17,8,9,10,11,15,17,1,2,5,5,8,3,4,7,7,6,5,8,7,5,6,8
2018,6,100195762,131,60,46,71,54,12,9,8,6,24,18,17,13,13,10,17,13,23,18,17,13,6,2,11,12,9,8,8,4,6,6,13,5,4,9,15,13
2018,6,100195795,5,,,,,,,,,,,,,,,,,,,,,,,,,,,,,,,,,,,,
2018,6,100195801,48,27,56,21,44,5,10,5,10,8,17,8,17,4,8,7,15,5,10,6,13,2,3,4,6,2,3,4,3,3,2,4,2,2,4,1,3
2018,6,100195818,156,77,49,79,51,16,10,11,7,14,9,24,15,18,12,23,15,25,16,25,16,6,7,7,12,10,10,13,12,10,4,7,12,8,13,12,13
2018,6,100195826,14,4,29,10,71,1,7,1,7,2,14,1,7,1,7,5,36,3,21,0,0,0,0,1,0,0,2,1,0,1,1,1,1,1,3,2,0
2018,6,100195906,11,7,64,4,36,0,0,1,9,3,27,1,9,0,0,3,27,2,18,1,9,0,1,2,1,0,0,2,1,0,0,1,0,0,3,0,0
2018,6,100195988,39,20,51,19,49,1,3,2,5,3,8,4,10,4,10,4,10,14,36,7,18,1,1,2,1,3,2,7,3,0,1,1,3,1,2,7,4
2018,6,100196483,145,73,50,72,50,8,6,20,14,19,13,12,8,21,14,23,16,13,9,29,20,4,15,10,6,10,14,6,8,4,5,9,6,11,9,7,21
2018,6,100196588,44,23,52,21,48,1,2,5,11,8,18,0,0,10,23,7,16,2,5,11,25,1,2,5,0,6,5,0,4,0,3,3,0,4,2,2,7
2018,6,100196635,301,139,46,162,54,15,5,22,7,18,6,41,14,28,9,34,11,37,12,106,35,8,8,12,26,17,16,19,33,7,14,6,15,11,18,18,73
2018,6,100196643,105,51,49,54,51,5,5,6,6,12,11,9,9,10,10,24,23,6,6,33,31,4,2,6,5,4,16,5,9,1,4,6,4,6,8,1,24
2018,6,100196676,768,372,48,396,52,61,8,64,8,71,9,122,16,73,10,99,13,122,16,156,20,37,30,37,70,41,46,49,62,24,34,34,52,32,53,73,94
2018,6,100196723,125,55,44,70,56,14,11,7,6,11,9,22,18,10,8,14,11,30,24,17,14,4,4,5,13,2,7,14,6,10,3,6,9,8,7,16,11
2018,6,100196780,57,26,46,31,54,6,11,7,12,8,14,7,12,5,9,8,14,8,14,8,14,3,6,5,2,0,6,3,1,3,1,3,5,5,2,5,7
2018,6,100196797,711,355,50,356,50,73,10,79,11,81,11,79,11,113,16,121,17,82,12,83,12,41,40,42,36,63,55,44,34,32,39,39,43,50,66,38,49
2018,6,100196803,876,434,50,442,50,112,13,148,17,83,9,115,13,177,20,120,14,58,7,63,7,51,84,45,52,88,62,28,24,61,64,38,63,89,58,30,39
2018,6,100196916,38,19,50,19,50,1,3,2,5,3,8,6,16,7,18,8,21,5,13,6,16,0,2,2,4,4,4,2,1,1,0,1,2,3,4,3,5
2018,6,100196973,173,84,49,89,51,13,8,18,10,16,9,24,14,22,13,25,14,20,12,35,20,5,11,9,14,11,14,8,12,8,7,7,10,11,11,12,23
2018,6,100196981,231,111,48,120,52,9,4,29,13,26,11,29,13,33,14,31,13,30,13,44,19,3,17,15,16,19,16,12,13,6,12,11,13,14,15,18,31
2018,6,100196998,61,30,49,31,51,3,5,4,7,5,8,9,15,9,15,9,15,10,16,12,20,1,2,0,7,7,4,5,4,2,2,5,2,2,5,5,8
2018,6,100197091,84,43,51,41,49,1,1,5,6,13,15,10,12,14,17,12,14,14,17,15,18,0,4,5,6,10,9,5,4,1,1,8,4,4,3,9,11
2018,6,100197114,136,66,49,70,51,3,2,11,8,11,8,17,13,22,16,16,12,25,18,31,23,1,5,6,8,13,8,14,11,2,6,5,9,9,8,11,20
2018,6,100197122,50,22,44,28,56,4,8,8,16,4,8,6,12,7,14,4,8,5,10,12,24,2,3,0,3,5,2,3,4,2,5,4,3,2,2,2,8
2018,6,100197130,116,58,50,58,50,14,12,19,16,7,6,15,13,20,17,17,15,8,7,16,14,5,9,6,8,12,10,4,4,9,10,1,7,8,7,4,12
2018,6,100197251,73,34,47,39,53,1,1,2,3,9,12,5,7,8,11,8,11,16,22,24,33,0,0,6,3,4,2,6,13,1,2,3,2,4,6,10,11
2018,6,100197276,78,43,55,35,45,0,0,7,9,9,12,16,21,9,12,9,12,10,13,18,23,0,5,4,11,5,4,5,9,0,2,5,5,4,5,5,9
2018,6,100197284,17,6,35,11,65,0,0,1,6,2,12,2,12,0,0,3,18,3,18,6,35,0,1,0,1,0,1,2,1,0,0,2,1,0,2,1,5
2018,6,100197307,54,28,52,26,48,6,11,5,9,7,13,7,13,11,20,3,6,7,13,8,15,4,2,3,6,6,2,3,2,2,3,4,1,5,1,4,6
2018,6,100197403,228,106,46,122,54,16,7,15,7,31,14,28,12,23,10,34,15,43,19,38,17,8,6,17,18,12,12,20,13,8,9,14,10,11,22,23,25
2018,6,100197493,27,13,48,14,52,5,19,1,4,5,19,1,4,2,7,6,22,1,4,6,22,3,0,2,0,1,4,1,2,2,1,3,1,1,2,0,4
2018,6,100197516,31,15,48,16,52,1,3,0,0,5,16,8,26,3,10,4,13,4,13,6,19,1,0,2,5,2,2,1,2,0,0,3,3,1,2,3,4
2018,6,100197557,75,37,49,38,51,5,7,4,5,9,12,8,11,11,15,16,21,5,7,17,23,3,2,7,4,7,5,3,6,2,2,2,4,4,11,2,11
2018,6,100197565,138,68,49,70,51,11,8,25,18,13,9,13,9,29,21,17,12,16,12,14,10,8,11,7,7,11,10,10,4,3,14,6,6,18,7,6,10
2018,6,100197573,1169,569,49,600,51,83,7,108,9,109,9,163,14,211,18,158,14,170,15,167,14,47,55,54,79,109,90,83,52,36,53,55,84,102,68,87,115
2018,6,100197598,11,7,64,4,36,2,18,2,18,0,0,2,18,2,18,1,9,2,18,0,0,0,2,0,1,2,1,1,0,2,0,0,1,0,0,1,0
2018,6,100197934,18,8,44,10,56,0,0,1,6,0,0,2,11,1,6,1,6,8,44,5,28,0,1,0,0,0,1,4,2,0,0,0,2,1,0,4,3
2018,6,100198237,18,9,50,9,50,1,6,3,17,2,11,4,22,5,28,0,0,0,0,3,17,1,0,1,4,2,0,0,1,0,3,1,0,3,0,0,2
2018,6,100198374,19,7,37,12,63,0,0,1,5,5,26,2,11,2,11,5,26,3,16,1,5,0,0,1,1,0,2,2,1,0,1,4,1,2,3,1,0
2018,6,100198405,58,27,47,31,53,5,9,4,7,5,9,9,16,2,3,10,17,15,26,8,14,1,2,2,5,2,4,6,5,4,2,3,4,0,6,9,3
2018,6,100198413,28,12,43,16,57,2,7,1,4,3,11,4,14,3,11,1,4,8,29,6,21,1,1,1,3,0,0,4,2,1,0,2,1,3,1,4,4
2018,6,100198421,40,22,55,18,45,1,3,5,13,5,13,7,18,3,8,9,23,4,10,6,15,0,3,3,5,1,7,1,2,1,2,2,2,2,2,3,4
2018,6,100198702,151,76,50,75,50,16,11,12,8,13,9,35,23,14,9,13,9,32,21,16,11,11,3,4,20,9,9,14,6,5,9,9,15,5,4,18,10
2018,6,100199054,17,10,59,7,41,0,0,0,0,2,12,3,18,2,12,4,24,1,6,5,29,0,0,1,3,2,2,0,2,0,0,1,0,0,2,1,3
2018,6,100199062,33,18,55,15,45,6,18,5,15,3,9,1,3,4,12,3,9,5,15,6,18,5,3,1,0,3,1,3,2,1,2,2,1,1,2,2,4
2018,6,100199070,16,9,56,7,44,3,19,1,6,2,13,3,19,4,25,1,6,0,0,2,13,1,1,2,1,2,1,0,1,2,0,0,2,2,0,0,1
2018,6,100199087,29,15,52,14,48,2,7,1,3,3,10,4,14,2,7,3,10,3,10,11,38,1,1,2,3,2,1,1,4,1,0,1,1,0,2,2,7
2018,6,100199095,50,22,44,28,56,1,2,4,8,2,4,6,12,6,12,7,14,7,14,17,34,1,3,0,3,3,3,4,5,0,1,2,3,3,4,3,12
2018,6,100199101,68,35,51,33,49,8,12,6,9,4,6,5,7,13,19,9,13,10,15,13,19,4,4,1,4,7,7,2,6,4,2,3,1,6,2,8,7
2018,6,100199126,16,10,63,6,38,0,0,3,19,1,6,1,6,2,13,3,19,3,19,3,19,0,3,1,0,2,2,2,0,0,0,0,1,0,1,1,3
2018,6,100199134,48,17,35,31,65,4,8,3,6,2,4,8,17,6,13,5,10,8,17,12,25,2,2,1,4,2,2,2,2,2,1,1,4,4,3,6,10
2018,6,100199142,16,6,38,10,63,1,6,0,0,0,0,1,6,5,31,3,19,3,19,3,19,0,0,0,1,1,1,2,1,1,0,0,0,4,2,1,2
2018,6,100199150,31,20,65,11,35,2,6,3,10,1,3,6,19,2,6,8,26,6,19,3,10,2,3,0,5,0,5,3,2,0,0,1,1,2,3,3,1
2018,6,100199175,34,16,47,18,53,0,0,2,6,1,3,3,9,5,15,2,6,7,21,14,41,0,1,1,1,3,2,3,5,0,1,0,2,2,0,4,9
2018,6,100199183,54,30,56,24,44,4,7,4,7,4,7,6,11,12,22,10,19,7,13,7,13,1,4,2,4,6,6,4,3,3,0,2,2,6,4,3,4
2018,6,100199191,38,21,55,17,45,1,3,2,5,3,8,7,18,6,16,7,18,6,16,6,16,0,1,0,5,5,4,2,4,1,1,3,2,1,3,4,2
2018,6,100199206,53,22,42,31,58,3,6,2,4,4,8,8,15,6,11,7,13,12,23,11,21,0,2,2,3,2,3,5,5,3,0,2,5,4,4,7,6
2018,6,100199222,21,12,57,9,43,0,0,2,10,4,19,0,0,3,14,7,33,2,10,3,14,0,1,4,0,1,4,1,1,0,1,0,0,2,3,1,2
2018,6,100199230,42,26,62,16,38,0,0,2,5,4,10,5,12,5,12,9,21,4,10,13,31,0,0,3,5,4,6,2,6,0,2,1,0,1,3,2,7
2018,6,100199247,36,18,50,18,50,1,3,2,6,4,11,7,19,9,25,2,6,6,17,5,14,0,0,2,5,6,1,2,2,1,2,2,2,3,1,4,3
2018,6,100199255,55,25,45,30,55,5,9,7,13,5,9,8,15,2,4,10,18,6,11,12,22,3,3,1,4,2,4,3,5,2,4,4,4,0,6,3,7
2018,6,100199263,178,88,49,90,51,14,8,19,11,17,10,14,8,35,20,22,12,26,15,31,17,11,7,11,7,15,14,13,10,3,12,6,7,20,8,13,21
2018,6,100199271,16,5,31,11,69,2,13,3,19,2,13,2,13,3,19,4,25,0,0,0,0,0,0,2,0,2,1,0,0,2,3,0,2,1,3,0,0
2018,6,100199288,23,13,57,10,43,5,22,0,0,0,0,6,26,2,9,1,4,9,39,0,0,2,0,0,5,1,1,4,0,3,0,0,1,1,0,5,0
2018,6,100199296,44,25,57,19,43,3,7,8,18,4,9,7,16,8,18,9,20,2,5,3,7,2,6,2,3,5,4,1,2,1,2,2,4,3,5,1,1
2018,6,100199302,35,18,51,17,49,0,0,5,14,0,0,6,17,6,17,8,23,2,6,8,23,0,3,0,2,4,6,1,2,0,2,0,4,2,2,1,6
2018,6,100199351,5,,,,,,,,,,,,,,,,,,,,,,,,,,,,,,,,,,,,
2018,6,100199376,44,26,59,18,41,4,9,3,7,4,9,4,9,5,11,7,16,6,14,11,25,2,2,1,3,3,5,5,5,2,1,3,1,2,2,1,6
2018,6,100199392,179,88,49,91,51,12,7,10,6,26,15,21,12,25,14,24,13,25,14,36,20,5,7,12,14,13,9,14,14,7,3,14,7,12,15,11,22
2018,6,100199616,30,16,53,14,47,3,10,2,7,2,7,7,23,3,10,4,13,2,7,7,23,1,1,1,4,2,2,1,4,2,1,1,3,1,2,1,3
2018,6,100200020,5,,,,,,,,,,,,,,,,,,,,,,,,,,,,,,,,,,,,
2018,6,100200496,5,,,,,,,,,,,,,,,,,,,,,,,,,,,,,,,,,,,,
2018,6,100200502,5,,,,,,,,,,,,,,,,,,,,,,,,,,,,,,,,,,,,
2018,6,100200744,320,160,50,160,50,15,5,19,6,15,5,23,7,23,7,27,8,50,16,148,46,5,10,9,13,12,18,31,62,10,9,6,10,11,9,19,86
2018,6,100201088,50,23,46,27,54,3,6,7,14,3,6,7,14,7,14,12,24,5,10,6,12,2,1,1,5,4,7,1,2,1,6,2,2,3,5,4,4
2018,6,100201096,5,,,,,,,,,,,,,,,,,,,,,,,,,,,,,,,,,,,,
2018,6,100201102,47,23,49,24,51,7,15,5,11,1,2,10,21,8,17,4,9,3,6,9,19,4,0,0,5,5,3,3,3,3,5,1,5,3,1,0,6
2018,6,100201658,19,12,63,7,37,2,11,0,0,5,26,2,11,1,5,6,32,1,5,2,11,2,0,2,2,1,4,0,1,0,0,3,0,0,2,1,1
2018,6,100202506,35,17,49,18,51,3,9,2,6,5,14,5,14,5,14,4,11,3,9,8,23,3,1,2,2,3,2,2,2,0,1,3,3,2,2,1,6
2018,6,100203637,54,29,54,25,46,6,11,6,11,8,15,7,13,8,15,6,11,6,11,7,13,1,6,6,5,3,3,3,2,5,0,2,2,5,3,3,5
2018,6,100203741,41,21,51,20,49,4,10,7,17,4,10,5,12,4,10,5,12,5,12,7,17,2,6,3,2,1,1,2,4,2,1,1,3,3,4,3,3
2018,6,100203774,73,44,60,29,40,9,12,7,10,11,15,10,14,8,11,13,18,9,12,6,8,7,7,6,5,6,7,4,2,2,0,5,5,2,6,5,4
2018,6,100204647,320,160,50,160,50,29,9,23,7,30,9,45,14,37,12,33,10,59,18,64,20,16,18,19,22,20,15,30,20,13,5,11,23,17,18,29,44
2018,6,100204848,135,62,46,73,54,8,6,8,6,16,12,15,11,11,8,26,19,17,13,34,25,2,3,8,6,9,13,8,13,6,5,8,9,2,13,9,21
2018,6,100204864,60,30,50,30,50,5,8,10,17,4,7,6,10,10,17,9,15,7,12,9,15,3,5,2,4,5,4,4,3,2,5,2,2,5,5,3,6
2018,6,100204944,61,35,57,26,43,2,3,6,10,11,18,5,8,7,11,11,18,7,11,12,20,2,5,9,3,2,5,6,3,0,1,2,2,5,6,1,9
2018,6,100204952,25,11,44,14,56,2,8,5,20,1,4,5,20,1,4,3,12,3,12,5,20,1,3,0,2,1,2,2,0,1,2,1,3,0,1,1,5
2018,6,100204960,22,10,45,12,55,2,9,2,9,3,14,4,18,1,5,4,18,4,18,2,9,1,1,1,3,0,1,3,0,1,1,2,1,1,3,1,2
2018,6,100204977,19,11,58,8,42,3,16,2,11,1,5,4,21,2,11,0,0,3,16,4,21,2,1,0,3,2,0,0,3,1,1,1,1,0,0,3,1
2018,6,100205070,42,24,57,18,43,3,7,6,14,2,5,5,12,9,21,5,12,4,10,8,19,2,3,0,4,6,3,3,3,1,3,2,1,3,2,1,5
2018,6,100205087,5,,,,,,,,,,,,,,,,,,,,,,,,,,,,,,,,,,,,
2018,6,100205206,41,16,39,25,61,1,2,4,10,6,15,1,2,3,7,7,17,12,29,7,17,0,1,3,0,0,4,6,2,1,3,3,1,3,3,6,5
2018,6,100205351,21,6,29,15,71,2,10,3,14,2,10,1,5,3,14,1,5,0,0,9,43,0,1,0,0,1,1,0,3,2,2,2,1,2,0,0,6
2018,6,100205392,34,18,53,16,47,1,3,3,9,5,15,8,24,4,12,3,9,4,12,6,18,1,1,3,5,3,1,2,2,0,2,2,3,1,2,2,4
2018,6,100205544,48,21,44,27,56,9,19,3,6,7,15,6,13,5,10,4,8,10,21,4,8,4,0,5,2,2,3,4,1,5,3,2,4,3,1,6,3
2018,6,100205938,5,,,,,,,,,,,,,,,,,,,,,,,,,,,,,,,,,,,,
2018,6,100205946,32,14,44,18,56,1,3,3,9,4,13,2,6,1,3,3,9,8,25,10,31,0,1,1,1,1,1,5,4,1,2,3,1,0,2,3,6
2018,6,100206312,191,90,47,101,53,12,6,17,9,12,6,30,16,20,10,27,14,36,19,37,19,5,10,5,15,10,13,18,14,7,7,7,15,10,14,18,23
2018,6,100206763,45,27,60,18,40,2,4,4,9,5,11,8,18,9,20,3,7,8,18,6,13,2,2,4,5,6,1,5,2,0,2,1,3,3,2,3,4
2018,6,100206851,194,89,46,105,54,12,6,32,16,25,13,19,10,42,22,33,17,18,9,13,7,7,13,15,4,17,17,9,7,5,19,10,15,25,16,9,6
2018,6,100206868,682,332,49,350,51,53,8,90,13,81,12,62,9,98,14,145,21,95,14,58,9,32,47,37,28,43,73,51,21,21,43,44,34,55,72,44,37
2018,6,100207025,97,55,57,42,43,8,8,12,12,8,8,20,21,12,12,22,23,5,5,10,10,4,7,8,11,7,13,2,3,4,5,0,9,5,9,3,7
2018,6,100207058,85,35,41,50,59,6,7,6,7,14,16,8,9,13,15,13,15,9,11,16,19,4,1,5,3,7,6,4,5,2,5,9,5,6,7,5,11
2018,6,100207187,19,9,47,10,53,1,5,2,11,1,5,3,16,2,11,2,11,4,21,4,21,0,2,0,2,1,0,2,2,1,0,1,1,1,2,2,2
2018,6,100207218,1114,547,49,567,51,140,13,131,12,133,12,122,11,180,16,171,15,102,9,135,12,78,66,70,50,88,84,54,57,62,65,63,72,92,87,48,78
2018,6,100207242,66,34,52,32,48,5,8,5,8,9,14,7,11,7,11,13,20,4,6,16,24,4,1,8,2,4,8,4,3,1,4,1,5,3,5,0,13
2018,6,100207306,76,36,47,40,53,3,4,6,8,13,17,9,12,6,8,15,20,10,13,14,18,1,3,9,4,2,7,5,5,2,3,4,5,4,8,5,9
2018,6,100207355,169,88,52,81,48,6,4,12,7,12,7,36,21,13,8,37,22,22,13,31,18,5,5,6,21,10,21,11,9,1,7,6,15,3,16,11,22
2018,6,100207363,13,9,69,4,31,2,15,0,0,1,8,2,15,0,0,4,31,2,15,2,15,2,0,1,1,0,3,1,1,0,0,0,1,0,1,1,1
2018,6,100207371,688,337,49,351,51,66,10,77,11,72,10,76,11,115,17,83,12,82,12,117,17,33,41,41,37,57,38,40,50,33,36,31,39,58,45,42,67
2018,6,100207468,288,146,51,142,49,34,12,49,17,33,11,36,13,52,18,40,14,25,9,19,7,13,23,24,17,28,21,10,10,21,26,9,19,24,19,15,9
2018,6,100207476,43,19,44,24,56,10,23,3,7,3,7,9,21,5,12,4,9,6,14,3,7,4,0,1,3,5,3,3,0,6,3,2,6,0,1,3,3
2018,6,100207484,12,9,75,3,25,3,25,1,8,3,25,1,8,3,25,1,8,0,0,0,0,2,1,2,1,2,1,0,0,1,0,1,0,1,0,0,0
2018,6,100207507,380,191,50,189,50,35,9,44,12,27,7,60,16,45,12,62,16,49,13,58,15,19,22,16,33,25,32,24,20,16,22,11,27,20,30,25,38
2018,6,100207886,288,148,51,140,49,65,23,48,17,15,5,42,15,72,25,22,8,11,4,13,5,40,22,5,20,31,16,7,7,25,26,10,22,41,6,4,6
2018,6,100207894,41,16,39,25,61,4,10,6,15,4,10,5,12,7,17,4,10,9,22,2,5,0,3,1,2,3,1,6,0,4,3,3,3,4,3,3,2
2018,6,100208236,500,255,51,245,49,61,12,55,11,53,11,66,13,84,17,87,17,53,11,41,8,28,29,34,35,41,44,29,15,33,26,19,31,43,43,24,26
2018,6,100208244,42,23,55,19,45,3,7,5,12,7,17,7,17,3,7,8,19,6,14,3,7,3,1,4,4,1,4,5,1,0,4,3,3,2,4,1,2
2018,6,100208252,80,35,44,45,56,8,10,5,6,10,13,5,6,15,19,13,16,8,10,16,20,3,3,6,1,7,6,5,4,5,2,4,4,8,7,3,12
2018,6,100208260,40,17,43,23,58,9,23,1,3,3,8,7,18,4,10,6,15,5,13,5,13,3,0,2,2,2,4,2,2,6,1,1,5,2,2,3,3
2018,6,100208277,53,29,55,24,45,5,9,4,8,4,8,2,4,6,11,8,15,10,19,14,26,3,3,3,1,3,4,5,7,2,1,1,1,3,4,5,7
2018,6,100208293,89,54,61,35,39,8,9,11,12,4,4,20,22,15,17,13,15,12,13,6,7,7,8,1,12,7,7,9,3,1,3,3,8,8,6,3,3
2018,6,100208324,474,244,51,230,49,78,16,57,12,35,7,75,16,98,21,67,14,31,7,33,7,49,31,21,38,42,37,15,11,29,26,14,37,56,30,16,22
2018,6,100208398,36,20,56,16,44,3,8,4,11,4,11,9,25,8,22,5,14,3,8,0,0,2,4,3,2,4,4,1,0,1,0,1,7,4,1,2,0
2018,6,100208404,187,90,48,97,52,28,15,33,18,15,8,20,11,39,21,28,15,16,9,8,4,15,20,5,8,17,13,9,3,13,13,10,12,22,15,7,5
2018,6,100208654,5,,,,,,,,,,,,,,,,,,,,,,,,,,,,,,,,,,,,
2018,6,100208662,761,361,47,400,53,82,11,80,11,78,10,103,14,121,16,90,12,77,10,130,17,44,41,43,44,53,48,39,49,38,39,35,59,68,42,38,81
2018,6,100208670,5,,,,,,,,,,,,,,,,,,,,,,,,,,,,,,,,,,,,
2018,6,100208687,53,32,60,21,40,1,2,7,13,5,9,4,8,12,23,4,8,9,17,11,21,0,5,3,2,8,2,5,7,1,2,2,2,4,2,4,4
2018,6,100208734,87,48,55,39,45,11,13,17,20,7,8,19,22,18,21,6,7,4,5,5,6,8,12,5,8,10,2,2,1,3,5,2,11,8,4,2,4
2018,6,100208775,272,131,48,141,52,31,11,38,14,24,9,46,17,29,11,38,14,29,11,37,14,14,18,16,23,12,22,12,14,17,20,8,23,17,16,17,23
2018,6,100208855,18,10,56,8,44,0,0,0,0,4,22,1,6,1,6,3,17,4,22,5,28,0,0,3,1,1,1,2,2,0,0,1,0,0,2,2,3
2018,6,100208863,5,,,,,,,,,,,,,,,,,,,,,,,,,,,,,,,,,,,,
2018,6,100208888,42,26,62,16,38,8,19,10,24,3,7,4,10,8,19,5,12,4,10,0,0,6,9,1,2,3,3,2,0,2,1,2,2,5,2,2,0
2018,6,100208896,12,5,42,7,58,0,0,1,8,0,0,1,8,1,8,5,42,1,8,3,25,0,1,0,0,0,2,1,1,0,0,0,1,1,3,0,2
2018,6,100208902,17,10,59,7,41,3,18,3,18,4,24,1,6,6,35,0,0,0,0,0,0,3,3,0,0,4,0,0,0,0,0,4,1,2,0,0,0
2018,6,100208910,12,6,50,6,50,0,0,1,8,1,8,2,17,1,8,2,17,1,8,4,33,0,0,1,1,0,1,1,2,0,1,0,1,1,1,0,2
2018,6,100208927,25,14,56,11,44,2,8,4,16,1,4,6,24,4,16,2,8,1,4,5,20,1,3,0,5,2,0,0,3,1,1,1,1,2,2,1,2
2018,6,100208943,55,25,45,30,55,5,9,4,7,8,15,12,22,5,9,12,22,7,13,2,4,2,1,5,6,2,4,4,1,3,3,3,6,3,8,3,1
2018,6,100209125,253,120,47,133,53,23,9,17,7,26,10,43,17,29,11,36,14,36,14,43,17,13,11,11,24,15,16,17,13,10,6,15,19,14,20,19,30
2018,6,100209133,92,45,49,47,51,9,10,12,13,14,15,5,5,14,15,12,13,6,7,20,22,3,8,5,3,10,8,1,7,6,4,9,2,4,4,5,13
2018,6,100209141,1685,778,46,907,54,111,7,127,8,131,8,216,13,187,11,233,14,289,17,391,23,61,70,71,113,107,106,129,121,50,57,60,103,80,127,160,270
2018,6,100209182,421,227,54,194,46,15,4,32,8,51,12,50,12,65,15,68,16,53,13,87,21,13,18,28,28,33,37,29,41,2,14,23,22,32,31,24,46
2018,6,100209213,164,86,52,78,48,14,9,26,16,12,7,18,11,36,22,17,10,16,10,25,15,8,16,9,8,17,13,8,7,6,10,3,10,19,4,8,18
2018,6,100209221,38,17,45,21,55,7,18,2,5,2,5,6,16,4,11,4,11,4,11,9,24,3,0,1,3,2,2,1,5,4,2,1,3,2,2,3,4
2018,6,100209238,327,170,52,157,48,29,9,42,13,28,9,51,16,71,22,44,13,32,10,30,9,18,24,15,25,38,23,16,11,11,18,13,26,33,21,16,19
2018,6,100209262,5,,,,,,,,,,,,,,,,,,,,,,,,,,,,,,,,,,,,
2018,6,100209270,112,58,52,54,48,15,13,7,6,11,10,14,13,9,8,17,15,20,18,19,17,9,6,8,5,6,7,10,7,6,1,3,9,3,10,10,12
2018,6,100209287,164,75,46,89,54,15,9,11,7,18,11,26,16,21,13,25,15,13,8,35,21,6,8,8,17,11,11,5,9,9,3,10,9,10,14,8,26
2018,6,100209295,26,16,62,10,38,0,0,3,12,4,15,2,8,3,12,7,27,3,12,4,15,0,3,2,1,1,4,3,2,0,0,2,1,2,3,0,2
2018,6,100209326,32,17,53,15,47,3,9,2,6,4,13,2,6,4,13,4,13,3,9,10,31,0,2,2,1,2,3,1,6,3,0,2,1,2,1,2,4
2018,6,100209391,622,300,48,322,52,36,6,46,7,73,12,101,16,56,9,106,17,107,17,97,16,17,26,43,62,26,46,54,26,19,20,30,39,30,60,53,71
2018,6,100209414,5,,,,,,,,,,,,,,,,,,,,,,,,,,,,,,,,,,,,
2018,6,100209422,5,,,,,,,,,,,,,,,,,,,,,,,,,,,,,,,,,,,,
2018,6,100209447,66,34,52,32,48,8,12,10,15,5,8,8,12,16,24,15,23,1,2,3,5,2,4,5,6,7,9,1,0,6,6,0,2,9,6,0,3
2018,6,100209455,133,65,49,68,51,10,8,17,13,13,10,13,10,17,13,17,13,17,13,29,22,6,11,9,7,8,8,9,7,4,6,4,6,9,9,8,22
2018,6,100209463,270,130,48,140,52,22,8,18,7,24,9,29,11,24,9,61,23,44,16,48,18,17,10,14,12,14,29,23,11,5,8,10,17,10,32,21,37
2018,6,100209488,28,18,64,10,36,0,0,0,0,3,11,2,7,5,18,3,11,10,36,5,18,0,0,2,2,5,2,5,2,0,0,1,0,0,1,5,3
2018,6,100209510,436,206,47,230,53,22,5,33,8,66,15,48,11,43,10,72,17,74,17,78,18,10,17,37,27,20,36,38,21,12,16,29,21,23,36,36,57
2018,7,LVDPA0001,647525,287843,44,359682,56,51623,8,51181,8,53047,8,101037,16,92471,14,82755,13,86354,13,129057,20,26770,26309,26839,48979,44521,37758,35872,40795,24853,24872,26208,52058,47950,44997,50482,88262
2018,7,LVDPA0002,56816,25802,45,31014,55,5066,9,5219,9,5221,9,8258,15,7807,14,7388,13,7328,13,10529,19,2642,2608,2563,4171,3876,3459,3089,3394,2424,2611,2658,4087,3931,3929,4239,7135
2018,7,LVDPA0003,45079,20382,45,24697,55,3036,7,3447,8,3525,8,5901,13,6067,13,6421,14,6748,15,9934,22,1552,1788,1816,2950,2920,3094,2939,3323,1484,1659,1709,2951,3147,3327,3809,6611
2018,7,LVDPA0004,6173,2917,47,3256,53,430,7,459,7,492,8,743,12,790,13,885,14,885,14,1489,24,230,230,245,394,395,455,422,546,200,229,247,349,395,430,463,943
2018,7,LVDPA0005,77828,34474,44,43354,56,5564,7,6025,8,6493,8,9427,12,9557,12,11811,15,11787,15,17164,22,2907,3119,3335,4808,4591,5516,4922,5276,2657,2906,3158,4619,4966,6295,6865,11888
2018,7,LVDPA0006,29597,13110,44,16487,56,2039,7,2523,9,2746,9,3505,12,3767,13,4247,14,4696,16,6074,21,1063,1320,1439,1742,1753,1919,2020,1854,976,1203,1307,1763,2014,2328,2676,4220
2018,7,LVDPA0007,67047,29734,44,37313,56,5435,8,6036,9,6742,10,8448,13,8241,12,8945,13,8900,13,14300,21,2845,3099,3450,4086,3943,4121,3778,4412,2590,2937,3292,4362,4298,4824,5122,9888
2018,7,LVDPA0008,34574,15485,45,19089,55,2404,7,2819,8,3329,10,4070,12,4327,13,4953,14,4997,14,7675,22,1239,1438,1640,2087,2041,2341,2178,2521,1165,1381,1689,1983,2286,2612,2819,5154
2018,7,LVDPA0009,21602,9809,45,11793,55,1560,7,1881,9,2078,10,2944,14,2731,13,3059,14,3142,15,4207,19,779,941,1072,1556,1382,1401,1357,1321,781,940,1006,1388,1349,1658,1785,2886
2018,7,LVDPA0010,15390,6759,44,8631,56,1238,8,1292,8,1521,10,2054,13,1864,12,2041,13,2066,13,3314,22,632,649,796,1020,867,879,834,1082,606,643,725,1034,997,1162,1232,2232
2018,7,LVDPA0011,25514,11452,45,14062,55,2197,9,2163,8,2385,9,3731,15,3092,12,3403,13,3382,13,5161,20,1147,1127,1222,1823,1520,1502,1399,1712,1050,1036,1163,1908,1572,1901,1983,3449
2018,7,LVDPA0012,24524,10886,44,13638,56,1967,8,2271,9,2116,9,3266,13,3606,15,3082,13,3078,13,5138,21,974,1167,1057,1678,1740,1429,1202,1639,993,1104,1059,1588,1866,1653,1876,3499
2018,7,LVDPA0013,11143,5061,45,6082,55,886,8,944,8,1238,11,1457,13,1360,12,1555,14,1488,13,2215,20,443,485,607,780,643,717,639,747,443,459,631,677,717,838,849,1468
2018,7,LVDPA0014,16196,7296,45,8900,55,1392,9,1545,10,1661,10,2225,14,2119,13,2194,14,1955,12,3105,19,718,786,849,1113,1000,1024,828,978,674,759,812,1112,1119,1170,1127,2127
2018,7,LVDPA0015,12009,5372,45,6637,55,891,7,1030,9,1308,11,1574,13,1532,13,1561,13,1628,14,2485,21,451,547,641,779,735,706,681,832,440,483,667,795,797,855,947,1653
2018,7,LVDPA0016,11657,5290,45,6367,55,887,8,1046,9,1124,10,1570,13,1426,12,1575,14,1744,15,2285,20,472,518,555,828,712,731,728,746,415,528,569,742,714,844,1016,1539
2018,7,LVDPA0017,13637,6182,45,7455,55,1479,11,1319,10,1268,9,2226,16,1920,14,1639,12,1557,11,2229,16,774,658,617,1051,937,746,667,732,705,661,651,1175,983,893,890,1497
2018,7,LVDPA0018,8218,3578,44,4640,56,429,5,611,7,808,10,818,10,919,11,1246,15,1500,18,1887,23,207,297,414,447,436,548,609,620,222,314,394,371,483,698,891,1267
2018,7,LVDPA0019,7610,3413,45,4197,55,495,7,604,8,804,11,967,13,938,12,1141,15,1153,15,1508,20,233,329,422,507,435,535,487,465,262,275,382,460,503,606,666,1043
2018,7,LVDPA0020,9544,4330,45,5214,55,702,7,784,8,972,10,1301,14,1185,12,1323,14,1367,14,1910,20,355,404,501,710,586,589,549,636,347,380,471,591,599,734,818,1274
2018,7,LVDPA0021,831,419,50,412,50,45,5,83,10,64,8,91,11,139,17,140,17,125,15,144,17,19,35,38,44,78,72,68,65,26,48,26,47,61,68,57,79
2018,7,LVDPA0022,7171,3112,43,4059,57,529,7,574,8,697,10,965,13,803,11,1012,14,1082,15,1509,21,255,286,338,482,397,454,442,458,274,288,359,483,406,558,640,1051
2018,7,LVDPA0023,6097,2811,46,3286,54,499,8,579,9,627,10,802,13,863,14,863,14,752,12,1112,18,231,310,324,429,418,411,314,374,268,269,303,373,445,452,438,738
2018,7,LVDPA0024,5490,2710,49,2780,51,438,8,437,8,410,7,774,14,823,15,758,14,741,13,1109,20,221,227,218,423,422,399,344,456,217,210,192,351,401,359,397,653
2018,7,LVDPA0025,9091,4074,45,5017,55,715,8,723,8,900,10,1197,13,1055,12,1218,13,1349,15,1934,21,387,379,476,614,504,538,546,630,328,344,424,583,551,680,803,1304
2018,7,LVDPA0026,8126,3712,46,4414,54,822,10,915,11,711,9,1062,13,1346,17,1028,13,863,11,1379,17,421,463,363,512,627,501,364,461,401,452,348,550,719,527,499,918
2018,7,LVDPA0027,4616,2120,46,2496,54,290,6,376,8,501,11,556,12,500,11,671,15,597,13,1125,24,157,171,268,317,263,302,248,394,133,205,233,239,237,369,349,731
2018,7,LVDPA0028,8003,3520,44,4483,56,479,6,608,8,694,9,968,12,1062,13,1226,15,1222,15,1744,22,239,303,358,493,517,580,500,530,240,305,336,475,545,646,722,1214
2018,7,LVDPA0029,6744,2999,44,3745,56,417,6,540,8,711,11,825,12,724,11,977,14,1017,15,1533,23,211,266,349,441,353,440,441,498,206,274,362,384,371,537,576,1035
2018,7,LVDPA0030,5647,2631,47,3016,53,469,8,476,8,574,10,725,13,714,13,732,13,786,14,1171,21,253,245,313,371,387,323,336,403,216,231,261,354,327,409,450,768
2018,7,LVDPA0031,7788,3541,45,4247,55,566,7,625,8,787,10,1073,14,944,12,1039,13,1104,14,1650,21,289,321,403,548,469,486,468,557,277,304,384,525,475,553,636,1093
2018,7,LVDPA0032,5486,2437,44,3049,56,351,6,445,8,535,10,671,12,610,11,771,14,936,17,1167,21,183,262,262,334,303,351,385,357,168,183,273,337,307,420,551,810
2018,7,LVDPA0033,7363,3251,44,4112,56,471,6,621,8,702,10,883,12,857,12,991,13,1283,17,1555,21,241,282,351,449,446,457,522,503,230,339,351,434,411,534,761,1052
2018,7,LVDPA0034,449,225,50,224,50,17,4,37,8,51,11,62,14,48,11,69,15,69,15,96,21,8,18,31,37,23,37,33,38,9,19,20,25,25,32,36,58
2018,7,LVDPA0035,2693,1253,47,1440,53,190,7,209,8,244,9,368,14,317,12,373,14,404,15,588,22,102,99,115,196,170,190,179,202,88,110,129,172,147,183,225,386
2018,7,LVDPA0036,3188,1427,45,1761,55,170,5,242,8,346,11,388,12,356,11,484,15,505,16,697,22,80,115,168,218,165,231,215,235,90,127,178,170,191,253,290,462
2018,7,LVDPA0037,7074,3327,47,3747,53,796,11,831,12,590,8,932,13,1120,16,896,13,785,11,1124,16,420,428,286,471,535,436,348,403,376,403,304,461,585,460,437,721
2018,7,LVDPA0038,2478,1125,45,1353,55,146,6,199,8,210,8,309,12,237,10,369,15,372,15,636,26,77,107,109,161,109,172,188,202,69,92,101,148,128,197,184,434
2018,7,LVDPA0039,2088,963,46,1125,54,112,5,156,7,156,7,272,13,251,12,321,15,305,15,515,25,44,74,92,159,124,170,134,166,68,82,64,113,127,151,171,349
2018,7,LVDPA0040,2182,1006,46,1176,54,124,6,192,9,220,10,234,11,285,13,334,15,343,16,450,21,68,108,116,121,137,159,157,140,56,84,104,113,148,175,186,310
2018,7,LVDPA0041,2033,907,45,1126,55,125,6,170,8,240,12,238,12,235,12,326,16,261,13,438,22,53,87,132,123,107,169,117,119,72,83,108,115,128,157,144,319
2018,7,LVDPA0042,4440,1902,43,2538,57,278,6,327,7,395,9,530,12,411,9,598,13,704,16,1197,27,148,176,199,274,200,244,286,375,130,151,196,256,211,354,418,822
2018,7,LVDPA0043,2004,903,45,1101,55,119,6,172,9,216,11,276,14,221,11,267,13,259,13,474,24,59,97,115,144,101,131,118,138,60,75,101,132,120,136,141,336
2018,7,LVDPA0044,3478,1589,46,1889,54,312,9,369,11,324,9,495,14,500,14,435,13,437,13,606,17,160,196,161,245,255,205,195,172,152,173,163,250,245,230,242,434
2018,7,LVDPA0045,1342,636,47,706,53,71,5,94,7,152,11,134,10,170,13,195,15,217,16,309,23,45,50,87,71,99,85,113,86,26,44,65,63,71,110,104,223
2018,7,LVDPA0046,2604,1236,47,1368,53,181,7,206,8,273,10,362,14,291,11,381,15,356,14,554,21,106,100,157,193,147,186,164,183,75,106,116,169,144,195,192,371
2018,7,LVDPA0047,3553,1624,46,1929,54,250,7,317,9,405,11,450,13,395,11,492,14,483,14,761,21,135,168,212,228,190,220,211,260,115,149,193,222,205,272,272,501
2018,7,LVDPA0048,3797,1701,45,2096,55,311,8,355,9,380,10,492,13,487,13,474,12,488,13,810,21,144,187,187,235,239,219,199,291,167,168,193,257,248,255,289,519
2018,7,LVDPA0050,2381,1087,46,1294,54,134,6,184,8,250,10,265,11,248,10,380,16,357,15,563,24,63,84,139,142,125,182,161,191,71,100,111,123,123,198,196,372
2018,7,LVDPA0051,2814,1253,45,1561,55,182,6,251,9,279,10,313,11,276,10,384,14,420,15,709,25,107,127,132,147,141,173,184,242,75,124,147,166,135,211,236,467
2018,7,LVDPA0052,1463,673,46,790,54,77,5,102,7,146,10,166,11,182,12,230,16,221,15,339,23,44,55,71,100,93,103,88,119,33,47,75,66,89,127,133,220
2018,7,LVDPA0053,6506,2857,44,3649,56,424,7,478,7,591,9,891,14,708,11,1031,16,1105,17,1278,20,220,249,304,458,342,433,465,386,204,229,287,433,366,598,640,892
2018,7,LVDPA0054,1864,888,48,976,52,122,7,151,8,179,10,235,13,222,12,244,13,273,15,438,23,65,89,84,123,125,131,131,140,57,62,95,112,97,113,142,298
2018,7,LVDPA0055,2022,922,46,1100,54,115,6,173,9,220,11,249,12,213,11,305,15,290,14,457,23,56,95,107,134,112,139,138,141,59,78,113,115,101,166,152,316
2018,7,LVDPA0056,2766,1308,47,1458,53,204,7,210,8,291,11,365,13,346,13,375,14,405,15,570,21,123,106,146,200,172,172,189,200,81,104,145,165,174,203,216,370
2018,7,LVDPA0057,1234,577,47,657,53,73,6,85,7,134,11,151,12,150,12,163,13,175,14,303,25,39,45,67,81,85,77,89,94,34,40,67,70,65,86,86,209
2018,7,LVDPA0059,6901,3253,47,3648,53,904,13,893,13,517,7,1038,15,1270,18,726,11,735,11,818,12,462,448,259,489,618,357,326,294,442,445,258,549,652,369,409,524
2018,7,LVDPA0060,5073,2319,46,2754,54,394,8,486,10,547,11,707,14,690,14,705,14,638,13,906,18,196,253,268,361,342,335,266,298,198,233,279,346,348,370,372,608
2018,7,LVDPA0061,20833,9252,44,11581,56,1309,6,1589,8,1717,8,2857,14,2754,13,2910,14,3364,16,4333,21,676,812,883,1489,1365,1327,1373,1327,633,777,834,1368,1389,1583,1991,3006
2018,7,LVDPA0062,2825,1285,45,1540,55,203,7,192,7,289,10,385,14,292,10,410,15,420,15,634,22,112,89,153,221,154,186,182,188,91,103,136,164,138,224,238,446
2018,7,LVDPA0063,2025,912,45,1113,55,118,6,144,7,210,10,250,12,200,10,285,14,326,16,492,24,58,63,106,131,99,141,152,162,60,81,104,119,101,144,174,330
2018,7,LVDPA0064,2251,1017,45,1234,55,124,6,157,7,218,10,286,13,263,12,342,15,345,15,516,23,71,80,105,156,131,161,142,171,53,77,113,130,132,181,203,345
2018,7,LVDPA0065,1389,630,45,759,55,95,7,110,8,138,10,187,13,191,14,183,13,216,16,269,19,44,52,68,100,109,75,100,82,51,58,70,87,82,108,116,187
2018,7,LVDPA0066,1653,729,44,924,56,105,6,128,8,148,9,215,13,162,10,213,13,231,14,451,27,45,64,83,115,82,103,105,132,60,64,65,100,80,110,126,319
2018,7,LVDPA0067,1222,557,46,665,54,104,9,108,9,134,11,150,12,137,11,165,14,148,12,276,23,51,56,73,76,71,88,56,86,53,52,61,74,66,77,92,190
2018,7,LVDPA0068,507,242,48,265,52,28,6,41,8,44,9,67,13,43,8,74,15,70,14,140,28,14,22,27,39,23,35,38,44,14,19,17,28,20,39,32,96
2018,7,LVDPA0069,1239,548,44,691,56,66,5,89,7,134,11,167,13,145,12,181,15,157,13,300,24,30,44,60,82,76,84,68,104,36,45,74,85,69,97,89,196
2018,7,LVDPA0070,2073,940,45,1133,55,190,9,184,9,202,10,279,13,274,13,257,12,284,14,403,19,85,85,105,145,151,117,118,134,105,99,97,134,123,140,166,269
2018,7,LVDPA0071,489,233,48,256,52,33,7,47,10,34,7,59,12,79,16,54,11,79,16,104,21,18,23,15,35,39,30,33,40,15,24,19,24,40,24,46,64
2018,7,LVDPA0072,1718,768,45,950,55,98,6,138,8,172,10,231,13,152,9,228,13,249,14,450,26,48,68,87,120,80,104,122,139,50,70,85,111,72,124,127,311
2018,7,LVDPA0073,1378,641,47,737,53,107,8,103,7,170,12,168,12,144,10,210,15,176,13,300,22,58,61,86,80,83,95,87,91,49,42,84,88,61,115,89,209
2018,7,LVDPA0074,1616,756,47,860,53,95,6,114,7,170,11,222,14,186,12,220,14,232,14,377,23,51,55,83,134,102,101,108,122,44,59,87,88,84,119,124,255
2018,7,LVDPA0075,885,401,45,484,55,61,7,65,7,106,12,128,14,95,11,130,15,115,13,185,21,24,25,50,75,58,58,53,58,37,40,56,53,37,72,62,127
2018,7,LVDPA0076,3333,1473,44,1860,56,214,6,219,7,289,9,373,11,407,12,498,15,507,15,826,25,124,113,138,183,184,235,233,263,90,106,151,190,223,263,274,563
2018,7,LVDPA0077,911,437,48,474,52,56,6,92,10,89,10,120,13,119,13,124,14,128,14,183,20,32,38,40,65,61,70,66,65,24,54,49,55,58,54,62,118
2018,7,LVDPA0078,2289,995,43,1294,57,138,6,172,8,226,10,249,11,255,11,331,14,347,15,571,25,68,78,102,136,118,150,156,187,70,94,124,113,137,181,191,384
2018,7,LVDPA0079,1642,770,47,872,53,104,6,157,10,183,11,223,14,223,14,199,12,211,13,342,21,50,76,92,114,116,104,95,123,54,81,91,109,107,95,116,219
2018,7,LVDPA0080,7213,3233,45,3980,55,489,7,554,8,667,9,955,13,892,12,958,13,1169,16,1529,21,287,287,334,497,458,410,481,479,202,267,333,458,434,548,688,1050
2018,7,LVDPA0081,125,68,54,57,46,5,4,16,13,10,8,5,4,23,18,27,22,16,13,23,18,2,7,6,3,14,15,7,14,3,9,4,2,9,12,9,9
2018,7,LVDPA0082,2327,1057,45,1270,55,120,5,162,7,241,10,284,12,241,10,341,15,383,16,555,24,66,76,121,157,118,161,185,173,54,86,120,127,123,180,198,382
2018,7,LVDPA0083,1307,620,47,687,53,76,6,86,7,158,12,153,12,161,12,189,14,184,14,300,23,46,49,80,83,87,83,82,110,30,37,78,70,74,106,102,190
2018,7,LVDPA0084,542,245,45,297,55,20,4,37,7,48,9,50,9,43,8,86,16,113,21,145,27,7,20,28,30,19,45,48,48,13,17,20,20,24,41,65,97
2018,7,LVDPA0085,1039,479,46,560,54,61,6,74,7,105,10,143,14,103,10,175,17,157,15,221,21,28,45,52,82,49,79,72,72,33,29,53,61,54,96,85,149
2018,7,LVDPA0086,1005,436,43,569,57,42,4,85,8,86,9,94,9,113,11,145,14,174,17,266,26,22,39,44,48,57,63,90,73,20,46,42,46,56,82,84,193
2018,7,LVDPA0087,1605,740,46,865,54,95,6,140,9,174,11,199,12,168,10,237,15,231,14,361,22,47,69,87,112,89,109,101,126,48,71,87,87,79,128,130,235
2018,7,LVDPA0088,2108,958,45,1150,55,171,8,135,6,192,9,340,16,242,11,271,13,329,16,428,20,76,73,88,169,119,122,141,170,95,62,104,171,123,149,188,258
2018,7,LVDPA0089,1831,832,45,999,55,129,7,161,9,190,10,217,12,255,14,268,15,249,14,362,20,74,85,93,107,125,128,107,113,55,76,97,110,130,140,142,249
2018,7,LVDPA0090,2974,1439,48,1535,52,353,12,370,12,269,9,476,16,505,17,334,11,318,11,349,12,185,198,139,249,254,156,142,116,168,172,130,227,251,178,176,233
2018,7,LVDPA0091,1791,873,49,918,51,174,10,166,9,163,9,235,13,313,17,224,13,219,12,297,17,84,84,88,127,167,122,97,104,90,82,75,108,146,102,122,193
2018,7,LVDPA0092,124,64,52,60,48,3,2,7,6,6,5,15,12,14,11,18,15,18,15,43,35,1,3,1,10,12,6,13,18,2,4,5,5,2,12,5,25
2018,7,LVDPA0093,697,331,47,366,53,32,5,48,7,70,10,84,12,76,11,122,18,103,15,162,23,20,25,38,50,38,60,55,45,12,23,32,34,38,62,48,117
2018,7,LVDPA0094,1045,466,45,579,55,63,6,86,8,106,10,119,11,97,9,148,14,130,12,296,28,34,43,65,62,47,66,54,95,29,43,41,57,50,82,76,201
2018,7,LVDPA0095,1548,727,47,821,53,109,7,121,8,161,10,214,14,196,13,195,13,243,16,309,20,51,57,94,127,95,94,99,110,58,64,67,87,101,101,144,199
2018,7,LVDPA0096,580,287,49,293,51,18,3,43,7,63,11,89,15,47,8,93,16,88,15,139,24,7,23,38,50,24,47,42,56,11,20,25,39,23,46,46,83
2018,7,LVDPA0097,898,409,46,489,54,51,6,60,7,101,11,110,12,120,13,135,15,126,14,195,22,24,27,47,56,68,61,62,64,27,33,54,54,52,74,64,131
2018,7,LVDPA0098,797,352,44,445,56,44,6,52,7,104,13,111,14,57,7,127,16,143,18,159,20,20,27,47,63,29,59,65,42,24,25,57,48,28,68,78,117
2018,7,LVDPA0099,1153,555,48,598,52,115,10,110,10,107,9,181,16,160,14,122,11,164,14,194,17,62,56,58,98,77,59,74,71,53,54,49,83,83,63,90,123
2018,7,LVDPA0100,1726,797,46,929,54,115,7,131,8,133,8,222,13,196,11,234,14,299,17,396,23,64,72,71,114,111,107,134,124,51,59,62,108,85,127,165,272
2018,7,LVDPA0102,2194,992,45,1202,55,152,7,169,8,246,11,255,12,259,12,346,16,304,14,463,21,82,91,127,138,121,163,133,137,70,78,119,117,138,183,171,326
2018,7,LVDPA0103,3627,1724,48,1903,52,473,13,378,10,202,6,592,16,647,18,412,11,463,13,460,13,243,184,108,291,318,193,220,167,230,194,94,301,329,219,243,293
2018,7,LVDPA0104,2375,1101,46,1274,54,194,8,194,8,228,10,346,15,309,13,335,14,336,14,433,18,115,100,112,166,153,150,153,152,79,94,116,180,156,185,183,281
2018,7,LVDPA0105,1248,639,51,609,49,57,5,62,5,103,8,167,13,161,13,232,19,197,16,269,22,33,38,46,90,90,120,93,129,24,24,57,77,71,112,104,140
2018,7,LVDPA0106,882,416,47,466,53,60,7,59,7,88,10,110,12,99,11,140,16,139,16,187,21,36,25,48,62,48,72,62,63,24,34,40,48,51,68,77,124
2018,7,LVDPA0107,1324,627,47,697,53,47,4,98,7,133,10,175,13,146,11,197,15,209,16,319,24,25,58,86,92,66,94,95,111,22,40,47,83,80,103,114,208
2018,7,LVDPA0108,1792,852,48,940,52,179,10,227,13,184,10,209,12,318,18,239,13,195,11,241,13,93,112,97,107,153,117,90,83,86,115,87,102,165,122,105,158
2018,7,LVDPA0109,690,305,44,385,56,49,7,47,7,70,10,100,14,68,10,87,13,126,18,143,21,29,22,32,51,33,47,49,42,20,25,38,49,35,40,77,101
2018,7,LVDPA0110,1146,534,47,612,53,60,5,86,8,111,10,138,12,126,11,175,15,157,14,293,26,26,49,55,73,69,84,73,105,34,37,56,65,57,91,84,188
2018,7,LVDPA0111,2728,1279,47,1449,53,335,12,301,11,263,10,358,13,378,14,391,14,292,11,410,15,177,143,122,166,192,179,141,159,158,158,141,192,186,212,151,251
2018,7,LVDPA0112,736,332,45,404,55,45,6,63,9,87,12,103,14,88,12,89,12,126,17,135,18,21,28,45,55,51,42,49,41,24,35,42,48,37,47,77,94
2018,7,LVDPA0113,13741,6077,44,7664,56,974,7,1117,8,1193,9,1894,14,2014,15,1895,14,1944,14,2710,20,492,546,604,985,1009,863,776,802,482,571,589,909,1005,1032,1168,1908
2018,7,LVDPA0114,384,179,47,205,53,30,8,33,9,39,10,71,18,38,10,44,11,67,17,62,16,16,20,14,41,16,21,28,23,14,13,25,30,22,23,39,39
2018,7,LVDPA0115,1933,956,49,977,51,163,8,140,7,180,9,267,14,229,12,269,14,310,16,375,19,80,74,96,145,110,137,166,148,83,66,84,122,119,132,144,227
2018,7,LVDPA0116,472,214,45,258,55,28,6,32,7,49,10,80,17,33,7,79,17,74,16,97,21,15,18,19,50,14,40,32,26,13,14,30,30,19,39,42,71
2018,7,LVDPA0117,1202,566,47,636,53,72,6,101,8,151,13,139,12,145,12,168,14,194,16,232,19,39,52,84,92,68,78,78,75,33,49,67,47,77,90,116,157
2018,7,LVDPA0118,944,444,47,500,53,31,3,77,8,80,8,154,16,124,13,150,16,152,16,176,19,17,34,37,88,65,69,64,70,14,43,43,66,59,81,88,106
2018,7,LVDPA0119,975,457,47,518,53,56,6,75,8,89,9,126,13,115,12,127,13,133,14,254,26,29,44,51,79,58,60,54,82,27,31,38,47,57,67,79,172
2018,7,LVDPA0120,1052,492,47,560,53,62,6,74,7,112,11,126,12,117,11,165,16,162,15,234,22,26,36,66,67,57,88,77,75,36,38,46,59,60,77,85,159
2018,7,LVDPA0121,413,187,45,226,55,30,7,32,8,42,10,56,14,35,8,67,16,70,17,81,20,16,17,20,29,14,33,37,21,14,15,22,27,21,34,33,60
2018,7,LVDPA0122,978,503,51,475,49,56,6,68,7,79,8,132,13,148,15,145,15,164,17,186,19,28,47,40,79,79,64,84,82,28,21,39,53,69,81,80,104
2018,7,LVDPA0123,383,175,46,208,54,29,8,29,8,27,7,60,16,43,11,60,16,54,14,81,21,14,14,13,31,22,33,22,26,15,15,14,29,21,27,32,55
2018,7,LVDPA0124,1070,494,46,576,54,63,6,84,8,113,11,161,15,115,11,134,13,221,21,179,17,28,39,66,88,56,60,92,65,35,45,47,73,59,74,129,114
2018,7,LVDPA0125,1001,459,46,542,54,69,7,81,8,87,9,141,14,126,13,134,13,152,15,211,21,39,41,42,79,67,67,58,66,30,40,45,62,59,67,94,145
2018,7,LVDPA0126,1195,527,44,668,56,55,5,96,8,128,11,142,12,133,11,165,14,169,14,307,26,25,48,61,80,70,84,70,89,30,48,67,62,63,81,99,218
2018,7,LVDPA0128,481,232,48,249,52,26,5,41,9,70,15,51,11,48,10,79,16,82,17,84,17,13,23,40,29,22,40,41,24,13,18,30,22,26,39,41,60
2018,7,LVDPA0129,561,280,50,281,50,22,4,31,6,43,8,72,13,62,11,100,18,88,16,143,25,9,22,22,43,34,59,42,49,13,9,21,29,28,41,46,94
2018,7,LVDPA0130,535,273,51,262,49,46,9,45,8,36,7,86,16,63,12,77,14,90,17,92,17,30,21,15,42,34,45,46,40,16,24,21,44,29,32,44,52
2018,7,LVDPA0131,510,243,48,267,52,47,9,44,9,55,11,90,18,41,8,79,15,77,15,77,15,30,21,33,50,24,34,34,17,17,23,22,40,17,45,43,60
2018,7,LVDPA0132,588,278,47,310,53,47,8,49,8,45,8,64,11,70,12,86,15,93,16,134,23,27,24,18,33,39,41,46,50,20,25,27,31,31,45,47,84
2018,7,LVDPA0133,723,334,46,389,54,30,4,59,8,93,13,91,13,75,10,122,17,115,16,138,19,17,32,40,53,40,60,46,46,13,27,53,38,35,62,69,92
2018,7,LVDPA0134,587,284,48,303,52,46,8,47,8,68,12,92,16,83,14,71,12,86,15,94,16,23,24,37,42,46,34,38,40,23,23,31,50,37,37,48,54
2018,7,LVDPA0135,344,171,50,173,50,20,6,30,9,41,12,32,9,50,15,47,14,52,15,72,21,12,12,21,21,28,24,24,29,8,18,20,11,22,23,28,43
2018,7,LVDPA0136,504,229,45,275,55,30,6,45,9,35,7,71,14,58,12,62,12,68,13,135,27,17,21,18,39,26,34,25,49,13,24,17,32,32,28,43,86
2018,7,LVDPA0137,855,414,48,441,52,57,7,85,10,88,10,117,14,97,11,111,13,118,14,182,21,31,43,55,69,48,59,53,56,26,42,33,48,49,52,65,126
2018,7,LVDPA0138,2047,946,46,1101,54,177,9,161,8,210,10,308,15,214,10,329,16,241,12,407,20,92,78,109,154,104,153,107,149,85,83,101,154,110,176,134,258
2018,7,LVDPA0139,526,241,46,285,54,40,8,64,12,46,9,96,18,46,9,81,15,78,15,75,14,19,38,18,55,26,27,37,21,21,26,28,41,20,54,41,54
2018,7,LVDPA0140,696,325,47,371,53,52,7,52,7,85,12,80,11,97,14,111,16,99,14,120,17,32,29,47,40,48,50,36,43,20,23,38,40,49,61,63,77
2018,7,LVDPA0141,637,294,46,343,54,41,6,59,9,68,11,86,14,85,13,86,14,78,12,134,21,21,35,35,49,43,35,32,44,20,24,33,37,42,51,46,90
2018,7,LVDPA0142,1062,488,46,574,54,70,7,80,8,75,7,157,15,139,13,129,12,179,17,233,22,40,36,42,87,79,50,79,75,30,44,33,70,60,79,100,158
2018,7,LVDPA0143,294,140,48,154,52,16,5,18,6,37,13,31,11,46,16,50,17,36,12,60,20,8,13,20,18,24,20,15,22,8,5,17,13,22,30,21,38
2018,7,LVDPA0144,664,312,47,352,53,45,7,53,8,80,12,111,17,69,10,91,14,104,16,111,17,23,28,43,62,32,41,48,35,22,25,37,49,37,50,56,76
2018,7,LVDPA0146,553,251,45,302,55,44,8,56,10,48,9,73,13,76,14,72,13,96,17,88,16,17,27,24,32,38,33,51,29,27,29,24,41,38,39,45,59
2018,7,LVDPA0147,5437,2679,49,2758,51,802,15,605,11,355,7,908,17,1057,19,620,11,554,10,536,10,437,328,177,430,527,328,249,203,365,277,178,478,530,292,305,333
2018,7,LVDPA0148,654,332,51,322,49,13,2,33,5,50,8,84,13,87,13,116,18,127,19,144,22,7,19,25,55,46,64,64,52,6,14,25,29,41,52,63,92
2018,7,LVDPA0149,403,201,50,202,50,27,7,26,6,39,10,67,17,45,11,60,15,63,16,76,19,19,14,24,38,25,30,26,25,8,12,15,29,20,30,37,51
2018,7,LVDPA0150,301,154,51,147,49,13,4,24,8,31,10,34,11,27,9,40,13,53,18,79,26,11,17,13,19,14,20,27,33,2,7,18,15,13,20,26,46
2018,7,LVDPA0151,415,195,47,220,53,10,2,33,8,52,13,38,9,58,14,63,15,40,10,121,29,5,16,30,22,28,36,18,40,5,17,22,16,30,27,22,81
2018,7,LVDPA0152,1009,474,47,535,53,91,9,124,12,102,10,140,14,140,14,135,13,120,12,157,16,46,67,47,81,72,64,54,43,45,57,55,59,68,71,66,114
2018,7,LVDPA0153,852,390,46,462,54,54,6,80,9,92,11,119,14,100,12,134,16,124,15,149,17,34,41,47,65,42,56,57,48,20,39,45,54,58,78,67,101
2018,7,LVDPA0154,520,247,48,273,53,33,6,45,9,60,12,51,10,69,13,72,14,68,13,122,23,15,26,36,32,37,35,27,39,18,19,24,19,32,37,41,83
2018,7,LVDPA0155,1126,535,48,591,52,72,6,89,8,129,11,135,12,144,13,153,14,176,16,228,20,36,43,73,77,67,76,82,81,36,46,56,58,77,77,94,147
2018,7,LVDPA0156,480,234,49,246,51,29,6,44,9,40,8,65,14,68,14,61,13,80,17,93,19,19,22,28,32,31,34,36,32,10,22,12,33,37,27,44,61
2018,7,LVDPA0157,307,148,48,159,52,14,5,18,6,35,11,46,15,34,11,50,16,56,18,54,18,6,7,18,33,16,27,27,14,8,11,17,13,18,23,29,40
2018,7,LVDPA0158,313,131,42,182,58,15,5,19,6,45,14,29,9,47,15,50,16,38,12,70,22,7,4,21,14,23,24,20,18,8,15,24,15,24,26,18,52
2018,7,LVDPA0159,626,292,47,334,53,39,6,43,7,48,8,68,11,61,10,79,13,106,17,182,29,24,24,26,36,33,41,47,61,15,19,22,32,28,38,59,121
2018,7,LVDPA0160,230,115,50,115,50,8,3,9,4,17,7,33,14,16,7,41,18,49,21,57,25,6,5,12,20,10,20,24,18,2,4,5,13,6,21,25,39
2018,7,LVDPA0161,499,226,45,273,55,36,7,45,9,63,13,68,14,57,11,59,12,85,17,86,17,17,22,34,38,24,27,43,21,19,23,29,30,33,32,42,65
2018,7,LVDPA0162,323,161,50,162,50,23,7,31,10,40,12,42,13,38,12,58,18,40,12,51,16,15,17,24,28,21,24,17,15,8,14,16,14,17,34,23,36
2018,7,LVDPA0163,550,245,45,305,55,24,4,56,10,70,13,63,11,46,8,86,16,89,16,116,21,7,24,36,36,23,40,38,41,17,32,34,27,23,46,51,75
2018,7,LVDPA0164,416,190,46,226,54,18,4,39,9,62,15,50,12,38,9,63,15,49,12,97,23,13,21,33,25,19,24,25,30,5,18,29,25,19,39,24,67
2018,7,LVDPA0165,479,231,48,248,52,42,9,38,8,55,11,72,15,56,12,58,12,71,15,87,18,22,23,26,38,31,27,37,27,20,15,29,34,25,31,34,60
2018,7,LVDPA0166,886,422,48,464,52,48,5,92,10,87,10,123,14,105,12,115,13,149,17,167,19,21,49,47,60,62,56,59,68,27,43,40,63,43,59,90,99
2018,7,LVDPA0167,1345,625,46,720,54,99,7,122,9,117,9,199,15,183,14,212,16,223,17,190,14,48,68,64,98,90,104,95,58,51,54,53,101,93,108,128,132
2018,7,LVDPA0169,424,198,47,226,53,41,10,30,7,53,13,77,18,43,10,62,15,56,13,62,15,21,11,29,45,26,25,27,14,20,19,24,32,17,37,29,48
2018,7,LVDPA0170,240,110,46,130,54,24,10,12,5,21,9,44,18,20,8,35,15,36,15,48,20,13,2,7,26,12,15,20,15,11,10,14,18,8,20,16,33
2018,7,LVDPA0171,655,323,49,332,51,58,9,55,8,73,11,104,16,90,14,105,16,59,9,111,17,29,27,43,59,45,51,32,37,29,28,30,45,45,54,27,74
2018,7,LVDPA0172,918,456,50,462,50,72,8,59,6,95,10,117,13,111,12,133,14,145,16,186,20,40,29,51,71,62,69,64,70,32,30,44,46,49,64,81,116
2018,7,LVDPA0173,634,307,48,327,52,37,6,48,8,73,12,104,16,56,9,109,17,107,17,100,16,18,27,43,64,26,48,54,27,19,21,30,40,30,61,53,73
2018,7,LVDPA0174,502,229,46,273,54,27,5,45,9,70,14,70,14,68,14,64,13,78,16,80,16,12,23,35,34,33,29,37,26,15,22,35,36,35,35,41,54
2018,7,LVDPA0175,328,172,52,156,48,16,5,22,7,42,13,46,14,49,15,46,14,45,14,62,19,10,14,23,34,27,24,20,20,6,8,19,12,22,22,25,42
2018,7,LVDPA0176,456,201,44,255,56,25,5,18,4,42,9,57,13,45,10,77,17,91,20,101,22,8,6,24,34,24,29,46,30,17,12,18,23,21,48,45,71
2018,7,LVDPA0177,646,294,46,352,54,25,4,41,6,64,10,64,10,64,10,78,12,114,18,196,30,15,24,36,28,29,38,54,70,10,17,28,36,35,40,60,126
2018,7,LVDPA0178,295,142,48,153,52,11,4,26,9,32,11,32,11,32,11,45,15,53,18,64,22,5,15,20,23,17,20,21,21,6,11,12,9,15,25,32,43
2018,7,LVDPA0179,638,296,46,342,54,34,5,34,5,72,11,92,14,60,9,117,18,89,14,140,22,11,11,42,55,38,62,38,39,23,23,30,37,22,55,51,101
2018,7,LVDPA0180,2743,1245,45,1498,55,205,7,267,10,292,11,342,12,328,12,347,13,376,14,586,21,106,142,155,180,159,153,174,176,99,125,137,162,169,194,202,410
2018,7,LVDPA0181,269,134,50,135,50,20,7,18,7,28,10,29,11,44,16,39,14,42,16,49,18,8,12,14,14,25,18,24,19,12,6,14,15,19,21,18,30
2018,7,LVDPA0182,291,135,46,156,54,17,6,19,7,44,15,39,13,24,8,60,21,44,15,44,15,8,8,29,21,12,30,18,9,9,11,15,18,12,30,26,35
2018,7,LVDPA0183,244,118,48,126,52,17,7,17,7,26,11,39,16,32,13,35,14,26,11,52,21,8,12,11,24,19,17,10,17,9,5,15,15,13,18,16,35
2018,7,LVDPA0184,353,175,50,178,50,12,3,18,5,33,9,49,14,37,10,41,12,77,22,86,24,9,12,17,34,21,23,30,29,3,6,16,15,16,18,47,57
2018,7,LVDPA0185,3150,1432,45,1718,55,411,13,334,11,255,8,449,14,501,16,374,12,365,12,461,15,220,161,124,202,217,193,165,150,191,173,131,247,284,181,200,311
2018,7,LVDPA0186,488,230,47,258,53,51,10,37,8,51,10,76,16,68,14,50,10,72,15,83,17,24,16,27,44,40,20,32,27,27,21,24,32,28,30,40,56
2018,7,LVDPA0187,582,281,48,301,52,38,7,48,8,58,10,96,16,60,10,79,14,102,18,101,17,17,26,26,58,37,34,52,31,21,22,32,38,23,45,50,70
2018,7,LVDPA0188,144,66,46,78,54,12,8,16,11,11,8,16,11,13,9,28,19,18,13,30,21,6,5,8,7,7,15,9,9,6,11,3,9,6,13,9,21
2018,7,LVDPA0189,765,350,46,415,54,39,5,50,7,84,11,87,11,67,9,127,17,118,15,193,25,22,23,43,44,38,67,57,56,17,27,41,43,29,60,61,137
2018,7,LVDPA0190,1046,496,47,550,53,79,8,84,8,117,11,149,14,105,10,164,16,161,15,187,18,43,39,63,90,39,80,72,70,36,45,54,59,66,84,89,117
2018,7,LVDPA0191,196,96,49,100,51,7,4,10,5,29,15,23,12,24,12,33,17,27,14,43,22,5,7,16,13,14,19,10,12,2,3,13,10,10,14,17,31
2018,7,LVDPA0192,465,220,47,245,53,22,5,38,8,54,12,57,12,51,11,78,17,71,15,94,20,14,22,28,31,26,37,35,27,8,16,26,26,25,41,36,67
2018,7,LVDPA0193,461,218,47,243,53,32,7,47,10,57,12,74,16,58,13,66,14,67,15,60,13,21,23,31,37,27,29,28,22,11,24,26,37,31,37,39,38
2018,7,LVDPA0194,151,68,45,83,55,6,4,11,7,10,7,21,14,16,11,29,19,22,15,36,24,3,6,4,12,9,16,10,8,3,5,6,9,7,13,12,28
2018,7,LVDPA0196,349,168,48,181,52,18,5,35,10,40,11,35,10,57,16,41,12,38,11,85,24,12,15,19,18,30,18,20,36,6,20,21,17,27,23,18,49
2018,7,LVDPA0197,778,366,47,412,53,58,7,61,8,81,10,134,17,81,10,84,11,111,14,168,22,28,32,41,72,52,34,45,62,30,29,40,62,29,50,66,106
2018,7,LVDPA0198,431,188,44,243,56,30,7,40,9,59,14,56,13,44,10,64,15,67,16,71,16,14,17,27,26,26,26,30,22,16,23,32,30,18,38,37,49
2018,7,LVDPA0199,355,174,49,181,51,22,6,21,6,41,12,48,14,44,12,45,13,58,16,76,21,11,12,25,25,24,24,21,32,11,9,16,23,20,21,37,44
2018,7,LVDPA0200,231,119,52,112,48,13,6,17,7,31,13,33,14,27,12,37,16,36,16,37,16,5,9,16,21,16,20,20,12,8,8,15,12,11,17,16,25
2018,7,LVDPA0201,293,131,45,162,55,17,6,26,9,37,13,39,13,25,9,47,16,46,16,56,19,11,13,19,16,13,23,21,15,6,13,18,23,12,24,25,41
2018,7,LVDPA0202,225,103,46,122,54,14,6,15,7,24,11,24,11,28,12,43,19,32,14,45,20,6,5,12,13,20,19,14,14,8,10,12,11,8,24,18,31
2018,7,LVDPA0203,532,251,47,281,53,35,7,35,7,62,12,77,14,70,13,63,12,80,15,110,21,20,20,33,42,34,27,36,39,15,15,29,35,36,36,44,71
2018,7,LVDPA0204,658,297,45,361,55,59,9,78,12,87,13,74,11,110,17,83,13,68,10,99,15,32,36,43,35,45,41,32,33,27,42,44,39,65,42,36,66
2018,7,LVDPA0205,229,119,52,110,48,9,4,14,6,27,12,29,13,25,11,37,16,38,17,50,22,7,6,16,18,13,21,19,19,2,8,11,11,12,16,19,31
2018,7,LVDPA0206,266,124,47,142,53,17,6,26,10,31,12,45,17,24,9,44,17,37,14,42,16,8,15,9,28,11,21,20,12,9,11,22,17,13,23,17,30
2018,7,LVDPA0207,335,158,47,177,53,13,4,20,6,30,9,46,14,38,11,52,16,76,23,60,18,7,6,17,31,16,30,31,20,6,14,13,15,22,22,45,40
2018,7,LVDPA0208,442,197,45,245,55,31,7,24,5,43,10,61,14,36,8,72,16,71,16,104,24,14,12,21,34,17,38,36,25,17,12,22,27,19,34,35,79
2018,7,LVDPA0209,191,84,44,107,56,6,3,17,9,21,11,19,10,27,14,20,10,50,26,31,16,4,5,8,9,17,11,22,8,2,12,13,10,10,9,28,23
2018,7,LVDPA0210,280,135,48,145,52,18,6,15,5,34,12,38,14,32,11,37,13,52,19,54,19,11,10,15,18,17,21,23,20,7,5,19,20,15,16,29,34
2018,7,LVDPA0211,452,212,47,240,53,29,6,39,9,37,8,61,13,38,8,67,15,71,16,110,24,18,20,22,29,18,32,38,35,11,19,15,32,20,35,33,75
2018,7,LVDPA0212,306,144,47,162,53,16,5,26,8,37,12,35,11,40,13,49,16,49,16,54,18,8,12,23,19,17,24,22,19,8,14,14,16,23,25,27,35
2018,7,LVDPA0213,341,157,46,184,54,24,7,20,6,29,9,50,15,41,12,39,11,62,18,76,22,8,8,14,29,17,19,32,30,16,12,15,21,24,20,30,46
2018,7,LVDPA0214,253,121,48,132,52,5,2,17,7,37,15,30,12,23,9,52,21,51,20,38,15,2,11,17,17,13,22,28,11,3,6,20,13,10,30,23,27
2018,7,LVDPA0215,509,239,47,270,53,31,6,26,5,58,11,62,12,55,11,76,15,68,13,133,26,17,15,27,40,28,32,34,46,14,11,31,22,27,44,34,87
2018,7,LVDPA0216,200,100,50,100,50,7,4,13,7,25,13,22,11,27,14,29,15,35,18,42,21,4,7,16,15,14,11,20,13,3,6,9,7,13,18,15,29
2018,7,LVDPA0217,338,166,49,172,51,18,5,25,7,28,8,62,18,42,12,45,13,75,22,43,13,10,11,15,38,25,18,38,11,8,14,13,24,17,27,37,32
2018,7,LVDPA0218,198,94,47,104,53,10,5,11,6,16,8,25,13,17,9,44,22,31,16,44,22,6,6,9,13,10,21,16,13,4,5,7,12,7,23,15,31
2018,7,LVDPA0219,119,55,46,64,54,5,4,12,10,12,10,12,10,14,12,22,18,19,16,23,19,3,5,7,4,6,12,11,7,2,7,5,8,8,10,8,16
2018,7,LVDPA0220,305,139,46,166,54,20,7,23,8,19,6,30,10,34,11,46,15,67,22,66,22,9,14,7,17,18,25,27,22,11,9,12,13,16,21,40,44
2018,7,LVDPA0221,1355,632,47,723,53,93,7,114,8,93,7,197,15,204,15,175,13,188,14,291,21,43,45,47,117,108,83,85,104,50,69,46,80,96,92,103,187
2018,7,LVDPA0222,332,156,47,176,53,23,7,21,6,30,9,43,13,36,11,42,13,64,19,73,22,12,11,18,24,20,20,30,21,11,10,12,19,16,22,34,52
2018,7,LVDPA0223,369,173,47,196,53,36,10,24,7,32,9,61,17,38,10,52,14,60,16,66,18,18,12,17,29,22,26,27,22,18,12,15,32,16,26,33,44
2018,7,LVDPA0224,256,133,52,123,48,13,5,17,7,21,8,38,15,30,12,37,14,44,17,56,22,9,9,10,28,17,14,20,26,4,8,11,10,13,23,24,30
2018,7,LVDPA0225,260,122,47,138,53,13,5,15,6,31,12,42,16,22,8,47,18,43,17,47,18,9,7,11,28,13,22,16,16,4,8,20,14,9,25,27,31
2018,7,LVDPA0226,565,281,50,284,50,59,10,59,10,67,12,68,12,68,12,79,14,69,12,96,17,34,35,39,43,34,37,26,33,25,24,28,25,34,42,43,63
2018,7,LVDPA0227,160,82,51,78,49,10,6,11,7,5,3,27,17,21,13,22,14,31,19,33,21,7,6,2,14,11,12,15,15,3,5,3,13,10,10,16,18
2018,7,LVDPA0228,373,181,49,192,51,37,10,35,9,47,13,49,13,44,12,49,13,45,12,67,18,22,21,22,29,26,21,19,21,15,14,25,20,18,28,26,46
2018,7,LVDPA0229,518,232,45,286,55,36,7,52,10,63,12,67,13,56,11,57,11,94,18,93,18,18,26,25,38,26,27,41,31,18,26,38,29,30,30,53,62
2018,7,LVDPA0230,238,117,49,121,51,10,4,31,13,32,13,36,15,29,12,40,17,30,13,30,13,5,17,14,22,16,19,13,11,5,14,18,14,13,21,17,19
2018,7,LVDPA0231,38,17,45,21,55,0,0,1,3,2,5,4,11,4,11,5,13,10,26,12,32,0,0,1,3,2,2,7,2,0,1,1,1,2,3,3,10
2018,7,LVDPA0232,92,46,50,46,50,4,4,7,8,13,14,9,10,8,9,16,17,12,13,23,25,1,4,7,5,5,7,7,10,3,3,6,4,3,9,5,13
2018,7,LVDPA0233,301,148,49,153,51,25,8,24,8,25,8,48,16,38,13,35,12,38,13,68,23,10,16,14,22,28,14,21,23,15,8,11,26,10,21,17,45
2018,7,LVDPA0234,726,335,46,391,54,46,6,47,6,84,12,107,15,79,11,90,12,128,18,145,20,32,22,37,55,42,52,53,42,14,25,47,52,37,38,75,103
2018,7,LVDPA0235,244,128,52,116,48,22,9,24,10,34,14,42,17,18,7,36,15,29,12,39,16,11,16,24,26,9,14,15,13,11,8,10,16,9,22,14,26
2018,7,LVDPA0236,164,81,49,83,51,11,7,19,12,16,10,21,13,21,13,20,12,24,15,32,20,7,12,11,12,10,8,13,8,4,7,5,9,11,12,11,24
2018,7,LVDPA0237,315,151,48,164,52,21,7,26,8,36,11,46,15,44,14,48,15,46,15,48,15,13,12,18,27,23,21,20,17,8,14,18,19,21,27,26,31
2018,7,LVDPA0238,310,136,44,174,56,22,7,29,9,32,10,48,15,42,14,41,13,51,16,45,15,12,7,17,26,22,17,20,15,10,22,15,22,20,24,31,30
2018,7,LVDPA0239,487,219,45,268,55,32,7,40,8,50,10,91,19,39,8,88,18,71,15,76,16,18,19,30,44,18,38,27,25,14,21,20,47,21,50,44,51
2018,7,LVDPA0240,185,87,47,98,53,3,2,8,4,20,11,15,8,16,9,40,22,32,17,51,28,2,5,8,7,7,22,22,14,1,3,12,8,9,18,10,37
2018,7,LVDPA0241,161,72,45,89,55,10,6,12,7,12,7,17,11,15,9,25,16,29,18,41,25,4,5,6,7,10,10,17,13,6,7,6,10,5,15,12,28
2018,7,LVDPA0242,365,173,47,192,53,19,5,22,6,33,9,41,11,28,8,52,14,57,16,113,31,12,12,14,29,18,28,26,34,7,10,19,12,10,24,31,79
2018,7,LVDPA0243,651,294,45,357,55,52,8,57,9,68,10,96,15,75,12,88,14,101,16,114,18,28,28,27,47,42,38,47,37,24,29,41,49,33,50,54,77
2018,7,LVDPA0244,553,257,46,296,54,27,5,39,7,54,10,75,14,70,13,65,12,115,21,108,20,14,17,30,40,40,30,56,30,13,22,24,35,30,35,59,78
2018,7,LVDPA0245,138,65,47,73,53,8,6,9,7,23,17,19,14,21,15,14,10,18,13,26,19,5,6,10,11,12,6,6,9,3,3,13,8,9,8,12,17
2018,7,LVDPA0246,200,88,44,112,56,9,5,12,6,28,14,15,8,16,8,41,21,23,12,56,28,5,6,14,7,7,23,9,17,4,6,14,8,9,18,14,39
2018,7,LVDPA0247,318,153,48,165,52,24,8,22,7,27,8,51,16,29,9,55,17,59,19,51,16,13,12,13,33,14,28,24,16,11,10,14,18,15,27,35,35
2018,7,LVDPA0249,514,251,49,263,51,67,13,56,11,50,10,74,14,61,12,71,14,77,15,58,11,33,32,27,35,31,37,39,17,34,24,23,39,30,34,38,41
2018,7,LVDPA0250,191,86,45,105,55,22,12,11,6,18,9,32,17,14,7,41,21,24,13,29,15,8,6,7,17,8,20,12,8,14,5,11,15,6,21,12,21
2018,7,LVDPA0251,271,127,47,144,53,15,6,19,7,25,9,42,15,26,10,56,21,48,18,40,15,7,10,11,25,13,28,21,12,8,9,14,17,13,28,27,28
2018,7,LVDPA0252,290,138,48,152,52,23,8,21,7,39,13,35,12,33,11,56,19,39,13,44,15,11,8,26,23,15,25,22,8,12,13,13,12,18,31,17,36
2018,7,LVDPA0253,54,27,50,27,50,0,0,0,0,7,13,5,9,6,11,5,9,11,20,20,37,0,0,1,4,4,4,5,9,0,0,6,1,2,1,6,11
2018,7,LVDPA0254,721,333,46,388,54,58,8,75,10,86,12,84,12,97,13,81,11,79,11,161,22,28,45,40,51,51,37,31,50,30,30,46,33,46,44,48,111
2018,7,LVDPA0255,293,164,56,129,44,7,2,9,3,19,6,36,12,47,16,45,15,61,21,69,24,3,3,11,20,29,26,42,30,4,6,8,16,18,19,19,39
2018,7,LVDPA0256,626,296,47,330,53,57,9,51,8,51,8,91,15,70,11,82,13,87,14,137,22,34,33,24,49,31,39,40,46,23,18,27,42,39,43,47,91
2018,7,LVDPA0257,323,146,45,177,55,15,5,30,9,35,11,42,13,51,16,49,15,55,17,46,14,6,12,21,22,25,21,26,13,9,18,14,20,26,28,29,33
2018,7,LVDPA0258,3321,1559,47,1762,53,262,8,316,10,269,8,464,14,463,14,455,14,492,15,600,18,142,169,143,259,230,214,225,177,120,147,126,205,233,241,267,423
2018,7,LVDPA0259,202,104,51,98,49,13,6,21,10,28,14,20,10,29,14,31,15,25,12,35,17,8,8,16,10,19,15,11,17,5,13,12,10,10,16,14,18
2018,7,LVDPA0260,88,48,55,40,45,7,8,5,6,5,6,14,16,7,8,14,16,18,20,18,20,3,2,4,7,4,10,10,8,4,3,1,7,3,4,8,10
2018,7,LVDPA0261,157,67,43,90,57,2,1,9,6,18,11,27,17,19,12,17,11,32,20,33,21,1,3,10,15,10,8,12,8,1,6,8,12,9,9,20,25
2018,7,LVDPA0262,185,89,48,96,52,6,3,9,5,12,6,30,16,19,10,19,10,50,27,40,22,2,3,5,19,11,11,25,13,4,6,7,11,8,8,25,27
2018,7,LVDPA0263,385,178,46,207,54,25,6,32,8,38,10,50,13,47,12,45,12,76,20,72,19,8,22,20,29,28,18,32,21,17,10,18,21,19,27,44,51
2018,7,LVDPA0264,253,114,45,139,55,19,8,18,7,33,13,28,11,32,13,37,15,42,17,44,17,9,8,20,16,12,22,16,11,10,10,13,12,20,15,26,33
2018,7,LVDPA0265,320,140,44,180,56,26,8,26,8,38,12,39,12,25,8,41,13,54,17,71,22,12,15,20,20,15,15,18,25,14,11,18,19,10,26,36,46
2018,7,LVDPA0266,198,115,58,83,42,4,2,14,7,20,10,35,18,22,11,28,14,36,18,39,20,2,11,13,24,11,18,18,18,2,3,7,11,11,10,18,21
2018,7,LVDPA0267,306,142,46,164,54,16,5,25,8,40,13,27,9,44,14,37,12,50,16,67,22,11,13,15,17,23,17,24,22,5,12,25,10,21,20,26,45
2018,7,LVDPA0268,496,231,47,265,53,38,8,44,9,55,11,93,19,46,9,75,15,73,15,72,15,15,22,32,54,24,35,29,20,23,22,23,39,22,40,44,52
2018,7,LVDPA0269,151,68,45,83,55,8,5,11,7,12,8,23,15,17,11,17,11,29,19,34,23,4,5,6,13,6,10,14,10,4,6,6,10,11,7,15,24
2018,7,LVDPA0271,252,111,44,141,56,10,4,11,4,30,12,36,14,23,9,47,19,44,17,51,20,4,6,15,22,11,18,19,16,6,5,15,14,12,29,25,35
2018,7,LVDPA0272,199,102,51,97,49,26,13,23,12,25,13,39,20,14,7,28,14,18,9,26,13,15,13,14,23,6,14,10,7,11,10,11,16,8,14,8,19
2018,7,LVDPA0273,595,263,44,332,56,43,7,50,8,77,13,72,12,79,13,85,14,85,14,104,17,19,25,31,43,35,44,34,32,24,25,46,29,44,41,51,72
2018,7,LVDPA0274,306,152,50,154,50,23,8,32,10,33,11,49,16,37,12,40,13,42,14,50,16,16,19,16,22,20,18,21,20,7,13,17,27,17,22,21,30
2018,7,LVDPA0275,1203,598,50,605,50,137,11,147,12,106,9,145,12,202,17,199,17,117,10,150,12,79,70,59,68,95,105,59,63,58,77,47,77,107,94,58,87
2018,7,LVDPA0276,303,139,46,164,54,9,3,22,7,40,13,36,12,29,10,45,15,44,15,78,26,4,12,22,22,14,22,20,23,5,10,18,14,15,23,24,55
2018,7,LVDPA0277,205,97,47,108,53,4,2,16,8,28,14,27,13,22,11,40,20,27,13,41,20,2,8,15,14,11,18,18,11,2,8,13,13,11,22,9,30
2018,7,LVDPA0278,276,123,45,153,55,24,9,36,13,36,13,33,12,31,11,36,13,34,12,46,17,11,16,15,19,14,17,15,16,13,20,21,14,17,19,19,30
2018,7,LVDPA0279,329,167,51,162,49,17,5,31,9,39,12,47,14,42,13,58,18,41,12,54,16,6,16,28,34,17,26,20,20,11,15,11,13,25,32,21,34
2018,7,LVDPA0280,445,203,46,242,54,33,7,51,11,38,9,61,14,63,14,61,14,60,13,78,18,15,22,17,32,31,33,27,26,18,29,21,29,32,28,33,52
2018,7,LVDPA0281,212,105,50,107,50,11,5,14,7,26,12,28,13,23,11,33,16,33,16,44,21,5,5,13,19,12,18,17,16,6,9,13,9,11,15,16,28
2018,7,LVDPA0282,259,132,51,127,49,8,3,10,4,20,8,28,11,26,10,38,15,55,21,74,29,5,4,13,15,15,20,32,28,3,6,7,13,11,18,23,46
2018,7,LVDPA0283,158,69,44,89,56,10,6,17,11,23,15,15,9,20,13,26,16,26,16,21,13,4,8,12,9,9,11,13,3,6,9,11,6,11,15,13,18
2018,7,LVDPA0284,208,97,47,111,53,18,9,8,4,19,9,29,14,18,9,36,17,35,17,45,22,6,5,9,16,10,14,21,16,12,3,10,13,8,22,14,29
2018,7,LVDPA0285,567,254,45,313,55,40,7,49,9,51,9,69,12,56,10,82,14,74,13,146,26,19,25,34,33,27,48,36,32,21,24,17,36,29,34,38,114
2018,7,LVDPA0286,558,269,48,289,52,56,10,43,8,55,10,75,13,70,13,59,11,93,17,107,19,28,25,25,45,37,29,41,39,28,18,30,30,33,30,52,68
2018,7,LVDPA0287,257,125,49,132,51,7,3,17,7,20,8,40,16,29,11,36,14,56,22,52,20,2,7,14,23,16,17,27,19,5,10,6,17,13,19,29,33
2018,7,LVDPA0288,329,162,49,167,51,23,7,24,7,40,12,40,12,35,11,46,14,49,15,72,22,13,15,21,21,18,24,25,25,10,9,19,19,17,22,24,47
2018,7,LVDPA0289,376,187,50,189,50,26,7,37,10,55,15,65,17,41,11,43,11,59,16,50,13,14,22,29,35,20,23,26,18,12,15,26,30,21,20,33,32
2018,7,LVDPA0290,421,177,42,244,58,15,4,23,5,40,10,48,11,49,12,73,17,67,16,106,25,6,12,23,24,23,31,30,28,9,11,17,24,26,42,37,78
2018,7,LVDPA0291,415,206,50,209,50,15,4,38,9,21,5,67,16,69,17,54,13,67,16,84,20,6,14,12,41,39,28,30,36,9,24,9,26,30,26,37,48
2018,7,LVDPA0292,445,199,45,246,55,28,6,40,9,41,9,68,15,54,12,57,13,76,17,81,18,12,17,20,34,27,20,42,27,16,23,21,34,27,37,34,54
2018,7,LVDPA0293,148,69,47,79,53,13,9,9,6,21,14,12,8,22,15,21,14,13,9,37,25,4,6,11,5,11,13,6,13,9,3,10,7,11,8,7,24
2018,7,LVDPA0294,388,185,48,203,52,19,5,26,7,46,12,61,16,53,14,56,14,51,13,76,20,14,13,26,30,26,25,23,28,5,13,20,31,27,31,28,48
2018,7,LVDPA0295,464,201,43,263,57,31,7,37,8,51,11,65,14,54,12,63,14,71,15,92,20,15,11,18,35,29,26,37,30,16,26,33,30,25,37,34,62
2018,7,LVDPA0296,195,92,47,103,53,22,11,15,8,11,6,31,16,12,6,30,15,44,23,30,15,11,7,3,16,6,16,21,12,11,8,8,15,6,14,23,18
2018,7,LVDPA0297,864,393,45,471,55,85,10,76,9,86,10,125,14,114,13,132,15,111,13,135,16,44,38,40,58,57,62,54,40,41,38,46,67,57,70,57,95
2018,7,LVDPA0298,433,196,45,237,55,28,6,37,9,45,10,64,15,41,9,55,13,57,13,106,24,12,18,26,35,20,24,24,37,16,19,19,29,21,31,33,69
2018,7,LVDPA0299,152,76,50,76,50,8,5,12,8,16,11,11,7,18,12,28,18,23,15,36,24,1,7,11,10,9,14,9,15,7,5,5,1,9,14,14,21
2018,7,LVDPA0300,296,138,47,158,53,10,3,19,6,28,9,42,14,31,10,50,17,46,16,70,24,7,11,13,28,13,26,20,20,3,8,15,14,18,24,26,50
2018,7,LVDPA0301,506,239,47,267,53,40,8,60,12,68,13,81,16,56,11,74,15,64,13,63,12,25,30,36,40,26,35,31,16,15,30,32,41,30,39,33,47
2018,7,LVDPA0302,601,273,45,328,55,46,8,61,10,71,12,89,15,65,11,88,15,66,11,115,19,22,34,41,44,34,39,28,31,24,27,30,45,31,49,38,84
2018,7,LVDPA0303,453,219,48,234,52,38,8,52,11,51,11,69,15,74,16,69,15,42,9,58,13,15,27,24,38,38,38,23,16,23,25,27,31,36,31,19,42
2018,7,LVDPA0304,36,22,61,14,39,2,6,1,3,2,6,2,6,4,11,6,17,10,28,9,25,2,0,2,1,4,4,7,2,0,1,0,1,0,2,3,7
2018,7,LVDPA0305,158,68,43,90,57,9,6,10,6,15,9,20,13,20,13,21,13,28,18,35,22,4,4,5,10,11,12,11,11,5,6,10,10,9,9,17,24
2018,7,LVDPA0306,909,440,48,469,52,93,10,103,11,76,8,151,17,110,12,121,13,108,12,147,16,49,52,40,76,54,65,51,53,44,51,36,75,56,56,57,94
2018,7,LVDPA0307,776,329,42,447,58,54,7,67,9,76,10,84,11,85,11,110,14,106,14,194,25,24,29,40,37,43,50,42,64,30,38,36,47,42,60,64,130
2018,7,LVDPA0308,74,31,42,43,58,5,7,2,3,15,20,6,8,17,23,11,15,9,12,9,12,2,2,3,4,10,4,4,2,3,0,12,2,7,7,5,7
2018,7,LVDPA0309,95,47,49,48,51,2,2,5,5,17,18,14,15,11,12,18,19,10,11,18,19,0,4,11,6,5,9,4,8,2,1,6,8,6,9,6,10
2018,7,LVDPA0310,525,229,44,296,56,40,8,39,7,62,12,75,14,64,12,70,13,82,16,93,18,18,22,24,39,28,32,34,32,22,17,38,36,36,38,48,61
2018,7,LVDPA0311,534,265,50,269,50,37,7,51,10,62,12,70,13,81,15,79,15,58,11,96,18,24,22,32,43,42,38,28,36,13,29,30,27,39,41,30,60
2018,7,LVDPA0312,204,97,48,107,52,12,6,18,9,18,9,26,13,21,10,29,14,32,16,48,24,4,8,11,14,11,15,17,17,8,10,7,12,10,14,15,31
2018,7,LVDPA0313,314,145,46,169,54,20,6,18,6,31,10,35,11,30,10,48,15,41,13,91,29,7,8,17,20,16,24,20,33,13,10,14,15,14,24,21,58
2018,7,LVDPA0314,339,169,50,170,50,23,7,12,4,40,12,48,14,24,7,55,16,65,19,72,21,18,9,21,34,12,23,31,21,5,3,19,14,12,32,34,51
2018,7,LVDPA0315,120,56,47,64,53,7,6,11,9,12,10,15,13,15,13,18,15,15,13,27,23,2,4,7,9,8,10,8,8,5,7,5,6,7,8,7,19
2018,7,LVDPA0316,209,105,50,104,50,12,6,16,8,25,12,26,12,18,9,41,20,34,16,37,18,6,6,15,17,10,20,18,13,6,10,10,9,8,21,16,24
2018,7,LVDPA0317,316,155,49,161,51,20,6,20,6,31,10,40,13,36,11,57,18,55,17,57,18,10,11,20,24,20,26,26,18,10,9,11,16,16,31,29,39
2018,7,LVDPA0318,260,134,52,126,48,18,7,21,8,34,13,39,15,20,8,48,18,43,17,37,14,6,16,20,25,11,23,22,11,12,5,14,14,9,25,21,26
2018,7,LVDPA0319,169,81,48,88,52,10,6,11,7,11,7,29,17,12,7,39,23,31,18,26,15,5,5,5,16,7,19,15,9,5,6,6,13,5,20,16,17
2018,7,LVDPA0320,218,113,52,105,48,15,7,20,9,23,11,37,17,19,9,35,16,42,19,27,12,9,12,14,21,9,17,22,9,6,8,9,16,10,18,20,18
2018,7,LVDPA0321,516,249,48,267,52,36,7,49,9,70,14,76,15,52,10,81,16,69,13,83,16,15,35,40,39,24,38,30,28,21,14,30,37,28,43,39,55
2018,7,LVDPA0322,202,101,50,101,50,12,6,21,10,17,8,36,18,17,8,24,12,49,24,26,13,8,8,11,22,9,11,25,7,4,13,6,14,8,13,24,19
2018,7,LVDPA0323,522,222,43,300,57,51,10,63,12,39,7,62,12,82,16,64,12,70,13,91,17,17,27,20,31,37,33,32,25,34,36,19,31,45,31,38,66
2018,7,LVDPA0324,260,122,47,138,53,13,5,29,11,33,13,33,13,32,12,35,13,31,12,54,21,6,15,14,23,15,16,16,17,7,14,19,10,17,19,15,37
2018,7,LVDPA0325,65,27,42,38,58,2,3,5,8,4,6,5,8,3,5,18,28,14,22,14,22,1,3,2,1,1,11,6,2,1,2,2,4,2,7,8,12
2018,7,LVDPA0326,223,106,48,117,52,16,7,26,12,33,15,34,15,27,12,36,16,25,11,26,12,10,16,18,16,10,15,13,8,6,10,15,18,17,21,12,18
2018,7,LVDPA0327,222,108,49,114,51,8,4,16,7,27,12,32,14,23,10,37,17,39,18,40,18,7,9,13,16,14,15,21,13,1,7,14,16,9,22,18,27
2018,7,LVDPA0328,244,108,44,136,56,11,5,12,5,25,10,26,11,28,11,37,15,47,19,58,24,8,6,8,17,17,19,19,14,3,6,17,9,11,18,28,44
2018,7,LVDPA0329,308,145,47,163,53,25,8,25,8,24,8,54,18,44,14,34,11,39,13,63,20,12,10,10,33,23,20,17,20,13,15,14,21,21,14,22,43
2018,7,LVDPA0330,374,183,49,191,51,33,9,40,11,23,6,60,16,55,15,38,10,59,16,66,18,15,20,18,28,30,20,32,20,18,20,5,32,25,18,27,46
2018,7,LVDPA0331,455,216,47,239,53,35,8,40,9,49,11,63,14,55,12,65,14,70,15,78,17,17,21,28,40,29,31,31,19,18,19,21,23,26,34,39,59
2018,7,LVDPA0332,338,143,42,195,58,18,5,24,7,52,15,32,9,41,12,53,16,46,14,72,21,9,17,29,15,16,23,19,15,9,7,23,17,25,30,27,57
2018,7,LVDPA0333,1230,571,46,659,54,106,9,94,8,111,9,158,13,174,14,160,13,167,14,260,21,64,39,55,91,84,75,71,92,42,55,56,67,90,85,96,168
2018,7,LVDPA0334,270,132,49,138,51,17,6,21,8,25,9,33,12,35,13,44,16,54,20,41,15,10,10,15,21,18,23,25,10,7,11,10,12,17,21,29,31
2018,7,LVDPA0335,272,127,47,145,53,19,7,19,7,38,14,31,11,35,13,41,15,39,14,50,18,6,11,19,25,16,19,17,14,13,8,19,6,19,22,22,36
2018,7,LVDPA0336,65,32,49,33,51,1,2,3,5,4,6,6,9,8,12,8,12,12,18,23,35,0,3,1,5,4,3,7,9,1,0,3,1,4,5,5,14
2018,7,LVDPA0337,316,157,50,159,50,16,5,27,9,44,14,44,14,34,11,42,13,50,16,59,19,8,14,23,28,21,21,22,20,8,13,21,16,13,21,28,39
2018,7,LVDPA0338,353,170,48,183,52,26,7,28,8,39,11,58,16,38,11,55,16,38,11,71,20,17,11,18,36,16,25,21,26,9,17,21,22,22,30,17,45
2018,7,LVDPA0339,478,252,53,226,47,25,5,36,8,49,10,67,14,58,12,73,15,86,18,84,18,12,20,26,42,33,42,48,29,13,16,23,25,25,31,38,55
2018,7,LVDPA0340,175,91,52,84,48,6,3,9,5,19,11,29,17,11,6,35,20,29,17,37,21,4,6,8,20,7,17,14,15,2,3,11,9,4,18,15,22
2018,7,LVDPA0341,156,75,48,81,52,8,5,12,8,18,12,19,12,17,11,30,19,20,13,32,21,4,8,8,8,9,15,12,11,4,4,10,11,8,15,8,21
2018,7,LVDPA0342,512,243,47,269,53,32,6,53,10,78,15,63,12,49,10,63,12,63,12,111,22,11,30,44,33,26,29,32,38,21,23,34,30,23,34,31,73
2018,7,LVDPA0343,552,261,47,291,53,61,11,51,9,41,7,94,17,73,13,60,11,85,15,87,16,34,27,20,46,38,26,41,29,27,24,21,48,35,34,44,58
2018,7,LVDPA0344,195,86,44,109,56,5,3,10,5,2,1,20,10,18,9,35,18,35,18,70,36,3,3,1,9,10,20,18,22,2,7,1,11,8,15,17,48
2018,7,LVDPA0345,163,70,43,93,57,7,4,9,6,20,12,21,13,12,7,29,18,23,14,42,26,3,5,12,12,6,10,12,10,4,4,8,9,6,19,11,32
2018,7,LVDPA0346,495,244,49,251,51,32,6,31,6,56,11,76,15,69,14,63,13,90,18,78,16,15,18,28,49,38,26,41,29,17,13,28,27,31,37,49,49
2018,7,LVDPA0347,311,147,47,164,53,30,10,22,7,33,11,42,14,30,10,44,14,57,18,53,17,18,13,13,23,15,22,26,17,12,9,20,19,15,22,31,36
2018,7,LVDPA0348,196,98,50,98,50,20,10,16,8,24,12,25,13,25,13,22,11,28,14,36,18,10,10,15,15,12,11,13,12,10,6,9,10,13,11,15,24
2018,7,LVDPA0349,53,25,47,28,53,2,4,4,8,4,8,4,8,10,19,8,15,7,13,14,26,0,1,3,2,4,5,3,7,2,3,1,2,6,3,4,7
2018,7,LVDPA0350,261,135,52,126,48,30,11,24,9,20,8,39,15,30,11,33,13,32,12,53,20,15,16,11,20,15,19,22,17,15,8,9,19,15,14,10,36
2018,7,LVDPA0351,459,208,45,251,55,33,7,31,7,48,10,64,14,48,10,67,15,74,16,94,20,20,15,20,33,30,30,29,31,13,16,28,31,18,37,45,63
2018,7,LVDPA0352,369,178,48,191,52,47,13,51,14,39,11,52,14,51,14,52,14,39,11,38,10,23,27,18,23,25,28,21,13,24,24,21,29,26,24,18,25
2018,7,LVDPA0353,225,109,48,116,52,13,6,12,5,28,12,36,16,25,11,36,16,23,10,52,23,7,6,16,20,13,20,13,14,6,6,12,16,12,16,10,38
2018,7,LVDPA0354,408,195,48,213,52,28,7,38,9,50,12,57,14,35,9,67,16,74,18,59,14,11,20,29,35,13,36,34,17,17,18,21,22,22,31,40,42
2018,7,LVDPA0355,258,121,47,137,53,11,4,22,9,33,13,41,16,29,11,40,16,37,14,45,17,8,7,22,25,13,18,15,13,3,15,11,16,16,22,22,32
2018,7,LVDPA0356,254,114,45,140,55,9,4,22,9,31,12,28,11,43,17,41,16,33,13,47,19,2,12,17,15,20,22,12,14,7,10,14,13,23,19,21,33
2018,7,LVDPA0357,263,118,45,145,55,19,7,28,11,16,6,40,15,35,13,31,12,41,16,53,20,13,15,4,20,18,13,16,19,6,13,12,20,17,18,25,34
2018,7,LVDPA0358,141,72,51,69,49,6,4,11,8,10,7,34,24,15,11,21,15,15,11,29,21,2,8,5,21,9,14,5,8,4,3,5,13,6,7,10,21
2018,7,LVDPA0359,317,151,48,166,52,15,5,28,9,40,13,46,15,38,12,44,14,51,16,55,17,3,15,22,30,21,20,25,15,12,13,18,16,17,24,26,40
2018,7,LVDPA0360,324,153,47,171,53,21,6,24,7,46,14,34,10,35,11,59,18,62,19,43,13,11,12,21,21,15,31,29,13,10,12,25,13,20,28,33,30
2018,7,LVDPA0361,95,51,54,44,46,4,4,6,6,15,16,14,15,6,6,13,14,18,19,19,20,2,3,12,9,3,6,10,6,2,3,3,5,3,7,8,13
2018,7,LVDPA0362,148,67,45,81,55,2,1,9,6,4,3,19,13,16,11,25,17,27,18,46,31,1,6,3,4,9,15,14,15,1,3,1,15,7,10,13,31
2018,7,LVDPA0363,83,41,49,42,51,6,7,4,5,8,10,12,14,13,16,13,16,12,14,15,18,3,3,3,7,8,7,5,5,3,1,5,5,5,6,7,10
2018,7,LVDPA0364,130,55,42,75,58,11,8,10,8,24,18,17,13,13,10,17,13,22,17,16,12,4,2,11,10,7,8,9,4,7,8,13,7,6,9,13,12
2018,7,LVDPA0365,241,110,46,131,54,15,6,16,7,38,16,35,15,32,13,43,18,21,9,41,17,7,7,20,20,14,21,7,14,8,9,18,15,18,22,14,27
2018,7,LVDPA0366,80,36,45,44,55,6,8,5,6,12,15,9,11,11,14,9,11,13,16,15,19,2,1,7,6,7,3,6,4,4,4,5,3,4,6,7,11
2018,7,LVDPA0367,86,44,51,42,49,5,6,11,13,8,9,11,13,7,8,18,21,12,14,14,16,4,6,2,5,3,10,6,8,1,5,6,6,4,8,6,6
2018,7,LVDPA0368,874,401,46,473,54,66,8,88,10,93,11,119,14,114,13,114,13,114,13,166,19,40,48,41,64,57,52,50,49,26,40,52,55,57,62,64,117
2018,7,LVDPA0369,266,123,46,143,54,15,6,16,6,28,11,44,17,34,13,40,15,44,17,45,17,12,6,12,24,16,22,19,12,3,10,16,20,18,18,25,33
2018,7,LVDPA0370,261,124,48,137,52,21,8,34,13,33,13,35,13,38,15,29,11,35,13,36,14,13,14,18,21,19,12,15,12,8,20,15,14,19,17,20,24
2018,7,LVDPA0371,225,116,52,109,48,16,7,26,12,27,12,28,12,41,18,27,12,23,10,37,16,10,16,18,16,21,14,11,10,6,10,9,12,20,13,12,27
2018,7,LVDPA0372,307,161,52,146,48,26,8,34,11,45,15,40,13,40,13,45,15,39,13,38,12,14,24,23,22,24,19,19,16,12,10,22,18,16,26,20,22
2018,7,LVDPA0373,122,56,46,66,54,10,8,11,9,17,14,14,11,16,13,19,16,15,12,20,16,6,4,7,6,8,11,7,7,4,7,10,8,8,8,8,13
2018,7,LVDPA0374,1721,759,44,962,56,177,10,156,9,170,10,228,13,217,13,222,13,284,17,267,16,85,79,84,115,89,102,125,80,92,77,86,113,128,120,159,187
2018,7,LVDPA0375,276,132,48,144,52,15,5,28,10,25,9,49,18,32,12,49,18,29,11,49,18,9,11,10,29,15,24,17,17,6,17,15,20,17,25,12,32
2018,7,LVDPA0376,154,70,45,84,55,3,2,15,10,20,13,18,12,18,12,24,16,21,14,35,23,2,7,9,12,7,13,10,10,1,8,11,6,11,11,11,25
2018,7,LVDPA0377,177,82,46,95,54,12,7,10,6,27,15,22,12,24,14,23,13,32,18,27,15,3,3,9,14,12,13,17,11,9,7,18,8,12,10,15,16
2018,7,LVDPA0378,231,116,50,115,50,26,11,26,11,16,7,39,17,28,12,30,13,31,13,35,15,13,16,10,21,11,16,16,13,13,10,6,18,17,14,15,22
2018,7,LVDPA0379,156,73,47,83,53,9,6,19,12,21,13,19,12,16,10,21,13,19,12,32,21,4,10,11,13,9,9,10,7,5,9,10,6,7,12,9,25
2018,7,LVDPA0380,1597,752,47,845,53,174,11,150,9,128,8,239,15,287,18,182,11,179,11,258,16,95,82,68,115,148,85,80,79,79,68,60,124,139,97,99,179
2018,7,LVDPA0382,1279,598,47,681,53,119,9,100,8,125,10,191,15,192,15,185,14,175,14,192,15,57,55,66,104,103,83,80,50,62,45,59,87,89,102,95,142
2018,7,LVDPA0383,462,208,45,254,55,43,9,28,6,42,9,86,19,56,12,68,15,73,16,66,14,22,7,27,46,29,28,28,21,21,21,15,40,27,40,45,45
2018,7,LVDPA0384,245,108,44,137,56,6,2,21,9,25,10,33,13,26,11,48,20,28,11,58,24,3,8,12,19,14,23,10,19,3,13,13,14,12,25,18,39
2018,7,LVDPA0385,663,308,46,355,54,48,7,54,8,42,6,94,14,94,14,98,15,100,15,133,20,21,27,27,49,47,44,45,48,27,27,15,45,47,54,55,85
2018,7,LVDPA0386,196,105,54,91,46,8,4,10,5,20,10,32,16,22,11,30,15,29,15,45,23,5,7,12,18,16,16,14,17,3,3,8,14,6,14,15,28
2018,7,LVDPA0387,186,90,48,96,52,8,4,10,5,19,10,25,13,26,14,34,18,24,13,40,22,4,3,11,15,15,17,11,14,4,7,8,10,11,17,13,26
2018,7,LVDPA0388,108,54,50,54,50,4,4,7,6,16,15,14,13,8,7,22,20,18,17,19,18,1,4,11,6,3,11,11,7,3,3,5,8,5,11,7,12
2018,7,LVDPA0389,155,71,46,84,54,14,9,10,6,14,9,17,11,23,15,24,15,19,12,34,22,7,4,6,9,11,12,9,13,7,6,8,8,12,12,10,21
2018,7,LVDPA0390,244,118,48,126,52,19,8,28,11,24,10,28,11,27,11,37,15,32,13,49,20,10,9,14,21,12,16,15,21,9,19,10,7,15,21,17,28
2018,7,LVDPA0391,177,83,47,94,53,10,6,16,9,24,14,25,14,17,10,24,14,21,12,40,23,7,9,8,16,10,10,8,15,3,7,16,9,7,14,13,25
2018,7,LVDPA0392,124,53,43,71,57,13,10,11,9,16,13,17,14,18,15,17,14,13,10,19,15,5,6,6,10,12,8,3,3,8,5,10,7,6,9,10,16
2018,7,LVDPA0393,544,269,49,275,51,32,6,46,8,67,12,69,13,64,12,89,16,69,13,108,20,18,27,40,41,31,42,36,34,14,19,27,28,33,47,33,74
2018,7,LVDPA0394,615,303,49,312,51,45,7,46,7,74,12,78,13,82,13,93,15,93,15,104,17,26,24,42,46,42,42,50,31,19,22,32,32,40,51,43,73
2018,7,LVDPA0395,271,131,48,140,52,22,8,18,7,24,9,29,11,24,9,62,23,44,16,48,18,17,10,14,12,14,30,23,11,5,8,10,17,10,32,21,37
2018,7,LVDPA0396,454,239,53,215,47,40,9,48,11,33,7,78,17,57,13,62,14,54,12,82,18,27,29,15,51,33,29,27,28,13,19,18,27,24,33,27,54
2018,7,LVDPA0397,349,166,48,183,52,26,7,24,7,44,13,61,17,28,8,55,16,50,14,61,17,15,14,22,36,14,24,23,18,11,10,22,25,14,31,27,43
2018,7,LVDPA0398,191,85,45,106,55,18,9,20,10,26,14,17,9,25,13,20,10,29,15,36,19,7,8,14,5,11,10,14,16,11,12,12,12,14,10,15,20
2018,7,LVDPA0399,161,71,44,90,56,7,4,18,11,28,17,20,12,14,9,20,12,26,16,28,17,3,9,16,6,8,8,14,7,4,9,12,14,6,12,12,21
2018,7,LVDPA0400,290,145,50,145,50,28,10,16,6,31,11,50,17,34,12,42,14,33,11,56,19,14,7,20,25,19,23,16,21,14,9,11,25,15,19,17,35
2018,7,LVDPA0401,202,97,48,105,52,22,11,16,8,25,12,33,16,18,9,25,12,38,19,25,12,14,5,11,19,9,10,22,7,8,11,14,14,9,15,16,18
2018,7,LVDPA0402,212,113,53,99,47,11,5,17,8,28,13,38,18,21,10,39,18,27,13,31,15,6,9,20,27,11,18,12,10,5,8,8,11,10,21,15,21
2018,7,LVDPA0403,176,83,47,93,53,16,9,17,10,18,10,23,13,15,9,28,16,37,21,22,13,10,8,10,12,6,12,18,7,6,9,8,11,9,16,19,15
2018,7,LVDPA0404,295,141,48,154,52,28,9,28,9,18,6,54,18,35,12,35,12,54,18,43,15,14,13,10,24,21,15,26,18,14,15,8,30,14,20,28,25
2018,7,LVDPA0405,178,86,48,92,52,10,6,17,10,18,10,27,15,17,10,27,15,17,10,45,25,5,8,8,15,9,15,8,18,5,9,10,12,8,12,9,27
2018,7,LVDPA0406,260,120,46,140,54,20,8,21,8,33,13,40,15,32,12,37,14,33,13,44,17,6,14,19,21,11,21,15,13,14,7,14,19,21,16,18,31
2018,7,LVDPA0407,405,199,49,206,51,18,4,32,8,45,11,74,18,30,7,71,18,69,17,66,16,12,16,26,43,16,31,34,21,6,16,19,31,14,40,35,45
2018,7,LVDPA0408,237,109,46,128,54,21,9,26,11,21,9,48,20,24,10,25,11,26,11,46,19,8,13,12,29,11,11,13,12,13,13,9,19,13,14,13,34
2018,7,LVDPA0409,141,62,44,79,56,14,10,15,11,22,16,22,16,12,9,16,11,21,15,19,13,9,9,13,8,5,6,8,4,5,6,9,14,7,10,13,15
2018,7,LVDPA0410,311,156,50,155,50,25,8,32,10,47,15,40,13,41,13,55,18,32,10,39,13,13,20,29,21,23,25,14,11,12,12,18,19,18,30,18,28
2018,7,LVDPA0411,809,381,47,428,53,59,7,71,9,61,8,108,13,106,13,95,12,117,14,192,24,38,40,26,62,45,48,62,60,21,31,35,46,61,47,55,132
2018,7,LVDPA0412,285,141,49,144,51,8,3,11,4,25,9,23,8,33,12,33,12,58,20,94,33,4,8,15,14,19,22,28,31,4,3,10,9,14,11,30,63
2018,7,LVDPA0413,1281,656,51,625,49,120,9,149,12,106,8,187,15,180,14,160,12,165,13,214,17,77,81,64,93,91,85,82,83,43,68,42,94,89,75,83,131
2018,7,LVDPA0414,49,25,51,24,49,2,4,2,4,4,8,7,14,5,10,4,8,9,18,16,33,1,2,1,6,2,1,4,8,1,0,3,1,3,3,5,8
2018,7,LVDPA0415,280,125,45,155,55,15,5,27,10,31,11,48,17,38,14,46,16,35,13,40,14,3,13,18,26,17,25,14,9,12,14,13,22,21,21,21,31
2018,7,LVDPA0416,517,259,50,258,50,40,8,34,7,42,8,82,16,72,14,85,16,81,16,81,16,18,12,21,48,39,40,48,33,22,22,21,34,33,45,33,48
2018,7,LVDPA0417,191,78,41,113,59,8,4,10,5,28,15,23,12,13,7,32,17,32,17,45,24,6,4,10,12,4,16,13,13,2,6,18,11,9,16,19,32
2018,7,LVDPA0418,144,72,50,72,50,4,3,7,5,10,7,28,19,14,10,29,20,29,20,23,16,2,3,6,19,7,13,15,7,2,4,4,9,7,16,14,16
2018,7,LVDPA0419,155,80,52,75,48,7,5,9,6,18,12,21,14,17,11,23,15,24,15,36,23,2,4,12,10,11,13,10,18,5,5,6,11,6,10,14,18
2018,7,LVDPA0420,64,25,39,39,61,6,9,4,6,14,22,6,9,0,0,5,8,9,14,20,31,2,1,6,2,0,1,4,9,4,3,8,4,0,4,5,11
2018,7,LVDPA0421,2923,1313,45,1610,55,338,12,356,12,245,8,397,14,480,16,374,13,336,11,397,14,147,183,110,176,218,197,147,135,191,173,135,221,262,177,189,262
2018,7,LVDPA0422,490,222,45,268,55,33,7,40,8,55,11,57,12,49,10,71,14,58,12,127,26,20,17,30,29,23,34,31,38,13,23,25,28,26,37,27,89
2018,7,LVDPA0423,94,54,57,40,43,3,3,2,2,13,14,10,11,12,13,15,16,20,21,19,20,2,1,9,7,6,8,13,8,1,1,4,3,6,7,7,11
2018,7,LVDPA0424,883,419,47,464,53,44,5,78,9,88,10,116,13,117,13,159,18,111,13,170,19,21,42,48,60,57,82,52,57,23,36,40,56,60,77,59,113
2018,7,LVDPA0425,550,251,46,299,54,45,8,52,9,67,12,80,15,65,12,83,15,74,13,84,15,19,29,31,39,34,40,33,26,26,23,36,41,31,43,41,58
2018,7,LVDPA0426,167,77,46,90,54,12,7,16,10,25,15,17,10,24,14,21,13,22,13,30,18,6,5,16,11,8,11,12,8,6,11,9,6,16,10,10,22
2018,7,LVDPA0427,351,172,49,179,51,28,8,26,7,26,7,47,13,48,14,41,12,72,21,63,18,14,15,15,22,25,22,36,23,14,11,11,25,23,19,36,40
2018,7,LVDPA0428,56,33,59,23,41,0,0,2,4,5,9,7,13,7,13,12,21,8,14,15,27,0,1,3,7,5,8,4,5,0,1,2,0,2,4,4,10
2018,7,LVDPA0429,219,109,50,110,50,11,5,16,7,29,13,28,13,19,9,39,18,38,17,39,18,5,10,17,16,9,19,20,13,6,6,12,12,10,20,18,26
2018,7,LVDPA0430,267,126,47,141,53,19,7,23,9,39,15,40,15,33,12,50,19,28,10,35,13,6,12,20,20,15,25,13,15,13,11,19,20,18,25,15,20
2018,7,LVDPA0431,296,129,44,167,56,24,8,16,5,26,9,36,12,33,11,47,16,44,15,70,24,11,7,12,20,17,24,14,24,13,9,14,16,16,23,30,46
2018,7,LVDPA0432,254,122,48,132,52,23,9,27,11,35,14,43,17,31,12,27,11,30,12,38,15,11,11,18,25,13,15,11,18,12,16,17,18,18,12,19,20
2018,7,LVDPA0433,196,79,40,117,60,8,4,16,8,13,7,23,12,16,8,34,17,29,15,57,29,4,4,4,13,14,17,11,12,4,12,9,10,2,17,18,45
2018,7,LVDPA0434,134,63,47,71,53,12,9,15,11,17,13,17,13,11,8,17,13,20,15,25,19,9,8,9,9,2,9,8,9,3,7,8,8,9,8,12,16
2018,7,LVDPA0435,144,72,50,72,50,11,8,17,12,18,13,13,9,22,15,16,11,21,15,26,18,3,11,10,8,12,9,11,8,8,6,8,5,10,7,10,18
2018,7,LVDPA0436,44,23,52,21,48,1,2,2,5,6,14,4,9,7,16,4,9,6,14,14,32,1,1,4,3,5,1,3,5,0,1,2,1,2,3,3,9
2018,7,LVDPA0437,226,131,58,95,42,20,9,13,6,24,11,35,15,18,8,44,19,35,15,37,16,14,11,15,25,8,28,19,11,6,2,9,10,10,16,16,26
2018,7,LVDPA0438,342,167,49,175,51,29,8,35,10,37,11,46,13,45,13,51,15,48,14,51,15,19,18,21,24,19,25,25,16,10,17,16,22,26,26,23,35
2018,7,LVDPA0439,63,27,43,36,57,1,2,1,2,6,10,7,11,4,6,15,24,10,16,19,30,1,0,2,6,1,7,3,7,0,1,4,1,3,8,7,12
2018,7,LVDPA0440,361,168,47,193,53,14,4,23,6,49,14,37,10,48,13,49,14,48,13,93,26,6,8,32,23,28,26,19,26,8,15,17,14,20,23,29,67
2018,7,LVDPA0441,300,147,49,153,51,22,7,27,9,36,12,53,18,32,11,46,15,39,13,45,15,16,12,21,27,23,19,14,15,6,15,15,26,9,27,25,30
2018,7,LVDPA0442,212,101,48,111,52,17,8,17,8,21,10,35,17,21,10,34,16,27,13,40,19,10,10,13,19,11,14,14,10,7,7,8,16,10,20,13,30
2018,7,LVDPA0443,66,35,53,31,47,1,2,5,8,5,8,11,17,4,6,12,18,12,18,16,24,1,2,1,7,4,6,7,7,0,3,4,4,0,6,5,9
2018,7,LVDPA0444,209,100,48,109,52,17,8,10,5,18,9,29,14,20,10,39,19,38,18,38,18,6,6,6,18,11,22,18,13,11,4,12,11,9,17,20,25
2018,7,LVDPA0445,128,59,46,69,54,11,9,7,5,21,16,19,15,17,13,20,16,13,10,20,16,4,2,9,9,8,11,6,10,7,5,12,10,9,9,7,10
2018,7,LVDPA0447,68,36,53,32,47,1,1,1,1,7,10,4,6,12,18,10,15,15,22,18,26,1,1,5,2,10,5,8,4,0,0,2,2,2,5,7,14
2018,7,LVDPA0448,213,102,48,111,52,17,8,13,6,27,13,42,20,18,8,41,19,26,12,29,14,8,7,13,25,6,19,13,11,9,6,14,17,12,22,13,18
2018,7,LVDPA0449,225,107,48,118,52,17,8,25,11,23,10,31,14,27,12,35,16,37,16,30,13,8,16,14,13,16,14,16,10,9,9,9,18,11,21,21,20
2018,7,LVDPA0450,58,28,48,30,52,1,2,8,14,7,12,3,5,7,12,10,17,7,12,15,26,1,5,2,0,5,7,1,7,0,3,5,3,2,3,6,8
2018,7,LVDPA0451,214,99,46,115,54,21,10,21,10,30,14,36,17,22,10,31,14,31,14,22,10,8,9,11,23,13,15,14,6,13,12,19,13,9,16,17,16
2018,7,LVDPA0452,79,39,49,40,51,5,6,6,8,13,16,10,13,6,8,11,14,17,22,11,14,3,3,9,4,1,6,8,5,2,3,4,6,5,5,9,6
2018,7,LVDPA0453,333,159,48,174,52,19,6,22,7,26,8,60,18,29,9,56,17,56,17,65,20,9,13,14,36,17,23,23,24,10,9,12,24,12,33,33,41
2018,7,LVDPA0454,84,29,35,55,65,4,5,7,8,7,8,14,17,5,6,12,14,11,13,24,29,3,2,3,5,2,5,4,5,1,5,4,9,3,7,7,19
2018,7,LVDPA0455,789,359,46,430,54,63,8,64,8,82,10,91,12,66,8,112,14,114,14,197,25,24,38,42,50,28,60,52,65,39,26,40,41,38,52,62,132
2018,7,LVDPA0456,196,94,48,102,52,10,5,17,9,16,8,33,17,21,11,30,15,32,16,37,19,9,7,7,16,11,14,16,14,1,10,9,17,10,16,16,23
2018,7,LVDPA0457,236,120,51,116,49,9,4,17,7,32,14,18,8,27,11,51,22,32,14,50,21,7,12,13,11,13,32,17,15,2,5,19,7,14,19,15,35
2018,7,LVDPA0459,185,84,45,101,55,8,4,12,6,22,12,30,16,15,8,36,19,30,16,32,17,3,9,11,17,7,15,11,11,5,3,11,13,8,21,19,21
2018,7,LVDPA0460,196,95,48,101,52,8,4,16,8,22,11,28,14,20,10,38,19,29,15,35,18,5,6,13,17,10,19,13,12,3,10,9,11,10,19,16,23
2018,7,LVDPA0461,202,93,46,109,54,6,3,19,9,35,17,21,10,23,11,37,18,28,14,33,16,2,9,22,14,11,17,12,6,4,10,13,7,12,20,16,27
2018,7,LVDPA0462,336,168,50,168,50,30,9,25,7,31,9,45,13,39,12,36,11,62,18,68,20,16,19,20,22,21,16,31,23,14,6,11,23,18,20,31,45
2018,7,LVDPA0463,143,68,48,75,52,13,9,16,11,10,7,19,13,16,11,20,14,27,19,22,15,8,5,3,10,9,11,13,9,5,11,7,9,7,9,14,13
2018,7,LVDPA0464,215,102,47,113,53,17,8,21,10,30,14,25,12,32,15,27,13,36,17,27,13,7,11,18,13,15,13,19,6,10,10,12,12,17,14,17,21
2018,7,LVDPA0465,156,82,53,74,47,16,10,12,8,22,14,20,13,20,13,26,17,20,13,20,13,8,8,13,12,8,12,11,10,8,4,9,8,12,14,9,10
2018,7,LVDPA0466,254,129,51,125,49,10,4,15,6,27,11,41,16,36,14,29,11,52,20,44,17,2,7,17,28,23,13,27,12,8,8,10,13,13,16,25,32
2018,7,LVDPA0467,78,36,46,42,54,5,6,5,6,6,8,11,14,7,9,9,12,8,10,27,35,3,3,4,4,4,4,4,10,2,2,2,7,3,5,4,17
2018,7,LVDPA0468,212,103,49,109,51,5,2,17,8,23,11,24,11,26,12,36,17,40,19,41,19,2,7,13,11,13,20,19,18,3,10,10,13,13,16,21,23
2018,7,LVDPA0469,258,124,48,134,52,17,7,16,6,42,16,33,13,27,10,43,17,44,17,36,14,11,5,26,18,11,21,23,9,6,11,16,15,16,22,21,27
2018,7,LVDPA0470,148,72,49,76,51,6,4,10,7,23,16,21,14,18,12,25,17,19,13,26,18,3,5,12,12,11,13,7,9,3,5,11,9,7,12,12,17
2018,7,LVDPA0471,125,68,54,57,46,4,3,14,11,16,13,23,18,6,5,30,24,12,10,20,16,3,6,10,14,5,16,5,9,1,8,6,9,1,14,7,11
2018,7,LVDPA0472,229,107,47,122,53,10,4,21,9,27,12,27,12,27,12,37,16,40,17,40,17,5,9,17,15,14,17,19,11,5,12,10,12,13,20,21,29
2018,7,LVDPA0473,194,85,44,109,56,16,8,12,6,22,11,26,13,27,14,27,14,27,14,37,19,9,4,9,13,15,11,12,12,7,8,13,13,12,16,15,25
2018,7,LVDPA0474,445,219,49,226,51,31,7,28,6,51,11,75,17,43,10,75,17,73,16,69,16,15,12,28,42,27,34,36,25,16,16,23,33,16,41,37,44
2018,7,LVDPA0476,97,46,47,51,53,6,6,6,6,5,5,9,9,15,15,12,12,20,21,24,25,2,1,2,6,8,7,8,12,4,5,3,3,7,5,12,12
2018,7,LVDPA0477,170,77,45,93,55,14,8,9,5,24,14,21,12,21,12,26,15,27,16,28,16,7,5,10,12,10,13,13,7,7,4,14,9,11,13,14,21
2018,7,LVDPA0478,191,90,47,101,53,12,6,12,6,26,14,30,16,17,9,33,17,22,12,39,20,6,6,13,16,11,15,10,13,6,6,13,14,6,18,12,26
2018,7,LVDPA0479,220,110,50,110,50,10,5,22,10,27,12,36,16,19,9,31,14,45,20,30,14,5,8,17,19,9,15,27,10,5,14,10,17,10,16,18,20
2018,7,LVDPA0480,215,103,48,112,52,12,6,16,7,22,10,34,16,26,12,35,16,30,14,40,19,5,2,13,18,19,15,16,15,7,14,9,16,7,20,14,25
2018,7,LVDPA0481,231,107,46,124,54,23,10,23,10,22,10,31,13,20,9,30,13,32,14,50,22,10,10,13,16,10,13,18,17,13,13,9,15,10,17,14,33
2018,7,LVDPA0482,110,53,48,57,52,6,5,5,5,6,5,18,16,11,10,19,17,19,17,26,24,3,2,3,8,7,12,8,10,3,3,3,10,4,7,11,16
2018,7,LVDPA0483,99,42,42,57,58,1,1,4,4,14,14,14,14,8,8,12,12,22,22,24,24,1,2,6,9,4,7,7,6,0,2,8,5,4,5,15,18
2018,7,LVDPA0484,251,121,48,130,52,25,10,33,13,28,11,41,16,31,12,28,11,36,14,29,12,14,14,13,23,15,14,20,8,11,19,15,18,16,14,16,21
2018,7,LVDPA0485,210,93,44,117,56,18,9,12,6,24,11,24,11,30,14,36,17,29,14,37,18,9,7,10,13,15,16,13,10,9,5,14,11,15,20,16,27
2018,7,LVDPA0488,154,77,50,77,50,6,4,6,4,14,9,18,12,16,10,22,14,37,24,35,23,4,3,9,10,11,13,14,13,2,3,5,8,5,9,23,22
2018,7,LVDPA0489,164,84,51,80,49,13,8,19,12,10,6,27,16,25,15,18,11,24,15,28,17,8,10,5,15,12,9,13,12,5,9,5,12,13,9,11,16
2018,7,LVDPA0490,137,67,49,70,51,11,8,25,18,13,9,13,9,28,20,17,12,16,12,14,10,8,11,7,7,10,10,10,4,3,14,6,6,18,7,6,10
2018,7,LVDPA0491,356,167,47,189,53,18,5,26,7,56,16,35,10,44,12,58,16,45,13,74,21,9,10,32,22,20,30,23,21,9,16,24,13,24,28,22,53
2018,7,LVDPA0492,144,64,44,80,56,5,3,12,8,10,7,7,5,11,8,21,15,38,26,40,28,2,7,4,2,6,9,20,14,3,5,6,5,5,12,18,26
2018,7,LVDPA0493,73,34,47,39,53,6,8,3,4,11,15,12,16,9,12,13,18,8,11,11,15,3,1,7,9,6,4,3,1,3,2,4,3,3,9,5,10
2018,7,LVDPA0494,53,23,43,30,57,4,8,3,6,6,11,9,17,4,8,9,17,9,17,9,17,3,0,3,4,2,4,5,2,1,3,3,5,2,5,4,7
2018,7,LVDPA0495,138,65,47,73,53,17,12,13,9,19,14,23,17,16,12,23,17,10,7,17,12,11,5,7,11,10,10,6,5,6,8,12,12,6,13,4,12
2018,7,LVDPA0496,343,161,47,182,53,25,7,35,10,37,11,45,13,47,14,43,13,48,14,63,18,10,17,21,25,21,24,25,18,15,18,16,20,26,19,23,45
2018,7,LVDPA0497,189,92,49,97,51,8,4,12,6,15,8,23,12,26,14,33,17,23,12,49,26,5,10,7,16,12,15,9,18,3,2,8,7,14,18,14,31
2018,7,LVDPA0498,75,38,51,37,49,5,7,6,8,9,12,12,16,4,5,15,20,11,15,13,17,3,2,4,8,2,11,6,2,2,4,5,4,2,4,5,11
2018,7,LVDPA0499,1533,664,43,869,57,117,8,96,6,102,7,229,15,210,14,200,13,256,17,323,21,59,44,49,125,101,92,107,87,58,52,53,104,109,108,149,236
2018,7,LVDPA0500,245,106,43,139,57,18,7,26,11,22,9,39,16,33,13,35,14,27,11,45,18,9,13,8,20,20,15,11,10,9,13,14,19,13,20,16,35
2018,7,LVDPA0501,214,113,53,101,47,16,7,19,9,13,6,43,20,23,11,32,15,33,15,35,16,11,11,6,26,13,19,17,10,5,8,7,17,10,13,16,25
2018,7,LVDPA0502,245,128,52,117,48,7,3,24,10,30,12,34,14,31,13,40,16,47,19,32,13,7,12,16,25,17,19,25,7,0,12,14,9,14,21,22,25
2018,7,LVDPA0503,218,100,46,118,54,12,6,10,5,21,10,21,10,26,12,38,17,37,17,53,24,6,4,12,12,13,18,16,19,6,6,9,9,13,20,21,34
2018,7,LVDPA0504,209,97,46,112,54,15,7,22,11,21,10,34,16,25,12,31,15,24,11,37,18,7,11,11,18,14,12,15,9,8,11,10,16,11,19,9,28
2018,7,LVDPA0505,78,37,47,41,53,6,8,4,5,10,13,8,10,1,1,11,14,15,19,23,29,4,3,5,5,0,3,8,9,2,1,5,3,1,8,7,14
2018,7,LVDPA0506,281,132,47,149,53,27,10,19,7,24,9,62,22,19,7,40,14,38,14,52,19,13,14,11,32,9,15,21,17,14,5,13,30,10,25,17,35
2018,7,LVDPA0507,191,98,51,93,49,18,9,17,9,16,8,28,15,32,17,22,12,27,14,31,16,11,10,4,19,17,14,13,10,7,7,12,9,15,8,14,21
2018,7,LVDPA0508,163,81,50,82,50,4,2,14,9,16,10,15,9,18,11,31,19,31,19,34,21,1,5,10,7,12,15,18,13,3,9,6,8,6,16,13,21
2018,7,LVDPA0509,242,121,50,121,50,8,3,17,7,27,11,41,17,26,11,42,17,42,17,39,16,2,9,13,25,16,21,19,16,6,8,14,16,10,21,23,23
2018,7,LVDPA0510,129,64,50,65,50,6,5,9,7,17,13,14,11,10,8,26,20,16,12,31,24,5,5,8,10,4,13,9,10,1,4,9,4,6,13,7,21
2018,7,LVDPA0511,55,23,42,32,58,0,0,10,18,10,18,8,15,3,5,9,16,5,9,10,18,0,5,4,2,2,5,2,3,0,5,6,6,1,4,3,7
2018,7,LVDPA0512,273,142,52,131,48,16,6,28,10,37,14,36,13,38,14,36,13,35,13,47,17,9,15,27,18,21,19,20,13,7,13,10,18,17,17,15,34
2018,7,LVDPA0513,101,48,48,53,52,5,5,7,7,5,5,8,8,14,14,14,14,25,25,23,23,3,2,2,5,9,8,12,7,2,5,3,3,5,6,13,16
2018,7,LVDPA0514,54,28,52,26,48,6,11,2,4,7,13,6,11,3,6,13,24,6,11,11,20,3,1,4,5,2,6,4,3,3,1,3,1,1,7,2,8
2018,7,LVDPA0515,356,172,48,184,52,22,6,26,7,43,12,60,17,48,13,38,11,75,21,44,12,14,11,22,35,28,15,36,11,8,15,21,25,20,23,39,33
2018,7,LVDPA0516,94,47,50,47,50,7,7,8,9,3,3,10,11,15,16,11,12,14,15,26,28,4,6,1,6,7,8,6,9,3,2,2,4,8,3,8,17
2018,7,LVDPA0517,350,159,45,191,55,27,8,25,7,60,17,39,11,52,15,42,12,45,13,60,17,11,16,28,18,31,22,19,14,16,9,32,21,21,20,26,46
2018,7,LVDPA0518,641,301,47,340,53,53,8,60,9,65,10,92,14,111,17,65,10,105,16,90,14,23,31,28,56,59,30,38,36,30,29,37,36,52,35,67,54
2018,7,LVDPA0519,458,221,48,237,52,35,8,49,11,60,13,76,17,59,13,54,12,57,12,68,15,17,28,31,39,31,29,28,18,18,21,29,37,28,25,29,50
2018,7,LVDPA0521,102,51,50,51,50,6,6,6,6,5,5,12,12,12,12,12,12,20,20,29,28,1,5,3,6,9,6,11,10,5,1,2,6,3,6,9,19
2018,7,LVDPA0522,102,47,46,55,54,12,12,5,5,9,9,12,12,13,13,10,10,14,14,27,26,7,4,2,5,8,3,7,11,5,1,7,7,5,7,7,16
2018,7,LVDPA0523,261,120,46,141,54,12,5,26,10,25,10,36,14,22,8,46,18,35,13,59,23,7,10,17,20,12,21,15,18,5,16,8,16,10,25,20,41
2018,7,LVDPA0524,52,26,50,26,50,4,8,4,8,7,13,7,13,9,17,5,10,8,15,8,15,3,2,2,5,5,3,3,3,1,2,5,2,4,2,5,5
2018,7,LVDPA0525,148,70,47,78,53,7,5,6,4,15,10,15,10,13,9,27,18,39,26,26,18,1,3,7,11,6,15,19,8,6,3,8,4,7,12,20,18
2018,7,LVDPA0526,394,179,45,215,55,27,7,26,7,36,9,53,13,41,10,59,15,71,18,81,21,13,14,18,28,22,26,32,26,14,12,18,25,19,33,39,55
2018,7,LVDPA0527,314,153,49,161,51,19,6,31,10,27,9,58,18,35,11,48,15,35,11,61,19,11,10,20,30,23,21,20,18,8,21,7,28,12,27,15,43
2018,7,LVDPA0528,166,78,47,88,53,6,4,12,7,18,11,23,14,25,15,35,21,19,11,28,17,3,8,10,11,14,15,10,7,3,4,8,12,11,20,9,21
2018,7,LVDPA0529,194,88,45,106,55,14,7,24,12,16,8,27,14,25,13,28,14,28,14,32,16,5,10,8,15,14,14,14,8,9,14,8,12,11,14,14,24
2018,7,LVDPA0531,223,108,48,115,52,18,8,15,7,27,12,33,15,23,10,35,16,34,15,38,17,8,7,16,16,14,18,16,13,10,8,11,17,9,17,18,25
2018,7,LVDPA0532,255,116,45,139,55,19,7,19,7,29,11,38,15,25,10,40,16,39,15,46,18,12,9,8,20,11,17,22,17,7,10,21,18,14,23,17,29
2018,7,LVDPA0533,221,106,48,115,52,10,5,11,5,30,14,42,19,14,6,38,17,47,21,29,13,8,4,15,26,3,18,23,9,2,7,15,16,11,20,24,20
2018,7,LVDPA0534,459,211,46,248,54,33,7,34,7,43,9,75,16,40,9,77,17,70,15,87,19,13,18,22,41,20,32,30,35,20,16,21,34,20,45,40,52
2018,7,LVDPA0535,60,31,52,29,48,1,2,4,7,4,7,6,10,3,5,18,30,5,8,19,32,0,4,1,4,2,10,2,8,1,0,3,2,1,8,3,11
2018,7,LVDPA0536,97,46,47,51,53,5,5,4,4,18,19,4,4,6,6,23,24,12,12,25,26,1,1,8,1,5,12,8,10,4,3,10,3,1,11,4,15
2018,7,LVDPA0537,342,149,44,193,56,18,5,26,8,27,8,47,14,36,11,37,11,77,23,74,22,10,11,18,27,19,15,28,21,8,15,9,20,17,22,49,53
2018,7,LVDPA0538,1099,464,42,635,58,53,5,84,8,78,7,97,9,111,10,113,10,206,19,357,32,25,46,42,48,60,55,88,100,28,38,36,49,51,58,118,257
2018,7,LVDPA0539,178,91,51,87,49,16,9,9,5,18,10,28,16,26,15,31,17,26,15,24,13,8,4,10,19,12,20,10,8,8,5,8,9,14,11,16,16
2018,7,LVDPA0540,59,20,34,39,66,7,12,3,5,6,10,4,7,9,15,8,14,11,19,11,19,1,2,2,0,5,3,6,1,6,1,4,4,4,5,5,10
2018,7,LVDPA0541,111,62,56,49,44,7,6,6,5,20,18,10,9,10,9,23,21,16,14,19,17,4,6,13,7,7,12,8,5,3,0,7,3,3,11,8,14
2018,7,LVDPA0542,143,65,45,78,55,23,16,17,12,17,12,15,10,16,11,17,12,17,12,21,15,7,9,9,6,8,8,9,9,16,8,8,9,8,9,8,12
2018,7,LVDPA0543,389,173,44,216,56,38,10,32,8,32,8,52,13,63,16,50,13,48,12,74,19,17,18,17,27,33,19,22,20,21,14,15,25,30,31,26,54
2018,7,LVDPA0544,264,132,50,132,50,28,11,32,12,21,8,29,11,50,19,47,18,22,8,35,13,17,17,10,15,26,24,9,14,11,15,11,14,24,23,13,21
2018,7,LVDPA0545,408,184,45,224,55,32,8,23,6,41,10,54,13,41,10,64,16,59,14,94,23,16,8,21,31,25,31,25,27,16,15,20,23,16,33,34,67
2018,7,LVDPA0546,184,81,44,103,56,9,5,12,7,16,9,12,7,14,8,23,13,24,13,74,40,6,3,6,4,8,9,16,29,3,9,10,8,6,14,8,45
2018,7,LVDPA0547,263,115,44,148,56,22,8,29,11,44,17,21,8,33,13,30,11,30,11,54,21,9,11,13,15,14,19,16,18,13,18,31,6,19,11,14,36
2018,7,LVDPA0548,305,146,48,159,52,30,10,26,9,34,11,56,18,22,7,52,17,39,13,46,15,15,11,18,31,12,28,20,11,15,15,16,25,10,24,19,35
2018,7,LVDPA0549,149,74,50,75,50,9,6,9,6,10,7,11,7,13,9,18,12,25,17,54,36,6,4,5,7,6,8,18,20,3,5,5,4,7,10,7,34
2018,7,LVDPA0550,228,107,47,121,53,19,8,21,9,21,9,31,14,24,11,27,12,43,19,42,18,9,12,11,15,14,10,22,14,10,9,10,16,10,17,21,28
2018,7,LVDPA0551,443,198,45,245,55,35,8,47,11,54,12,61,14,50,11,41,9,57,13,98,22,20,30,32,27,23,17,24,25,15,17,22,34,27,24,33,73
2018,7,LVDPA0553,53,30,57,23,43,2,4,4,8,6,11,5,9,7,13,11,21,6,11,12,23,1,2,4,3,5,8,4,3,1,2,2,2,2,3,2,9
2018,7,LVDPA0554,240,125,52,115,48,22,9,21,9,30,13,37,15,31,13,39,16,31,13,29,12,9,10,14,24,19,21,17,11,13,11,16,13,12,18,14,18
2018,7,LVDPA0555,132,63,48,69,52,15,11,10,8,14,11,23,17,10,8,23,17,17,13,20,15,3,5,7,13,8,13,10,4,12,5,7,10,2,10,7,16
2018,7,LVDPA0556,63,33,52,30,48,4,6,5,8,7,11,9,14,11,17,9,14,6,10,12,19,3,4,2,6,6,6,2,4,1,1,5,3,5,3,4,8
2018,7,LVDPA0557,616,276,45,340,55,59,10,58,9,75,12,75,12,75,12,74,12,92,15,108,18,28,32,38,38,38,38,38,26,31,26,37,37,37,36,54,82
2018,7,LVDPA0558,330,163,49,167,51,20,6,15,5,42,13,40,12,26,8,48,15,42,13,97,29,9,8,27,23,14,25,23,34,11,7,15,17,12,23,19,63
2018,7,LVDPA0559,66,29,44,37,56,1,2,5,8,8,12,11,17,5,8,16,24,11,17,9,14,1,3,4,6,2,6,5,2,0,2,4,5,3,10,6,7
2018,7,LVDPA0560,351,161,46,190,54,19,5,39,11,34,10,58,17,49,14,41,12,57,16,54,15,8,22,17,28,24,16,22,24,11,17,17,30,25,25,35,30
2018,7,LVDPA0561,167,80,48,87,52,12,7,15,9,15,9,27,16,23,14,28,17,16,10,31,19,3,5,8,16,12,17,6,13,9,10,7,11,11,11,10,18
2018,7,LVDPA0562,122,58,48,64,52,9,7,10,8,10,8,15,12,8,7,26,21,15,12,29,24,5,4,5,8,2,15,6,13,4,6,5,7,6,11,9,16
2018,7,LVDPA0563,185,79,43,106,57,12,6,9,5,32,17,18,10,19,10,27,15,30,16,38,21,6,2,13,13,6,13,11,15,6,7,19,5,13,14,19,23
2018,7,LVDPA0565,111,55,50,56,50,5,5,5,5,16,14,13,12,14,13,22,20,18,16,18,16,4,4,9,8,6,9,9,6,1,1,7,5,8,13,9,12
2018,7,LVDPA0566,392,190,48,202,52,32,8,28,7,56,14,54,14,55,14,57,15,52,13,58,15,16,15,31,30,28,32,25,13,16,13,25,24,27,25,27,45
2018,7,LVDPA0567,50,29,58,21,42,2,4,5,10,11,22,1,2,7,14,7,14,6,12,11,22,2,5,7,0,2,4,5,4,0,0,4,1,5,3,1,7
2018,7,LVDPA0568,109,44,40,65,60,8,7,9,8,10,9,19,17,5,5,15,14,18,17,25,23,3,6,4,9,2,6,4,10,5,3,6,10,3,9,14,15
2018,7,LVDPA0569,183,89,49,94,51,13,7,19,10,17,9,26,14,22,12,27,15,21,11,38,21,5,12,10,15,11,15,8,13,8,7,7,11,11,12,13,25
2018,7,LVDPA0570,399,198,50,201,50,34,9,36,9,39,10,50,13,52,13,53,13,54,14,81,20,18,23,25,35,26,27,21,23,16,13,14,15,26,26,33,58
2018,7,LVDPA0571,350,168,48,182,52,30,9,26,7,40,11,55,16,36,10,60,17,45,13,58,17,13,14,18,33,18,31,22,19,17,12,22,22,18,29,23,39
2018,7,LVDPA0572,230,107,47,123,53,26,11,23,10,21,9,46,20,16,7,28,12,33,14,37,16,14,15,12,18,8,13,17,10,12,8,9,28,8,15,16,27
2018,7,LVDPA0573,188,88,47,100,53,12,6,19,10,23,12,33,18,20,11,25,13,27,14,29,15,5,9,12,17,10,12,12,11,7,10,11,16,10,13,15,18
2018,7,LVDPA0574,207,108,52,99,48,11,5,12,6,31,15,29,14,35,17,24,12,29,14,36,17,6,6,15,21,21,14,16,9,5,6,16,8,14,10,13,27
2018,7,LVDPA0575,326,158,48,168,52,21,6,29,9,30,9,45,14,41,13,54,17,41,13,65,20,9,15,20,24,21,22,23,24,12,14,10,21,20,32,18,41
2018,7,LVDPA0577,353,177,50,176,50,19,5,35,10,36,10,48,14,51,14,45,13,55,16,64,18,11,16,21,27,29,22,31,20,8,19,15,21,22,23,24,44
2018,7,LVDPA0578,491,226,46,265,54,19,4,40,8,87,18,49,10,58,12,68,14,87,18,83,17,11,27,41,22,31,30,37,27,8,13,46,27,27,38,50,56
2018,7,LVDPA0579,451,222,49,229,51,36,8,48,11,45,10,73,16,71,16,51,11,67,15,60,13,18,26,22,40,39,28,26,23,18,22,23,33,32,23,41,37
2018,7,LVDPA0580,112,56,50,56,50,11,10,11,10,12,11,13,12,11,10,20,18,14,13,20,18,7,5,7,8,6,12,7,4,4,6,5,5,5,8,7,16
2018,7,LVDPA0581,59,30,51,29,49,1,2,2,3,6,10,4,7,9,15,9,15,16,27,12,20,1,2,3,3,4,7,6,4,0,0,3,1,5,2,10,8
2018,7,LVDPA0582,327,151,46,176,54,20,6,24,7,49,15,35,11,38,12,50,15,53,16,58,18,12,13,21,23,16,28,19,19,8,11,28,12,22,22,34,39
2018,7,LVDPA0583,201,92,46,109,54,20,10,11,5,33,16,29,14,16,8,30,15,32,16,30,15,11,6,14,13,10,14,13,11,9,5,19,16,6,16,19,19
2018,7,LVDPA0584,253,118,47,135,53,21,8,24,9,25,10,37,15,21,8,44,17,32,13,49,19,11,11,12,20,12,23,15,14,10,13,13,17,9,21,17,35
2018,7,LVDPA0585,456,225,49,231,51,31,7,53,12,74,16,63,14,52,11,65,14,59,13,59,13,16,29,38,35,28,28,28,23,15,24,36,28,24,37,31,36
2018,7,LVDPA0586,64,31,48,33,52,5,8,3,5,7,11,5,8,8,13,7,11,13,20,16,25,2,1,5,4,3,3,5,8,3,2,2,1,5,4,8,8
2018,7,LVDPA0587,293,134,46,159,54,21,7,23,8,41,14,42,14,33,11,34,12,57,19,42,14,11,8,24,19,18,13,28,13,10,15,17,23,15,21,29,29
2018,7,LVDPA0588,188,87,46,101,54,10,5,13,7,19,10,36,19,18,10,42,22,27,14,23,12,3,5,8,22,9,21,13,6,7,8,11,14,9,21,14,17
2018,7,LVDPA0589,170,89,52,81,48,8,5,17,10,25,15,19,11,25,15,34,20,14,8,28,16,5,11,12,14,13,16,8,10,3,6,13,5,12,18,6,18
2018,7,LVDPA0590,227,113,50,114,50,16,7,17,7,24,11,36,16,22,10,43,19,34,15,35,15,4,7,17,22,15,24,13,11,12,10,7,14,7,19,21,24
2018,7,LVDPA0591,273,137,50,136,50,14,5,14,5,30,11,36,13,36,13,55,20,46,17,42,15,6,10,19,21,19,28,23,11,8,4,11,15,17,27,23,31
2018,7,LVDPA0592,165,78,47,87,53,11,7,16,10,25,15,13,8,21,13,26,16,23,14,30,18,4,8,15,4,14,14,10,9,7,8,10,9,7,12,13,21
2018,7,LVDPA0593,64,30,47,34,53,4,6,4,6,6,9,12,19,7,11,8,13,10,16,13,20,2,1,2,7,5,3,6,4,2,3,4,5,2,5,4,9
2018,7,LVDPA0594,109,54,50,55,50,0,0,0,0,0,0,6,6,21,19,20,18,32,29,30,28,0,0,0,2,13,12,17,10,0,0,0,4,8,8,15,20
2018,7,LVDPA0595,196,102,52,94,48,12,6,21,11,16,8,29,15,32,16,24,12,24,12,38,19,6,10,11,15,20,10,11,19,6,11,5,14,12,14,13,19
2018,7,LVDPA0596,325,143,44,182,56,36,11,34,10,29,9,52,16,50,15,36,11,41,13,47,14,18,9,18,26,24,13,21,14,18,25,11,26,26,23,20,33
2018,7,LVDPA0597,137,74,54,63,46,9,7,7,5,13,9,17,12,19,14,21,15,18,13,33,24,5,2,6,11,16,10,9,15,4,5,7,6,3,11,9,18
2018,7,LVDPA0598,44,21,48,23,52,2,5,2,5,1,2,5,11,5,11,11,25,7,16,11,25,2,1,1,3,5,5,3,1,0,1,0,2,0,6,4,10
2018,7,LVDPA0599,181,90,50,91,50,16,9,17,9,27,15,19,10,26,14,25,14,29,16,22,12,11,8,12,12,14,11,13,9,5,9,15,7,12,14,16,13
2018,7,LVDPA0600,132,70,53,62,47,5,4,12,9,37,28,17,13,15,11,21,16,9,7,16,12,1,6,27,9,7,11,6,3,4,6,10,8,8,10,3,13
2018,7,LVDPA0601,55,27,49,28,51,3,5,7,13,7,13,5,9,9,16,9,16,12,22,3,5,3,4,2,3,3,5,7,0,0,3,5,2,6,4,5,3
2018,7,LVDPA0602,43,23,53,20,47,6,14,3,7,6,14,2,5,4,9,8,19,8,19,6,14,2,2,3,1,0,6,4,5,4,1,3,1,4,2,4,1
2018,7,LVDPA0603,372,168,45,204,55,29,8,32,9,44,12,53,14,40,11,54,15,57,15,63,17,16,14,23,28,17,26,27,17,13,18,21,25,23,28,30,46
2018,7,LVDPA0604,295,130,44,165,56,22,7,25,8,33,11,43,15,38,13,39,13,49,17,46,16,9,10,10,26,21,15,24,15,13,15,23,17,17,24,25,31
2018,7,LVDPA0605,248,115,46,133,54,14,6,21,8,35,14,27,11,44,18,33,13,33,13,41,17,8,12,12,15,24,14,14,16,6,9,23,12,20,19,19,25
2018,7,LVDPA0606,175,88,50,87,50,9,5,19,11,22,13,28,16,19,11,27,15,18,10,33,19,4,14,12,20,9,12,6,11,5,5,10,8,10,15,12,22
2018,7,LVDPA0607,151,69,46,82,54,8,5,9,6,17,11,19,13,12,8,29,19,20,13,37,25,2,3,9,8,9,14,10,14,6,6,8,11,3,15,10,23
2018,7,LVDPA0608,234,107,46,127,54,15,6,19,8,25,11,29,12,22,9,27,12,26,11,71,30,5,10,12,14,13,12,12,29,10,9,13,15,9,15,14,42
2018,7,LVDPA0609,129,63,49,66,51,3,2,4,3,14,11,21,16,15,12,32,25,26,20,14,11,2,3,6,15,9,12,12,4,1,1,8,6,6,20,14,10
2018,7,LVDPA0610,211,109,52,102,48,20,9,24,11,31,15,28,13,23,11,27,13,28,13,30,14,11,17,16,15,10,14,14,12,9,7,15,13,13,13,14,18
2018,7,LVDPA0611,179,92,51,87,49,12,7,25,14,31,17,20,11,23,13,25,14,23,13,20,11,6,15,19,8,14,13,11,6,6,10,12,12,9,12,12,14
2018,7,LVDPA0612,241,118,49,123,51,21,9,25,10,32,13,30,12,34,14,34,14,29,12,36,15,11,17,18,15,18,17,12,10,10,8,14,15,16,17,17,26
2018,7,LVDPA0613,105,56,53,49,47,6,6,10,10,7,7,13,12,6,6,17,16,19,18,27,26,3,6,4,10,3,9,13,8,3,4,3,3,3,8,6,19
2018,7,LVDPA0614,93,49,53,44,47,8,9,10,11,8,9,17,18,7,8,15,16,6,6,22,24,5,5,5,9,4,8,4,9,3,5,3,8,3,7,2,13
2018,7,LVDPA0615,156,73,47,83,53,6,4,10,6,18,12,23,15,11,7,26,17,17,11,45,29,3,5,11,13,7,11,7,16,3,5,7,10,4,15,10,29
2018,7,LVDPA0616,294,140,48,154,52,24,8,20,7,30,10,51,17,35,12,37,13,54,18,43,15,17,5,14,29,18,19,27,11,7,15,16,22,17,18,27,32
2018,7,LVDPA0617,157,75,48,82,52,10,6,8,5,22,14,25,16,20,13,12,8,43,27,17,11,1,5,13,16,12,5,17,6,9,3,9,9,8,7,26,11
2018,7,LVDPA0618,56,28,50,28,50,1,2,2,4,8,14,7,13,6,11,9,16,11,20,12,21,1,1,5,4,3,3,8,3,0,1,3,3,3,6,3,9
2018,7,LVDPA0619,49,24,49,25,51,3,6,5,10,6,12,8,16,6,12,5,10,7,14,9,18,3,3,5,2,2,3,3,3,0,2,1,6,4,2,4,6
2018,7,LVDPA0620,284,146,51,138,49,15,5,24,8,17,6,44,15,36,13,36,13,39,14,73,26,8,15,7,27,19,20,20,30,7,9,10,17,17,16,19,43
2018,7,LVDPA0621,240,106,44,134,56,20,8,17,7,15,6,37,15,20,8,31,13,38,16,62,26,9,11,10,18,10,12,19,17,11,6,5,19,10,19,19,45
2018,7,LVDPA0622,394,197,50,197,50,32,8,29,7,45,11,51,13,46,12,81,21,58,15,52,13,24,14,28,26,26,31,33,15,8,15,17,25,20,50,25,37
2018,7,LVDPA0623,1025,483,47,542,53,92,9,122,12,76,7,101,10,166,16,91,9,92,9,285,28,43,65,38,44,84,53,45,111,49,57,38,57,82,38,47,174
2018,7,LVDPA0626,147,62,42,85,58,11,7,10,7,10,7,24,16,18,12,19,13,23,16,32,22,5,4,5,10,9,10,11,8,6,6,5,14,9,9,12,24
2018,7,LVDPA0627,85,47,55,38,45,9,11,7,8,10,12,12,14,5,6,16,19,15,18,11,13,5,5,5,8,5,8,5,6,4,2,5,4,0,8,10,5
2018,7,LVDPA0628,268,130,49,138,51,15,6,31,12,30,11,40,15,42,16,40,15,39,15,31,12,7,19,14,25,20,19,18,8,8,12,16,15,22,21,21,23
2018,7,LVDPA0629,66,34,52,32,48,4,6,6,9,11,17,8,12,6,9,14,21,5,8,12,18,2,1,7,6,2,9,2,5,2,5,4,2,4,5,3,7
2018,7,LVDPA0630,175,93,53,82,47,0,0,4,2,9,5,17,10,9,5,21,12,44,25,71,41,0,1,6,11,5,12,28,30,0,3,3,6,4,9,16,41
2018,7,LVDPA0631,260,120,46,140,54,19,7,26,10,33,13,25,10,24,9,36,14,34,13,63,24,6,16,15,16,10,17,19,21,13,10,18,9,14,19,15,42
2018,7,LVDPA0632,494,220,45,274,55,41,8,34,7,45,9,90,18,49,10,56,11,85,17,94,19,19,18,18,50,19,28,34,34,22,16,27,40,30,28,51,60
2018,7,LVDPA0633,802,372,46,430,54,60,7,85,11,76,9,120,15,131,16,99,12,97,12,134,17,33,41,33,58,72,52,32,51,27,44,43,62,59,47,65,83
2018,7,LVDPA0634,414,204,49,210,51,36,9,42,10,47,11,60,14,68,16,55,13,46,11,60,14,20,19,30,36,31,28,20,20,16,23,17,24,37,27,26,40
2018,7,LVDPA0635,993,441,44,552,56,68,7,68,7,128,13,119,12,133,13,162,16,137,14,178,18,30,38,60,61,57,79,55,61,38,30,68,58,76,83,82,117
2018,7,LVDPA0636,51,29,57,22,43,2,4,3,6,9,18,6,12,5,10,7,14,8,16,11,22,1,2,4,4,3,5,6,4,1,1,5,2,2,2,2,7
2018,7,LVDPA0637,107,54,50,53,50,6,6,12,11,10,9,20,19,12,11,11,10,16,15,20,19,3,9,3,12,7,6,7,7,3,3,7,8,5,5,9,13
2018,7,LVDPA0638,122,60,49,62,51,10,8,8,7,10,8,19,16,10,8,17,14,19,16,29,24,3,6,6,11,5,9,8,12,7,2,4,8,5,8,11,17
2018,7,LVDPA0639,163,77,47,86,53,4,2,13,8,16,10,22,13,19,12,21,13,33,20,35,21,1,5,8,13,11,7,18,14,3,8,8,9,8,14,15,21
2018,7,LVDPA0640,58,27,47,31,53,1,2,2,3,5,9,11,19,3,5,11,19,15,26,10,17,1,1,3,5,3,4,7,3,0,1,2,6,0,7,8,7
2018,7,LVDPA0641,250,124,50,126,50,13,5,31,12,38,15,48,19,33,13,30,12,28,11,29,12,10,14,24,24,17,10,14,11,3,17,14,24,16,20,14,18
2018,7,LVDPA0642,57,31,54,26,46,2,4,11,19,8,14,8,14,8,14,5,9,5,9,10,18,1,5,5,5,5,2,3,5,1,6,3,3,3,3,2,5
2018,7,LVDPA0643,345,162,47,183,53,25,7,30,9,44,13,57,17,38,11,49,14,56,16,46,13,14,10,22,29,24,24,20,19,11,20,22,28,14,25,36,27
2018,7,LVDPA0644,46,23,50,23,50,3,7,3,7,5,11,5,11,2,4,8,17,9,20,11,24,2,1,3,3,1,2,7,4,1,2,2,2,1,6,2,7
2018,7,LVDPA0645,136,77,57,59,43,8,6,9,7,18,13,11,8,18,13,17,13,32,24,23,17,6,7,10,8,11,7,18,10,2,2,8,3,7,10,14,13
2018,7,LVDPA0646,130,63,48,67,52,2,2,11,8,11,8,17,13,21,16,16,12,22,17,30,23,1,5,6,8,13,8,11,11,1,6,5,9,8,8,11,19
2018,7,LVDPA0647,70,31,44,39,56,2,3,5,7,6,9,5,7,13,19,8,11,8,11,23,33,1,2,2,2,8,5,5,6,1,3,4,3,5,3,3,17
2018,7,LVDPA0649,233,106,45,127,55,15,6,25,11,27,12,35,15,25,11,37,16,38,16,31,13,10,10,12,21,13,14,20,6,5,15,15,14,12,23,18,25
2018,7,LVDPA0650,495,238,48,257,52,55,11,57,12,46,9,80,16,53,11,68,14,55,11,81,16,27,29,25,45,30,29,26,27,28,28,21,35,23,39,29,54
2018,7,LVDPA0651,256,119,46,137,54,10,4,20,8,34,13,39,15,42,16,37,14,35,14,39,15,6,10,15,19,20,15,19,15,4,10,19,20,22,22,16,24
2018,7,LVDPA0652,43,22,51,21,49,1,2,2,5,2,5,7,16,1,2,8,19,11,26,11,26,1,1,0,4,1,5,6,4,0,1,2,3,0,3,5,7
2018,7,LVDPA0653,292,126,43,166,57,17,6,18,6,28,10,36,12,24,8,48,16,49,17,72,25,12,11,9,14,13,19,23,25,5,7,19,22,11,29,26,47
2018,7,LVDPA0654,106,51,48,55,52,4,4,7,7,21,20,8,8,12,11,22,21,14,13,18,17,3,1,9,8,4,14,5,7,1,6,12,0,8,8,9,11
2018,7,LVDPA0655,406,200,49,206,51,44,11,53,13,43,11,45,11,69,17,69,17,25,6,58,14,22,28,23,22,31,39,9,26,22,25,20,23,38,30,16,32
2018,7,LVDPA0657,249,123,49,126,51,18,7,23,9,19,8,30,12,36,14,27,11,37,15,59,24,11,16,11,12,24,12,20,17,7,7,8,18,12,15,17,42
2018,7,LVDPA0658,99,45,45,54,55,8,8,0,0,13,13,14,14,9,9,14,14,16,16,25,25,5,0,3,8,5,8,7,9,3,0,10,6,4,6,9,16
2018,7,LVDPA0659,171,89,52,82,48,15,9,20,12,24,14,27,16,23,13,16,9,26,15,20,12,10,13,11,16,10,9,10,10,5,7,13,11,13,7,16,10
2018,7,LVDPA0660,269,126,47,143,53,21,8,25,9,29,11,35,13,25,9,38,14,41,15,55,20,10,12,15,17,15,17,22,18,11,13,14,18,10,21,19,37
2018,7,LVDPA0661,38,19,50,19,50,3,8,2,5,3,8,7,18,3,8,5,13,6,16,9,24,1,2,2,4,2,3,2,3,2,0,1,3,1,2,4,6
2018,7,LVDPA0662,264,125,47,139,53,18,7,17,6,45,17,33,13,23,9,46,17,33,13,49,19,12,12,17,21,10,20,17,16,6,5,28,12,13,26,16,33
2018,7,LVDPA0663,182,91,50,91,50,4,2,10,5,22,12,21,12,14,8,28,15,36,20,47,26,4,6,10,17,3,15,19,17,0,4,12,4,11,13,17,30
2018,7,LVDPA0664,578,279,48,299,52,48,8,57,10,52,9,97,17,89,15,93,16,72,12,70,12,27,27,33,44,43,44,33,28,21,30,19,53,46,49,39,42
2018,7,LVDPA0665,191,83,43,108,57,10,5,19,10,30,16,26,14,15,8,44,23,16,8,31,16,4,8,18,14,8,17,8,6,6,11,12,12,7,27,8,25
2018,7,LVDPA0666,107,56,52,51,48,6,6,13,12,9,8,14,13,12,11,13,12,13,12,27,25,4,8,6,8,7,8,8,7,2,5,3,6,5,5,5,20
2018,7,LVDPA0668,112,57,51,55,49,6,5,9,8,26,23,8,7,17,15,16,14,10,9,20,18,3,4,17,3,9,8,6,7,3,5,9,5,8,8,4,13
2018,7,LVDPA0669,182,82,45,100,55,15,8,16,9,22,12,22,12,21,12,22,12,28,15,36,20,9,9,10,11,11,9,10,13,6,7,12,11,10,13,18,23
2018,7,LVDPA0670,60,26,43,34,57,4,7,1,2,8,13,8,13,6,10,5,8,14,23,14,23,2,0,3,4,3,3,6,5,2,1,5,4,3,2,8,9
2018,7,LVDPA0671,69,29,42,40,58,4,6,4,6,15,22,9,13,4,6,9,13,16,23,8,12,0,1,7,3,2,5,8,3,4,3,8,6,2,4,8,5
2018,7,LVDPA0672,70,40,57,30,43,7,10,3,4,11,16,6,9,8,11,7,10,13,19,15,21,5,2,8,4,5,4,7,5,2,1,3,2,3,3,6,10
2018,7,LVDPA0673,68,41,60,27,40,2,3,6,9,7,10,12,18,14,21,8,12,8,12,11,16,1,3,5,10,8,4,4,6,1,3,2,2,6,4,4,5
2018,7,LVDPA0674,42,22,52,20,48,1,2,3,7,6,14,5,12,5,12,3,7,9,21,10,24,1,3,5,1,4,2,3,3,0,0,1,4,1,1,6,7
2018,7,LVDPA0675,86,39,45,47,55,6,7,13,15,13,15,4,5,17,20,10,12,8,9,15,17,2,4,7,2,9,6,4,5,4,9,6,2,8,4,4,10
2018,7,LVDPA0676,107,49,46,58,54,4,4,8,7,14,13,15,14,15,14,21,20,14,13,16,15,3,3,7,8,10,7,3,8,1,5,7,7,5,14,11,8
2018,7,LVDPA0677,250,113,45,137,55,14,6,14,6,27,11,32,13,35,14,20,8,47,19,61,24,9,8,17,16,18,8,20,17,5,6,10,16,17,12,27,44
2018,7,LVDPA0678,197,94,48,103,52,22,11,18,9,16,8,38,19,16,8,22,11,38,19,27,14,10,8,10,18,10,9,22,7,12,10,6,20,6,13,16,20
2018,7,LVDPA0679,321,155,48,166,52,31,10,28,9,32,10,54,17,46,14,45,14,43,13,42,13,19,11,18,32,24,22,15,14,12,17,14,22,22,23,28,28
2018,7,LVDPA0680,121,54,45,67,55,4,3,11,9,28,23,10,8,12,10,19,16,17,14,20,17,3,4,14,7,7,5,10,4,1,7,14,3,5,14,7,16
2018,7,LVDPA0682,79,35,44,44,56,3,4,7,9,12,15,4,5,14,18,12,15,9,11,18,23,1,2,7,3,6,6,4,6,2,5,5,1,8,6,5,12
2018,7,LVDPA0683,104,56,54,48,46,7,7,10,10,8,8,16,15,8,8,12,12,18,17,25,24,4,6,5,10,4,7,9,11,3,4,3,6,4,5,9,14
2018,7,LVDPA0684,90,51,57,39,43,1,1,1,1,15,17,8,9,8,9,19,21,18,20,20,22,1,1,9,6,3,13,9,9,0,0,6,2,5,6,9,11
2018,7,LVDPA0685,236,122,52,114,48,15,6,15,6,23,10,35,15,30,13,33,14,37,16,48,20,11,9,17,17,18,19,18,13,4,6,6,18,12,14,19,35
2018,7,LVDPA0686,134,60,45,74,55,7,5,9,7,23,17,16,12,10,7,26,19,18,13,25,19,5,5,12,6,4,14,6,8,2,4,11,10,6,12,12,17
2018,7,LVDPA0687,118,58,49,60,51,8,7,15,13,7,6,16,14,14,12,13,11,23,19,22,19,4,7,5,9,8,9,11,5,4,8,2,7,6,4,12,17
2018,7,LVDPA0688,78,39,50,39,50,5,6,4,5,7,9,10,13,13,17,12,15,10,13,17,22,2,2,1,8,9,6,5,6,3,2,6,2,4,6,5,11
2018,7,LVDPA0689,60,30,50,30,50,5,8,7,12,3,5,12,20,6,10,11,18,4,7,12,20,4,2,2,9,3,5,2,3,1,5,1,3,3,6,2,9
2018,7,LVDPA0690,219,109,50,110,50,11,5,19,9,25,11,30,14,29,13,25,11,44,20,36,16,5,12,16,17,16,11,22,10,6,7,9,13,13,14,22,26
2018,7,LVDPA0691,119,65,55,54,45,3,3,8,7,14,12,23,19,16,13,18,15,15,13,22,18,1,6,6,14,10,12,9,7,2,2,8,9,6,6,6,15
2018,7,LVDPA0692,107,49,46,58,54,9,8,13,12,9,8,10,9,24,22,10,9,15,14,17,16,6,6,5,4,9,5,8,6,3,7,4,6,15,5,7,11
2018,7,LVDPA0693,72,37,51,35,49,5,7,3,4,7,10,9,13,7,10,10,14,7,10,24,33,5,1,4,6,3,5,4,9,0,2,3,3,4,5,3,15
2018,7,LVDPA0694,193,85,44,108,56,23,12,15,8,23,12,29,15,23,12,22,11,18,9,40,21,15,8,6,15,14,9,8,10,8,7,17,14,9,13,10,30
2018,7,LVDPA0695,59,27,46,32,54,1,2,4,7,8,14,4,7,6,10,11,19,11,19,14,24,0,0,6,2,5,4,7,3,1,4,2,2,1,7,4,11
2018,7,LVDPA0696,52,23,44,29,56,5,10,4,8,9,17,0,0,11,21,4,8,6,12,13,25,3,1,4,0,6,2,2,5,2,3,5,0,5,2,4,8
2018,7,LVDPA0697,672,318,47,354,53,57,8,34,5,33,5,86,13,88,13,93,14,107,16,174,26,30,14,16,41,44,50,55,68,27,20,17,45,44,43,52,106
2018,7,LVDPA0698,259,124,48,135,52,31,12,38,15,31,12,42,16,30,12,27,10,26,10,34,13,14,21,19,19,14,11,14,12,17,17,12,23,16,16,12,22
2018,7,LVDPA0699,105,51,49,54,51,14,13,15,14,11,10,18,17,11,10,14,13,9,9,13,12,8,9,6,7,5,7,5,4,6,6,5,11,6,7,4,9
2018,7,LVDPA0700,230,114,50,116,50,12,5,14,6,27,12,41,18,28,12,32,14,44,19,32,14,7,8,15,24,18,13,20,9,5,6,12,17,10,19,24,23
2018,7,LVDPA0702,383,192,50,191,50,22,6,35,9,49,13,66,17,49,13,48,13,61,16,53,14,12,19,28,40,26,26,28,13,10,16,21,26,23,22,33,40
2018,7,LVDPA0703,65,30,46,35,54,7,11,2,3,8,12,10,15,3,5,8,12,4,6,23,35,6,2,3,7,1,5,2,4,1,0,5,3,2,3,2,19
2018,7,LVDPA0704,366,172,47,194,53,16,4,24,7,48,13,49,13,43,12,52,14,45,12,89,24,8,13,20,28,22,28,21,32,8,11,28,21,21,24,24,57
2018,7,LVDPA0705,94,47,50,47,50,2,2,5,5,5,5,15,16,7,7,10,11,26,28,24,26,0,3,3,10,5,5,15,6,2,2,2,5,2,5,11,18
2018,7,LVDPA0706,181,90,50,91,50,16,9,19,10,20,11,27,15,22,12,22,12,30,17,25,14,8,9,10,17,11,10,16,9,8,10,10,10,11,12,14,16
2018,7,LVDPA0707,183,90,49,93,51,6,3,14,8,22,12,29,16,15,8,31,17,26,14,40,22,2,5,13,16,11,16,13,14,4,9,9,13,4,15,13,26
2018,7,LVDPA0708,39,23,59,16,41,0,0,1,3,6,15,4,10,4,10,10,26,4,10,10,26,0,1,6,2,3,6,2,3,0,0,0,2,1,4,2,7
2018,7,LVDPA0709,97,51,53,46,47,11,11,9,9,10,10,17,18,9,9,19,20,10,10,12,12,5,4,6,9,5,10,7,5,6,5,4,8,4,9,3,7
2018,7,LVDPA0710,135,71,53,64,47,15,11,7,5,13,10,15,11,14,10,19,14,24,18,28,21,9,6,10,5,10,8,12,11,6,1,3,10,4,11,12,17
2018,7,LVDPA0711,63,28,44,35,56,4,6,3,5,10,16,4,6,5,8,11,17,7,11,19,30,3,1,4,2,2,4,4,8,1,2,6,2,3,7,3,11
2018,7,LVDPA0712,69,38,55,31,45,6,9,7,10,5,7,9,13,7,10,9,13,6,9,20,29,3,6,3,6,4,3,5,8,3,1,2,3,3,6,1,12
2018,7,LVDPA0713,188,91,48,97,52,10,5,24,13,32,17,31,16,15,8,32,17,17,9,27,14,6,15,21,19,4,11,7,8,4,9,11,12,11,21,10,19
2018,7,LVDPA0714,50,27,54,23,46,3,6,6,12,4,8,11,22,1,2,10,20,6,12,9,18,2,4,3,7,0,4,4,3,1,2,1,4,1,6,2,6
2018,7,LVDPA0715,183,92,50,91,50,7,4,14,8,24,13,30,16,22,12,33,18,31,17,22,12,2,8,14,14,14,14,18,8,5,6,10,16,8,19,13,14
2018,7,LVDPA0716,215,111,52,104,48,8,4,15,7,19,9,39,18,27,13,40,19,45,21,22,10,5,9,10,26,14,16,21,10,3,6,9,13,13,24,24,12
2018,7,LVDPA0717,100,48,48,52,52,4,4,12,12,14,14,14,14,14,14,15,15,12,12,15,15,1,7,7,9,6,8,6,4,3,5,7,5,8,7,6,11
2018,7,LVDPA0718,52,25,48,27,52,7,13,3,6,3,6,2,4,14,27,1,2,5,10,17,33,3,3,1,0,8,1,4,5,4,0,2,2,6,0,1,12
2018,7,LVDPA0719,181,80,44,101,56,19,10,15,8,15,8,21,12,20,11,23,13,29,16,39,22,7,9,7,11,8,12,12,14,12,6,8,10,12,11,17,25
2018,7,LVDPA0720,298,146,49,152,51,25,8,27,9,34,11,54,18,30,10,49,16,44,15,35,12,11,14,19,34,16,22,22,8,14,13,15,20,14,27,22,27
2018,7,LVDPA0721,131,65,50,66,50,7,5,8,6,7,5,17,13,23,18,19,15,20,15,30,23,3,4,5,8,14,10,11,10,4,4,2,9,9,9,9,20
2018,7,LVDPA0722,81,44,54,37,46,3,4,2,2,9,11,11,14,3,4,13,16,11,14,29,36,2,0,8,9,1,6,9,9,1,2,1,2,2,7,2,20
2018,7,LVDPA0723,335,165,49,170,51,50,15,35,10,39,12,53,16,31,9,47,14,41,12,39,12,21,17,23,29,15,25,19,16,29,18,16,24,16,22,22,23
2018,7,LVDPA0724,38,21,55,17,45,0,0,5,13,2,5,2,5,5,13,5,13,8,21,11,29,0,3,1,2,2,4,4,5,0,2,1,0,3,1,4,6
2018,7,LVDPA0725,243,120,49,123,51,13,5,20,8,20,8,40,16,25,10,48,20,29,12,48,20,8,12,10,21,16,25,13,15,5,8,10,19,9,23,16,33
2018,7,LVDPA0726,168,79,47,89,53,13,8,13,8,18,11,30,18,18,11,33,20,15,9,28,17,4,6,9,18,10,18,7,7,9,7,9,12,8,15,8,21
2018,7,LVDPA0727,198,90,45,108,55,9,5,20,10,21,11,32,16,19,10,25,13,32,16,40,20,2,8,10,20,7,12,15,16,7,12,11,12,12,13,17,24
2018,7,LVDPA0728,163,82,50,81,50,13,8,8,5,19,12,27,17,11,7,30,18,30,18,25,15,6,5,12,20,5,13,14,7,7,3,7,7,6,17,16,18
2018,7,LVDPA0729,1080,497,46,583,54,80,7,88,8,102,9,132,12,191,18,128,12,127,12,232,21,37,44,47,67,102,59,59,82,43,44,55,65,89,69,68,150
2018,7,LVDPA0731,73,36,49,37,51,9,12,6,8,5,7,21,29,4,5,10,14,8,11,10,14,5,2,3,12,2,4,6,2,4,4,2,9,2,6,2,8
2018,7,LVDPA0732,76,34,45,42,55,1,1,0,0,4,5,4,5,5,7,12,16,14,18,36,47,0,0,1,3,2,7,7,14,1,0,3,1,3,5,7,22
2018,7,LVDPA0733,104,49,47,55,53,9,9,8,8,13,13,13,13,10,10,20,19,13,13,18,17,6,6,6,9,5,9,3,5,3,2,7,4,5,11,10,13
2018,7,LVDPA0734,83,42,51,41,49,4,5,7,8,7,8,21,25,4,5,17,20,16,19,7,8,2,5,3,14,0,9,6,3,2,2,4,7,4,8,10,4
2018,7,LVDPA0735,152,71,47,81,53,13,9,10,7,12,8,18,12,22,14,20,13,19,13,38,25,4,3,8,10,11,14,10,11,9,7,4,8,11,6,9,27
2018,7,LVDPA0736,151,69,46,82,54,9,6,16,11,23,15,29,19,12,8,18,12,18,12,26,17,1,8,11,16,6,7,8,12,8,8,12,13,6,11,10,14
2018,7,LVDPA0737,316,165,52,151,48,16,5,36,11,38,12,54,17,42,13,59,19,31,10,40,13,8,20,17,36,21,30,14,19,8,16,21,18,21,29,17,21
2018,7,LVDPA0738,34,19,56,15,44,0,0,2,6,7,21,0,0,5,15,4,12,9,26,7,21,0,1,5,0,2,4,4,3,0,1,2,0,3,0,5,4
2018,7,LVDPA0739,287,142,49,145,51,21,7,29,10,47,16,50,17,34,12,34,12,36,13,36,13,11,15,26,31,17,13,16,13,10,14,21,19,17,21,20,23
2018,7,LVDPA0740,162,74,46,88,54,14,9,11,7,20,12,20,12,23,14,22,14,30,19,22,14,7,7,7,11,11,12,12,7,7,4,13,9,12,10,18,15
2018,7,LVDPA0741,373,177,47,196,53,43,12,25,7,44,12,53,14,45,12,44,12,55,15,64,17,19,16,21,30,28,20,21,22,24,9,23,23,17,24,34,42
2018,7,LVDPA0742,732,348,48,384,52,90,12,86,12,66,9,83,11,119,16,103,14,67,9,118,16,39,49,34,41,62,55,29,39,51,37,32,42,57,48,38,79
2018,7,LVDPA0743,58,29,50,29,50,2,3,5,9,3,5,7,12,7,12,6,10,14,24,14,24,1,2,1,5,4,2,10,4,1,3,2,2,3,4,4,10
2018,7,LVDPA0744,359,172,48,187,52,18,5,29,8,37,10,40,11,49,14,40,11,63,18,83,23,8,16,19,25,22,22,30,30,10,13,18,15,27,18,33,53
2018,7,LVDPA0745,177,78,44,99,56,14,8,11,6,23,13,28,16,27,15,33,19,12,7,29,16,5,2,11,18,15,14,5,8,9,9,12,10,12,19,7,21
2018,7,LVDPA0746,145,68,47,77,53,6,4,16,11,18,12,21,14,13,9,21,14,21,14,29,20,1,6,11,10,7,10,12,11,5,10,7,11,6,11,9,18
2018,7,LVDPA0747,60,30,50,30,50,6,10,5,8,3,5,12,20,6,10,7,12,10,17,11,18,3,2,3,6,5,5,3,3,3,3,0,6,1,2,7,8
2018,7,LVDPA0748,107,52,49,55,51,5,5,3,3,11,10,16,15,13,12,14,13,20,19,25,23,4,1,6,9,7,8,8,9,1,2,5,7,6,6,12,16
2018,7,LVDPA0749,147,73,50,74,50,8,5,20,14,19,13,12,8,21,14,23,16,14,10,30,20,4,15,10,6,10,13,7,8,4,5,9,6,11,10,7,22
2018,7,LVDPA0752,97,49,51,48,49,6,6,7,7,10,10,16,16,16,16,9,9,11,11,22,23,3,4,4,8,10,7,6,7,3,3,6,8,6,2,5,15
2018,7,LVDPA0754,79,39,49,40,51,3,4,8,10,7,9,12,15,9,11,12,15,11,14,17,22,2,4,3,8,4,8,3,7,1,4,4,4,5,4,8,10
2018,7,LVDPA0755,138,64,46,74,54,10,7,7,5,12,9,21,15,15,11,23,17,20,14,30,22,6,2,5,10,9,13,9,10,4,5,7,11,6,10,11,20
2018,7,LVDPA0756,221,111,50,110,50,14,6,20,9,25,11,33,15,24,11,35,16,36,16,34,15,10,8,18,21,15,18,15,6,4,12,7,12,9,17,21,28
2018,7,LVDPA0757,321,159,50,162,50,16,5,42,13,40,12,49,15,38,12,41,13,34,11,61,19,8,23,25,28,19,17,18,21,8,19,15,21,19,24,16,40
2018,7,LVDPA0758,350,175,50,175,50,12,3,17,5,36,10,41,12,32,9,55,16,85,24,72,21,7,11,21,26,18,27,40,25,5,6,15,15,14,28,45,47
2018,7,LVDPA0759,68,35,51,33,49,3,4,8,12,3,4,9,13,7,10,14,21,9,13,15,22,3,6,2,5,3,6,3,7,0,2,1,4,4,8,6,8
2018,7,LVDPA0760,197,102,52,95,48,17,9,20,10,19,10,31,16,18,9,33,17,27,14,32,16,12,11,11,19,10,18,14,7,5,9,8,12,8,15,13,25
2018,7,LVDPA0761,193,91,47,102,53,13,7,21,11,24,12,21,11,23,12,32,17,27,14,32,17,7,14,16,8,12,15,11,8,6,7,8,13,11,17,16,24
2018,7,LVDPA0762,86,46,53,40,47,9,10,11,13,5,6,16,19,10,12,15,17,8,9,12,14,8,5,2,8,7,8,4,4,1,6,3,8,3,7,4,8
2018,7,LVDPA0763,200,97,49,103,52,12,6,18,9,15,8,29,15,21,11,33,17,27,14,45,23,4,14,5,19,11,16,15,13,8,4,10,10,10,17,12,32
2018,7,LVDPA0764,202,90,45,112,55,12,6,13,6,21,10,33,16,18,9,32,16,31,15,42,21,4,6,13,12,11,15,12,17,8,7,8,21,7,17,19,25
2018,7,LVDPA0765,99,53,54,46,46,6,6,5,5,12,12,13,13,12,12,18,18,18,18,15,15,5,3,7,8,7,11,7,5,1,2,5,5,5,7,11,10
2018,7,LVDPA0766,239,123,51,116,49,16,7,10,4,21,9,37,15,17,7,44,18,36,15,58,24,11,7,14,21,11,21,20,18,5,3,7,16,6,23,16,40
2018,7,LVDPA0767,61,32,52,29,48,5,8,6,10,3,5,13,21,5,8,9,15,14,23,6,10,2,2,2,9,4,4,6,3,3,4,1,4,1,5,8,3
2018,7,LVDPA0768,113,57,50,56,50,7,6,9,8,11,10,20,18,12,11,15,13,17,15,22,19,4,6,6,10,8,6,9,8,3,3,5,10,4,9,8,14
2018,7,LVDPA0769,104,55,53,49,47,8,8,4,4,12,12,11,11,11,11,14,13,21,20,23,22,6,2,8,5,5,9,11,9,2,2,4,6,6,5,10,14
2018,7,LVDPA0770,85,36,42,49,58,10,12,6,7,10,12,14,16,12,14,10,12,11,13,12,14,3,2,5,6,7,6,5,2,7,4,5,8,5,4,6,10
2018,7,LVDPA0771,69,38,55,31,45,1,1,6,9,9,13,10,14,9,13,12,17,9,13,13,19,1,4,5,8,6,5,4,5,0,2,4,2,3,7,5,8
2018,7,LVDPA0772,1131,506,45,625,55,110,10,151,13,151,13,128,11,165,15,158,14,134,12,134,12,56,78,63,58,74,86,52,39,54,73,88,70,91,72,82,95
2018,7,LVDPA0773,92,41,45,51,55,6,7,10,11,9,10,8,9,12,13,12,13,16,17,19,21,1,8,4,3,4,6,9,6,5,2,5,5,8,6,7,13
2018,7,LVDPA0774,47,24,51,23,49,8,17,3,6,5,11,10,21,1,2,8,17,5,11,7,15,5,0,3,7,0,3,3,3,3,3,2,3,1,5,2,4
2018,7,LVDPA0775,400,182,46,218,55,30,8,36,9,46,12,58,15,53,13,48,12,68,17,61,15,13,19,26,28,25,24,29,18,17,17,20,30,28,24,39,43
2018,7,LVDPA0776,90,46,51,44,49,5,6,4,4,11,12,19,21,5,6,18,20,17,19,11,12,4,1,7,13,2,6,9,4,1,3,4,6,3,12,8,7
2018,7,LVDPA0777,337,157,47,180,53,28,8,38,11,51,15,35,10,41,12,33,10,41,12,70,21,10,23,28,19,23,15,19,20,18,15,23,16,18,18,22,50
2018,7,LVDPA0778,79,36,46,43,54,5,6,11,14,7,9,17,22,9,11,17,22,6,8,7,9,3,4,4,9,4,9,2,1,2,7,3,8,5,8,4,6
2018,7,LVDPA0779,38,23,61,15,39,2,5,3,8,5,13,3,8,4,11,11,29,3,8,7,18,1,3,2,3,2,6,1,5,1,0,3,0,2,5,2,2
2018,7,LVDPA0780,60,32,53,28,47,2,3,1,2,11,18,7,12,5,8,18,30,4,7,12,20,1,0,8,6,2,9,2,4,1,1,3,1,3,9,2,8
2018,7,LVDPA0781,321,151,47,170,53,16,5,22,7,30,9,55,17,33,10,47,15,52,16,66,21,7,8,16,33,19,18,25,25,9,14,14,22,14,29,27,41
2018,7,LVDPA0782,203,101,50,102,50,18,9,18,9,28,14,21,10,22,11,34,17,27,13,35,17,8,11,17,11,11,17,15,11,10,7,11,10,11,17,12,24
2018,7,LVDPA0783,231,111,48,120,52,9,4,29,13,26,11,29,13,33,14,31,13,30,13,44,19,3,17,15,16,19,16,12,13,6,12,11,13,14,15,18,31
2018,7,LVDPA0784,180,90,50,90,50,9,5,19,11,17,9,24,13,26,14,24,13,38,21,23,13,5,7,11,16,11,11,16,13,4,12,6,8,15,13,22,10
2018,7,LVDPA0785,234,104,44,130,56,12,5,34,15,27,12,30,13,28,12,24,10,29,12,50,21,7,13,11,16,14,9,16,18,5,21,16,14,14,15,13,32
2018,7,LVDPA0786,151,76,50,75,50,16,11,12,8,13,9,35,23,14,9,13,9,32,21,16,11,11,3,4,20,9,9,14,6,5,9,9,15,5,4,18,10
2018,7,LVDPA0787,51,24,47,27,53,1,2,4,8,8,16,8,16,12,24,4,8,10,20,4,8,1,2,3,4,8,3,3,0,0,2,5,4,4,1,7,4
2018,7,LVDPA0788,328,145,44,183,56,28,9,23,7,36,11,52,16,30,9,49,15,51,16,59,18,15,12,18,29,14,17,19,21,13,11,18,23,16,32,32,38
2018,7,LVDPA0789,132,62,47,70,53,14,11,13,10,13,10,26,20,9,7,16,12,26,20,15,11,6,6,7,13,6,7,13,4,8,7,6,13,3,9,13,11
2018,7,LVDPA0790,211,109,52,102,48,15,7,17,8,33,16,29,14,23,11,37,18,30,14,27,13,6,8,23,18,13,18,14,9,9,9,10,11,10,19,16,18
2018,7,LVDPA0791,283,144,51,139,49,30,11,19,7,35,12,40,14,43,15,44,16,36,13,36,13,18,12,21,17,24,24,16,12,12,7,14,23,19,20,20,24
2018,7,LVDPA0792,220,101,46,119,54,9,4,16,7,30,14,27,12,27,12,41,19,34,15,36,16,5,4,12,18,12,19,17,14,4,12,18,9,15,22,17,22
2018,7,LVDPA0793,478,232,49,246,51,44,9,50,10,49,10,66,14,86,18,60,13,69,14,54,11,24,24,29,27,45,34,33,16,20,26,20,39,41,26,36,38
2018,7,LVDPA0795,240,117,49,123,51,27,11,24,10,22,9,32,13,26,11,26,11,42,18,41,17,15,13,12,16,15,14,20,12,12,11,10,16,11,12,22,29
2018,7,LVDPA0796,299,146,49,153,51,24,8,36,12,35,12,52,17,33,11,47,16,40,13,32,11,13,20,14,31,17,24,16,11,11,16,21,21,16,23,24,21
2018,7,LVDPA0797,59,34,58,25,42,3,5,2,3,3,5,10,17,6,10,10,17,9,15,16,27,3,1,1,8,5,6,6,4,0,1,2,2,1,4,3,12
2018,7,LVDPA0798,65,32,49,33,51,8,12,6,9,3,5,10,15,10,15,2,3,11,17,15,23,5,3,2,5,7,0,5,5,3,3,1,5,3,2,6,10
2018,7,LVDPA0799,111,51,46,60,54,10,9,9,8,14,13,18,16,10,9,20,18,12,11,18,16,3,5,7,10,4,13,4,5,7,4,7,8,6,7,8,13
2018,7,LVDPA0800,162,71,44,91,56,10,6,16,10,13,8,18,11,23,14,12,7,30,19,40,25,3,7,6,10,15,7,11,12,7,9,7,8,8,5,19,28
2018,7,LVDPA0802,106,49,46,57,54,9,8,2,2,11,10,14,13,16,15,16,15,14,13,24,23,5,1,8,7,7,7,5,9,4,1,3,7,9,9,9,15
2018,7,LVDPA0803,78,37,47,41,53,10,13,8,10,13,17,6,8,15,19,7,9,10,13,9,12,4,2,7,3,8,6,4,3,6,6,6,3,7,1,6,6
2018,7,LVDPA0804,53,23,43,30,57,3,6,0,0,10,19,5,9,7,13,11,21,11,21,6,11,1,0,6,1,5,4,6,0,2,0,4,4,2,7,5,6
2018,7,LVDPA0805,80,37,46,43,54,3,4,5,6,14,18,6,8,13,16,10,13,12,15,17,21,1,1,7,4,6,5,6,7,2,4,7,2,7,5,6,10
2018,7,LVDPA0806,147,70,48,77,52,17,12,12,8,11,7,21,14,21,14,13,9,25,17,27,18,10,6,5,10,10,8,12,9,7,6,6,11,11,5,13,18
2018,7,LVDPA0807,191,91,48,100,52,15,8,12,6,22,12,31,16,21,11,28,15,28,15,34,18,9,7,13,16,10,15,15,6,6,5,9,15,11,13,13,28
2018,7,LVDPA0809,218,104,48,114,52,8,4,20,9,20,9,28,13,25,11,40,18,35,16,42,19,4,8,10,15,18,17,17,15,4,12,10,13,7,23,18,27
2018,7,LVDPA0810,46,23,50,23,50,1,2,3,7,0,0,8,17,5,11,3,7,14,30,12,26,1,1,0,5,3,1,9,3,0,2,0,3,2,2,5,9
2018,7,LVDPA0811,43,21,49,22,51,0,0,2,5,4,9,5,12,2,5,6,14,8,19,16,37,0,1,3,4,1,4,3,5,0,1,1,1,1,2,5,11
2018,7,LVDPA0812,171,80,47,91,53,8,5,14,8,17,10,26,15,24,14,19,11,29,17,34,20,3,6,11,14,14,8,12,12,5,8,6,12,10,11,17,22
2018,7,LVDPA0814,177,87,49,90,51,12,7,10,6,26,15,21,12,25,14,24,14,25,14,34,19,5,7,12,14,13,9,14,13,7,3,14,7,12,15,11,21
2018,7,LVDPA0815,105,53,50,52,50,11,10,15,14,7,7,17,16,19,18,13,12,9,9,14,13,6,10,6,8,11,7,4,1,5,5,1,9,8,6,5,13
2018,7,LVDPA0816,31,18,58,13,42,1,3,0,0,3,10,5,16,5,16,5,16,6,19,6,19,0,0,0,5,4,3,2,4,1,0,3,0,1,2,4,2
2018,7,LVDPA0817,93,46,49,47,51,6,6,6,6,12,13,11,12,11,12,12,13,19,20,16,17,3,5,8,8,5,5,9,3,3,1,4,3,6,7,10,13
2018,7,LVDPA0818,176,86,49,90,51,9,5,16,9,20,11,20,11,17,10,28,16,26,15,40,23,7,5,14,12,10,14,10,14,2,11,6,8,7,14,16,26
2018,7,LVDPA0819,354,173,49,181,51,25,7,26,7,62,18,48,14,47,13,65,18,44,12,37,10,13,15,29,27,26,33,18,12,12,11,33,21,21,32,26,25
2018,7,LVDPA0820,48,25,52,23,48,4,8,4,8,1,2,11,23,5,10,1,2,8,17,14,29,3,3,0,6,4,0,4,5,1,1,1,5,1,1,4,9
2018,7,LVDPA0821,49,26,53,23,47,2,4,3,6,3,6,6,12,6,12,11,22,7,14,11,22,1,2,2,5,4,7,1,4,1,1,1,1,2,4,6,7
2018,7,LVDPA0822,347,159,46,188,54,23,7,30,9,43,12,43,12,47,14,51,15,42,12,68,20,13,16,25,16,24,27,20,18,10,14,18,27,23,24,22,50
2018,7,LVDPA0824,1033,449,43,584,57,68,7,92,9,102,10,93,9,112,11,169,16,156,15,241,23,35,52,52,43,50,85,67,65,33,40,50,50,62,84,89,176
2018,7,LVDPA0825,97,51,53,46,47,7,7,8,8,17,18,14,14,13,13,12,12,9,9,17,18,5,3,12,8,6,5,5,7,2,5,5,6,7,7,4,10
2018,7,LVDPA0827,162,73,45,89,55,13,8,10,6,23,14,31,19,17,10,22,14,25,15,21,13,6,6,11,14,10,10,10,6,7,4,12,17,7,12,15,15
2018,7,LVDPA0828,274,127,46,147,54,15,5,22,8,22,8,40,15,40,15,33,12,44,16,58,21,6,10,14,23,23,16,17,18,9,12,8,17,17,17,27,40
2018,7,LVDPA0829,40,20,50,20,50,2,5,1,3,10,25,3,8,8,20,5,13,6,15,5,13,2,1,6,1,3,2,4,1,0,0,4,2,5,3,2,4
2018,7,LVDPA0830,183,86,47,97,53,16,9,18,10,23,13,31,17,27,15,24,13,21,11,23,13,7,6,17,14,15,11,8,8,9,12,6,17,12,13,13,15
2018,7,LVDPA0831,61,28,46,33,54,4,7,3,5,7,11,9,15,3,5,8,13,8,13,19,31,0,3,2,5,2,4,7,5,4,0,5,4,1,4,1,14
2018,7,LVDPA0832,146,72,49,74,51,7,5,6,4,12,8,22,15,9,6,30,21,30,21,30,21,3,4,8,13,6,14,13,11,4,2,4,9,3,16,17,19
2018,7,LVDPA0833,136,68,50,68,50,9,7,15,11,17,13,11,8,30,22,14,10,11,8,29,21,8,8,11,5,13,8,6,9,1,7,6,6,17,6,5,20
2018,7,LVDPA0834,43,20,47,23,53,5,12,2,5,8,19,4,9,2,5,13,30,5,12,4,9,1,1,2,3,1,10,1,1,4,1,6,1,1,3,4,3
2018,7,LVDPA0835,228,107,47,121,53,25,11,17,7,18,8,40,18,29,13,35,15,30,13,34,15,13,6,10,24,14,18,15,7,12,11,8,16,15,17,15,27
2018,7,LVDPA0836,136,66,49,70,51,7,5,13,10,16,12,15,11,24,18,10,7,26,19,25,18,3,6,10,8,11,5,14,9,4,7,6,7,13,5,12,16
2018,7,LVDPA0837,40,19,48,21,53,0,0,1,3,9,23,5,13,2,5,7,18,13,33,3,8,0,1,3,3,1,4,7,0,0,0,6,2,1,3,6,3
2018,7,LVDPA0842,163,80,49,83,51,9,6,11,7,22,13,22,13,27,17,22,13,20,12,30,18,5,8,11,10,18,11,6,11,4,3,11,12,9,11,14,19
2018,7,LVDPA0844,113,55,49,58,51,9,8,9,8,10,9,25,22,10,9,19,17,11,10,20,18,6,4,4,14,6,9,5,7,3,5,6,11,4,10,6,13
2018,7,LVDPA0845,57,34,60,23,40,0,0,4,7,5,9,9,16,6,11,12,21,7,12,14,25,0,1,3,7,4,6,5,8,0,3,2,2,2,6,2,6
2018,7,LVDPA0846,43,22,51,21,49,5,12,5,12,4,9,3,7,6,14,6,14,6,14,8,19,3,4,1,2,2,4,2,4,2,1,3,1,4,2,4,4
2018,7,LVDPA0847,165,83,50,82,50,10,6,24,15,18,11,20,12,24,15,19,12,22,13,28,17,4,15,9,16,8,9,11,11,6,9,9,4,16,10,11,17
2018,7,LVDPA0848,68,34,50,34,50,6,9,6,9,5,7,6,9,14,21,7,10,10,15,14,21,2,5,2,2,7,6,4,6,4,1,3,4,7,1,6,8
2018,7,LVDPA0849,119,66,55,53,45,3,3,3,3,6,5,7,6,17,14,19,16,27,23,37,31,3,0,3,5,12,12,15,16,0,3,3,2,5,7,12,21
2018,7,LVDPA0850,229,106,46,123,54,16,7,18,8,28,12,30,13,37,16,30,13,26,11,44,19,9,8,15,15,21,14,7,17,7,10,13,15,16,16,19,27
2018,7,LVDPA0852,123,60,49,63,51,2,2,6,5,12,10,17,14,10,8,22,18,28,23,26,21,1,5,7,12,4,7,14,10,1,1,5,5,6,15,14,16
2018,7,LVDPA0853,49,26,53,23,47,2,4,3,6,11,22,3,6,5,10,10,20,3,6,12,24,1,3,6,2,3,6,1,4,1,0,5,1,2,4,2,8
2018,7,LVDPA0854,139,66,47,73,53,12,9,12,9,13,9,28,20,18,13,16,12,15,11,25,18,8,6,8,14,8,11,6,5,4,6,5,14,10,5,9,20
2018,7,LVDPA0855,152,75,49,77,51,14,9,15,10,19,13,21,14,13,9,27,18,23,15,20,13,8,10,7,14,6,13,9,8,6,5,12,7,7,14,14,12
2018,7,LVDPA0856,215,100,47,115,53,20,9,27,13,24,11,22,10,33,15,16,7,26,12,47,22,11,12,16,9,13,8,12,19,9,15,8,13,20,8,14,28
2018,7,LVDPA0857,126,59,47,67,53,13,10,19,15,12,10,18,14,13,10,10,8,13,10,28,22,6,7,8,8,9,6,7,8,7,12,4,10,4,4,6,20
2018,7,LVDPA0858,225,107,48,118,52,15,7,15,7,25,11,37,16,33,15,27,12,33,15,40,18,9,7,13,25,14,14,11,14,6,8,12,12,19,13,22,26
2018,7,LVDPA0859,78,40,51,38,49,2,3,9,12,5,6,6,8,15,19,8,10,12,15,21,27,0,5,4,4,9,5,6,7,2,4,1,2,6,3,6,14
2018,7,LVDPA0860,698,322,46,376,54,65,9,51,7,82,12,84,12,84,12,94,13,80,11,158,23,35,23,41,48,42,50,39,44,30,28,41,36,42,44,41,114
2018,7,LVDPA0861,153,80,52,73,48,16,10,18,12,12,8,38,25,14,9,21,14,18,12,16,10,9,9,10,20,6,13,7,6,7,9,2,18,8,8,11,10
2018,7,LVDPA0862,129,60,47,69,53,1,1,3,2,16,12,11,9,9,7,25,19,11,9,53,41,0,2,9,9,5,13,6,16,1,1,7,2,4,12,5,37
2018,7,LVDPA0863,55,30,55,25,45,4,7,3,5,5,9,7,13,9,16,9,16,11,20,7,13,2,2,3,2,6,3,8,4,2,1,2,5,3,6,3,3
2018,7,LVDPA0866,128,64,50,64,50,4,3,9,7,16,13,24,19,16,13,21,16,19,15,19,15,1,3,10,18,9,10,7,6,3,6,6,6,7,11,12,13
2018,7,LVDPA0867,86,41,48,45,52,7,8,3,3,8,9,14,16,7,8,18,21,12,14,17,20,4,1,3,8,3,9,9,4,3,2,5,6,4,9,3,13
2018,7,LVDPA0869,102,51,50,51,50,7,7,7,7,13,13,20,20,13,13,20,20,9,9,13,13,2,4,7,12,5,10,5,6,5,3,6,8,8,10,4,7
2018,7,LVDPA0870,60,30,50,30,50,3,5,3,5,9,15,5,8,5,8,14,23,7,12,14,23,3,1,4,3,2,8,2,7,0,2,5,2,3,6,5,7
2018,7,LVDPA0871,76,38,50,38,50,2,3,8,11,10,13,4,5,9,12,12,16,13,17,18,24,1,5,6,4,5,6,5,6,1,3,4,0,4,6,8,12
2018,7,LVDPA0872,79,38,48,41,52,7,9,6,8,7,9,9,11,8,10,6,8,15,19,21,27,3,3,5,5,4,2,9,7,4,3,2,4,4,4,6,14
2018,7,LVDPA0873,113,49,43,64,57,13,12,11,10,20,18,11,10,11,10,19,17,14,12,14,12,5,5,9,7,4,9,9,1,8,6,11,4,7,10,5,13
2018,7,LVDPA0874,298,150,50,148,50,31,10,24,8,28,9,47,16,33,11,33,11,41,14,61,20,20,16,16,22,21,15,19,21,11,8,12,25,12,18,22,40
2018,7,LVDPA0875,91,44,48,47,52,7,8,13,14,10,11,16,18,6,7,13,14,12,13,14,15,4,6,5,10,2,6,7,4,3,7,5,6,4,7,5,10
2018,7,LVDPA0876,271,119,44,152,56,15,6,15,6,12,4,49,18,28,10,42,15,44,16,66,24,7,6,6,27,17,19,18,19,8,9,6,22,11,23,26,47
2018,7,LVDPA0877,115,55,48,60,52,4,3,7,6,15,13,11,10,16,14,12,10,27,23,23,20,2,4,7,9,9,6,11,7,2,3,8,2,7,6,16,16
2018,7,LVDPA0878,170,87,51,83,49,14,8,11,6,18,11,21,12,20,12,29,17,23,14,34,20,8,7,13,12,10,14,8,15,6,4,5,9,10,15,15,19
2018,7,LVDPA0879,39,18,46,21,54,0,0,5,13,1,3,6,15,4,10,7,18,8,21,8,21,0,1,0,3,2,3,5,4,0,4,1,3,2,4,3,4
2018,7,LVDPA0880,220,105,48,115,52,18,8,25,11,23,10,24,11,24,11,31,14,30,14,45,20,5,12,10,11,13,17,15,22,13,13,13,13,11,14,15,23
2018,7,LVDPA0881,253,120,47,133,53,23,9,17,7,26,10,43,17,29,11,36,14,36,14,43,17,13,11,11,24,15,16,17,13,10,6,15,19,14,20,19,30
2018,7,LVDPA0885,50,24,48,26,52,1,2,0,0,6,12,3,6,5,10,10,20,10,20,15,30,1,0,3,2,2,5,5,6,0,0,3,1,3,5,5,9
2018,7,LVDPA0886,82,43,52,39,48,7,9,11,13,8,10,14,17,9,11,19,23,7,9,7,9,3,9,4,6,5,10,4,2,4,2,4,8,4,9,3,5
2018,7,LVDPA0887,259,133,51,126,49,15,6,22,8,15,6,38,15,29,11,42,16,39,15,59,23,9,14,6,26,17,23,17,21,6,8,9,12,12,19,22,38
2018,7,LVDPA0888,125,53,42,72,58,10,8,8,6,12,10,24,19,18,14,14,11,19,15,20,16,5,5,3,14,11,3,6,6,5,3,9,10,7,11,13,14
2018,7,LVDPA0890,477,230,48,247,52,50,10,63,13,46,10,54,11,89,19,64,13,44,9,67,14,30,29,27,21,42,37,19,25,20,34,19,33,47,27,25,42
2018,7,LVDPA0891,391,180,46,211,54,27,7,32,8,44,11,53,14,45,12,56,14,60,15,74,19,14,15,23,30,19,24,29,26,13,17,21,23,26,32,31,48
2018,7,LVDPA0892,71,34,48,37,52,7,10,10,14,6,8,16,23,10,14,6,8,7,10,9,13,4,6,4,7,6,3,4,0,3,4,2,9,4,3,3,9
2018,7,LVDPA0893,70,37,53,33,47,8,11,3,4,8,11,14,20,5,7,9,13,12,17,11,16,2,2,7,8,2,5,7,4,6,1,1,6,3,4,5,7
2018,7,LVDPA0895,350,182,52,168,48,0,0,3,1,9,3,39,11,54,15,75,21,67,19,103,29,0,1,7,28,34,42,34,36,0,2,2,11,20,33,33,67
2018,7,LVDPA0896,312,155,50,157,50,15,5,36,12,46,15,49,16,33,11,36,12,50,16,47,15,9,17,28,30,15,18,23,15,6,19,18,19,18,18,27,32
2018,7,LVDPA0897,203,97,48,106,52,16,8,15,7,24,12,34,17,20,10,37,18,22,11,35,17,6,6,11,21,11,20,10,12,10,9,13,13,9,17,12,23
2018,7,LVDPA0898,324,157,48,167,52,31,10,36,11,32,10,48,15,32,10,34,10,64,20,47,15,16,24,19,21,17,15,27,18,15,12,13,27,15,19,37,29
2018,7,LVDPA0899,67,34,51,33,49,6,9,7,10,8,12,10,15,11,16,4,6,10,15,11,16,2,4,3,5,7,3,4,6,4,3,5,5,4,1,6,5
2018,7,LVDPA0900,171,80,47,91,53,21,12,11,6,13,8,37,22,19,11,25,15,30,18,15,9,15,6,5,20,5,11,15,3,6,5,8,17,14,14,15,12
2018,7,LVDPA0901,94,43,46,51,54,5,5,6,6,12,13,15,16,17,18,6,6,14,15,19,20,2,3,4,6,11,3,8,6,3,3,8,9,6,3,6,13
2018,7,LVDPA0903,40,18,45,22,55,2,5,1,3,5,13,6,15,6,15,8,20,5,13,7,18,0,0,5,2,2,4,2,3,2,1,0,4,4,4,3,4
2018,7,LVDPA0905,305,151,50,154,50,35,11,35,11,23,8,37,12,51,17,36,12,41,13,47,15,23,17,10,17,27,18,21,18,12,18,13,20,24,18,20,29
2018,7,LVDPA0906,73,33,45,40,55,4,5,3,4,9,12,8,11,4,5,19,26,7,10,19,26,3,2,4,3,2,10,3,6,1,1,5,5,2,9,4,13
2018,7,LVDPA0907,47,21,45,26,55,5,11,3,6,7,15,6,13,5,11,6,13,8,17,7,15,3,2,2,3,2,3,4,2,2,1,5,3,3,3,4,5
2018,7,LVDPA0908,170,76,45,94,55,10,6,16,9,14,8,19,11,19,11,19,11,32,19,41,24,7,9,7,7,9,12,16,9,3,7,7,12,10,7,16,32
2018,7,LVDPA0909,215,111,52,104,48,20,9,17,8,30,14,31,14,28,13,26,12,29,13,34,16,8,12,19,18,15,12,14,13,12,5,11,13,13,14,15,21
2018,7,LVDPA0910,410,190,46,220,54,32,8,42,10,33,8,59,14,51,12,44,11,57,14,92,22,15,21,20,29,31,20,21,33,17,21,13,30,20,24,36,59
2018,7,LVDPA0913,302,143,47,159,53,23,8,28,9,41,14,54,18,39,13,36,12,42,14,39,13,14,16,22,28,21,16,18,8,9,12,19,26,18,20,24,31
2018,7,LVDPA0914,103,47,46,56,54,9,9,15,15,6,6,17,17,12,12,17,17,16,16,11,11,3,7,4,7,6,9,6,5,6,8,2,10,6,8,10,6
2018,7,LVDPA0915,137,64,47,73,53,6,4,15,11,13,9,13,9,13,9,19,14,25,18,33,24,4,8,8,8,5,7,13,11,2,7,5,5,8,12,12,22
2018,7,LVDPA0916,153,73,48,80,52,6,4,14,9,21,14,14,9,26,17,29,19,15,10,28,18,4,5,9,6,15,15,10,9,2,9,12,8,11,14,5,19
2018,7,LVDPA0917,45,17,38,28,62,5,11,4,9,2,4,3,7,7,16,5,11,6,13,13,29,4,2,0,1,3,2,1,4,1,2,2,2,4,3,5,9
2018,7,LVDPA0918,54,29,54,25,46,4,7,2,4,11,20,9,17,4,7,10,19,4,7,10,19,4,1,7,4,3,4,2,4,0,1,4,5,1,6,2,6
2018,7,LVDPA0919,110,52,47,58,53,2,2,6,5,7,6,14,13,9,8,15,14,18,16,39,35,1,3,3,9,5,7,9,15,1,3,4,5,4,8,9,24
2018,7,LVDPA0920,129,68,53,61,47,13,10,5,4,15,12,13,10,10,8,22,17,19,15,32,25,11,2,8,9,7,9,13,9,2,3,7,4,3,13,6,23
2018,7,LVDPA0921,513,231,45,282,55,30,6,46,9,52,10,61,12,78,15,69,13,77,15,100,19,18,23,30,34,40,31,30,25,12,23,22,27,38,38,47,75
2018,7,LVDPA0922,123,57,46,66,54,7,6,10,8,13,11,16,13,7,6,26,21,19,15,25,20,4,6,6,9,4,9,9,10,3,4,7,7,3,17,10,15
2018,7,LVDPA0925,105,50,48,55,52,11,10,15,14,14,13,10,10,6,6,12,11,15,14,22,21,4,9,9,5,1,4,10,8,7,6,5,5,5,8,5,14
2018,7,LVDPA0927,92,45,49,47,51,7,8,12,13,8,9,8,9,9,10,18,20,14,15,16,17,4,5,5,4,5,12,4,6,3,7,3,4,4,6,10,10
2018,7,LVDPA0928,192,94,49,98,51,14,7,13,7,26,14,33,17,25,13,17,9,32,17,32,17,5,6,13,19,15,8,15,13,9,7,13,14,10,9,17,19
2018,7,LVDPA0931,65,36,55,29,45,4,6,1,2,14,22,5,8,14,22,10,15,8,12,9,14,1,1,9,5,8,5,3,4,3,0,5,0,6,5,5,5
2018,7,LVDPA0933,105,52,50,53,50,2,2,10,10,9,9,11,10,18,17,10,10,21,20,24,23,2,6,2,6,12,7,10,7,0,4,7,5,6,3,11,17
2018,7,LVDPA0935,327,150,46,177,54,30,9,35,11,42,13,46,14,42,13,47,14,42,13,43,13,16,17,22,24,20,24,17,10,14,18,20,22,22,23,25,33
2018,7,LVDPA0936,47,26,55,21,45,1,2,2,4,7,15,7,15,5,11,4,9,11,23,10,21,1,2,5,5,3,1,4,5,0,0,2,2,2,3,7,5
2018,7,LVDPA0937,61,27,44,34,56,6,10,3,5,2,3,9,15,5,8,9,15,11,18,16,26,3,2,0,4,2,5,7,4,3,1,2,5,3,4,4,12
2018,7,LVDPA0938,54,26,48,28,52,9,17,6,11,5,9,9,17,5,9,8,15,4,7,8,15,5,1,3,5,4,4,1,3,4,5,2,4,1,4,3,5
2018,7,LVDPA0939,117,52,44,65,56,4,3,8,7,13,11,25,21,9,8,14,12,24,21,20,17,4,2,5,13,5,6,12,5,0,6,8,12,4,8,12,15
2018,7,LVDPA0941,141,74,52,67,48,7,5,15,11,17,12,20,14,16,11,23,16,12,9,31,22,4,7,12,14,7,14,7,9,3,8,5,6,9,9,5,22
2018,7,LVDPA0942,262,143,55,119,45,4,2,4,2,11,4,31,12,40,15,50,19,62,24,60,23,2,3,1,19,23,32,35,28,2,1,10,12,17,18,27,32
2018,7,LVDPA0943,188,93,49,95,51,12,6,11,6,28,15,19,10,22,12,31,16,33,18,32,17,8,6,13,12,12,16,16,10,4,5,15,7,10,15,17,22
2018,7,LVDPA0944,39,20,51,19,49,0,0,1,3,3,8,8,21,2,5,8,21,9,23,8,21,0,0,3,4,1,5,5,2,0,1,0,4,1,3,4,6
2018,7,LVDPA0945,148,68,46,80,54,8,5,13,9,16,11,30,20,18,12,13,9,22,15,28,19,3,6,6,20,10,6,9,8,5,7,10,10,8,7,13,20
2018,7,LVDPA0947,143,65,45,78,55,11,8,10,7,14,10,17,12,19,13,15,10,30,21,27,19,5,4,8,9,10,8,13,8,6,6,6,8,9,7,17,19
2018,7,LVDPA0948,146,77,53,69,47,7,5,7,5,30,21,17,12,17,12,36,25,15,10,17,12,5,6,16,11,5,21,9,4,2,1,14,6,12,15,6,13
2018,7,LVDPA0949,556,253,46,303,54,47,8,52,9,42,8,100,18,73,13,82,15,79,14,81,15,27,22,27,48,36,37,31,25,20,30,15,52,37,45,48,56
2018,7,LVDPA0950,72,39,54,33,46,3,4,6,8,8,11,12,17,10,14,11,15,7,10,15,21,2,4,4,9,5,5,5,5,1,2,4,3,5,6,2,10
2018,7,LVDPA0951,197,95,48,102,52,14,7,12,6,25,13,27,14,27,14,34,17,33,17,25,13,9,6,15,12,18,17,12,6,5,6,10,15,9,17,21,19
2018,7,LVDPA0952,680,327,48,353,52,55,8,81,12,89,13,110,16,73,11,96,14,78,11,98,14,30,49,39,63,32,48,30,36,25,32,50,47,41,48,48,62
2018,7,LVDPA0953,42,21,50,21,50,3,7,3,7,11,26,9,21,2,5,2,5,10,24,2,5,2,3,3,5,2,0,6,0,1,0,8,4,0,2,4,2
2018,7,LVDPA0954,62,30,48,32,52,13,21,5,8,10,16,10,16,8,13,5,8,7,11,4,6,5,4,5,7,4,3,2,0,8,1,5,3,4,2,5,4
2018,7,LVDPA0955,71,32,45,39,55,2,3,5,7,10,14,9,13,6,8,8,11,19,27,12,17,1,4,5,5,1,3,9,4,1,1,5,4,5,5,10,8
2018,7,LVDPA0956,63,29,46,34,54,2,3,6,10,7,11,10,16,12,19,13,21,4,6,9,14,1,2,4,4,9,5,2,2,1,4,3,6,3,8,2,7
2018,7,LVDPA0957,74,37,50,37,50,9,12,4,5,8,11,11,15,5,7,12,16,11,15,14,19,6,3,1,8,4,5,7,3,3,1,7,3,1,7,4,11
2018,7,LVDPA0958,74,38,51,36,49,5,7,11,15,3,4,9,12,9,12,13,18,14,19,10,14,2,9,1,4,5,5,8,4,3,2,2,5,4,8,6,6
2018,7,LVDPA0959,126,64,51,62,49,7,6,7,6,12,10,14,11,13,10,29,23,9,7,35,28,5,3,6,8,7,19,6,10,2,4,6,6,6,10,3,25
2018,7,LVDPA0960,75,35,47,40,53,6,8,6,8,12,16,9,12,7,9,7,9,18,24,10,13,0,4,7,6,1,4,10,3,6,2,5,3,6,3,8,7
2018,7,LVDPA0961,62,33,53,29,47,6,10,3,5,9,15,9,15,9,15,10,16,7,11,9,15,3,1,5,6,6,5,3,4,3,2,4,3,3,5,4,5
2018,7,LVDPA0963,77,37,48,40,52,3,4,3,4,9,12,11,14,2,3,16,21,10,13,23,30,2,2,4,8,0,8,5,8,1,1,5,3,2,8,5,15
2018,7,LVDPA0964,35,17,49,18,51,1,3,2,6,2,6,2,6,1,3,10,29,4,11,13,37,1,2,1,2,1,4,3,3,0,0,1,0,0,6,1,10
2018,7,LVDPA0965,46,23,50,23,50,2,4,3,7,5,11,6,13,7,15,4,9,6,13,13,28,1,2,3,4,3,1,3,6,1,1,2,2,4,3,3,7
2018,7,LVDPA0968,85,45,53,40,47,11,13,9,11,11,13,14,16,9,11,13,15,6,7,12,14,7,7,6,8,4,6,2,5,4,2,5,6,5,7,4,7
2018,7,LVDPA0970,52,31,60,21,40,5,10,2,4,10,19,7,13,8,15,6,12,10,19,4,8,4,1,6,5,4,3,7,1,1,1,4,2,4,3,3,3
2018,7,LVDPA0971,92,39,42,53,58,9,10,8,9,9,10,13,14,7,8,16,17,8,9,22,24,2,3,3,8,4,7,5,7,7,5,6,5,3,9,3,15
2018,7,LVDPA0972,247,109,44,138,56,18,7,26,11,32,13,39,16,21,9,36,15,30,12,45,18,14,11,14,17,12,17,14,10,4,15,18,22,9,19,16,35
2018,7,LVDPA0973,95,42,44,53,56,2,2,5,5,12,13,10,11,15,16,11,12,15,16,25,26,1,1,5,5,7,5,10,8,1,4,7,5,8,6,5,17
2018,7,LVDPA0974,84,41,49,43,51,5,6,7,8,7,8,13,15,14,17,6,7,15,18,17,20,3,5,2,7,9,2,8,5,2,2,5,6,5,4,7,12
2018,7,LVDPA0975,66,35,53,31,47,4,6,7,11,10,15,14,21,8,12,7,11,9,14,7,11,2,5,5,8,5,5,2,3,2,2,5,6,3,2,7,4
2018,7,LVDPA0977,106,49,46,57,54,5,5,9,8,11,10,22,21,12,11,11,10,13,12,23,22,2,2,5,12,9,6,8,5,3,7,6,10,3,5,5,18
2018,7,LVDPA0978,74,32,43,42,57,4,5,6,8,12,16,10,14,8,11,12,16,9,12,13,18,0,2,8,4,5,5,6,2,4,4,4,6,3,7,3,11
2018,7,LVDPA0982,72,30,42,42,58,9,13,3,4,9,13,5,7,5,7,18,25,3,4,20,28,4,2,5,3,2,8,1,5,5,1,4,2,3,10,2,15
2018,7,LVDPA0984,69,35,51,34,49,5,7,4,6,9,13,10,14,7,10,16,23,7,10,11,16,2,2,6,5,4,10,2,4,3,2,3,5,3,6,5,7
2018,7,LVDPA0985,134,62,46,72,54,17,13,11,8,13,10,16,12,13,10,19,14,16,12,29,22,3,8,6,10,5,13,8,9,14,3,7,6,8,6,8,20
2018,7,LVDPA0986,70,36,51,34,49,1,1,5,7,10,14,10,14,7,10,11,16,13,19,13,19,0,2,7,8,5,4,6,4,1,3,3,2,2,7,7,9
2018,7,LVDPA0988,161,79,49,82,51,13,8,23,14,17,11,17,11,21,13,19,12,24,15,27,17,6,13,8,12,11,8,12,9,7,10,9,5,10,11,12,18
2018,7,LVDPA0989,99,54,55,45,45,5,5,6,6,15,15,17,17,6,6,22,22,16,16,12,12,4,4,7,10,3,13,10,3,1,2,8,7,3,9,6,9
2018,7,LVDPA0990,181,86,48,95,52,16,9,13,7,36,20,28,15,14,8,29,16,21,12,24,13,10,7,16,17,7,13,9,7,6,6,20,11,7,16,12,17
2018,7,LVDPA0991,132,65,49,67,51,5,4,6,5,18,14,21,16,13,10,23,17,26,20,20,15,4,2,11,12,8,7,16,5,1,4,7,9,5,16,10,15
2018,7,LVDPA0992,181,81,45,100,55,18,10,26,14,18,10,29,16,20,11,17,9,23,13,30,17,9,10,6,17,9,9,12,9,9,16,12,12,11,8,11,21
2018,7,LVDPA0993,46,23,50,23,50,3,7,1,2,8,17,7,15,4,9,13,28,3,7,7,15,2,1,4,5,2,6,2,1,1,0,4,2,2,7,1,6
2018,7,LVDPA0994,38,20,53,18,47,2,5,0,0,5,13,8,21,3,8,9,24,2,5,9,24,1,0,4,4,2,5,1,3,1,0,1,4,1,4,1,6
2018,7,LVDPA0995,47,25,53,22,47,6,13,8,17,4,9,9,19,5,11,4,9,4,9,7,15,4,4,1,5,3,2,2,4,2,4,3,4,2,2,2,3
2018,7,LVDPA0997,231,99,43,132,57,23,10,18,8,31,13,43,19,33,14,23,10,31,13,29,13,14,7,9,22,18,9,12,8,9,11,22,21,15,14,19,21
2018,7,LVDPA0998,73,32,44,41,56,6,8,5,7,9,12,8,11,14,19,16,22,3,4,12,16,2,2,4,4,6,8,2,4,4,3,5,4,8,8,1,8
2018,7,LVDPA0999,52,27,52,25,48,4,8,5,10,6,12,8,15,5,10,8,15,6,12,10,19,2,3,3,5,3,4,2,5,2,2,3,3,2,4,4,5
2018,7,LVDPA1000,56,23,41,33,59,3,5,4,7,3,5,9,16,5,9,8,14,10,18,14,25,2,3,2,3,3,4,2,4,1,1,1,6,2,4,8,10
2018,7,LVDPA1001,60,31,52,29,48,5,8,6,10,5,8,16,27,3,5,7,12,11,18,7,12,1,2,5,9,3,3,4,4,4,4,0,7,0,4,7,3
2018,7,LVDPA1002,45,25,56,20,44,3,7,2,4,6,13,7,16,5,11,10,22,7,16,5,11,1,1,4,6,3,5,4,1,2,1,2,1,2,5,3,4
2018,7,LVDPA1003,80,47,59,33,41,4,5,10,13,20,25,8,10,12,15,9,11,6,8,11,14,2,8,14,6,7,3,3,4,2,2,6,2,5,6,3,7
2018,7,LVDPA1005,41,21,51,20,49,2,5,0,0,2,5,1,2,5,12,8,20,8,20,15,37,1,0,1,1,4,4,4,6,1,0,1,0,1,4,4,9
2018,7,LVDPA1009,42,22,52,20,48,1,2,2,5,5,12,5,12,6,14,4,10,10,24,9,21,0,2,1,5,3,3,4,4,1,0,4,0,3,1,6,5
2018,7,LVDPA1010,60,31,52,29,48,5,8,4,7,12,20,4,7,7,12,10,17,6,10,12,20,3,1,7,4,2,6,3,5,2,3,5,0,5,4,3,7
2018,7,LVDPA1011,54,22,41,32,59,1,2,1,2,4,7,4,7,4,7,10,19,12,22,18,33,1,0,1,4,2,3,6,5,0,1,3,0,2,7,6,13
2018,7,LVDPA1014,56,27,48,29,52,6,11,4,7,7,13,12,21,4,7,5,9,5,9,13,23,3,2,3,8,2,2,2,5,3,2,4,4,2,3,3,8
2018,7,LVDPA1015,253,110,43,143,57,14,6,23,9,31,12,14,6,33,13,32,13,42,17,64,25,5,13,13,8,17,17,19,18,9,10,18,6,16,15,23,46
2018,7,LVDPA1017,61,33,54,28,46,7,11,8,13,6,10,9,15,3,5,8,13,4,7,16,26,4,4,5,5,2,5,3,5,3,4,1,4,1,3,1,11
2018,7,LVDPA1019,71,33,46,38,54,1,1,2,3,9,13,5,7,7,10,8,11,15,21,24,34,0,0,6,3,3,2,6,13,1,2,3,2,4,6,9,11
2018,7,LVDPA1021,50,23,46,27,54,2,4,2,4,3,6,4,8,5,10,7,14,9,18,18,36,2,2,2,2,3,4,4,4,0,0,1,2,2,3,5,14
2018,7,LVDPA1024,216,106,49,110,51,20,9,21,10,19,9,33,15,33,15,19,9,35,16,36,17,11,10,9,19,17,9,18,13,9,11,10,14,16,10,17,23
2018,7,LVDPA1027,50,25,50,25,50,0,0,4,8,7,14,5,10,7,14,13,26,5,10,9,18,0,3,3,2,4,6,3,4,0,1,4,3,3,7,2,5
2018,7,LVDPA1029,366,179,49,187,51,57,16,53,14,41,11,42,11,60,16,55,15,33,9,25,7,31,28,28,13,27,28,17,7,26,25,13,29,33,27,16,18
2018,7,LVDPA1030,58,30,52,28,48,4,7,6,10,8,14,2,3,12,21,7,12,4,7,15,26,2,2,5,1,7,5,2,6,2,4,3,1,5,2,2,9
2018,7,LVDPA1031,176,77,44,99,56,17,10,11,6,14,8,32,18,16,9,16,9,34,19,36,20,8,4,5,19,9,6,13,13,9,7,9,13,7,10,21,23
2018,7,LVDPA1032,236,112,47,124,53,20,8,21,9,28,12,29,12,40,17,15,6,40,17,43,18,10,10,15,14,20,8,21,14,10,11,13,15,20,7,19,29
2018,7,LVDPA1033,64,34,53,30,47,4,6,3,5,6,9,8,13,6,9,7,11,16,25,14,22,0,3,2,5,4,4,8,8,4,0,4,3,2,3,8,6
2018,7,LVDPA1035,62,32,52,30,48,7,11,1,2,6,10,5,8,8,13,8,13,11,18,16,26,3,1,4,3,5,7,4,5,4,0,2,2,3,1,7,11
2018,7,LVDPA1036,44,28,64,16,36,0,0,7,16,5,11,9,20,5,11,9,20,7,16,2,5,0,5,2,7,3,6,5,0,0,2,3,2,2,3,2,2
2018,7,LVDPA1037,79,33,42,46,58,6,8,11,14,5,6,9,11,10,13,10,13,14,18,14,18,4,3,4,5,4,4,5,4,2,8,1,4,6,6,9,10
2018,7,LVDPA1038,118,50,42,68,58,8,7,8,7,8,7,25,21,12,10,11,9,29,25,17,14,3,2,4,14,7,3,11,6,5,6,4,11,5,8,18,11
2018,7,LVDPA1039,230,110,48,120,52,20,9,26,11,16,7,40,17,24,10,23,10,38,17,43,19,12,13,5,18,17,10,18,17,8,13,11,22,7,13,20,26
2018,7,LVDPA1040,81,36,44,45,56,3,4,10,12,11,14,10,12,7,9,13,16,13,16,14,17,2,6,4,5,3,5,6,5,1,4,7,5,4,8,7,9
2018,7,LVDPA1041,127,62,49,65,51,16,13,11,9,21,17,19,15,13,10,20,16,11,9,16,13,8,4,12,11,5,11,6,5,8,7,9,8,8,9,5,11
2018,7,LVDPA1043,51,28,55,23,45,6,12,7,14,4,8,5,10,5,10,7,14,6,12,11,22,3,6,3,2,2,3,3,6,3,1,1,3,3,4,3,5
2018,7,LVDPA1044,147,77,52,70,48,8,5,11,7,21,14,16,11,23,16,12,8,24,16,32,22,8,4,15,10,15,3,12,10,0,7,6,6,8,9,12,22
2018,7,LVDPA1046,72,31,43,41,57,3,4,3,4,4,6,2,3,3,4,6,8,6,8,45,63,1,3,2,2,3,4,3,13,2,0,2,0,0,2,3,32
2018,7,LVDPA1047,86,45,52,41,48,2,2,4,5,12,14,13,15,8,9,19,22,9,10,19,22,2,3,8,7,4,10,5,6,0,1,4,6,4,9,4,13
2018,7,LVDPA1048,61,26,43,35,57,6,10,5,8,8,13,6,10,4,7,7,11,4,7,21,34,1,3,1,4,2,5,2,8,5,2,7,2,2,2,2,13
2018,7,LVDPA1049,54,25,46,29,54,2,4,5,9,8,15,11,20,3,6,8,15,12,22,5,9,2,3,2,6,2,3,7,0,0,2,6,5,1,5,5,5
2018,7,LVDPA1050,106,51,48,55,52,11,10,8,8,19,18,12,11,16,15,7,7,16,15,17,16,7,4,5,6,9,2,8,10,4,4,14,6,7,5,8,7
2018,7,LVDPA1051,88,42,48,46,52,2,2,10,11,18,20,7,8,13,15,14,16,8,9,16,18,0,6,9,4,9,7,3,4,2,4,9,3,4,7,5,12
2018,7,LVDPA1052,379,181,48,198,52,12,3,7,2,13,3,34,9,99,26,80,21,70,18,64,17,5,6,7,18,43,44,33,25,7,1,6,16,56,36,37,39
2018,7,LVDPA1053,45,22,49,23,51,2,4,3,7,4,9,6,13,6,13,8,18,7,16,9,20,1,0,4,3,3,4,4,3,1,3,0,3,3,4,3,6
2018,7,LVDPA1054,589,286,49,303,51,25,4,51,9,74,13,73,12,100,17,133,23,76,13,57,10,11,25,34,49,57,58,33,19,14,26,40,24,43,75,43,38
2018,7,LVDPA1055,52,25,48,27,52,7,13,0,0,4,8,10,19,5,10,7,13,10,19,9,17,4,0,0,9,3,3,5,1,3,0,4,1,2,4,5,8
2018,7,LVDPA1057,41,21,51,20,49,0,0,3,7,6,15,1,2,9,22,6,15,4,10,12,29,0,2,4,1,6,3,0,5,0,1,2,0,3,3,4,7
2018,7,LVDPA1059,35,16,46,19,54,1,3,1,3,4,11,6,17,5,14,5,14,9,26,4,11,1,1,2,2,2,3,4,1,0,0,2,4,3,2,5,3
2018,7,LVDPA1060,61,35,57,26,43,1,2,4,7,12,20,9,15,6,10,14,23,6,10,9,15,1,4,7,7,3,6,3,4,0,0,5,2,3,8,3,5
2018,7,LVDPA1061,49,22,45,27,55,1,2,5,10,7,14,8,16,8,16,11,22,4,8,5,10,1,3,4,4,4,4,1,1,0,2,3,4,4,7,3,4
2018,7,LVDPA1063,59,21,36,38,64,1,2,3,5,9,15,5,8,5,8,10,17,14,24,12,20,0,0,4,2,2,4,6,3,1,3,5,3,3,6,8,9
2018,7,LVDPA1066,105,49,47,56,53,9,9,8,8,4,4,24,23,5,5,27,26,14,13,14,13,5,4,2,11,4,13,6,4,4,4,2,13,1,14,8,10
2018,7,LVDPA1068,120,60,50,60,50,10,8,15,13,18,15,15,13,14,12,11,9,14,12,23,19,4,8,13,10,6,6,5,8,6,7,5,5,8,5,9,15
2018,7,LVDPA1069,61,27,44,34,56,5,8,2,3,9,15,5,8,9,15,6,10,15,25,10,16,1,1,5,0,5,4,7,4,4,1,4,5,4,2,8,6
2018,7,LVDPA1070,70,31,44,39,56,2,3,7,10,7,10,13,19,8,11,9,13,10,14,14,20,0,4,3,7,5,4,3,5,2,3,4,6,3,5,7,9
2018,7,LVDPA1071,48,21,44,27,56,9,19,3,6,7,15,6,13,5,10,4,8,10,21,4,8,4,0,5,2,2,3,4,1,5,3,2,4,3,1,6,3
2018,7,LVDPA1072,1559,721,46,838,54,158,10,214,14,163,10,230,15,286,18,210,13,132,8,166,11,83,121,86,100,133,93,55,50,75,93,77,130,153,117,77,116
2018,7,LVDPA1073,166,78,47,88,53,8,5,9,5,17,10,23,14,16,10,26,16,28,17,39,23,2,3,9,14,9,14,12,15,6,6,8,9,7,12,16,24
2018,7,LVDPA1074,64,35,55,29,45,6,9,8,13,12,19,7,11,12,19,5,8,8,13,6,9,4,5,8,3,6,4,4,1,2,3,4,4,6,1,4,5
2018,7,LVDPA1075,76,36,47,40,53,7,9,5,7,2,3,16,21,3,4,13,17,11,14,19,25,4,4,1,8,0,8,6,5,3,1,1,8,3,5,5,14
2018,7,LVDPA1076,107,54,50,53,50,14,13,12,11,6,6,15,14,11,10,14,13,15,14,20,19,7,7,4,9,4,10,8,5,7,5,2,6,7,4,7,15
2018,7,LVDPA1077,128,59,46,69,54,6,5,7,5,16,13,27,21,13,10,22,17,21,16,16,13,3,2,6,13,7,11,12,5,3,5,10,14,6,11,9,11
2018,7,LVDPA1078,226,108,48,118,52,19,8,16,7,37,16,32,14,36,16,32,14,20,9,34,15,10,10,19,17,22,13,10,7,9,6,18,15,14,19,10,27
2018,7,LVDPA1079,81,29,36,52,64,5,6,9,11,11,14,13,16,7,9,17,21,13,16,6,7,3,2,3,7,3,5,6,0,2,7,8,6,4,12,7,6
2018,7,LVDPA1080,87,46,53,41,47,3,3,6,7,13,15,10,11,12,14,16,18,12,14,15,17,1,5,6,8,6,8,6,6,2,1,7,2,6,8,6,9
2018,7,LVDPA1081,56,33,59,23,41,6,11,5,9,6,11,5,9,4,7,8,14,9,16,13,23,3,4,5,4,2,5,6,4,3,1,1,1,2,3,3,9
2018,7,LVDPA1082,142,71,50,71,50,12,8,16,11,15,11,23,16,18,13,20,14,18,13,20,14,6,8,6,15,9,10,9,8,6,8,9,8,9,10,9,12
2018,7,LVDPA1083,56,30,54,26,46,4,7,8,14,3,5,13,23,5,9,4,7,10,18,9,16,3,4,1,6,3,2,7,4,1,4,2,7,2,2,3,5
2018,7,LVDPA1084,42,28,67,14,33,0,0,3,7,6,14,7,17,1,2,12,29,9,21,4,10,0,3,5,6,1,9,3,1,0,0,1,1,0,3,6,3
2018,7,LVDPA1086,66,32,48,34,52,0,0,6,9,12,18,9,14,8,12,14,21,8,12,9,14,0,3,8,5,4,7,4,1,0,3,4,4,4,7,4,8
2018,7,LVDPA1087,48,21,44,27,56,0,0,1,2,9,19,4,8,10,21,11,23,8,17,5,10,0,0,4,2,6,4,4,1,0,1,5,2,4,7,4,4
2018,7,LVDPA1088,114,50,44,64,56,5,4,9,8,10,9,16,14,13,11,18,16,15,13,28,25,2,3,6,8,8,8,7,8,3,6,4,8,5,10,8,20
2018,7,LVDPA1089,72,35,49,37,51,13,18,8,11,5,7,18,25,5,7,10,14,3,4,10,14,8,7,1,7,3,4,1,4,5,1,4,11,2,6,2,6
2018,7,LVDPA1090,62,30,48,32,52,2,3,2,3,15,24,9,15,10,16,11,18,3,5,10,16,1,0,8,6,5,7,1,2,1,2,7,3,5,4,2,8
2018,7,LVDPA1091,105,56,53,49,47,6,6,8,8,8,8,14,13,15,14,20,19,20,19,14,13,2,5,7,7,8,11,12,4,4,3,1,7,7,9,8,10
2018,7,LVDPA1093,58,27,47,31,53,5,9,4,7,5,9,9,16,2,3,10,17,15,26,8,14,1,2,2,5,2,4,6,5,4,2,3,4,0,6,9,3
2018,7,LVDPA1094,66,25,38,41,62,3,5,2,3,18,27,8,12,11,17,6,9,9,14,9,14,1,1,6,3,5,4,5,0,2,1,12,5,6,2,4,9
2018,7,LVDPA1097,115,57,50,58,50,5,4,3,3,17,15,16,14,11,10,20,17,19,17,24,21,2,1,12,10,5,11,7,9,3,2,5,6,6,9,12,15
2018,7,LVDPA1100,48,26,54,22,46,1,2,0,0,5,10,8,17,1,2,9,19,14,29,10,21,0,0,4,7,0,4,8,3,1,0,1,1,1,5,6,7
2018,7,LVDPA1101,54,30,56,24,44,3,6,8,15,8,15,7,13,6,11,5,9,10,19,7,13,2,5,4,5,3,3,6,2,1,3,4,2,3,2,4,5
2018,7,LVDPA1102,188,109,58,79,42,3,2,4,2,5,3,14,7,15,8,25,13,51,27,71,38,2,1,2,9,10,16,38,31,1,3,3,5,5,9,13,40
2018,7,LVDPA1103,44,26,59,18,41,1,2,2,5,1,2,5,11,9,20,11,25,12,27,3,7,1,1,0,2,7,7,7,1,0,1,1,3,2,4,5,2
2018,7,LVDPA1104,64,29,45,35,55,3,5,2,3,9,14,9,14,7,11,12,19,11,17,11,17,1,0,4,6,3,6,5,4,2,2,5,3,4,6,6,7
2018,7,LVDPA1105,59,30,51,29,49,6,10,5,8,2,3,12,20,6,10,7,12,10,17,11,19,4,4,0,6,3,3,4,6,2,1,2,6,3,4,6,5
2018,7,LVDPA1106,50,22,44,28,56,1,2,8,16,1,2,5,10,4,8,5,10,10,20,16,32,0,5,0,2,3,3,4,5,1,3,1,3,1,2,6,11
2018,7,LVDPA1107,72,35,49,37,51,10,14,5,7,6,8,8,11,11,15,7,10,14,19,11,15,6,1,3,5,7,2,8,3,4,4,3,3,4,5,6,8
2018,7,LVDPA1108,156,71,46,85,54,6,4,18,12,14,9,19,12,20,13,17,11,15,10,47,30,3,10,9,8,14,10,3,14,3,8,5,11,6,7,12,33
2018,7,LVDPA1109,73,34,47,39,53,2,3,4,5,7,10,13,18,7,10,14,19,11,15,15,21,1,2,7,7,4,6,6,1,1,2,0,6,3,8,5,14
2018,7,LVDPA1110,57,25,44,32,56,7,12,5,9,5,9,10,18,4,7,7,12,9,16,10,18,6,2,2,4,1,5,3,2,1,3,3,6,3,2,6,8
2018,7,LVDPA1111,51,27,53,24,47,4,8,1,2,4,8,9,18,4,8,9,18,7,14,13,25,3,0,3,7,3,3,4,4,1,1,1,2,1,6,3,9
2018,7,LVDPA1113,140,76,54,64,46,1,1,2,1,4,3,12,9,20,14,15,11,32,23,54,39,1,0,4,4,13,8,23,23,0,2,0,8,7,7,9,31
2018,7,LVDPA1114,93,46,49,47,51,10,11,4,4,13,14,10,11,7,8,13,14,21,23,15,16,1,4,7,6,3,5,13,7,9,0,6,4,4,8,8,8
2018,7,LVDPA1115,51,25,49,26,51,3,6,1,2,3,6,6,12,6,12,9,18,10,20,13,25,1,0,2,2,6,3,6,5,2,1,1,4,0,6,4,8
2018,7,LVDPA1116,97,31,32,66,68,2,2,2,2,5,5,5,5,8,8,6,6,9,9,60,62,2,0,4,1,4,3,4,13,0,2,1,4,4,3,5,47
2018,7,LVDPA1118,56,23,41,33,59,1,2,1,2,7,13,6,11,4,7,6,11,17,30,14,25,0,1,2,4,1,3,8,4,1,0,5,2,3,3,9,10
2018,7,LVDPA1119,48,28,58,20,42,3,6,6,13,3,6,7,15,9,19,8,17,4,8,8,17,2,4,0,5,7,4,4,2,1,2,3,2,2,4,0,6
2018,7,LVDPA1120,104,51,49,53,51,8,8,10,10,13,13,12,12,8,8,12,12,20,19,21,20,6,5,9,7,2,6,10,6,2,5,4,5,6,6,10,15
2018,7,LVDPA1123,45,24,53,21,47,0,0,4,9,8,18,6,13,2,4,9,20,6,13,10,22,0,3,4,5,1,4,3,4,0,1,4,1,1,5,3,6
2018,7,LVDPA1125,78,38,49,40,51,4,5,4,5,10,13,11,14,7,9,7,9,16,21,19,24,2,2,6,5,5,3,9,6,2,2,4,6,2,4,7,13
2018,7,LVDPA1126,66,29,44,37,56,10,15,6,9,14,21,8,12,6,9,8,12,6,9,8,12,4,3,6,4,3,4,3,2,6,3,8,4,3,4,3,6
2018,7,LVDPA1127,161,71,44,90,56,6,4,14,9,18,11,15,9,13,8,29,18,19,12,47,29,5,8,9,6,5,14,7,17,1,6,9,9,8,15,12,30
2018,7,LVDPA1128,41,20,49,21,51,1,2,5,12,4,10,5,12,2,5,1,2,11,27,12,29,0,3,2,3,2,0,7,3,1,2,2,2,0,1,4,9
2018,7,LVDPA1129,303,160,53,143,47,20,7,16,5,29,10,51,17,34,11,48,16,38,13,67,22,13,6,15,32,20,27,16,31,7,10,14,19,14,21,22,36
2018,7,LVDPA1130,1146,523,46,623,54,83,7,95,8,105,9,163,14,143,12,212,18,116,10,229,20,41,47,55,82,69,93,58,78,42,48,50,81,74,119,58,151
2018,7,LVDPA1132,69,30,43,39,57,7,10,5,7,11,16,5,7,8,12,10,14,11,16,12,17,2,2,5,2,4,5,6,4,5,3,6,3,4,5,5,8
2018,7,LVDPA1134,113,59,52,54,48,3,3,13,12,38,34,8,7,9,8,7,6,15,13,20,18,1,8,26,7,3,3,7,4,2,5,12,1,6,4,8,16
2018,7,LVDPA1136,50,23,46,27,54,4,8,1,2,6,12,6,12,4,8,4,8,3,6,22,44,2,0,5,4,1,2,2,7,2,1,1,2,3,2,1,15
2018,7,LVDPA1137,67,33,49,34,51,11,16,6,9,5,7,13,19,4,6,8,12,8,12,12,18,5,3,2,7,1,6,5,4,6,3,3,6,3,2,3,8
2018,7,LVDPA1138,54,26,48,28,52,4,7,5,9,1,2,10,19,5,9,7,13,11,20,11,20,2,3,0,4,3,4,6,4,2,2,1,6,2,3,5,7
2018,7,LVDPA1139,69,35,51,34,49,5,7,3,4,5,7,13,19,4,6,6,9,13,19,20,29,3,2,2,8,2,4,6,8,2,1,3,5,2,2,7,12
2018,7,LVDPA1140,428,216,50,212,50,50,12,63,15,54,13,50,12,88,21,67,16,32,7,24,6,31,32,27,18,41,38,19,10,19,31,27,32,47,29,13,14
2018,7,LVDPA1142,51,29,57,22,43,0,0,2,4,8,16,2,4,8,16,10,20,2,4,19,37,0,2,7,1,4,6,1,8,0,0,1,1,4,4,1,11
2018,7,LVDPA1145,89,47,53,42,47,7,8,6,7,11,12,19,21,4,4,12,13,16,18,14,16,4,5,8,12,2,7,7,2,3,1,3,7,2,5,9,12
2018,7,LVDPA1146,82,36,44,46,56,5,6,3,4,14,17,10,12,9,11,9,11,19,23,13,16,4,1,5,7,5,2,9,3,1,2,9,3,4,7,10,10
2018,7,LVDPA1148,229,103,45,126,55,6,3,15,7,26,11,34,15,26,11,34,15,46,20,42,18,1,8,12,15,12,16,28,11,5,7,14,19,14,18,18,31
2018,7,LVDPA1149,77,35,45,42,55,5,6,8,10,6,8,16,21,8,10,13,17,12,16,9,12,4,4,2,7,3,5,7,3,1,4,4,9,5,8,5,6
2018,7,LVDPA1151,137,63,46,74,54,8,6,12,9,13,9,16,12,17,12,17,12,21,15,33,24,6,4,8,8,10,8,9,10,2,8,5,8,7,9,12,23
2018,7,LVDPA1152,45,27,60,18,40,3,7,2,4,8,18,6,13,5,11,3,7,8,18,10,22,1,2,4,6,3,2,5,4,2,0,4,0,2,1,3,6
2018,7,LVDPA1153,83,43,52,40,48,11,13,16,19,14,17,12,14,6,7,11,13,2,2,11,13,5,10,7,7,1,5,1,7,6,6,7,5,5,6,1,4
2018,7,LVDPA1154,281,114,41,167,59,13,5,17,6,25,9,35,12,38,14,45,16,37,13,71,25,7,10,12,17,22,18,14,14,6,7,13,18,16,27,23,57
2018,7,LVDPA1155,120,55,46,65,54,4,3,13,11,23,19,18,15,13,11,16,13,21,18,12,10,1,7,10,10,6,7,10,4,3,6,13,8,7,9,11,8
2018,7,LVDPA1157,210,98,47,112,53,3,1,6,3,33,16,90,43,29,14,18,9,18,9,13,6,2,4,18,46,13,8,4,3,1,2,15,44,16,10,14,10
2018,7,LVDPA1158,48,24,50,24,50,3,6,4,8,3,6,8,17,7,15,9,19,6,13,8,17,1,2,2,4,5,5,2,3,2,2,1,4,2,4,4,5
2018,7,LVDPA1160,76,46,61,30,39,9,12,7,9,11,14,11,14,8,11,13,17,9,12,8,11,7,7,6,6,6,7,4,3,2,0,5,5,2,6,5,5
2018,7,LVDPA1161,86,34,40,52,60,5,6,7,8,8,9,14,16,12,14,11,13,9,10,20,23,3,1,4,6,6,5,5,4,2,6,4,8,6,6,4,16
2018,7,LVDPA1163,49,25,51,24,49,3,6,4,8,12,24,5,10,5,10,11,22,5,10,4,8,2,1,6,2,2,6,5,1,1,3,6,3,3,5,0,3
2018,7,LVDPA1165,54,29,54,25,46,2,4,2,4,5,9,10,19,10,19,2,4,12,22,11,20,2,2,2,5,7,1,5,5,0,0,3,5,3,1,7,6
2018,7,LVDPA1166,67,29,43,38,57,3,4,8,12,14,21,10,15,5,7,16,24,2,3,9,13,1,2,7,5,1,9,2,2,2,6,7,5,4,7,0,7
2018,7,LVDPA1167,167,82,49,85,51,16,10,19,11,23,14,21,13,31,19,24,14,16,10,17,10,6,9,13,11,16,11,9,7,10,10,10,10,15,13,7,10
2018,7,LVDPA1169,34,15,44,19,56,0,0,1,3,5,15,3,9,5,15,5,15,5,15,10,29,0,0,2,2,4,2,3,2,0,1,3,1,1,3,2,8
2018,7,LVDPA1171,139,75,54,64,46,0,0,0,0,1,1,1,1,2,1,8,6,13,9,114,82,0,0,1,1,2,5,12,54,0,0,0,0,0,3,1,60
2018,7,LVDPA1172,43,17,40,26,60,0,0,2,5,4,9,8,19,4,9,8,19,6,14,11,26,0,1,1,3,2,4,3,3,0,1,3,5,2,4,3,8
2018,7,LVDPA1174,62,33,53,29,47,6,10,4,6,7,11,8,13,4,6,8,13,11,18,14,23,4,3,5,6,2,5,2,6,2,1,2,2,2,3,9,8
2018,7,LVDPA1175,57,30,53,27,47,4,7,8,14,9,16,5,9,8,14,9,16,5,9,9,16,3,3,4,4,3,4,5,4,1,5,5,1,5,5,0,5
2018,7,LVDPA1176,461,219,48,242,52,28,6,32,7,37,8,71,15,85,18,61,13,61,13,86,19,12,17,15,37,45,37,30,26,16,15,22,34,40,24,31,60
2018,7,LVDPA1178,91,47,52,44,48,6,7,3,3,2,2,12,13,5,5,13,14,22,24,28,31,4,0,1,9,3,7,10,13,2,3,1,3,2,6,12,15
2018,7,LVDPA1179,210,124,59,86,41,2,1,7,3,5,2,24,11,38,18,44,21,45,21,45,21,2,4,1,16,21,29,28,23,0,3,4,8,17,15,17,22
2018,7,LVDPA1180,46,21,46,25,54,2,4,2,4,5,11,10,22,2,4,7,15,7,15,11,24,0,0,4,6,2,1,4,4,2,2,1,4,0,6,3,7
2018,7,LVDPA1181,41,24,59,17,41,1,2,0,0,4,10,6,15,2,5,8,20,7,17,13,32,1,0,4,4,2,4,4,5,0,0,0,2,0,4,3,8
2018,7,LVDPA1184,62,32,52,30,48,3,5,0,0,4,6,12,19,5,8,16,26,8,13,14,23,1,0,1,8,3,9,5,5,2,0,3,4,2,7,3,9
2018,7,LVDPA1185,60,34,57,26,43,2,3,3,5,11,18,6,10,4,7,10,17,11,18,13,22,1,1,10,5,0,7,5,5,1,2,1,1,4,3,6,8
2018,7,LVDPA1186,142,74,52,68,48,9,6,12,8,17,12,17,12,20,14,19,13,27,19,21,15,6,5,8,12,15,13,12,3,3,7,9,5,5,6,15,18
2018,7,LVDPA1188,393,175,45,218,55,36,9,34,9,37,9,58,15,45,11,56,14,51,13,76,19,16,19,17,34,22,27,17,23,20,15,20,24,23,29,34,53
2018,7,LVDPA1189,65,32,49,33,51,7,11,7,11,9,14,7,11,13,20,7,11,6,9,9,14,1,4,4,5,8,5,2,3,6,3,5,2,5,2,4,6
2018,7,LVDPA1192,175,78,45,97,55,14,8,13,7,22,13,33,19,24,14,26,15,26,15,17,10,4,6,10,16,13,13,12,4,10,7,12,17,11,13,14,13
2018,7,LVDPA1195,44,22,50,22,50,1,2,2,5,2,5,10,23,6,14,11,25,2,5,10,23,1,1,2,5,4,5,1,3,0,1,0,5,2,6,1,7
2018,7,LVDPA1196,61,29,48,32,52,8,13,5,8,4,7,12,20,1,2,7,11,8,13,16,26,4,4,1,7,0,4,3,6,4,1,3,5,1,3,5,10
2018,7,LVDPA1197,79,38,48,41,52,2,3,6,8,14,18,9,11,10,13,13,16,5,6,20,25,1,3,8,3,6,6,1,10,1,3,6,6,4,7,4,10
2018,7,LVDPA1198,180,81,45,99,55,8,4,17,9,11,6,29,16,19,11,19,11,31,17,46,26,2,8,5,15,11,8,17,15,6,9,6,14,8,11,14,31
2018,7,LVDPA1199,124,63,51,61,49,6,5,7,6,14,11,9,7,26,21,15,12,19,15,28,23,5,4,8,4,17,10,7,8,1,3,6,5,9,5,12,20
2018,7,LVDPA1200,78,34,44,44,56,5,6,12,15,11,14,8,10,13,17,8,10,12,15,9,12,5,7,4,4,4,4,4,2,0,5,7,4,9,4,8,7
2018,7,LVDPA1201,70,40,57,30,43,7,10,10,14,10,14,8,11,5,7,12,17,8,11,10,14,5,6,5,6,3,7,6,2,2,4,5,2,2,5,2,8
2018,7,LVDPA1206,122,63,52,59,48,6,5,5,4,9,7,8,7,13,11,12,10,22,18,47,39,3,3,5,6,5,7,14,20,3,2,4,2,8,5,8,27
2018,7,LVDPA1208,42,21,50,21,50,7,17,1,2,6,14,2,5,6,14,2,5,10,24,8,19,3,0,4,1,3,1,3,6,4,1,2,1,3,1,7,2
2018,7,LVDPA1210,98,55,56,43,44,9,9,6,6,13,13,14,14,13,13,18,18,14,14,11,11,5,3,12,7,6,13,5,4,4,3,1,7,7,5,9,7
2018,7,LVDPA1212,57,27,47,30,53,3,5,7,12,6,11,10,18,8,14,7,12,5,9,11,19,2,5,2,4,4,4,1,5,1,2,4,6,4,3,4,6
2018,7,LVDPA1214,74,35,47,39,53,2,3,8,11,7,9,8,11,10,14,10,14,8,11,21,28,1,2,4,3,6,6,4,9,1,6,3,5,4,4,4,12
2018,7,LVDPA1217,87,39,45,48,55,3,3,10,11,10,11,6,7,13,15,11,13,12,14,22,25,1,5,7,1,7,6,5,7,2,5,3,5,6,5,7,15
2018,7,LVDPA1218,306,170,56,136,44,3,1,1,0,12,4,41,13,58,19,60,20,71,23,60,20,3,0,8,22,30,38,41,28,0,1,4,19,28,22,30,32
2018,7,LVDPA1219,45,22,49,23,51,2,4,1,2,2,4,10,22,4,9,5,11,9,20,12,27,1,0,1,5,4,2,6,3,1,1,1,5,0,3,3,9
2018,7,LVDPA1221,61,33,54,28,46,4,7,4,7,6,10,5,8,10,16,9,15,5,8,18,30,3,3,3,3,8,3,3,7,1,1,3,2,2,6,2,11
2018,7,LVDPA1225,53,24,45,29,55,2,4,0,0,10,19,5,9,5,9,4,8,7,13,20,38,1,0,5,3,2,1,3,9,1,0,5,2,3,3,4,11
2018,7,LVDPA1226,104,55,53,49,47,3,3,8,8,12,12,23,22,10,10,19,18,11,11,18,17,2,5,7,16,6,6,9,4,1,3,5,7,4,13,2,14
2018,7,LVDPA1227,45,20,44,25,56,4,9,6,13,6,13,7,16,7,16,7,16,6,13,2,4,2,1,1,5,4,4,2,1,2,5,5,2,3,3,4,1
2018,7,LVDPA1229,70,30,43,40,57,7,10,9,13,13,19,4,6,11,16,6,9,9,13,11,16,3,6,6,1,3,4,6,1,4,3,7,3,8,2,3,10
2018,7,LVDPA1230,130,69,53,61,47,10,8,8,6,13,10,20,15,16,12,11,8,23,18,29,22,6,3,6,15,9,6,13,11,4,5,7,5,7,5,10,18
2018,7,LVDPA1231,413,171,41,242,59,7,2,4,1,13,3,13,3,21,5,36,9,59,14,260,63,2,1,3,8,12,25,37,83,5,3,10,5,9,11,22,177
2018,7,LVDPA1232,202,90,45,112,55,14,7,18,9,28,14,32,16,26,13,35,17,26,13,23,11,8,8,13,16,12,15,13,5,6,10,15,16,14,20,13,18
2018,7,LVDPA1235,35,18,51,17,49,2,6,7,20,3,9,4,11,7,20,7,20,2,6,3,9,2,5,2,1,3,3,1,1,0,2,1,3,4,4,1,2
2018,7,LVDPA1236,133,71,53,62,47,9,7,8,6,17,13,27,20,18,14,17,13,18,14,19,14,3,6,12,17,9,8,7,9,6,2,5,10,9,9,11,10
2018,7,LVDPA1239,135,61,45,74,55,13,10,8,6,22,16,25,19,18,13,24,18,13,10,12,9,7,0,13,14,11,10,3,3,6,8,9,11,7,14,10,9
2018,7,LVDPA1240,58,29,50,29,50,5,9,8,14,9,16,8,14,8,14,3,5,7,12,10,17,4,4,7,3,5,2,3,1,1,4,2,5,3,1,4,9
2018,7,LVDPA1241,106,60,57,46,43,8,8,12,11,11,10,12,11,10,9,25,24,13,12,15,14,5,11,5,8,4,14,8,5,3,1,6,4,6,11,5,10
2018,7,LVDPA1243,1146,522,46,624,54,105,9,100,9,91,8,191,17,187,16,149,13,151,13,172,15,54,51,51,102,91,70,59,44,51,49,40,89,96,79,92,128
2018,7,LVDPA1244,89,46,52,43,48,3,3,11,12,12,13,11,12,15,17,12,13,13,15,12,13,2,5,6,8,7,6,7,5,1,6,6,3,8,6,6,7
2018,7,LVDPA1245,87,38,44,49,56,8,9,7,8,7,8,14,16,11,13,12,14,10,11,18,21,4,3,3,7,5,8,2,6,4,4,4,7,6,4,8,12
2018,7,LVDPA1246,67,38,57,29,43,5,7,5,7,5,7,9,13,10,15,9,13,13,19,11,16,3,3,3,6,6,6,6,5,2,2,2,3,4,3,7,6
2018,7,LVDPA1247,76,36,47,40,53,4,5,5,7,6,8,8,11,7,9,12,16,18,24,16,21,3,2,5,2,4,10,6,4,1,3,1,6,3,2,12,12
2018,7,LVDPA1248,49,25,51,24,49,6,12,5,10,2,4,10,20,5,10,10,20,5,10,6,12,4,3,0,4,5,5,1,3,2,2,2,6,0,5,4,3
2018,7,LVDPA1249,55,24,44,31,56,1,2,3,5,7,13,8,15,3,5,9,16,11,20,13,24,0,2,4,3,2,4,6,3,1,1,3,5,1,5,5,10
2018,7,LVDPA1253,321,160,50,161,50,15,5,19,6,15,5,23,7,23,7,27,8,50,16,149,46,5,10,9,13,12,18,31,62,10,9,6,10,11,9,19,87
2018,7,LVDPA1256,54,30,56,24,44,5,9,9,17,10,19,7,13,6,11,5,9,7,13,5,9,4,6,4,3,2,4,4,3,1,3,6,4,4,1,3,2
2018,7,LVDPA1257,70,36,51,34,49,7,10,4,6,16,23,4,6,9,13,8,11,10,14,12,17,4,2,8,3,5,5,5,4,3,2,8,1,4,3,5,8
2018,7,LVDPA1259,57,25,44,32,56,6,11,7,12,2,4,11,19,5,9,5,9,11,19,10,18,1,1,2,7,2,3,4,5,5,6,0,4,3,2,7,5
2018,7,LVDPA1261,98,45,46,53,54,6,6,12,12,14,14,13,13,14,14,11,11,8,8,20,20,3,6,6,8,7,5,5,5,3,6,8,5,7,6,3,15
2018,7,LVDPA1262,55,34,62,21,38,4,7,3,5,12,22,7,13,6,11,9,16,4,7,10,18,3,3,7,4,3,4,3,7,1,0,5,3,3,5,1,3
2018,7,LVDPA1263,62,30,48,32,52,2,3,6,10,8,13,11,18,7,11,17,27,5,8,6,10,1,2,3,6,4,9,3,2,1,4,5,5,3,8,2,4
2018,7,LVDPA1264,60,29,48,31,52,1,2,5,8,7,12,9,15,6,10,12,20,5,8,15,25,0,4,4,4,3,6,4,4,1,1,3,5,3,6,1,11
2018,7,LVDPA1265,64,26,41,38,59,3,5,3,5,7,11,16,25,7,11,9,14,11,17,8,13,0,1,3,7,5,3,6,1,3,2,4,9,2,6,5,7
2018,7,LVDPA1267,123,67,54,56,46,12,10,18,15,16,13,17,14,19,15,13,11,15,12,13,11,7,7,11,10,12,7,9,4,5,11,5,7,7,6,6,9
2018,7,LVDPA1268,141,70,50,71,50,9,6,9,6,13,9,18,13,23,16,16,11,29,21,24,17,1,4,5,12,14,8,15,11,8,5,8,6,9,8,14,13
2018,7,LVDPA1269,75,41,55,34,45,4,5,6,8,6,8,13,17,9,12,12,16,10,13,15,20,2,4,4,9,5,8,4,5,2,2,2,4,4,4,6,10
2018,7,LVDPA1274,57,29,51,28,49,2,4,3,5,9,16,8,14,11,19,10,18,5,9,9,16,2,1,5,3,7,5,2,4,0,2,4,5,4,5,3,5
2018,7,LVDPA1276,64,34,53,30,47,3,5,5,8,12,19,8,13,6,9,6,9,13,20,11,17,2,3,8,4,4,3,7,3,1,2,4,4,2,3,6,8
2018,7,LVDPA1278,100,50,50,50,50,8,8,6,6,11,11,15,15,7,7,14,14,15,15,24,24,5,3,6,12,3,6,7,8,3,3,5,3,4,8,8,16
2018,7,LVDPA1279,97,55,57,42,43,8,8,12,12,8,8,20,21,12,12,22,23,5,5,10,10,4,7,8,11,7,13,2,3,4,5,0,9,5,9,3,7
2018,7,LVDPA1281,57,30,53,27,47,6,11,6,11,2,4,22,39,2,4,11,19,6,11,2,4,4,4,1,11,1,4,4,1,2,2,1,11,1,7,2,1
2018,7,LVDPA1284,66,35,53,31,47,2,3,12,18,8,12,9,14,8,12,13,20,5,8,9,14,2,5,4,6,3,7,3,5,0,7,4,3,5,6,2,4
2018,7,LVDPA1285,47,23,49,24,51,2,4,5,11,7,15,5,11,6,13,5,11,6,13,11,23,1,4,1,5,4,3,2,3,1,1,6,0,2,2,4,8
2018,7,LVDPA1289,45,23,51,22,49,6,13,6,13,5,11,9,20,2,4,4,9,5,11,8,18,5,4,3,4,2,2,2,1,1,2,2,5,0,2,3,7
2018,7,LVDPA1290,169,88,52,81,48,6,4,12,7,12,7,36,21,13,8,37,22,22,13,31,18,5,5,6,21,10,21,11,9,1,7,6,15,3,16,11,22
2018,7,LVDPA1291,80,37,46,43,54,0,0,12,15,6,8,13,16,15,19,11,14,10,13,13,16,0,5,3,7,8,5,4,5,0,7,3,6,7,6,6,8
2018,7,LVDPA1292,236,125,53,111,47,8,3,7,3,14,6,33,14,99,42,26,11,19,8,30,13,2,4,8,17,53,18,10,13,6,3,6,16,46,8,9,17
2018,7,LVDPA1295,40,18,45,22,55,1,3,2,5,0,0,4,10,4,10,8,20,10,25,11,28,0,2,0,1,3,4,3,5,1,0,0,3,1,4,7,6
2018,7,LVDPA1296,66,38,58,28,42,4,6,10,15,5,8,11,17,9,14,8,12,8,12,11,17,3,6,3,5,5,4,5,7,1,4,2,6,4,4,3,4
2018,7,LVDPA1297,103,45,44,58,56,5,5,9,9,9,9,21,20,7,7,16,16,22,21,14,14,1,4,4,10,4,5,12,5,4,5,5,11,3,11,10,9
2018,7,LVDPA1298,50,24,48,26,52,0,0,4,8,9,18,8,16,4,8,12,24,6,12,7,14,0,2,4,6,1,8,2,1,0,2,5,2,3,4,4,6
2018,7,LVDPA1299,47,22,47,25,53,1,2,4,9,6,13,6,13,5,11,4,9,9,19,12,26,0,1,5,4,3,3,4,2,1,3,1,2,2,1,5,10
2018,7,LVDPA1303,50,26,52,24,48,6,12,4,8,7,14,7,14,10,20,8,16,2,4,6,12,5,2,4,4,5,4,1,1,1,2,3,3,5,4,1,5
2018,7,LVDPA1305,52,23,44,29,56,9,17,6,12,4,8,8,15,6,12,5,10,4,8,10,19,4,3,3,3,4,1,1,4,5,3,1,5,2,4,3,6
2018,7,LVDPA1306,92,45,49,47,51,9,10,12,13,14,15,5,5,14,15,12,13,6,7,20,22,3,8,5,3,10,8,1,7,6,4,9,2,4,4,5,13
2018,7,LVDPA1307,54,25,46,29,54,2,4,5,9,9,17,10,19,1,2,11,20,9,17,7,13,1,2,7,5,1,6,2,1,1,3,2,5,0,5,7,6
2018,7,LVDPA1308,38,21,55,17,45,3,8,1,3,2,5,4,11,6,16,4,11,4,11,14,37,2,1,2,1,4,3,2,6,1,0,0,3,2,1,2,8
2018,7,LVDPA1309,57,27,47,30,53,7,12,6,11,6,11,5,9,10,18,5,9,6,11,12,21,4,3,5,2,5,1,4,3,3,3,1,3,5,4,2,9
2018,7,LVDPA1310,52,28,54,24,46,8,15,4,8,7,13,11,21,5,10,6,12,10,19,1,2,5,3,4,6,2,4,4,0,3,1,3,5,3,2,6,1
2018,7,LVDPA1312,71,37,52,34,48,3,4,11,15,12,17,9,13,6,8,8,11,8,11,14,20,1,6,9,5,3,2,5,6,2,5,3,4,3,6,3,8
2018,7,LVDPA1315,60,33,55,27,45,2,3,5,8,3,5,8,13,6,10,11,18,11,18,14,23,2,4,3,3,5,6,5,5,0,1,0,5,1,5,6,9
2018,7,LVDPA1317,213,95,45,118,55,20,9,12,6,15,7,38,18,9,4,36,17,38,18,45,21,12,7,9,19,7,14,17,10,8,5,6,19,2,22,21,35
2018,7,LVDPA1320,54,27,50,27,50,5,9,4,7,5,9,8,15,9,17,9,17,7,13,7,13,2,2,3,4,5,6,3,2,3,2,2,4,4,3,4,5
2018,7,LVDPA1321,73,38,52,35,48,4,5,0,0,5,7,8,11,4,5,9,12,12,16,31,42,2,0,3,3,2,4,10,14,2,0,2,5,2,5,2,17
2018,7,LVDPA1322,143,71,50,72,50,15,10,9,6,11,8,20,14,18,13,16,11,28,20,26,18,10,3,5,11,12,7,13,10,5,6,6,9,6,9,15,16
2018,7,LVDPA1323,65,28,43,37,57,8,12,12,18,6,9,8,12,7,11,5,8,7,11,12,18,6,4,3,3,3,3,2,4,2,8,3,5,4,2,5,8
2018,7,LVDPA1325,40,19,48,21,53,1,3,2,5,3,8,5,13,5,13,6,15,6,15,12,30,1,1,1,4,3,3,3,3,0,1,2,1,2,3,3,9
2018,7,LVDPA1327,382,171,45,211,55,28,7,31,8,44,12,63,16,48,13,52,14,61,16,55,14,13,16,25,34,21,23,24,15,15,15,19,29,27,29,37,40
2018,7,LVDPA1329,47,19,40,28,60,0,0,4,9,3,6,10,21,2,4,3,6,11,23,14,30,0,4,1,4,1,3,3,3,0,0,2,6,1,0,8,11
2018,7,LVDPA1332,82,45,55,37,45,0,0,8,10,9,11,17,21,9,11,9,11,12,15,18,22,0,5,4,12,5,4,6,9,0,3,5,5,4,5,6,9
2018,7,LVDPA1334,120,58,48,62,52,4,3,7,6,11,9,19,16,22,18,20,17,22,18,15,13,1,5,5,11,13,10,11,2,3,2,6,8,9,10,11,13
2018,7,LVDPA1335,216,114,53,102,47,16,7,19,9,29,13,32,15,25,12,29,13,29,13,37,17,8,12,17,24,14,13,15,11,8,7,12,8,11,16,14,26
2018,7,LVDPA1337,44,23,52,21,48,0,0,4,9,7,16,6,14,6,14,10,23,2,5,9,20,0,2,2,4,3,6,1,5,0,2,5,2,3,4,1,4
2018,7,LVDPA1339,63,34,54,29,46,6,10,8,13,8,13,8,13,12,19,6,10,8,13,7,11,1,7,6,5,6,3,4,2,5,1,2,3,6,3,4,5
2018,7,LVDPA1340,33,14,42,19,58,2,6,1,3,6,18,2,6,2,6,8,24,6,18,6,18,1,0,2,2,1,2,4,2,1,1,4,0,1,6,2,4
2018,7,LVDPA1341,105,59,56,46,44,4,4,12,11,10,10,19,18,22,21,13,12,17,16,8,8,3,7,6,10,14,8,9,2,1,5,4,9,8,5,8,6
2018,7,LVDPA1344,55,28,51,27,49,4,7,9,16,5,9,5,9,11,20,7,13,6,11,8,15,3,5,3,4,4,5,3,1,1,4,2,1,7,2,3,7
2018,7,LVDPA1345,40,22,55,18,45,2,5,2,5,11,28,2,5,6,15,3,8,5,13,9,23,1,1,9,1,2,1,3,4,1,1,2,1,4,2,2,5
2018,7,LVDPA1346,123,54,44,69,56,10,8,11,9,12,10,11,9,19,15,13,11,18,15,29,24,3,5,4,5,11,7,8,11,7,6,8,6,8,6,10,18
2018,7,LVDPA1347,49,23,47,26,53,1,2,3,6,8,16,7,14,5,10,10,20,8,16,7,14,0,1,7,3,2,4,5,1,1,2,1,4,3,6,3,6
2018,7,LVDPA1348,47,24,51,23,49,0,0,2,4,6,13,5,11,3,6,8,17,16,34,7,15,0,1,4,3,3,3,8,2,0,1,2,2,0,5,8,5
2018,7,LVDPA1351,44,19,43,25,57,2,5,3,7,2,5,2,5,6,14,11,25,5,11,13,30,1,0,1,1,5,5,1,5,1,3,1,1,1,6,4,8
2018,7,LVDPA1352,99,45,45,54,55,18,18,14,14,10,10,12,12,11,11,6,6,16,16,12,12,10,5,2,5,8,3,7,5,8,9,8,7,3,3,9,7
2018,7,LVDPA1357,81,34,42,47,58,7,9,10,12,4,5,6,7,11,14,12,15,8,10,23,28,4,4,2,2,5,6,6,5,3,6,2,4,6,6,2,18
2018,7,LVDPA1359,58,29,50,29,50,3,5,1,2,3,5,12,21,2,3,9,16,10,17,18,31,2,0,1,10,1,3,4,8,1,1,2,2,1,6,6,10
2018,7,LVDPA1360,50,22,44,28,56,4,8,8,16,4,8,6,12,7,14,4,8,5,10,12,24,2,3,0,3,5,2,3,4,2,5,4,3,2,2,2,8
2018,7,LVDPA1361,48,20,42,28,58,1,2,6,13,5,10,10,21,8,17,5,10,4,8,9,19,0,2,2,5,4,3,2,2,1,4,3,5,4,2,2,7
2018,7,LVDPA1363,60,35,58,25,42,0,0,0,0,3,5,1,2,1,2,7,12,7,12,41,68,0,0,2,1,1,5,4,22,0,0,1,0,0,2,3,19
2018,7,LVDPA1364,53,23,43,30,57,4,8,4,8,8,15,4,8,8,15,10,19,5,9,10,19,0,0,6,2,2,7,3,3,4,4,2,2,6,3,2,7
2018,7,LVDPA1366,44,20,45,24,55,2,5,0,0,7,16,8,18,6,14,13,30,3,7,5,11,0,0,3,5,2,7,2,1,2,0,4,3,4,6,1,4
2018,7,LVDPA1368,226,117,52,109,48,3,1,3,1,4,2,10,4,8,4,22,10,43,19,133,59,2,1,2,6,5,14,28,59,1,2,2,4,3,8,15,74
2018,7,LVDPA1369,333,158,47,175,53,28,8,39,12,31,9,39,12,51,15,33,10,43,13,69,21,14,21,18,12,25,16,18,34,14,18,13,27,26,17,25,35
2018,7,LVDPA1370,51,26,51,25,49,6,12,3,6,5,10,8,16,7,14,4,8,5,10,13,25,3,3,2,5,4,0,4,5,3,0,3,3,3,4,1,8
2018,7,LVDPA1371,42,20,48,22,52,2,5,3,7,5,12,4,10,8,19,5,12,7,17,8,19,1,0,4,2,5,1,4,3,1,3,1,2,3,4,3,5
2018,7,LVDPA1372,1172,505,43,667,57,130,11,113,10,74,6,169,14,189,16,125,11,115,10,257,22,67,52,37,83,87,57,41,81,63,61,37,86,102,68,74,176
2018,7,LVDPA1373,241,132,55,109,45,5,2,21,9,88,37,50,21,25,10,15,6,16,7,21,9,4,14,54,29,9,6,9,7,1,7,34,21,16,9,7,14
2018,7,LVDPA1374,61,28,46,33,54,6,10,4,7,7,11,9,15,8,13,8,13,9,15,10,16,3,3,4,4,4,4,3,3,3,1,3,5,4,4,6,7
2018,7,LVDPA1375,138,68,49,70,51,7,5,5,4,7,5,17,12,20,14,23,17,23,17,36,26,3,2,3,13,15,12,7,13,4,3,4,4,5,11,16,23
2018,7,LVDPA1379,51,20,39,31,61,4,8,5,10,7,14,4,8,9,18,6,12,6,12,10,20,3,3,1,2,5,2,1,3,1,2,6,2,4,4,5,7
2018,7,LVDPA1381,49,27,55,22,45,3,6,2,4,8,16,8,16,6,12,5,10,7,14,10,20,1,1,6,4,3,3,5,4,2,1,2,4,3,2,2,6
2018,7,LVDPA1384,137,65,47,72,53,9,7,12,9,14,10,16,12,22,16,19,14,26,19,19,14,7,4,5,9,10,12,11,7,2,8,9,7,12,7,15,12
2018,7,LVDPA1385,42,21,50,21,50,1,2,0,0,5,12,3,7,7,17,5,12,11,26,10,24,0,0,2,3,5,3,6,2,1,0,3,0,2,2,5,8
2018,7,LVDPA1386,48,24,50,24,50,1,2,4,8,4,8,4,8,1,2,11,23,3,6,20,42,0,2,2,4,0,8,3,5,1,2,2,0,1,3,0,15
2018,7,LVDPA1387,56,24,43,32,57,1,2,7,13,5,9,7,13,9,16,3,5,14,25,10,18,1,5,2,3,6,1,5,1,0,2,3,4,3,2,9,9
2018,7,LVDPA1388,105,46,44,59,56,9,9,10,10,17,16,15,14,11,10,16,15,10,10,17,16,4,5,7,4,7,8,3,8,5,5,10,11,4,8,7,9
2018,7,LVDPA1389,109,46,42,63,58,7,6,8,7,9,8,13,12,11,10,12,11,20,18,29,27,3,3,5,8,6,6,8,7,4,5,4,5,5,6,12,22
2018,7,LVDPA1391,327,198,61,129,39,8,2,10,3,14,4,52,16,50,15,73,22,53,16,67,20,3,4,9,31,28,54,34,35,5,6,5,21,22,19,19,32
2018,7,LVDPA1394,58,28,48,30,52,1,2,4,7,5,9,5,9,8,14,14,24,12,21,9,16,0,3,2,3,3,8,6,3,1,1,3,2,5,6,6,6
2018,7,LVDPA1396,42,18,43,24,57,0,0,2,5,4,10,5,12,9,21,8,19,3,7,11,26,0,2,1,4,3,4,0,4,0,0,3,1,6,4,3,7
2018,7,LVDPA1397,116,64,55,52,45,11,9,16,14,10,9,17,15,18,16,17,15,9,8,18,16,7,7,9,12,10,7,4,8,4,9,1,5,8,10,5,10
2018,7,LVDPA1399,222,107,48,115,52,5,2,7,3,9,4,9,4,11,5,24,11,33,15,124,56,3,4,4,5,5,11,19,56,2,3,5,4,6,13,14,68
2018,7,LVDPA1401,66,29,44,37,56,4,6,6,9,6,9,5,8,6,9,11,17,11,17,17,26,1,4,2,4,4,6,3,5,3,2,4,1,2,5,8,12
2018,7,LVDPA1404,151,81,54,70,46,7,5,18,12,12,8,22,15,17,11,23,15,28,19,24,16,6,9,8,13,6,13,17,9,1,9,4,9,11,10,11,15
2018,7,LVDPA1405,66,31,47,35,53,5,8,5,8,8,12,17,26,7,11,4,6,11,17,9,14,3,2,3,9,4,2,3,5,2,3,5,8,3,2,8,4
2018,7,LVDPA1408,51,27,53,24,47,2,4,3,6,6,12,6,12,8,16,10,20,8,16,8,16,0,2,4,4,4,6,4,3,2,1,2,2,4,4,4,5
2018,7,LVDPA1410,80,40,50,40,50,7,9,3,4,11,14,14,18,4,5,14,18,18,23,9,11,3,2,5,7,3,7,10,3,4,1,6,7,1,7,8,6
2018,7,LVDPA1412,55,26,47,29,53,1,2,2,4,10,18,8,15,7,13,8,15,10,18,9,16,0,2,3,6,3,6,4,2,1,0,7,2,4,2,6,7
2018,7,LVDPA1413,105,45,43,60,57,10,10,4,4,13,12,20,19,6,6,19,18,13,12,20,19,3,1,7,10,4,6,6,8,7,3,6,10,2,13,7,12
2018,7,LVDPA1415,77,35,45,42,55,8,10,10,13,11,14,7,9,12,16,4,5,10,13,15,19,6,4,5,3,7,1,5,4,2,6,6,4,5,3,5,11
2018,7,LVDPA1416,87,43,49,44,51,0,0,0,0,2,2,2,2,13,15,14,16,33,38,23,26,0,0,2,1,10,7,15,8,0,0,0,1,3,7,18,15
2018,7,LVDPA1419,61,26,43,35,57,5,8,6,10,7,11,7,11,9,15,8,13,7,11,12,20,3,1,3,2,5,2,3,7,2,5,4,5,4,6,4,5
2018,7,LVDPA1420,86,33,38,53,62,0,0,0,0,0,0,0,0,1,1,3,3,5,6,77,90,0,0,0,0,1,3,4,25,0,0,0,0,0,0,1,52
2018,7,LVDPA1423,40,22,55,18,45,2,5,2,5,3,8,8,20,2,5,6,15,6,15,11,28,2,2,3,3,2,4,3,3,0,0,0,5,0,2,3,8
2018,7,LVDPA1424,256,100,39,156,61,6,2,13,5,6,2,13,5,9,4,4,2,27,11,178,70,3,5,5,8,6,2,15,56,3,8,1,5,3,2,12,122
2018,7,LVDPA1425,34,17,50,17,50,2,6,3,9,5,15,4,12,6,18,5,15,3,9,6,18,1,2,3,3,4,2,1,1,1,1,2,1,2,3,2,5
2018,7,LVDPA1428,80,43,54,37,46,9,11,12,15,9,11,9,11,17,21,3,4,6,8,15,19,5,9,4,3,10,2,4,6,4,3,5,6,7,1,2,9
2018,7,LVDPA1429,59,25,42,34,58,7,12,5,8,8,14,7,12,8,14,5,8,8,14,11,19,2,3,2,2,5,3,3,5,5,2,6,5,3,2,5,6
2018,7,LVDPA1431,55,27,49,28,51,7,13,8,15,8,15,7,13,6,11,4,7,4,7,11,20,5,3,2,3,4,4,1,5,2,5,6,4,2,0,3,6
2018,7,LVDPA1434,58,31,53,27,47,6,10,3,5,7,12,9,16,6,10,8,14,3,5,16,28,5,2,4,7,3,5,1,4,1,1,3,2,3,3,2,12
2018,7,LVDPA1435,64,37,58,27,42,2,3,7,11,7,11,5,8,16,25,12,19,8,13,7,11,2,4,5,3,10,8,3,2,0,3,2,2,6,4,5,5
2018,7,LVDPA1441,58,31,53,27,47,7,12,5,9,8,14,7,12,13,22,3,5,7,12,8,14,5,2,4,6,7,2,3,2,2,3,4,1,6,1,4,6
2018,7,LVDPA1443,143,89,62,54,38,1,1,3,2,9,6,11,8,20,14,28,20,39,27,32,22,1,2,5,9,14,15,27,16,0,1,4,2,6,13,12,16
2018,7,LVDPA1445,56,36,64,20,36,4,7,9,16,9,16,11,20,7,13,4,7,6,11,6,11,2,8,5,9,4,2,3,3,2,1,4,2,3,2,3,3
2018,7,LVDPA1446,53,23,43,30,57,3,6,4,8,7,13,14,26,5,9,7,13,7,13,6,11,0,2,2,9,3,3,3,1,3,2,5,5,2,4,4,5
2018,7,LVDPA1447,46,19,41,27,59,8,17,5,11,11,24,8,17,2,4,3,7,6,13,3,7,1,2,5,6,0,2,2,1,7,3,6,2,2,1,4,2
2018,7,LVDPA1449,43,20,47,23,53,5,12,1,2,2,5,3,7,3,7,9,21,11,26,9,21,2,0,2,2,1,4,6,3,3,1,0,1,2,5,5,6
2018,7,LVDPA1450,63,25,40,38,60,6,10,8,13,4,6,14,22,7,11,12,19,3,5,9,14,3,1,1,7,3,6,2,2,3,7,3,7,4,6,1,7
2018,7,LVDPA1451,46,22,48,24,52,0,0,1,2,1,2,1,2,4,9,1,2,7,15,31,67,0,0,0,1,2,1,7,11,0,1,1,0,2,0,0,20
2018,7,LVDPA1452,48,25,52,23,48,4,8,8,17,6,13,10,21,3,6,6,13,5,10,6,13,1,5,3,5,0,4,3,4,3,3,3,5,3,2,2,2
2018,7,LVDPA1453,66,19,29,47,71,2,3,4,6,3,5,4,6,4,6,3,5,5,8,41,62,1,0,2,1,3,1,1,10,1,4,1,3,1,2,4,31
2018,7,LVDPA1454,113,55,49,58,51,6,5,14,12,18,16,16,14,17,15,17,15,15,13,10,9,4,7,8,8,10,8,7,3,2,7,10,8,7,9,8,7
2018,7,LVDPA1456,28,15,54,13,46,0,0,1,4,10,36,3,11,3,11,2,7,6,21,3,11,0,1,6,1,3,0,3,1,0,0,4,2,0,2,3,2
2018,7,LVDPA1457,50,19,38,31,62,0,0,1,2,8,16,3,6,4,8,9,18,9,18,16,32,0,0,3,2,1,4,3,6,0,1,5,1,3,5,6,10
2018,7,LVDPA1458,62,31,50,31,50,5,8,1,2,13,21,6,10,9,15,8,13,8,13,12,19,2,1,9,4,4,3,4,4,3,0,4,2,5,5,4,8
2018,7,LVDPA1462,69,28,41,41,59,8,12,11,16,10,14,9,13,3,4,8,12,5,7,15,22,5,2,3,4,1,5,1,7,3,9,7,5,2,3,4,8
2018,7,LVDPA1466,35,13,37,22,63,0,0,0,0,0,0,0,0,0,0,2,6,1,3,32,91,0,0,0,0,0,2,1,10,0,0,0,0,0,0,0,22
2018,7,LVDPA1467,83,42,51,41,49,4,5,2,2,1,1,1,1,5,6,5,6,8,10,57,69,1,1,1,0,3,5,5,26,3,1,0,1,2,0,3,31
2018,7,LVDPA1468,68,28,41,40,59,6,9,4,6,15,22,9,13,10,15,9,13,7,10,8,12,3,1,7,2,4,3,4,4,3,3,8,7,6,6,3,4
2018,7,LVDPA1469,135,62,46,73,54,10,7,10,7,19,14,22,16,15,11,32,24,12,9,15,11,5,6,12,14,9,11,4,1,5,4,7,8,6,21,8,14
2018,7,LVDPA1472,49,24,49,25,51,1,2,4,8,6,12,5,10,5,10,10,20,10,20,8,16,1,1,6,3,3,4,4,2,0,3,0,2,2,6,6,6
2018,7,LVDPA1473,52,25,48,27,52,4,8,5,10,2,4,12,23,2,4,11,21,14,27,2,4,2,3,2,6,1,4,6,1,2,2,0,6,1,7,8,1
2018,7,LVDPA1475,431,228,53,203,47,30,7,53,12,23,5,51,12,73,17,64,15,61,14,76,18,11,25,13,32,41,36,36,34,19,28,10,19,32,28,25,42
2018,7,LVDPA1476,456,244,54,212,46,15,3,33,7,55,12,51,11,74,16,74,16,58,13,96,21,13,19,31,28,37,42,33,41,2,14,24,23,37,32,25,55
2018,7,LVDPA1477,1149,599,52,550,48,84,7,121,11,109,9,144,13,201,17,167,15,165,14,158,14,48,60,56,78,116,89,83,69,36,61,53,66,85,78,82,89
2018,7,LVDPA1478,92,54,59,38,41,3,3,4,4,2,2,8,9,7,8,19,21,12,13,37,40,2,4,2,3,4,13,8,18,1,0,0,5,3,6,4,19
2018,7,LVDPA1479,627,302,48,325,52,47,7,83,13,76,12,58,9,98,16,131,21,89,14,45,7,29,43,35,25,42,66,47,15,18,40,41,33,56,65,42,30
2018,7,LVDPA1480,247,120,49,127,51,14,6,13,5,19,8,14,6,39,16,32,13,40,16,76,31,6,8,7,11,21,20,18,29,8,5,12,3,18,12,22,47
2018,7,LVDPA1481,87,42,48,45,52,3,3,6,7,7,8,12,14,7,8,18,21,14,16,20,23,2,4,4,7,2,7,8,8,1,2,3,5,5,11,6,12
2018,7,LVDPA1482,601,301,50,300,50,67,11,93,15,55,9,80,13,115,19,93,15,47,8,51,8,31,53,30,41,54,49,24,19,36,40,25,39,61,44,23,32
2018,7,LVDPA1483,74,37,50,37,50,2,3,3,4,5,7,6,8,7,9,14,19,18,24,19,26,1,1,2,2,6,7,14,4,1,2,3,4,1,7,4,15
2018,7,LVDPA1484,192,101,53,91,47,22,11,30,16,13,7,28,15,28,15,21,11,19,10,31,16,11,18,7,11,19,7,14,14,11,12,6,17,9,14,5,17
2018,7,LVDPA1485,350,201,57,149,43,11,3,14,4,22,6,50,14,56,16,60,17,65,19,72,21,4,8,14,31,31,36,38,39,7,6,8,19,25,24,27,33
2018,7,LVDPA1486,151,71,47,80,53,8,5,7,5,11,7,20,13,23,15,19,13,28,19,35,23,5,2,8,10,13,5,17,11,3,5,3,10,10,14,11,24
2018,7,LVDPA1487,142,79,56,63,44,10,7,18,13,15,11,17,12,21,15,17,12,17,12,27,19,4,12,9,9,11,13,9,12,6,6,6,8,10,4,8,15
2018,7,LVDPA1488,285,137,48,148,52,20,7,24,8,27,9,34,12,51,18,37,13,32,11,60,21,11,12,12,12,24,22,17,27,9,12,15,22,27,15,15,33
2018,7,LVDPA1489,114,62,54,52,46,11,10,8,7,10,9,17,15,8,7,18,16,23,20,19,17,9,4,5,8,5,8,13,10,2,4,5,9,3,10,10,9
2018,7,LVDPA1490,216,127,59,89,41,5,2,6,3,12,6,29,13,34,16,39,18,39,18,52,24,4,5,6,18,19,24,25,26,1,1,6,11,15,15,14,26
2018,7,LVDPA1491,295,153,52,142,48,36,12,41,14,23,8,51,17,73,25,33,11,20,7,18,6,19,16,14,32,38,16,9,9,17,25,9,19,35,17,11,9
2018,7,LVDPA1492,67,34,51,33,49,4,6,5,7,1,1,8,12,7,10,8,12,9,13,25,37,1,3,1,3,5,3,6,12,3,2,0,5,2,5,3,13
2018,7,LVDPA1493,97,47,48,50,52,8,8,11,11,5,5,12,12,14,14,8,8,18,19,21,22,2,5,1,7,9,3,9,11,6,6,4,5,5,5,9,10
2018,7,LVDPA1494,127,57,45,70,55,12,9,8,6,12,9,16,13,23,18,16,13,10,8,30,24,5,5,6,6,12,8,5,10,7,3,6,10,11,8,5,20
2018,7,LVDPA1495,47,19,40,28,60,0,0,1,2,6,13,5,11,3,6,15,32,7,15,10,21,0,1,2,0,1,8,4,3,0,0,4,5,2,7,3,7
2018,7,LVDPA1496,136,66,49,70,51,16,12,14,10,12,9,18,13,29,21,20,15,17,13,10,7,9,7,4,9,16,12,5,4,7,7,8,9,13,8,12,6
2018,7,LVDPA1497,101,56,55,45,45,9,9,13,13,11,11,6,6,21,21,14,14,17,17,10,10,6,9,7,3,9,7,10,5,3,4,4,3,12,7,7,5
2018,7,LVDPA1498,148,71,48,77,52,11,7,12,8,13,9,21,14,24,16,23,16,20,14,24,16,7,5,5,11,13,11,10,9,4,7,8,10,11,12,10,15
2018,7,LVDPA1499,303,160,53,143,47,42,14,38,13,23,8,38,13,61,20,47,16,34,11,20,7,23,19,8,17,35,30,18,10,19,19,15,21,26,17,16,10
2018,7,LVDPA1500,144,66,46,78,54,18,13,23,16,8,6,17,12,24,17,20,14,12,8,22,15,7,11,6,8,13,11,5,5,11,12,2,9,11,9,7,17
2018,7,LVDPA1501,71,36,51,35,49,5,7,7,10,8,11,10,14,13,18,19,27,4,6,5,7,2,5,3,4,6,12,2,2,3,2,5,6,7,7,2,3
2018,7,LVDPA1502,269,129,48,140,52,27,10,46,17,29,11,42,16,46,17,37,14,26,10,16,6,12,22,15,19,24,21,13,3,15,24,14,23,22,16,13,13
2018,7,LVDPA1503,213,96,45,117,55,22,10,20,9,28,13,25,12,26,12,47,22,19,9,26,12,9,13,11,9,10,22,10,12,13,7,17,16,16,25,9,14
2018,7,LVDPA1504,61,37,61,24,39,5,8,4,7,4,7,11,18,6,10,8,13,14,23,9,15,4,3,3,6,4,4,9,4,1,1,1,5,2,4,5,5
2018,7,LVDPA1505,162,87,54,75,46,16,10,17,10,13,8,17,10,29,18,26,16,14,9,30,19,13,7,8,9,12,16,7,15,3,10,5,8,17,10,7,15
2018,7,LVDPA1506,174,81,47,93,53,17,10,16,9,10,6,29,17,22,13,25,14,20,11,35,20,8,5,5,20,11,9,10,13,9,11,5,9,11,16,10,22
2018,7,LVDPA1507,159,81,51,78,49,13,8,18,11,10,6,24,15,26,16,17,11,27,17,24,15,6,11,7,10,13,11,12,11,7,7,3,14,13,6,15,13
2018,7,LVDPA1508,197,102,52,95,48,40,20,38,19,10,5,23,12,50,25,15,8,9,5,12,6,23,18,4,10,23,10,7,7,17,20,6,13,27,5,2,5
2018,7,LVDPA1509,75,41,55,34,45,11,15,6,8,10,13,4,5,15,20,8,11,9,12,12,16,9,3,6,3,7,5,3,5,2,3,4,1,8,3,6,7
2018,7,LVDPA1510,52,24,46,28,54,4,8,7,13,6,12,3,6,13,25,3,6,7,13,9,17,4,2,1,2,7,1,4,3,0,5,5,1,6,2,3,6
2018,7,LVDPA1511,226,137,61,89,39,14,6,18,8,15,7,42,19,35,15,37,16,38,17,27,12,6,14,9,26,19,24,23,16,8,4,6,16,16,13,15,11
2018,7,LVDPA1512,128,63,49,65,51,12,9,11,9,12,9,16,13,23,18,18,14,15,12,21,16,4,8,8,9,12,9,5,8,8,3,4,7,11,9,10,13
2018,7,LVDPA1513,200,99,50,101,51,33,17,33,17,22,11,25,13,39,20,34,17,6,3,8,4,13,20,16,11,17,19,2,1,20,13,6,14,22,15,4,7
2018,7,LVDPA1514,119,51,43,68,57,15,13,24,20,15,13,16,13,23,19,12,10,3,3,11,9,5,11,6,8,13,4,1,3,10,13,9,8,10,8,2,8
2018,7,LVDPA1515,229,115,50,114,50,30,13,41,18,23,10,29,13,42,18,31,14,19,8,14,6,12,19,18,13,23,15,8,7,18,22,5,16,19,16,11,7
2018,7,LVDPA1516,84,49,58,35,42,11,13,4,5,8,10,11,13,17,20,11,13,10,12,12,14,5,4,5,6,11,8,6,4,6,0,3,5,6,3,4,8
2018,7,LVDPA1517,65,35,54,30,46,6,9,7,11,7,11,10,15,9,14,11,17,10,15,5,8,3,4,4,5,5,7,5,2,3,3,3,5,4,4,5,3
2018,7,LVDPA1518,67,34,51,33,49,5,7,12,18,4,6,6,9,12,18,10,15,7,10,11,16,3,6,2,4,6,5,4,4,2,6,2,2,6,5,3,7
2018,7,LVDPA1519,51,29,57,22,43,5,10,8,16,3,6,14,27,4,8,6,12,6,12,5,10,4,5,2,8,4,2,4,0,1,3,1,6,0,4,2,5
2018,7,LVDPA1520,64,33,52,31,48,6,9,5,8,4,6,7,11,11,17,9,14,8,13,14,22,4,1,2,4,5,5,6,6,2,4,2,3,6,4,2,8
2018,7,LVDPA1521,47,25,53,22,47,4,9,2,4,8,17,7,15,6,13,6,13,10,21,4,9,2,1,6,3,3,3,5,2,2,1,2,4,3,3,5,2
2018,7,LVDPA1522,56,26,46,30,54,4,7,2,4,3,5,10,18,10,18,10,18,8,14,9,16,2,0,1,4,6,5,4,4,2,2,2,6,4,5,4,5
2018,7,LVDPA1523,120,66,55,54,45,13,11,21,18,9,8,10,8,28,23,19,16,8,7,12,10,7,13,6,6,15,9,3,7,6,8,3,4,13,10,5,5
2018,7,LVDPA1524,29,14,48,15,52,0,0,1,3,2,7,3,10,5,17,3,10,8,28,7,24,0,0,0,2,5,1,4,2,0,1,2,1,0,2,4,5
2018,7,LVDPA1525,147,78,53,69,47,4,3,6,4,14,10,19,13,22,15,25,17,22,15,35,24,1,5,8,9,14,11,11,19,3,1,6,10,8,14,11,16
2018,7,LVDPA1526,57,27,47,30,53,2,4,10,18,5,9,13,23,5,9,9,16,9,16,4,7,2,3,2,8,3,4,4,1,0,7,3,5,2,5,5,3
2018,7,LVDPA1527,70,36,51,34,49,5,7,12,17,8,11,8,11,9,13,15,21,1,1,12,17,4,4,3,7,4,9,1,4,1,8,5,1,5,6,0,8
2018,7,LVDPA1528,139,69,50,70,50,33,24,24,17,5,4,20,14,34,24,13,9,3,2,7,5,19,13,3,7,17,6,2,2,14,11,2,13,17,7,1,5
2018,7,LVDPA1529,65,32,49,33,51,3,5,5,8,6,9,8,12,14,22,8,12,10,15,11,17,2,2,5,4,7,4,4,4,1,3,1,4,7,4,6,7
2018,7,LVDPA1530,175,86,49,89,51,25,14,35,20,19,11,10,6,43,25,18,10,15,9,10,6,16,18,7,3,20,8,10,4,9,17,12,7,23,10,5,6
2018,7,LVDPA1531,55,28,51,27,49,6,11,5,9,4,7,10,18,9,16,12,22,5,9,4,7,2,2,4,5,6,6,3,0,4,3,0,5,3,6,2,4
2018,7,LVDPA1532,100,54,54,46,46,5,5,13,13,5,5,17,17,17,17,15,15,14,14,14,14,3,6,4,10,7,12,6,6,2,7,1,7,10,3,8,8
2018,7,LVDPA1533,53,24,45,29,55,2,4,8,15,4,8,7,13,5,9,15,28,5,9,7,13,1,2,2,5,3,8,1,2,1,6,2,2,2,7,4,5
2018,7,LVDPA1534,86,43,50,43,50,19,22,14,16,3,3,19,22,15,17,8,9,3,3,5,6,7,8,3,11,8,4,1,1,12,6,0,8,7,4,2,4
2018,7,LVDPA1535,197,90,46,107,54,12,6,32,16,22,11,19,10,36,18,38,19,21,11,17,9,7,14,13,5,14,18,11,8,5,18,9,14,22,20,10,9
2018,7,LVDPA1536,244,117,48,127,52,41,17,52,21,21,9,33,14,58,24,24,10,7,3,8,3,18,29,10,10,33,11,2,4,23,23,11,23,25,13,5,4
2018,7,LVDPA1537,58,31,53,27,47,5,9,8,14,6,10,4,7,11,19,6,10,9,16,9,16,2,6,4,1,5,4,5,4,3,2,2,3,6,2,4,5
2018,7,LVDPA1538,52,21,40,31,60,6,12,6,12,6,12,12,23,5,10,8,15,2,4,7,13,4,2,2,5,3,3,1,1,2,4,4,7,2,5,1,6
2018,7,LVDPA1539,65,29,45,36,55,10,15,3,5,7,11,10,15,0,0,10,15,16,25,9,14,8,1,1,5,0,5,6,3,2,2,6,5,0,5,10,6
2018,7,LVDPA1540,85,42,49,43,51,5,6,11,13,3,4,8,9,22,26,5,6,8,9,23,27,3,5,0,2,14,2,5,11,2,6,3,6,8,3,3,12
2018,7,LVDPA1541,45,23,51,22,49,4,9,4,9,6,13,9,20,2,4,9,20,5,11,6,13,3,1,5,4,2,4,2,2,1,3,1,5,0,5,3,4
2018,7,LVDPA1542,85,40,47,45,53,6,7,20,24,12,14,1,1,25,29,15,18,5,6,1,1,1,12,5,0,12,7,3,0,5,8,7,1,13,8,2,1
2018,7,LVDPA1543,31,19,61,12,39,0,0,2,6,3,10,7,23,4,13,6,19,4,13,5,16,0,2,3,4,3,3,1,3,0,0,0,3,1,3,3,2
2018,7,LVDPA1544,59,26,44,33,56,1,2,5,8,6,10,9,15,4,7,13,22,11,19,10,17,1,1,4,3,2,7,4,4,0,4,2,6,2,6,7,6
2018,7,LVDPA1545,66,34,52,32,48,9,14,10,15,9,14,10,15,14,21,4,6,7,11,3,5,6,6,5,4,9,3,1,0,3,4,4,6,5,1,6,3
2018,7,LVDPA1546,48,24,50,24,50,3,6,1,2,10,21,11,23,4,8,9,19,6,13,4,8,1,0,3,8,2,6,3,1,2,1,7,3,2,3,3,3
2018,7,LVDPA1547,93,42,45,51,55,16,17,5,5,6,6,22,24,17,18,9,10,10,11,8,9,4,2,2,12,11,3,4,4,12,3,4,10,6,6,6,4
2018,7,LVDPA1548,74,33,45,41,55,6,8,6,8,10,14,8,11,10,14,12,16,7,9,15,20,1,4,5,4,4,6,5,4,5,2,5,4,6,6,2,11
2018,7,LVDPA1549,38,19,50,19,50,3,8,6,16,5,13,2,5,6,16,4,11,6,16,6,16,2,3,3,2,3,2,4,0,1,3,2,0,3,2,2,6
2018,7,LVDPA1550,41,23,56,18,44,12,29,1,2,6,15,5,12,3,7,5,12,3,7,6,15,10,0,3,3,1,1,2,3,2,1,3,2,2,4,1,3
2018,7,LVDPA1551,67,34,51,33,49,11,16,10,15,3,4,17,25,10,15,5,7,6,9,5,7,7,6,2,8,4,3,3,1,4,4,1,9,6,2,3,4
2018,7,LVDPA1552,88,48,55,40,45,9,10,14,16,7,8,16,18,9,10,16,18,10,11,7,8,7,9,3,10,4,9,4,2,2,5,4,6,5,7,6,5
2018,7,LVDPA1553,50,26,52,24,48,4,8,9,18,9,18,3,6,9,18,5,10,5,10,6,12,1,6,3,2,6,3,2,3,3,3,6,1,3,2,3,3
2018,7,LVDPA1554,50,24,48,26,52,1,2,5,10,9,18,7,14,7,14,11,22,4,8,6,12,1,1,4,5,2,6,1,4,0,4,5,2,5,5,3,2
2018,7,LVDPA1555,20,9,45,11,55,0,0,0,0,5,25,3,15,0,0,3,15,3,15,6,30,0,0,3,2,0,0,1,3,0,0,2,1,0,3,2,3
2018,7,LVDPA1556,134,64,48,70,52,20,15,18,13,10,7,19,14,24,18,19,14,20,15,4,3,6,11,5,6,12,11,12,1,14,7,5,13,12,8,8,3
2018,7,LVDPA1557,73,38,52,35,48,5,7,15,21,6,8,6,8,12,16,11,15,6,8,12,16,3,10,4,2,3,7,4,5,2,5,2,4,9,4,2,7
2018,7,LVDPA1558,51,27,53,24,47,2,4,11,22,14,27,6,12,6,12,6,12,6,12,0,0,1,4,8,3,2,5,4,0,1,7,6,3,4,1,2,0
2018,7,LVDPA1559,47,24,51,23,49,7,15,6,13,8,17,5,11,8,17,5,11,4,9,4,9,6,3,4,3,4,2,2,0,1,3,4,2,4,3,2,4
2018,7,LVDPA1560,58,31,53,27,47,5,9,10,17,4,7,6,10,11,19,8,14,9,16,5,9,2,7,1,3,5,6,5,2,3,3,3,3,6,2,4,3
2018,7,LVDPA1561,54,29,54,25,46,4,7,8,15,8,15,3,6,12,22,9,17,7,13,3,6,3,4,4,2,5,5,4,2,1,4,4,1,7,4,3,1
2018,7,LVDPA1562,55,27,49,28,51,7,13,5,9,11,20,7,13,5,9,10,18,4,7,6,11,1,2,8,5,1,6,1,3,6,3,3,2,4,4,3,3
2018,7,LVDPA1563,21,8,38,13,62,1,5,5,24,1,5,1,5,2,10,2,10,5,24,4,19,0,1,1,0,0,2,3,1,1,4,0,1,2,0,2,3
2018,7,LVDPA1564,40,20,50,20,50,3,8,0,0,7,18,6,15,8,20,6,15,2,5,8,20,1,0,5,4,3,4,0,3,2,0,2,2,5,2,2,5
2018,7,LVDPA1565,65,30,46,35,54,9,14,9,14,4,6,16,25,9,14,8,12,6,9,4,6,5,5,1,8,4,3,3,1,4,4,3,8,5,5,3,3
2018,7,LVDPA1566,74,26,35,48,65,6,8,4,5,8,11,6,8,11,15,7,9,9,12,23,31,0,1,1,5,6,3,3,7,6,3,7,1,5,4,6,16
2018,7,LVDPA1567,36,13,36,23,64,4,11,1,3,2,6,5,14,4,11,10,28,7,19,3,8,0,0,1,2,2,5,3,0,4,1,1,3,2,5,4,3
2018,7,LVDPA1568,67,30,45,37,55,7,10,5,7,11,16,11,16,11,16,11,16,4,6,7,10,4,3,4,5,7,5,2,0,3,2,7,6,4,6,2,7
2018,7,LVDPA1569,40,22,55,18,45,6,15,2,5,7,18,7,18,3,8,6,15,5,13,4,10,4,0,3,6,2,3,2,2,2,2,4,1,1,3,3,2
2018,7,LVDPA1570,75,35,47,40,53,6,8,16,21,8,11,5,7,11,15,15,20,11,15,3,4,3,7,6,3,2,8,5,1,3,9,2,2,9,7,6,2
2018,7,LVDPA1571,30,14,47,16,53,1,3,3,10,9,30,6,20,2,7,6,20,3,10,0,0,1,0,4,4,2,2,1,0,0,3,5,2,0,4,2,0
2019,0,LV,1919968,884909,46,1035059,54,146792,8,158288,8,176004,9,262809,14,254279,13,261671,14,271146,14,388979,20,76100,81177,90767,135275,127310,125348,120568,128364,70692,77111,85237,127534,126969,136323,150578,260615
2019,1,LV003,239991,111474,46,128517,54,17758,7,20365,8,24750,10,30665,13,28445,12,32783,14,34502,14,50723,21,9208,10368,12845,16192,14270,15795,15752,17044,8550,9997,11905,14473,14175,16988,18750,33679
2019,1,LV005,260070,120457,46,139613,54,16265,6,19241,7,24630,9,31013,12,30314,12,39332,15,42193,16,57082,22,8453,9809,12875,16764,15476,19179,19327,18574,7812,9432,11755,14249,14838,20153,22866,38508
2019,1,LV006,633071,281784,45,351287,55,49064,8,49235,8,52563,8,94817,15,91016,14,80836,13,86233,14,129307,20,25389,25273,26827,46412,44180,37072,35841,40790,23675,23962,25736,48405,46836,43764,50392,88517
2019,1,LV007,370504,175125,47,195379,53,32688,9,34983,9,32996,9,49790,13,54511,15,50620,14,47903,13,67013,18,16939,17998,17002,25384,27545,25012,21988,23257,15749,16985,15994,24406,26966,25608,25915,43756
2019,1,LV008,185990,87285,47,98705,53,13421,7,14828,8,18668,10,25014,13,21039,11,26116,14,27280,15,39624,21,7021,7718,9678,13489,10809,12582,12598,13390,6400,7110,8990,11525,10230,13534,14682,26234
2019,1,LV009,230342,108784,47,121558,53,17596,8,19636,9,22397,10,31510,14,28954,13,31984,14,33035,14,45230,20,9090,10011,11540,17034,15030,15708,15062,15309,8506,9625,10857,14476,13924,16276,17973,29921
2019,3,0010000,633071,281784,45,351287,55,49064,8,49235,8,52563,8,94817,15,91016,14,80836,13,86233,14,129307,20,25389,25273,26827,46412,44180,37072,35841,40790,23675,23962,25736,48405,46836,43764,50392,88517
2019,3,0050000,82519,36760,45,45759,55,5929,7,6454,8,6912,8,9721,12,10118,12,12286,15,12609,15,18490,22,3125,3330,3548,5005,4951,5766,5312,5723,2804,3124,3364,4716,5167,6520,7297,12767
2019,3,0090000,56090,25541,46,30549,54,4981,9,5198,9,5172,9,7890,14,7769,14,7307,13,7303,13,10470,19,2582,2631,2524,4008,3884,3453,3109,3350,2399,2567,2648,3882,3885,3854,4194,7120
2019,3,0110000,22068,10064,46,12004,54,1674,8,1915,9,2108,10,2930,13,2787,13,3100,14,3220,15,4334,20,845,958,1081,1541,1426,1450,1390,1373,829,957,1027,1389,1361,1650,1830,2961
2019,3,0130000,49322,22495,46,26827,54,3384,7,3725,8,3874,8,6211,13,6767,14,7065,14,7483,15,10813,22,1742,1920,2014,3113,3313,3408,3334,3651,1642,1805,1860,3098,3454,3657,4149,7162
2019,3,0170000,68948,30714,45,38234,55,5672,8,6195,9,6960,10,8589,12,8547,12,9110,13,9263,13,14612,21,3008,3157,3548,4223,4078,4224,3958,4518,2664,3038,3412,4366,4469,4886,5305,10094
2019,3,0210000,27836,12209,44,15627,56,1955,7,2416,9,2597,9,3194,11,3511,13,3884,14,4467,16,5812,21,1018,1238,1359,1590,1652,1728,1884,1740,937,1178,1238,1604,1859,2156,2583,4072
2019,3,0250000,23120,10165,44,12955,56,2058,9,2006,9,2102,9,3172,14,2795,12,3064,13,3100,13,4823,21,1097,1053,1055,1464,1305,1351,1254,1586,961,953,1047,1708,1490,1713,1846,3237
2019,3,0270000,34358,15465,45,18893,55,2424,7,2789,8,3242,9,4005,12,4269,12,4935,14,5022,15,7672,22,1257,1403,1618,2053,2038,2374,2210,2512,1167,1386,1624,1952,2231,2561,2812,5160
2019,3,0320200,8038,3649,45,4389,55,594,7,621,8,714,9,1029,13,1010,13,1066,13,1292,16,1712,21,336,321,370,542,507,480,533,560,258,300,344,487,503,586,759,1152
2019,3,0321000,5142,2538,49,2604,51,326,6,377,7,535,10,692,13,588,11,745,14,797,15,1082,21,173,196,273,394,328,391,401,382,153,181,262,298,260,354,396,700
2019,3,0321400,4898,2319,47,2579,53,310,6,346,7,487,10,617,13,526,11,722,15,770,16,1120,23,155,166,262,366,282,360,355,373,155,180,225,251,244,362,415,747
2019,3,0326100,5001,2423,48,2578,52,366,7,425,8,541,11,709,14,550,11,726,15,705,14,979,20,196,209,299,417,275,371,332,324,170,216,242,292,275,355,373,655
2019,3,0327100,3376,1705,51,1671,49,173,5,191,6,345,10,477,14,335,10,538,16,580,17,737,22,96,98,197,277,192,283,290,272,77,93,148,200,143,255,290,465
2019,3,0328200,3339,1590,48,1749,52,233,7,257,8,282,8,433,13,376,11,458,14,502,15,798,24,128,132,133,244,198,239,237,279,105,125,149,189,178,219,265,519
2019,3,0360200,14142,6545,46,7597,54,911,6,1111,8,1545,11,1718,12,1471,10,2158,15,2151,15,3077,22,485,547,792,921,748,1028,1005,1019,426,564,753,797,723,1130,1146,2058
2019,3,0360800,3290,1629,50,1661,50,236,7,254,8,356,11,439,13,355,11,470,14,460,14,720,22,129,128,195,264,192,229,247,245,107,126,161,175,163,241,213,475
2019,3,0380200,11955,5608,47,6347,53,765,6,916,8,1238,10,1491,12,1220,10,1801,15,1938,16,2586,22,417,501,631,812,625,891,878,853,348,415,607,679,595,910,1060,1733
2019,3,0381600,4590,2225,48,2365,52,217,5,291,6,537,12,534,12,504,11,716,16,763,17,1028,22,108,151,279,318,282,375,389,323,109,140,258,216,222,341,374,705
2019,3,0384400,962,474,49,488,51,49,5,56,6,109,11,140,15,78,8,168,17,167,17,195,20,28,32,58,82,43,88,83,60,21,24,51,58,35,80,84,135
2019,3,0387500,2107,1036,49,1071,51,119,6,157,7,251,12,283,13,240,11,323,15,320,15,414,20,55,79,134,156,132,184,157,139,64,78,117,127,108,139,163,275
2019,3,0400200,22784,10820,47,11964,53,1621,7,2004,9,2216,10,3128,14,2826,12,3190,14,3434,15,4365,19,843,1022,1144,1729,1471,1559,1551,1501,778,982,1072,1399,1355,1631,1883,2864
2019,3,0406400,8345,3966,48,4379,52,669,8,786,9,891,11,1141,14,1126,13,1228,15,1077,13,1427,17,330,408,444,618,562,621,505,478,339,378,447,523,564,607,572,949
2019,3,0407700,3353,1643,49,1710,51,288,9,261,8,323,10,471,14,390,12,451,13,508,15,661,20,159,146,162,265,222,222,238,229,129,115,161,206,168,229,270,432
2019,3,0409500,7799,3822,49,3977,51,555,7,645,8,808,10,1043,13,960,12,1091,14,1151,15,1546,20,266,347,435,578,530,547,569,550,289,298,373,465,430,544,582,996
2019,3,0420200,16378,7259,44,9119,56,1385,8,1413,9,1581,10,2155,13,1988,12,2102,13,2232,14,3522,22,738,724,815,1078,933,909,910,1152,647,689,766,1077,1055,1193,1322,2370
2019,3,0421200,3260,1539,47,1721,53,225,7,238,7,283,9,430,13,433,13,411,13,476,15,764,23,112,125,147,241,239,196,220,259,113,113,136,189,194,215,256,505
2019,3,0424701,4981,2488,50,2493,50,343,7,400,8,519,10,669,13,605,12,697,14,754,15,994,20,177,208,281,387,325,353,388,369,166,192,238,282,280,344,366,625
2019,3,0425700,2014,949,47,1065,53,143,7,140,7,243,12,252,13,215,11,280,14,275,14,466,23,66,64,120,142,129,139,137,152,77,76,123,110,86,141,138,314
2019,3,0427300,7603,3593,47,4010,53,552,7,603,8,765,10,1017,13,876,12,1146,15,1100,14,1544,20,305,318,387,552,437,548,514,532,247,285,378,465,439,598,586,1012
2019,3,0427500,3623,1812,50,1811,50,279,8,302,8,346,10,522,14,393,11,517,14,509,14,755,21,159,157,198,287,214,269,259,269,120,145,148,235,179,248,250,486
2019,3,0427700,3024,1437,48,1587,52,161,5,238,8,300,10,392,13,351,12,434,14,436,14,712,24,69,121,155,220,186,206,221,259,92,117,145,172,165,228,215,453
2019,3,0429300,3540,1785,50,1755,50,200,6,256,7,346,10,548,15,367,10,541,15,567,16,715,20,103,135,182,317,215,273,299,261,97,121,164,231,152,268,268,454
2019,3,0440200,20230,9929,49,10301,51,998,5,1240,6,1859,9,2358,12,2463,12,3213,16,3469,17,4630,23,530,638,981,1348,1370,1652,1738,1672,468,602,878,1010,1093,1561,1731,2958
2019,3,0440801,6608,3116,47,3492,53,355,5,428,6,663,10,792,12,645,10,1018,15,1137,17,1570,24,172,222,332,464,327,502,553,544,183,206,331,328,318,516,584,1026
2019,3,0460200,19511,9259,47,10252,53,1471,8,1631,8,2011,10,2647,14,2371,12,2761,14,2817,14,3802,19,752,847,1049,1465,1224,1334,1248,1340,719,784,962,1182,1147,1427,1569,2462
2019,3,0460800,6144,2833,46,3311,54,390,6,510,8,654,11,737,12,617,10,832,14,930,15,1474,24,201,257,340,389,324,408,417,497,189,253,314,348,293,424,513,977
2019,3,0468900,3336,1597,48,1739,52,222,7,230,7,324,10,485,15,349,10,466,14,484,15,776,23,122,125,168,280,195,227,217,263,100,105,156,205,154,239,267,513
2019,3,0500200,20047,9534,48,10513,52,1375,7,1517,8,2142,11,2714,14,2333,12,2871,14,3092,15,4003,20,691,787,1118,1510,1184,1443,1461,1340,684,730,1024,1204,1149,1428,1631,2663
2019,3,0540200,21997,10766,49,11231,51,1439,7,1796,8,2142,10,3109,14,2899,13,3066,14,3277,15,4269,19,758,906,1133,1735,1577,1556,1581,1520,681,890,1009,1374,1322,1510,1696,2749
2019,3,0546701,9966,4734,48,5232,52,1105,11,996,10,875,9,1363,14,1468,15,1292,13,1178,12,1689,17,560,490,458,687,726,665,569,579,545,506,417,676,742,627,609,1110
2019,3,0560200,4293,2132,50,2161,50,238,6,281,7,466,11,620,14,420,10,646,15,698,16,924,22,112,136,249,369,230,347,361,328,126,145,217,251,190,299,337,596
2019,3,0560800,2491,1271,51,1220,49,126,5,160,6,249,10,359,14,264,11,434,17,398,16,501,20,62,93,142,213,148,214,214,185,64,67,107,146,116,220,184,316
2019,3,0561800,3557,1745,49,1812,51,212,6,269,8,373,10,473,13,347,10,556,16,502,14,825,23,108,140,202,278,197,289,240,291,104,129,171,195,150,267,262,534
2019,3,0566900,5491,2741,50,2750,50,375,7,453,8,561,10,707,13,575,10,808,15,886,16,1126,21,184,231,297,396,314,438,466,415,191,222,264,311,261,370,420,711
2019,3,0568700,3323,1626,49,1697,51,228,7,284,9,320,10,450,14,401,12,501,15,526,16,613,18,122,152,178,243,218,254,239,220,106,132,142,207,183,247,287,393
2019,3,0600202,14144,6537,46,7607,54,667,5,949,7,1344,10,1439,10,1427,10,2188,15,2653,19,3477,25,324,458,731,808,711,1065,1239,1201,343,491,613,631,716,1123,1414,2276
2019,3,0601000,6763,3260,48,3503,52,351,5,454,7,735,11,775,11,706,10,1100,16,1157,17,1485,22,170,224,382,449,387,557,587,504,181,230,353,326,319,543,570,981
2019,3,0604300,3188,1567,49,1621,51,129,4,206,6,341,11,354,11,291,9,529,17,590,19,748,23,63,106,174,206,157,276,316,269,66,100,167,148,134,253,274,479
2019,3,0620200,22295,10505,47,11790,53,1586,7,1912,9,2489,11,3083,14,2706,12,2923,13,3282,15,4314,19,812,979,1277,1620,1363,1413,1520,1521,774,933,1212,1463,1343,1510,1762,2793
2019,3,0621200,4659,2217,48,2442,52,274,6,360,8,505,11,592,13,519,11,657,14,698,15,1054,23,135,175,264,324,283,341,341,354,139,185,241,268,236,316,357,700
2019,3,0624200,1286,612,48,674,52,85,7,98,8,116,9,183,14,137,11,157,12,240,19,270,21,48,49,55,99,72,86,110,93,37,49,61,84,65,71,130,177
2019,3,0640600,8183,3915,48,4268,52,560,7,697,9,876,11,1022,12,863,11,1103,13,1162,14,1900,23,288,350,483,571,461,541,525,696,272,347,393,451,402,562,637,1204
2019,3,0640801,2625,1295,49,1330,51,184,7,178,7,266,10,327,12,303,12,366,14,382,15,619,24,100,98,144,196,164,173,197,223,84,80,122,131,139,193,185,396
2019,3,0641000,8393,3960,47,4433,53,634,8,758,9,866,10,1051,13,1026,12,1147,14,1110,13,1801,21,311,386,457,551,521,586,500,648,323,372,409,500,505,561,610,1153
2019,3,0641401,2531,1239,49,1292,51,151,6,179,7,229,9,330,13,253,10,381,15,425,17,583,23,79,87,113,191,144,201,220,204,72,92,116,139,109,180,205,379
2019,3,0641600,5064,2466,49,2598,51,304,6,471,9,540,11,648,13,560,11,701,14,767,15,1073,21,160,247,288,374,301,355,379,362,144,224,252,274,259,346,388,711
2019,3,0647900,3146,1578,50,1568,50,151,5,262,8,309,10,390,12,377,12,479,15,480,15,698,22,87,138,171,225,199,238,253,267,64,124,138,165,178,241,227,431
2019,3,0648500,1477,744,50,733,50,73,5,109,7,126,9,189,13,130,9,224,15,252,17,374,25,35,55,75,124,75,120,136,124,38,54,51,65,55,104,116,250
2019,3,0649300,2284,1101,48,1183,52,175,8,193,8,231,10,280,12,241,11,339,15,285,12,540,24,93,98,122,164,132,178,140,174,82,95,109,116,109,161,145,366
2019,3,0660200,16289,7815,48,8474,52,1112,7,1265,8,1601,10,2169,13,1969,12,2282,14,2357,14,3534,22,574,664,822,1162,1048,1154,1127,1264,538,601,779,1007,921,1128,1230,2270
2019,3,0661000,4622,2242,49,2380,51,310,7,378,8,479,10,656,14,482,10,662,14,637,14,1018,22,159,197,256,367,255,337,325,346,151,181,223,289,227,325,312,672
2019,3,0661400,7231,3475,48,3756,52,354,5,508,7,681,9,938,13,824,11,1139,16,1135,16,1652,23,199,262,367,522,432,578,538,577,155,246,314,416,392,561,597,1075
2019,3,0680200,12185,5622,46,6563,54,713,6,819,7,1119,9,1416,12,1494,12,1909,16,1980,16,2735,22,362,411,593,778,754,944,913,867,351,408,526,638,740,965,1067,1868
2019,3,0681000,5262,2469,47,2793,53,280,5,358,7,553,11,673,13,582,11,834,16,848,16,1134,22,126,180,302,367,315,430,396,353,154,178,251,306,267,404,452,781
2019,3,0681801,2643,1267,48,1376,52,110,4,171,6,298,11,299,11,332,13,408,15,416,16,609,23,63,92,152,178,181,205,185,211,47,79,146,121,151,203,231,398
2019,3,0684901,2431,1185,49,1246,51,136,6,152,6,251,10,315,13,261,11,393,16,406,17,517,21,74,66,134,172,159,187,214,179,62,86,117,143,102,206,192,338
2019,3,0700200,22248,10500,47,11748,53,1577,7,1686,8,2351,11,3046,14,2431,11,3144,14,3304,15,4709,21,813,878,1204,1646,1282,1560,1526,1591,764,808,1147,1400,1149,1584,1778,3118
2019,3,0700800,2338,1127,48,1211,52,112,5,157,7,260,11,296,13,257,11,358,15,363,16,535,23,57,84,149,176,131,176,167,187,55,73,111,120,126,182,196,348
2019,3,0701400,2224,1092,49,1132,51,118,5,157,7,216,10,308,14,239,11,345,16,321,14,520,23,67,80,103,202,132,176,157,175,51,77,113,106,107,169,164,345
2019,3,0701800,3056,1450,47,1606,53,159,5,237,8,336,11,433,14,325,11,413,14,444,15,709,23,82,138,177,241,171,209,213,219,77,99,159,192,154,204,231,490
2019,3,0705500,2687,1268,47,1419,53,139,5,189,7,262,10,356,13,244,9,368,14,404,15,725,27,68,93,126,207,145,176,201,252,71,96,136,149,99,192,203,473
2019,3,0740202,32935,14977,45,17958,55,2610,8,3051,9,2988,9,4275,13,4577,14,4324,13,4206,13,6904,21,1307,1553,1511,2245,2286,2061,1790,2224,1303,1498,1477,2030,2291,2263,2416,4680
2019,3,0740600,9745,4652,48,5093,52,1087,11,1149,12,850,9,1232,13,1583,16,1308,13,1059,11,1477,15,568,592,415,607,798,650,483,539,519,557,435,625,785,658,576,938
2019,3,0741001,5340,2620,49,2720,51,423,8,386,7,490,9,797,15,613,11,751,14,823,15,1057,20,215,201,252,431,338,378,399,406,208,185,238,366,275,373,424,651
2019,3,0741401,9645,4527,47,5118,53,742,8,883,9,977,10,1279,13,1276,13,1385,14,1281,13,1822,19,355,456,512,686,652,677,573,616,387,427,465,593,624,708,708,1206
2019,3,0760202,9222,4193,45,5029,55,599,6,678,7,826,9,1206,13,984,11,1398,15,1629,18,1902,21,315,336,427,635,508,652,719,601,284,342,399,571,476,746,910,1301
2019,3,0761201,10814,4936,46,5878,54,660,6,858,8,1063,10,1274,12,1233,11,1513,14,1839,17,2374,22,341,413,535,671,644,754,806,772,319,445,528,603,589,759,1033,1602
2019,3,0766300,4625,2316,50,2309,50,232,5,307,7,531,11,611,13,472,10,717,16,761,16,994,21,134,174,296,364,258,369,398,323,98,133,235,247,214,348,363,671
2019,3,0769101,1821,901,49,920,51,119,7,105,6,201,11,257,14,167,9,264,14,309,17,399,22,62,44,102,145,95,138,168,147,57,61,99,112,72,126,141,252
2019,3,0780200,24644,12249,50,12395,50,1577,6,1832,7,2626,11,3197,13,2982,12,3827,16,3837,16,4766,19,808,923,1447,1826,1616,1992,1965,1672,769,909,1179,1371,1366,1835,1872,3094
2019,3,0781800,5521,2598,47,2923,53,305,6,394,7,576,10,684,12,604,11,843,15,898,16,1217,22,158,191,278,390,309,424,427,421,147,203,298,294,295,419,471,796
2019,3,0800600,5471,2621,48,2850,52,482,9,570,10,561,10,756,14,867,16,676,12,662,12,897,16,266,294,295,396,444,324,323,279,216,276,266,360,423,352,339,618
2019,3,0800800,23704,11372,48,12332,52,2794,12,2558,11,1837,8,3323,14,4168,18,2951,12,2667,11,3406,14,1469,1299,930,1629,2081,1503,1219,1242,1325,1259,907,1694,2087,1448,1448,2164
2019,3,0801000,19516,9053,46,10463,54,1478,8,1700,9,1717,9,2532,13,3023,15,2765,14,2730,14,3571,18,753,834,891,1287,1579,1368,1180,1161,725,866,826,1245,1444,1397,1550,2410
2019,3,0801200,22662,10629,47,12033,53,2133,9,2128,9,1895,8,3123,14,3733,16,3072,14,2617,12,3961,17,1147,1116,957,1523,1893,1499,1175,1319,986,1012,938,1600,1840,1573,1442,2642
2019,3,0801400,6534,3193,49,3341,51,408,6,456,7,517,8,821,13,877,13,996,15,994,15,1465,22,217,231,268,449,475,515,493,545,191,225,249,372,402,481,501,920
2019,3,0801601,17757,8188,46,9569,54,1805,10,1812,10,1604,9,2676,15,2619,15,2158,12,2125,12,2958,17,935,922,763,1270,1320,1013,942,1023,870,890,841,1406,1299,1145,1183,1935
2019,3,0801800,7638,3663,48,3975,52,617,8,701,9,605,8,1021,13,1121,15,1039,14,1094,14,1440,19,331,362,324,562,568,525,512,479,286,339,281,459,553,514,582,961
2019,3,0804400,11390,5416,48,5974,52,1358,12,1495,13,970,9,1581,14,2044,18,1373,12,1206,11,1363,12,725,757,500,725,997,680,546,486,633,738,470,856,1047,693,660,877
2019,3,0804900,10693,5074,47,5619,53,1326,12,1286,12,957,9,1398,13,1712,16,1502,14,1186,11,1326,12,681,649,463,638,813,765,570,495,645,637,494,760,899,737,616,831
2019,3,0805200,8748,4410,50,4338,50,597,7,629,7,643,7,1183,14,1271,15,1349,15,1315,15,1761,20,293,335,344,652,679,691,646,770,304,294,299,531,592,658,669,991
2019,3,0806000,8547,4279,50,4268,50,777,9,978,11,852,10,1003,12,1421,17,1334,16,1075,13,1107,13,384,539,460,515,706,671,545,459,393,439,392,488,715,663,530,648
2019,3,0806900,4856,2380,49,2476,51,388,8,392,8,438,9,689,14,634,13,661,14,713,15,941,19,196,197,239,378,348,339,345,338,192,195,199,311,286,322,368,603
2019,3,0807400,3343,1590,48,1753,52,241,7,288,9,360,11,418,13,463,14,480,14,436,13,657,20,136,154,189,219,245,238,200,209,105,134,171,199,218,242,236,448
2019,3,0807600,20004,9609,48,10395,52,2929,15,2698,13,1625,8,2955,15,3776,19,2558,13,1605,8,1858,9,1509,1377,855,1349,1803,1314,761,641,1420,1321,770,1606,1973,1244,844,1217
2019,3,0808400,6831,3364,49,3467,51,561,8,602,9,595,9,981,14,1077,16,976,14,928,14,1111,16,287,301,316,554,576,503,431,396,274,301,279,427,501,473,497,715
2019,3,0809200,2128,1020,48,1108,52,153,7,178,8,211,10,286,13,300,14,280,13,312,15,408,19,82,82,105,153,154,140,153,151,71,96,106,133,146,140,159,257
2019,3,0809600,10834,5170,48,5664,52,1153,11,1198,11,1019,9,1404,13,1814,17,1485,14,1234,11,1527,14,588,621,554,669,897,735,564,542,565,577,465,735,917,750,670,985
2019,3,0840200,21983,10455,48,11528,52,1676,8,1842,8,2462,11,2937,13,2471,11,3103,14,3224,15,4268,19,854,931,1270,1653,1256,1488,1484,1519,822,911,1192,1284,1215,1615,1740,2749
2019,3,0840601,5631,2638,47,2993,53,454,8,483,9,664,12,698,12,632,11,754,13,794,14,1152,20,227,247,348,373,302,372,395,374,227,236,316,325,330,382,399,778
2019,3,0880200,27709,13118,47,14591,53,2057,7,2262,8,2931,11,3759,14,3208,12,3660,13,4148,15,5684,21,1075,1162,1570,2019,1672,1738,1898,1984,982,1100,1361,1740,1536,1922,2250,3700
2019,3,0885100,3637,1736,48,1901,52,241,7,284,8,360,10,512,14,360,10,546,15,533,15,801,22,112,150,194,276,208,264,257,275,129,134,166,236,152,282,276,526
2019,3,0887600,1439,682,47,757,53,78,5,104,7,148,10,174,12,173,12,206,14,212,15,344,24,36,51,80,102,96,108,102,107,42,53,68,72,77,98,110,237
2019,3,0888301,3420,1572,46,1848,54,173,5,242,7,327,10,457,13,360,11,511,15,573,17,777,23,95,113,163,245,188,244,275,249,78,129,164,212,172,267,298,528
2019,3,0900200,27827,13109,47,14718,53,2371,9,2594,9,2944,11,3807,14,3558,13,3730,13,3556,13,5267,19,1254,1360,1524,1997,1806,1804,1616,1748,1117,1234,1420,1810,1752,1926,1940,3519
2019,3,0901201,7666,3726,49,3940,51,497,6,631,8,891,12,1026,13,872,11,1098,14,1085,14,1566,20,272,334,462,566,470,524,528,570,225,297,429,460,402,574,557,996
2019,3,0905100,7048,3360,48,3688,52,444,6,555,8,580,8,912,13,832,12,965,14,1031,15,1729,25,215,296,295,512,431,493,496,622,229,259,285,400,401,472,535,1107
2019,3,0905700,2178,1096,50,1082,50,154,7,189,9,235,11,338,16,238,11,256,12,351,16,417,19,80,93,119,208,138,125,174,159,74,96,116,130,100,131,177,258
2019,3,0940200,7689,3476,45,4213,55,504,7,556,7,746,10,942,12,707,9,1055,14,1244,16,1935,25,267,299,382,505,361,485,553,624,237,257,364,437,346,570,691,1311
2019,3,0941600,12006,5770,48,6236,52,968,8,1079,9,1208,10,1679,14,1385,12,1663,14,1740,14,2284,19,519,570,647,911,740,793,797,793,449,509,561,768,645,870,943,1491
2019,3,0941800,2919,1325,45,1594,55,136,5,212,7,270,9,264,9,301,10,407,14,514,18,815,28,69,110,144,144,153,200,247,258,67,102,126,120,148,207,267,557
2019,3,0960200,5835,2816,48,3019,52,470,8,454,8,586,10,840,14,663,11,802,14,890,15,1130,19,243,240,295,470,345,413,433,377,227,214,291,370,318,389,457,753
2019,3,0961000,2925,1329,45,1596,55,177,6,225,8,264,9,411,14,312,11,408,14,423,14,705,24,87,123,138,216,161,198,193,213,90,102,126,195,151,210,230,492
2019,3,0961600,4916,2323,47,2593,53,302,6,359,7,433,9,617,13,566,12,686,14,761,15,1192,24,163,191,222,349,274,338,364,422,139,168,211,268,292,348,397,770
2019,3,0964700,2940,1457,50,1483,50,189,6,257,9,272,9,396,13,368,13,433,15,424,14,601,20,103,126,139,242,205,213,208,221,86,131,133,154,163,220,216,380
2019,3,0967101,7484,3777,50,3707,50,594,8,640,9,731,10,1155,15,900,12,1071,14,1038,14,1355,18,290,336,392,651,526,568,497,517,304,304,339,504,374,503,541,838
2019,3,0967300,1701,840,49,861,51,108,6,142,8,205,12,243,14,159,9,272,16,258,15,314,18,62,83,115,146,76,133,127,98,46,59,90,97,83,139,131,216
2019,3,0980200,10923,5462,50,5461,50,806,7,947,9,1103,10,1439,13,1310,12,1481,14,1650,15,2187,20,396,492,605,809,717,751,852,840,410,455,498,630,593,730,798,1347
2019,4,0010000,633071,281784,45,351287,55,49064,8,49235,8,52563,8,94817,15,91016,14,80836,13,86233,14,129307,20,25389,25273,26827,46412,44180,37072,35841,40790,23675,23962,25736,48405,46836,43764,50392,88517
2019,4,0050000,82519,36760,45,45759,55,5929,7,6454,8,6912,8,9721,12,10118,12,12286,15,12609,15,18490,22,3125,3330,3548,5005,4951,5766,5312,5723,2804,3124,3364,4716,5167,6520,7297,12767
2019,4,0090000,56090,25541,46,30549,54,4981,9,5198,9,5172,9,7890,14,7769,14,7307,13,7303,13,10470,19,2582,2631,2524,4008,3884,3453,3109,3350,2399,2567,2648,3882,3885,3854,4194,7120
2019,4,0110000,22068,10064,46,12004,54,1674,8,1915,9,2108,10,2930,13,2787,13,3100,14,3220,15,4334,20,845,958,1081,1541,1426,1450,1390,1373,829,957,1027,1389,1361,1650,1830,2961
2019,4,0130000,49322,22495,46,26827,54,3384,7,3725,8,3874,8,6211,13,6767,14,7065,14,7483,15,10813,22,1742,1920,2014,3113,3313,3408,3334,3651,1642,1805,1860,3098,3454,3657,4149,7162
2019,4,0170000,68948,30714,45,38234,55,5672,8,6195,9,6960,10,8589,12,8547,12,9110,13,9263,13,14612,21,3008,3157,3548,4223,4078,4224,3958,4518,2664,3038,3412,4366,4469,4886,5305,10094
2019,4,0210000,27836,12209,44,15627,56,1955,7,2416,9,2597,9,3194,11,3511,13,3884,14,4467,16,5812,21,1018,1238,1359,1590,1652,1728,1884,1740,937,1178,1238,1604,1859,2156,2583,4072
2019,4,0250000,23120,10165,44,12955,56,2058,9,2006,9,2102,9,3172,14,2795,12,3064,13,3100,13,4823,21,1097,1053,1055,1464,1305,1351,1254,1586,961,953,1047,1708,1490,1713,1846,3237
2019,4,0270000,34358,15465,45,18893,55,2424,7,2789,8,3242,9,4005,12,4269,12,4935,14,5022,15,7672,22,1257,1403,1618,2053,2038,2374,2210,2512,1167,1386,1624,1952,2231,2561,2812,5160
2019,4,0320201,6990,3141,45,3849,55,504,7,528,8,608,9,878,13,890,13,912,13,1138,16,1532,22,284,276,322,450,448,405,458,498,220,252,286,428,442,507,680,1034
2019,4,0320244,1021,486,48,535,52,87,9,92,9,105,10,142,14,115,11,149,15,153,15,178,17,50,44,48,85,55,70,74,60,37,48,57,57,60,79,79,118
2019,4,0321007,1794,858,48,936,52,119,7,134,7,170,9,214,12,218,12,234,13,266,15,439,24,62,78,80,114,125,125,124,150,57,56,90,100,93,109,142,289
2019,4,0321027,69,37,54,32,46,6,9,7,10,4,6,13,19,5,7,9,13,14,20,11,16,1,5,3,6,4,5,8,5,5,2,1,7,1,4,6,6
2019,4,0321050,898,441,49,457,51,62,7,68,8,93,10,133,15,82,9,121,13,162,18,177,20,31,28,45,85,48,60,85,59,31,40,48,48,34,61,77,118
2019,4,0321078,926,470,51,456,49,68,7,73,8,117,13,137,15,102,11,150,16,127,14,152,16,39,35,58,74,60,77,65,62,29,38,59,63,42,73,62,90
2019,4,0321080,714,357,50,357,50,47,7,53,7,56,8,101,14,94,13,116,16,115,16,132,18,28,22,26,55,54,57,63,52,19,31,30,46,40,59,52,80
2019,4,0321084,327,159,49,168,51,14,4,11,3,37,11,44,13,40,12,46,14,56,17,79,24,4,8,23,28,16,28,26,26,10,3,14,16,24,18,30,53
2019,4,0321086,398,207,52,191,48,9,2,28,7,56,14,45,11,46,12,66,17,56,14,92,23,7,19,36,29,20,39,29,28,2,9,20,16,26,27,27,64
2019,4,0321413,3022,1375,45,1647,55,207,7,236,8,293,10,382,13,327,11,425,14,459,15,693,23,112,113,158,219,169,200,194,210,95,123,135,163,158,225,265,483
2019,4,0321442,584,289,49,295,51,29,5,34,6,66,11,71,12,46,8,118,20,87,15,133,23,13,15,39,44,22,64,43,49,16,19,27,27,24,54,44,84
2019,4,0321458,629,313,50,316,50,31,5,36,6,67,11,83,13,76,12,94,15,97,15,145,23,10,17,36,49,46,51,51,53,21,19,31,34,30,43,46,92
2019,4,0321492,639,330,52,309,48,42,7,40,6,58,9,73,11,69,11,84,13,125,20,148,23,19,21,29,49,42,44,66,60,23,19,29,24,27,40,59,88
2019,4,0326146,1010,489,48,521,52,93,9,110,11,107,11,166,16,104,10,129,13,143,14,158,16,48,53,57,104,51,66,64,46,45,57,50,62,53,63,79,112
2019,4,0326154,481,240,50,241,50,27,6,52,11,66,14,68,14,52,11,67,14,64,13,85,18,14,26,36,40,27,30,38,29,13,26,30,28,25,37,26,56
2019,4,0326160,3498,1686,48,1812,52,246,7,262,7,367,10,471,13,392,11,529,15,497,14,734,21,134,130,206,271,195,274,229,247,112,132,161,200,197,255,268,487
2019,4,0327166,988,509,52,479,48,45,5,40,4,88,9,151,15,108,11,166,17,173,18,217,22,24,19,52,79,62,92,95,86,21,21,36,72,46,74,78,131
2019,4,0327170,1452,706,49,746,51,75,5,101,7,154,11,187,13,150,10,226,16,224,15,335,23,36,52,87,115,84,117,103,112,39,49,67,72,66,109,121,223
2019,4,0327174,345,187,54,158,46,10,3,15,4,37,11,48,14,35,10,55,16,75,22,70,20,7,9,21,27,24,33,36,30,3,6,16,21,11,22,39,40
2019,4,0327196,584,299,51,285,49,42,7,35,6,66,11,89,15,40,7,89,15,108,18,115,20,28,18,37,54,22,40,56,44,14,17,29,35,18,49,52,71
2019,4,0328200,3339,1590,48,1749,52,233,7,257,8,282,8,433,13,376,11,458,14,502,15,798,24,128,132,133,244,198,239,237,279,105,125,149,189,178,219,265,519
2019,4,0360201,6674,2968,44,3706,56,442,7,521,8,660,10,825,12,719,11,951,14,1014,15,1542,23,227,257,325,438,354,428,426,513,215,264,335,387,365,523,588,1029
2019,4,0360242,1234,587,48,647,52,78,6,80,6,155,13,126,10,145,12,199,16,182,15,269,22,40,39,80,71,72,102,93,90,38,41,75,55,73,97,89,179
2019,4,0360244,377,169,45,208,55,28,7,36,10,30,8,66,18,31,8,43,11,69,18,74,20,11,17,13,34,16,26,29,23,17,19,17,32,15,17,40,51
2019,4,0360252,299,147,49,152,51,12,4,20,7,51,17,33,11,23,8,57,19,52,17,51,17,8,10,29,21,10,25,29,15,4,10,22,12,13,32,23,36
2019,4,0360256,947,469,50,478,50,65,7,77,8,105,11,114,12,97,10,142,15,165,17,182,19,42,31,53,67,57,77,84,58,23,46,52,47,40,65,81,124
2019,4,0360258,393,181,46,212,54,26,7,26,7,39,10,45,11,36,9,81,21,63,16,77,20,20,14,19,18,21,38,31,20,6,12,20,27,15,43,32,57
2019,4,0360260,398,183,46,215,54,40,10,35,9,54,14,49,12,42,11,67,17,48,12,63,16,18,20,31,23,17,30,23,21,22,15,23,26,25,37,25,42
2019,4,0360264,142,60,42,82,58,8,6,12,8,8,6,20,14,12,8,21,15,26,18,35,25,4,4,3,11,7,7,15,9,4,8,5,9,5,14,11,26
2019,4,0360268,693,321,46,372,54,43,6,53,8,87,13,78,11,64,9,99,14,93,13,176,25,24,24,51,36,35,42,52,57,19,29,36,42,29,57,41,119
2019,4,0360272,360,180,50,180,50,24,7,44,12,47,13,40,11,35,10,63,18,44,12,63,18,15,22,24,24,15,35,19,26,9,22,23,16,20,28,25,37
2019,4,0360274,488,230,47,258,53,26,5,36,7,56,11,57,12,36,7,91,19,66,14,120,25,11,18,31,33,18,41,38,40,15,18,25,24,18,50,28,80
2019,4,0360276,295,141,48,154,52,18,6,26,9,35,12,26,9,46,16,39,13,47,16,58,20,9,13,16,15,26,25,20,17,9,13,19,11,20,14,27,41
2019,4,0360280,565,269,48,296,52,29,5,56,10,64,11,67,12,52,9,91,16,72,13,134,24,16,27,28,38,23,46,42,49,13,29,36,29,29,45,30,85
2019,4,0360288,289,138,48,151,52,14,5,15,5,25,9,50,17,17,6,59,20,56,19,53,18,6,8,13,29,8,28,29,17,8,7,12,21,9,31,27,36
2019,4,0360294,301,153,51,148,49,22,7,24,8,32,11,43,14,26,9,48,16,48,16,58,19,15,14,23,25,14,25,23,14,7,10,9,18,12,23,25,44
2019,4,0360296,664,331,50,333,50,34,5,49,7,93,14,76,11,86,13,101,15,103,16,122,18,17,28,50,36,51,49,50,50,17,21,43,40,35,52,53,72
2019,4,0360805,841,399,47,442,53,54,6,55,7,92,11,105,12,106,13,126,15,111,13,192,23,25,25,45,58,62,59,56,69,29,30,47,47,44,67,55,123
2019,4,0360825,420,218,52,202,48,41,10,38,9,42,10,70,17,34,8,69,16,53,13,73,17,22,24,27,41,18,30,31,25,19,14,15,29,16,39,22,48
2019,4,0360848,804,388,48,416,52,66,8,68,8,93,12,96,12,95,12,97,12,118,15,171,21,36,31,57,52,48,47,64,53,30,37,36,44,47,50,54,118
2019,4,0360884,689,344,50,345,50,43,6,59,9,55,8,88,13,67,10,91,13,105,15,181,26,27,32,26,57,37,48,56,61,16,27,29,31,30,43,49,120
2019,4,0360890,533,278,52,255,48,32,6,34,6,73,14,79,15,53,10,86,16,73,14,103,19,19,16,39,55,27,45,40,37,13,18,34,24,26,41,33,66
2019,4,0380201,6051,2689,44,3362,56,392,6,485,8,566,9,752,12,669,11,828,14,1030,17,1329,22,213,266,275,388,322,396,418,411,179,219,291,364,347,432,612,918
2019,4,0380246,632,321,51,311,49,49,8,39,6,71,11,68,11,67,11,106,17,94,15,138,22,23,18,46,46,37,47,51,53,26,21,25,22,30,59,43,85
2019,4,0380248,411,205,50,206,50,29,7,27,7,50,12,47,11,50,12,57,14,76,18,75,18,15,18,25,26,31,29,39,22,14,9,25,21,19,28,37,53
2019,4,0380250,665,332,50,333,50,30,5,51,8,79,12,75,11,60,9,131,20,98,15,141,21,15,30,38,48,34,68,49,50,15,21,41,27,26,63,49,91
2019,4,0380252,506,253,50,253,50,37,7,18,4,78,15,78,15,31,6,98,19,68,13,98,19,19,13,41,47,13,54,31,35,18,5,37,31,18,44,37,63
2019,4,0380256,333,165,50,168,50,22,7,28,8,39,12,60,18,30,9,53,16,50,15,51,15,15,18,18,34,17,24,24,15,7,10,21,26,13,29,26,36
2019,4,0380258,1351,682,50,669,50,71,5,89,7,143,11,149,11,116,9,187,14,216,16,380,28,36,51,85,79,63,101,115,152,35,38,58,70,53,86,101,228
2019,4,0380266,238,113,47,125,53,15,6,23,10,18,8,24,10,30,13,42,18,39,16,47,20,10,11,8,11,17,19,21,16,5,12,10,13,13,23,18,31
2019,4,0380286,863,408,47,455,53,62,7,64,7,112,13,125,14,73,8,138,16,143,17,146,17,37,31,57,72,42,64,67,38,25,33,55,53,31,74,76,108
2019,4,0380290,372,193,52,179,48,26,7,33,9,45,12,50,13,31,8,77,21,47,13,63,17,17,18,25,31,17,39,25,21,9,15,20,19,14,38,22,42
2019,4,0380294,514,235,46,279,54,29,6,57,11,34,7,58,11,59,11,84,16,76,15,117,23,16,25,11,27,29,50,37,40,13,32,23,31,30,34,39,77
2019,4,0381615,1269,601,47,668,53,64,5,91,7,145,11,124,10,155,12,187,15,210,17,293,23,40,50,76,72,89,79,109,86,24,41,69,52,66,108,101,207
2019,4,0381660,270,137,51,133,49,11,4,12,4,19,7,24,9,29,11,29,11,56,21,90,33,7,9,10,16,16,20,27,32,4,3,9,8,13,9,29,58
2019,4,0381670,602,304,50,298,50,24,4,46,8,76,13,84,14,69,11,84,14,93,15,126,21,10,23,49,57,33,43,47,42,14,23,27,27,36,41,46,84
2019,4,0381678,517,251,49,266,51,26,5,37,7,43,8,62,12,54,10,90,17,82,16,123,24,9,14,20,34,33,56,46,39,17,23,23,28,21,34,36,84
2019,4,0381682,953,460,48,493,52,50,5,53,6,146,15,112,12,89,9,192,20,116,12,195,20,24,29,68,65,47,105,59,63,26,24,78,47,42,87,57,132
2019,4,0381692,418,215,51,203,49,19,5,17,4,55,13,50,12,40,10,62,15,87,21,88,21,10,11,27,30,27,34,46,30,9,6,28,20,13,28,41,58
2019,4,0381698,561,257,46,304,54,23,4,35,6,53,9,78,14,68,12,72,13,119,21,113,20,8,15,29,44,37,38,55,31,15,20,24,34,31,34,64,82
2019,4,0384400,962,474,49,488,51,49,5,56,6,109,11,140,15,78,8,168,17,167,17,195,20,28,32,58,82,43,88,83,60,21,24,51,58,35,80,84,135
2019,4,0387564,826,416,50,410,50,40,5,60,7,110,13,94,11,105,13,125,15,130,16,162,20,19,28,62,56,60,74,63,54,21,32,48,38,45,51,67,108
2019,4,0387574,1281,620,48,661,52,79,6,97,8,141,11,189,15,135,11,198,15,190,15,252,20,36,51,72,100,72,110,94,85,43,46,69,89,63,88,96,167
2019,4,0400201,8381,3695,44,4686,56,632,8,739,9,767,9,1076,13,1063,13,1145,14,1205,14,1754,21,325,369,365,565,528,512,488,543,307,370,402,511,535,633,717,1211
2019,4,0400246,1249,640,51,609,49,78,6,103,8,138,11,154,12,165,13,187,15,178,14,246,20,39,55,68,92,97,106,91,92,39,48,70,62,68,81,87,154
2019,4,0400250,1567,776,50,791,50,117,7,147,9,168,11,218,14,202,13,228,15,224,14,263,17,56,80,95,129,106,108,110,92,61,67,73,89,96,120,114,171
2019,4,0400252,2323,1136,49,1187,51,158,7,212,9,217,9,334,14,282,12,296,13,374,16,450,19,91,111,114,175,157,144,177,167,67,101,103,159,125,152,197,283
2019,4,0400256,625,298,48,327,52,42,7,51,8,61,10,93,15,69,11,106,17,84,13,119,19,18,24,33,53,29,51,42,48,24,27,28,40,40,55,42,71
2019,4,0400260,2006,958,48,1048,52,112,6,155,8,206,10,306,15,219,11,265,13,394,20,349,17,60,68,119,173,108,136,169,125,52,87,87,133,111,129,225,224
2019,4,0400268,3411,1686,49,1725,51,275,8,330,10,336,10,481,14,423,12,461,14,523,15,582,17,146,172,187,259,233,231,246,212,129,158,149,222,190,230,277,370
2019,4,0400272,1336,660,49,676,51,71,5,108,8,138,10,184,14,176,13,203,15,184,14,272,20,35,56,63,112,90,111,89,104,36,52,75,72,86,92,95,168
2019,4,0400292,1819,922,51,897,49,132,7,157,9,181,10,274,15,209,11,281,15,258,14,327,18,70,86,100,166,110,144,131,115,62,71,81,108,99,137,127,212
2019,4,0406400,8345,3966,48,4379,52,669,8,786,9,891,11,1141,14,1126,13,1228,15,1077,13,1427,17,330,408,444,618,562,621,505,478,339,378,447,523,564,607,572,949
2019,4,0407776,1724,827,48,897,52,155,9,130,8,162,9,258,15,205,12,237,14,248,14,329,19,81,74,75,138,113,112,114,120,74,56,87,120,92,125,134,209
2019,4,0407788,747,363,49,384,51,52,7,55,7,74,10,89,12,89,12,96,13,123,16,169,23,25,29,38,56,55,48,57,55,27,26,36,33,34,48,66,114
2019,4,0407796,871,445,51,426,49,78,9,76,9,86,10,122,14,94,11,115,13,137,16,163,19,51,43,49,69,53,59,67,54,27,33,37,53,41,56,70,109
2019,4,0409544,707,352,50,355,50,36,5,57,8,77,11,93,13,104,15,98,14,107,15,135,19,19,25,39,55,58,51,61,44,17,32,38,38,46,47,46,91
2019,4,0409562,539,270,50,269,50,29,5,31,6,59,11,64,12,54,10,78,14,97,18,127,24,11,14,30,40,32,42,53,48,18,17,29,24,22,36,44,79
2019,4,0409580,951,481,51,470,49,40,4,54,6,100,11,146,15,83,9,163,17,142,15,223,23,22,30,60,81,54,74,74,86,18,24,40,65,29,89,68,137
2019,4,0409584,725,358,49,367,51,40,6,62,9,79,11,95,13,82,11,105,14,119,16,143,20,20,37,44,46,47,54,65,45,20,25,35,49,35,51,54,98
2019,4,0409590,863,426,49,437,51,54,6,58,7,97,11,117,14,103,12,125,14,140,16,169,20,27,34,54,72,57,68,66,48,27,24,43,45,46,57,74,121
2019,4,0409594,4008,1930,48,2078,52,356,9,383,10,396,10,527,13,532,13,520,13,546,14,748,19,167,207,208,284,280,256,250,278,189,176,188,243,252,264,296,470
2019,4,0420201,14952,6532,44,8420,56,1262,8,1285,9,1420,9,1964,13,1808,12,1916,13,2038,14,3259,22,669,652,729,967,832,813,814,1056,593,633,691,997,976,1103,1224,2203
2019,4,0420290,1340,669,50,671,50,118,9,120,9,151,11,177,13,164,12,170,13,184,14,256,19,67,67,79,101,87,86,90,92,51,53,72,76,77,84,94,164
2019,4,0421211,1004,474,47,530,53,68,7,77,8,87,9,141,14,122,12,114,11,133,13,262,26,37,43,52,81,60,58,60,83,31,34,35,60,62,56,73,179
2019,4,0421262,2247,1059,47,1188,53,157,7,160,7,196,9,287,13,307,14,295,13,343,15,502,22,75,81,95,158,177,137,160,176,82,79,101,129,130,158,183,326
2019,4,0424742,610,298,49,312,51,34,6,45,7,69,11,65,11,82,13,89,15,104,17,122,20,15,24,30,40,42,46,52,49,19,21,39,25,40,43,52,73
2019,4,0424746,2184,1067,49,1117,51,161,7,183,8,214,10,296,14,282,13,296,14,344,16,408,19,85,85,112,166,147,153,171,148,76,98,102,130,135,143,173,260
2019,4,0424768,726,362,50,364,50,57,8,65,9,77,11,115,16,81,11,104,14,104,14,123,17,30,32,45,65,43,49,51,47,27,33,32,50,38,55,53,76
2019,4,0424778,755,378,50,377,50,49,6,59,8,88,12,89,12,66,9,102,14,99,13,203,27,24,36,50,52,37,47,59,73,25,23,38,37,29,55,40,130
2019,4,0424796,690,376,54,314,46,40,6,46,7,71,10,100,14,92,13,103,15,100,14,138,20,23,31,44,61,55,56,54,52,17,15,27,39,37,47,46,86
2019,4,0425756,1683,787,47,896,53,121,7,110,7,206,12,224,13,182,11,233,14,225,13,382,23,56,47,99,130,105,116,110,124,65,63,107,94,77,117,115,258
2019,4,0425798,328,162,49,166,51,22,7,30,9,37,11,28,9,32,10,47,14,49,15,83,25,10,17,21,12,24,23,27,28,12,13,16,16,8,24,22,55
2019,4,0427360,2671,1230,46,1441,54,174,7,212,8,278,10,318,12,314,12,419,16,400,15,556,21,96,112,145,173,145,200,189,170,78,100,133,145,169,219,211,386
2019,4,0427364,703,349,50,354,50,55,8,55,8,85,12,116,17,75,11,100,14,94,13,123,17,36,28,37,62,44,56,49,37,19,27,48,54,31,44,45,86
2019,4,0427372,3682,1735,47,1947,53,288,8,290,8,350,10,508,14,428,12,543,15,526,14,749,20,148,150,176,274,220,253,233,281,140,140,174,234,208,290,293,468
2019,4,0427394,529,266,50,263,50,34,6,44,8,51,10,69,13,58,11,80,15,78,15,115,22,25,27,28,38,27,36,41,44,9,17,23,31,31,44,37,71
2019,4,0427574,1364,684,50,680,50,95,7,111,8,128,9,180,13,144,11,214,16,198,15,294,22,49,60,75,101,81,112,95,111,46,51,53,79,63,102,103,183
2019,4,0427580,1010,499,49,511,51,74,7,89,9,107,11,151,15,116,11,138,14,141,14,194,19,42,45,65,84,60,69,70,64,32,44,42,67,56,69,71,130
2019,4,0427582,1246,626,50,620,50,110,9,102,8,110,9,190,15,133,11,164,13,170,14,267,21,68,52,57,101,73,87,94,94,42,50,53,89,60,77,76,173
2019,4,0427748,778,381,49,397,51,31,4,65,8,68,9,97,12,87,11,107,14,119,15,204,26,11,30,33,66,44,53,65,79,20,35,35,31,43,54,54,125
2019,4,0427776,2243,1054,47,1189,53,130,6,173,8,232,10,295,13,263,12,326,15,317,14,507,23,58,91,122,154,141,152,156,180,72,82,110,141,122,174,161,327
2019,4,0429350,722,359,50,363,50,53,7,51,7,71,10,113,16,69,10,95,13,123,17,147,20,26,29,32,65,39,47,65,56,27,22,39,48,30,48,58,91
2019,4,0429354,579,286,49,293,51,28,5,47,8,60,10,100,17,70,12,106,18,81,14,87,15,13,21,34,50,42,52,44,30,15,26,26,50,28,54,37,57
2019,4,0429358,278,144,52,134,48,14,5,16,6,30,11,44,16,28,10,37,13,54,19,55,20,9,8,16,30,20,16,28,17,5,8,14,14,8,21,26,38
2019,4,0429386,725,368,51,357,49,41,6,64,9,67,9,114,16,64,9,122,17,103,14,150,21,18,36,38,65,37,64,50,60,23,28,29,49,27,58,53,90
2019,4,0429392,1229,621,51,608,49,64,5,78,6,116,9,176,14,133,11,180,15,206,17,276,22,37,41,60,106,74,93,112,98,27,37,56,70,59,87,94,178
2019,4,0440242,491,226,46,265,54,25,5,36,7,55,11,52,11,52,11,83,17,79,16,109,22,14,20,24,27,26,44,42,29,11,16,31,25,26,39,37,80
2019,4,0440246,445,227,51,218,49,11,2,27,6,52,12,40,9,42,9,75,17,83,19,115,26,6,10,29,26,26,40,45,45,5,17,23,14,16,35,38,70
2019,4,0440250,1162,609,52,553,48,56,5,78,7,90,8,161,14,143,12,193,17,202,17,239,21,31,48,50,102,96,95,98,89,25,30,40,59,47,98,104,150
2019,4,0440252,646,337,52,309,48,36,6,43,7,68,11,95,15,71,11,99,15,112,17,122,19,21,20,37,57,44,52,58,48,15,23,31,38,27,47,54,74
2019,4,0440260,1786,894,50,892,50,93,5,118,7,157,9,246,14,210,12,261,15,304,17,397,22,52,64,85,144,114,131,152,152,41,54,72,102,96,130,152,245
2019,4,0440262,1155,594,51,561,49,35,3,63,5,111,10,129,11,147,13,206,18,209,18,255,22,19,37,62,78,78,116,107,97,16,26,49,51,69,90,102,158
2019,4,0440264,1102,550,50,552,50,37,3,51,5,107,10,123,11,136,12,190,17,207,19,251,23,21,21,59,77,70,101,102,99,16,30,48,46,66,89,105,152
2019,4,0440268,965,505,52,460,48,37,4,49,5,87,9,109,11,126,13,127,13,204,21,226,23,25,28,42,67,90,67,106,80,12,21,45,42,36,60,98,146
2019,4,0440270,732,373,51,359,49,40,5,50,7,80,11,71,10,100,14,119,16,127,17,145,20,20,29,48,41,49,69,64,53,20,21,32,30,51,50,63,92
2019,4,0440272,743,335,45,408,55,25,3,41,6,71,10,87,12,82,11,118,16,138,19,181,24,10,12,36,52,46,52,68,59,15,29,35,35,36,66,70,122
2019,4,0440274,4662,2170,47,2492,53,327,7,288,6,429,9,559,12,611,13,736,16,726,16,986,21,165,139,214,292,314,352,339,355,162,149,215,267,297,384,387,631
2019,4,0440276,537,249,46,288,54,31,6,40,7,32,6,55,10,56,10,82,15,109,20,132,25,14,21,14,31,31,41,53,44,17,19,18,24,25,41,56,88
2019,4,0440284,540,266,49,274,51,32,6,24,4,42,8,66,12,47,9,84,16,104,19,141,26,16,8,23,36,29,44,65,45,16,16,19,30,18,40,39,96
2019,4,0440286,1008,507,50,501,50,42,4,48,5,79,8,116,12,118,12,178,18,156,15,271,27,20,31,42,68,73,98,80,95,22,17,37,48,45,80,76,176
2019,4,0440288,928,447,48,481,52,33,4,63,7,86,9,89,10,118,13,147,16,156,17,236,25,18,32,52,43,66,73,85,78,15,31,34,46,52,74,71,158
2019,4,0440292,704,352,50,352,50,24,3,41,6,73,10,69,10,108,15,120,17,108,15,161,23,10,22,41,42,62,65,50,60,14,19,32,27,46,55,58,101
2019,4,0440294,629,314,50,315,50,27,4,47,7,56,9,73,12,57,9,117,19,105,17,147,23,13,28,33,40,31,63,53,53,14,19,23,33,26,54,52,94
2019,4,0440296,533,266,50,267,50,33,6,45,8,54,10,67,13,57,11,83,16,82,15,112,21,21,20,26,37,29,45,43,45,12,25,28,30,28,38,39,67
2019,4,0440298,1430,691,48,739,52,52,4,87,6,129,9,146,10,171,12,191,13,254,18,400,28,32,47,64,86,91,101,127,143,20,40,65,60,80,90,127,257
2019,4,0440807,2251,973,43,1278,57,142,6,168,7,232,10,229,10,243,11,324,14,351,16,562,25,66,79,101,126,112,145,161,183,76,89,131,103,131,179,190,379
2019,4,0440815,606,282,47,324,53,30,5,48,8,43,7,69,11,54,9,82,14,103,17,177,29,17,26,19,41,31,42,46,60,13,22,24,28,23,40,57,117
2019,4,0440835,241,129,54,112,46,6,2,13,5,17,7,31,13,25,10,51,21,52,22,46,19,3,9,12,16,16,25,32,16,3,4,5,15,9,26,20,30
2019,4,0440844,753,373,50,380,50,25,3,37,5,76,10,105,14,69,9,108,14,149,20,184,24,13,21,39,66,39,59,70,66,12,16,37,39,30,49,79,118
2019,4,0440854,467,241,52,226,48,19,4,32,7,37,8,71,15,38,8,72,15,98,21,100,21,9,17,27,42,23,34,52,37,10,15,10,29,15,38,46,63
2019,4,0440856,715,338,47,377,53,45,6,54,8,74,10,89,12,65,9,116,16,117,16,155,22,22,28,38,45,31,57,63,54,23,26,36,44,34,59,54,101
2019,4,0440880,814,409,50,405,50,56,7,37,5,93,11,120,15,77,9,151,19,136,17,144,18,28,21,46,73,38,81,69,53,28,16,47,47,39,70,67,91
2019,4,0440890,758,368,49,390,51,32,4,39,5,91,12,77,10,74,10,113,15,130,17,202,27,14,21,50,54,37,58,59,75,18,18,41,23,37,55,71,127
2019,4,0460201,8931,4060,45,4871,55,685,8,715,8,899,10,1196,13,1104,12,1237,14,1283,14,1812,20,355,369,457,656,558,548,519,598,330,346,442,540,546,689,764,1214
2019,4,0460242,799,389,49,410,51,49,6,66,8,78,10,97,12,100,13,102,13,119,15,188,24,21,31,38,57,55,56,57,74,28,35,40,40,45,46,62,114
2019,4,0460246,2763,1339,48,1424,52,206,7,274,10,280,10,353,13,351,13,403,15,390,14,506,18,99,140,147,194,177,209,189,184,107,134,133,159,174,194,201,322
2019,4,0460252,1611,779,48,832,52,119,7,125,8,152,9,216,13,188,12,254,16,235,15,322,20,66,65,80,125,95,123,111,114,53,60,72,91,93,131,124,208
2019,4,0460254,801,407,51,394,49,68,8,63,8,88,11,115,14,94,12,108,13,125,16,140,17,36,34,48,68,49,55,59,58,32,29,40,47,45,53,66,82
2019,4,0460260,707,344,49,363,51,48,7,72,10,78,11,101,14,98,14,98,14,101,14,111,16,24,39,45,49,49,53,51,34,24,33,33,52,49,45,50,77
2019,4,0460268,869,411,47,458,53,72,8,73,8,94,11,116,13,106,12,114,13,127,15,167,19,35,43,46,62,58,59,55,53,37,30,48,54,48,55,72,114
2019,4,0460272,1052,512,49,540,51,86,8,84,8,118,11,174,17,119,11,151,14,153,15,167,16,40,43,69,93,63,76,73,55,46,41,49,81,56,75,80,112
2019,4,0460280,664,343,52,321,48,47,7,43,6,63,9,103,16,65,10,101,15,98,15,144,22,27,24,31,61,40,49,44,67,20,19,32,42,25,52,54,77
2019,4,0460284,803,395,49,408,51,45,6,67,8,98,12,108,13,82,10,116,14,128,16,159,20,25,30,55,61,40,64,58,62,20,37,43,47,42,52,70,97
2019,4,0460298,419,214,51,205,49,40,10,42,10,48,11,53,13,45,11,60,14,51,12,80,19,20,27,21,27,25,31,26,37,20,15,27,26,20,29,25,43
2019,4,0460805,2294,1022,45,1272,55,151,7,198,9,221,10,255,11,207,9,310,14,349,15,603,26,89,95,107,123,106,144,150,208,62,103,114,132,101,166,199,395
2019,4,0460825,603,258,43,345,57,28,5,56,9,53,9,65,11,61,10,89,15,96,16,155,26,11,32,25,30,29,39,43,49,17,24,28,35,32,50,53,106
2019,4,0460850,1451,652,45,799,55,81,6,107,7,166,11,172,12,155,11,185,13,228,16,357,25,39,48,86,90,81,94,103,111,42,59,80,82,74,91,125,246
2019,4,0460864,329,154,47,175,53,27,8,28,9,30,9,40,12,31,9,59,18,43,13,71,22,10,14,15,23,16,30,21,25,17,14,15,17,15,29,22,46
2019,4,0460876,386,193,50,193,50,20,5,25,6,50,13,60,16,37,10,63,16,57,15,74,19,9,16,30,36,13,40,23,26,11,9,20,24,24,23,34,48
2019,4,0460890,285,135,47,150,53,27,9,23,8,23,8,34,12,30,11,30,11,41,14,77,27,15,10,6,20,22,16,17,29,12,13,17,14,8,14,24,48
2019,4,0460894,791,416,53,375,47,55,7,73,9,110,14,109,14,95,12,96,12,116,15,137,17,27,42,71,65,57,45,60,49,28,31,39,44,38,51,56,88
2019,4,0468944,864,418,48,446,52,51,6,57,7,98,11,123,14,104,12,108,13,140,16,183,21,28,34,45,74,55,51,64,67,23,23,53,49,49,57,76,116
2019,4,0468956,550,266,48,284,52,41,7,36,7,60,11,77,14,63,11,70,13,81,15,122,22,21,21,29,46,37,40,32,40,20,15,31,31,26,30,49,82
2019,4,0468988,1918,910,47,1008,53,130,7,137,7,165,9,285,15,181,9,288,15,262,14,470,25,73,70,93,160,102,136,120,156,57,67,72,125,79,152,142,314
2019,4,0500201,7272,3262,45,4010,55,477,7,563,8,731,10,919,13,898,12,1055,15,1140,16,1489,20,218,291,384,500,416,506,488,459,259,272,347,419,482,549,652,1030
2019,4,0500244,1332,650,49,682,51,81,6,119,9,147,11,151,11,150,11,213,16,197,15,274,21,35,62,78,89,81,118,99,88,46,57,69,62,69,95,98,186
2019,4,0500248,992,497,50,495,50,81,8,73,7,117,12,131,13,115,12,132,13,168,17,175,18,41,35,55,74,61,71,87,73,40,38,62,57,54,61,81,102
2019,4,0500252,442,230,52,212,48,41,9,27,6,49,11,81,18,36,8,65,15,73,17,70,16,20,15,31,51,19,33,38,23,21,12,18,30,17,32,35,47
2019,4,0500256,560,287,51,273,49,35,6,38,7,83,15,74,13,48,9,80,14,85,15,117,21,19,20,42,43,32,42,38,51,16,18,41,31,16,38,47,66
2019,4,0500260,980,468,48,512,52,70,7,68,7,109,11,134,14,122,12,130,13,149,15,198,20,36,34,56,68,74,57,72,71,34,34,53,66,48,73,77,127
2019,4,0500264,1352,642,47,710,53,83,6,108,8,139,10,178,13,137,10,199,15,203,15,305,23,43,49,71,103,66,109,103,98,40,59,68,75,71,90,100,207
2019,4,0500268,901,466,52,435,48,52,6,52,6,75,8,119,13,131,15,139,15,153,17,180,20,30,30,35,70,72,81,81,67,22,22,40,49,59,58,72,113
2019,4,0500272,1243,612,49,631,51,97,8,92,7,130,10,214,17,137,11,152,12,199,16,222,18,54,50,59,126,71,72,101,79,43,42,71,88,66,80,98,143
2019,4,0500276,451,219,49,232,51,33,7,20,4,34,8,55,12,44,10,52,12,62,14,151,33,23,12,18,36,21,32,34,43,10,8,16,19,23,20,28,108
2019,4,0500284,1194,594,50,600,50,81,7,104,9,143,12,169,14,142,12,174,15,161,13,220,18,50,59,79,80,80,88,77,81,31,45,64,89,62,86,84,139
2019,4,0500288,913,454,50,459,50,61,7,63,7,126,14,130,14,102,11,136,15,140,15,155,17,30,35,71,78,48,68,68,56,31,28,55,52,54,68,72,99
2019,4,0500290,1578,750,48,828,52,112,7,132,8,162,10,223,14,190,12,220,14,247,16,292,19,54,68,89,119,98,106,114,102,58,64,73,104,92,114,133,190
2019,4,0500294,796,372,47,424,53,69,9,53,7,92,12,125,16,74,9,117,15,113,14,153,19,38,24,47,64,39,54,59,47,31,29,45,61,35,63,54,106
2019,4,0540248,1883,900,48,983,52,122,6,151,8,194,10,247,13,232,12,249,13,299,16,389,21,64,71,112,132,125,129,126,141,58,80,82,115,107,120,173,248
2019,4,0540252,2616,1276,49,1340,51,177,7,201,8,245,9,387,15,359,14,358,14,407,16,482,18,104,97,129,211,195,177,195,168,73,104,116,176,164,181,212,314
2019,4,0540256,2536,1249,49,1287,51,138,5,217,9,243,10,366,14,322,13,374,15,385,15,491,19,77,113,128,216,172,176,181,186,61,104,115,150,150,198,204,305
2019,4,0540258,1900,887,47,1013,53,126,7,144,8,149,8,234,12,233,12,241,13,328,17,445,23,69,82,72,119,133,119,150,143,57,62,77,115,100,122,178,302
2019,4,0540260,728,355,49,373,51,56,8,72,10,67,9,123,17,85,12,85,12,112,15,128,18,31,31,39,65,46,41,61,41,25,41,28,58,39,44,51,87
2019,4,0540262,1980,979,49,1001,51,138,7,172,9,183,9,269,14,273,14,279,14,285,14,381,19,83,86,85,159,148,139,140,139,55,86,98,110,125,140,145,242
2019,4,0540270,1365,667,49,698,51,97,7,103,8,118,9,209,15,179,13,176,13,226,17,257,19,38,53,58,125,94,87,114,98,59,50,60,84,85,89,112,159
2019,4,0540274,1426,709,50,717,50,96,7,105,7,175,12,201,14,175,12,210,15,202,14,262,18,51,58,94,119,96,101,98,92,45,47,81,82,79,109,104,170
2019,4,0540282,1706,822,48,884,52,141,8,153,9,166,10,254,15,231,14,254,15,204,12,303,18,63,75,88,133,115,131,106,111,78,78,78,121,116,123,98,192
2019,4,0540286,1710,842,49,868,51,93,5,133,8,155,9,242,14,209,12,262,15,260,15,356,21,53,60,88,132,120,140,129,120,40,73,67,110,89,122,131,236
2019,4,0540290,1415,715,51,700,49,89,6,108,8,134,9,210,15,225,16,212,15,188,13,249,18,44,58,71,112,127,112,99,92,45,50,63,98,98,100,89,157
2019,4,0540292,1298,639,49,659,51,83,6,104,8,148,11,173,13,183,14,182,14,188,14,237,18,39,50,75,96,102,94,96,87,44,54,73,77,81,88,92,150
2019,4,0540296,1357,669,49,688,51,83,6,131,10,160,12,168,12,181,13,169,12,181,13,284,21,42,71,92,92,96,99,77,100,41,60,68,76,85,70,104,184
2019,4,0546744,4321,2088,48,2233,52,456,11,403,9,394,9,623,14,644,15,587,14,536,12,678,16,220,207,205,330,344,299,252,231,236,196,189,293,300,288,284,447
2019,4,0546766,4059,1849,46,2210,54,485,12,435,11,319,8,515,13,627,15,483,12,438,11,757,19,251,212,163,236,281,241,212,253,234,223,156,279,346,242,226,504
2019,4,0546778,1558,778,50,780,50,161,10,155,10,161,10,220,14,194,12,212,14,202,13,253,16,87,70,90,118,98,117,103,95,74,85,71,102,96,95,99,158
2019,4,0560248,834,404,48,430,52,44,5,67,8,78,9,129,15,105,13,112,13,127,15,172,21,17,30,43,70,49,63,68,64,27,37,35,59,56,49,59,108
2019,4,0560252,432,206,48,226,52,32,7,30,7,50,12,82,19,42,10,56,13,71,16,69,16,15,14,24,50,20,31,30,22,17,16,26,32,22,25,41,47
2019,4,0560254,527,277,53,250,47,27,5,19,4,53,10,69,13,46,9,83,16,101,19,129,24,11,10,30,43,27,49,58,49,16,9,23,26,19,34,43,80
2019,4,0560266,492,249,51,243,49,28,6,26,5,59,12,71,14,41,8,84,17,85,17,98,20,16,10,30,45,20,44,45,39,12,16,29,26,21,40,40,59
2019,4,0560274,421,205,49,216,51,18,4,30,7,48,11,53,13,31,7,72,17,67,16,102,24,9,17,21,28,21,37,34,38,9,13,27,25,10,35,33,64
2019,4,0560282,841,414,49,427,51,38,5,56,7,105,12,103,12,85,10,128,15,126,15,200,24,18,29,60,64,48,68,65,62,20,27,45,39,37,60,61,138
2019,4,0560298,739,372,50,367,50,50,7,52,7,73,10,111,15,70,9,110,15,120,16,153,21,25,26,41,67,45,54,61,53,25,26,32,44,25,56,59,100
2019,4,0560805,1016,470,46,546,54,62,6,68,7,98,10,141,14,109,11,164,16,152,15,222,22,27,38,53,81,55,69,75,72,35,30,45,60,54,95,77,150
2019,4,0560825,360,195,54,165,46,16,4,26,7,38,11,55,15,27,8,70,19,55,15,73,20,8,19,19,34,20,31,36,28,8,7,19,21,7,39,19,45
2019,4,0560844,417,220,53,197,47,24,6,33,8,56,13,54,13,43,10,59,14,67,16,81,19,10,21,35,31,23,31,36,33,14,12,21,23,20,28,31,48
2019,4,0560862,694,382,55,312,45,24,3,33,5,57,8,108,16,83,12,140,20,124,18,125,18,17,15,35,66,48,82,67,52,7,18,22,42,35,58,57,73
2019,4,0561815,1518,704,46,814,54,92,6,124,8,153,10,195,13,161,11,221,15,219,14,353,23,50,61,75,109,86,106,93,124,42,63,78,86,75,115,126,229
2019,4,0561835,595,319,54,276,46,36,6,54,9,68,11,74,12,44,7,104,17,77,13,138,23,23,27,43,48,29,57,42,50,13,27,25,26,15,47,35,88
2019,4,0561858,423,213,50,210,50,19,4,21,5,45,11,54,13,45,11,61,14,70,17,108,26,9,13,26,32,29,34,35,35,10,8,19,22,16,27,35,73
2019,4,0561880,485,241,50,244,50,39,8,36,7,62,13,70,14,49,10,83,17,57,12,89,18,16,19,37,36,26,46,30,31,23,17,25,34,23,37,27,58
2019,4,0561888,529,262,50,267,50,25,5,33,6,45,9,76,14,48,9,87,16,79,15,136,26,9,20,21,49,27,46,40,50,16,13,24,27,21,41,39,86
2019,4,0566946,569,283,50,286,50,34,6,35,6,62,11,74,13,58,10,98,17,89,16,119,21,24,21,28,47,35,48,44,36,10,14,34,27,23,50,45,83
2019,4,0566968,817,411,50,406,50,58,7,60,7,79,10,118,14,79,10,125,15,145,18,153,19,22,34,42,64,40,70,80,59,36,26,37,54,39,55,65,94
2019,4,0566970,1812,876,48,936,52,117,6,170,9,167,9,219,12,207,11,210,12,287,16,435,24,57,84,82,117,102,116,150,168,60,86,85,102,105,94,137,267
2019,4,0566976,624,311,50,313,50,32,5,39,6,69,11,69,11,66,11,118,19,113,18,118,19,17,16,36,40,39,63,59,41,15,23,33,29,27,55,54,77
2019,4,0566994,1040,538,52,502,48,81,8,100,10,111,11,151,15,112,11,150,14,151,15,184,18,39,53,69,82,68,79,82,66,42,47,42,69,44,71,69,118
2019,4,0566996,621,316,51,305,49,53,9,49,8,73,12,74,12,51,8,105,17,99,16,117,19,25,23,40,44,29,60,50,45,28,26,33,30,22,45,49,72
2019,4,0568786,2645,1286,49,1359,51,203,8,234,9,255,10,364,14,319,12,389,15,428,16,453,17,109,128,144,195,164,194,197,155,94,106,111,169,155,195,231,298
2019,4,0568790,674,338,50,336,50,25,4,50,7,65,10,86,13,79,12,111,16,98,15,160,24,13,24,34,48,53,59,42,65,12,26,31,38,26,52,56,95
2019,4,0600201,7605,3306,43,4299,57,400,5,547,7,718,9,753,10,832,11,1132,15,1401,18,1822,24,189,272,378,403,401,489,586,588,211,275,340,350,431,643,815,1234
2019,4,0600248,464,239,52,225,48,14,3,16,3,36,8,59,13,33,7,88,19,88,19,130,28,7,7,20,40,17,51,46,51,7,9,16,19,16,37,42,79
2019,4,0600262,855,409,48,446,52,36,4,63,7,74,9,81,9,73,9,139,16,165,19,224,26,19,29,44,46,39,80,79,73,17,34,30,35,34,59,86,151
2019,4,0600264,535,249,47,286,53,21,4,24,4,63,12,53,10,53,10,81,15,98,18,142,27,8,11,31,30,26,40,51,52,13,13,32,23,27,41,47,90
2019,4,0600268,604,316,52,288,48,24,4,50,8,64,11,71,12,56,9,83,14,125,21,131,22,13,22,41,42,27,50,73,48,11,28,23,29,29,33,52,83
2019,4,0600270,438,232,53,206,47,12,3,24,5,31,7,39,9,48,11,70,16,93,21,121,28,8,12,19,24,32,38,51,48,4,12,12,15,16,32,42,73
2019,4,0600274,456,220,48,236,52,22,5,23,5,34,7,49,11,30,7,95,21,79,17,124,27,11,10,24,23,16,53,38,45,11,13,10,26,14,42,41,79
2019,4,0600278,427,215,50,212,50,22,5,27,6,36,8,52,12,34,8,68,16,83,19,105,25,7,10,23,26,21,34,47,47,15,17,13,26,13,34,36,58
2019,4,0600284,401,204,51,197,49,14,3,17,4,35,9,43,11,31,8,61,15,90,22,110,27,9,9,20,29,15,36,47,39,5,8,15,14,16,25,43,71
2019,4,0600286,738,362,49,376,51,25,3,49,7,82,11,71,10,68,9,117,16,140,19,186,25,12,27,44,43,33,61,81,61,13,22,38,28,35,56,59,125
2019,4,0600288,501,242,48,259,52,33,7,33,7,44,9,63,13,39,8,77,15,107,21,105,21,17,17,24,34,19,36,59,36,16,16,20,29,20,41,48,69
2019,4,0600296,1089,518,48,571,52,44,4,76,7,122,11,96,9,123,11,172,16,180,17,276,25,24,32,60,60,60,92,77,113,20,44,62,36,63,80,103,163
2019,4,0601009,2027,928,46,1099,54,114,6,154,8,204,10,222,11,204,10,314,15,309,15,506,25,52,68,113,125,105,145,149,171,62,86,91,97,99,169,160,335
2019,4,0601042,961,473,49,488,51,40,4,52,5,101,11,124,13,97,10,177,18,173,18,197,20,21,25,50,73,56,84,95,69,19,27,51,51,41,93,78,128
2019,4,0601044,474,233,49,241,51,20,4,28,6,69,15,37,8,59,12,90,19,76,16,95,20,9,16,31,22,32,49,42,32,11,12,38,15,27,41,34,63
2019,4,0601046,410,188,46,222,54,25,6,26,6,59,14,46,11,45,11,64,16,67,16,78,19,11,13,31,26,21,33,30,23,14,13,28,20,24,31,37,55
2019,4,0601050,301,159,53,142,47,12,4,16,5,28,9,29,10,34,11,56,19,62,21,64,21,5,9,16,22,17,35,32,23,7,7,12,7,17,21,30,41
2019,4,0601054,644,306,48,338,52,45,7,41,6,78,12,81,13,65,10,94,15,119,18,121,19,18,20,41,44,38,47,61,37,27,21,37,37,27,47,58,84
2019,4,0601056,618,306,50,312,50,23,4,43,7,67,11,66,11,66,11,89,14,104,17,160,26,11,25,34,37,36,47,58,58,12,18,33,29,30,42,46,102
2019,4,0601076,425,209,49,216,51,30,7,33,8,50,12,52,12,47,11,63,15,86,20,64,15,14,15,27,26,28,40,37,22,16,18,23,26,19,23,49,42
2019,4,0601080,147,84,57,63,43,5,3,7,5,14,10,19,13,14,10,38,26,22,15,28,19,3,6,10,15,11,19,9,11,2,1,4,4,3,19,13,17
2019,4,0601090,303,145,48,158,52,15,5,19,6,28,9,34,11,22,7,44,15,57,19,84,28,9,9,11,20,11,22,31,32,6,10,17,14,11,22,26,52
2019,4,0601092,448,227,51,221,49,21,5,35,8,36,8,63,14,52,12,71,16,82,18,88,20,16,18,17,39,32,36,43,26,5,17,19,24,20,35,39,62
2019,4,0604342,1628,777,48,851,52,82,5,107,7,174,11,203,12,121,7,280,17,298,18,363,22,42,54,85,118,64,140,151,123,40,53,89,85,57,140,147,240
2019,4,0604358,380,189,50,191,50,7,2,20,5,43,11,30,8,40,11,51,13,81,21,108,28,4,12,25,18,22,27,44,37,3,8,18,12,18,24,37,71
2019,4,0604372,645,327,51,318,49,16,2,36,6,57,9,68,11,68,11,109,17,126,20,165,26,6,16,34,34,38,58,72,69,10,20,23,34,30,51,54,96
2019,4,0604394,533,272,51,261,49,24,5,43,8,67,13,52,10,62,12,88,17,85,16,112,21,11,24,30,35,33,50,49,40,13,19,37,17,29,38,36,72
2019,4,0620201,10425,4622,44,5803,56,741,7,870,8,1106,11,1379,13,1298,12,1366,13,1445,14,2220,21,372,444,561,686,630,604,603,722,369,426,545,693,668,762,842,1498
2019,4,0620246,800,399,50,401,50,48,6,72,9,113,14,105,13,90,11,106,13,128,16,138,17,25,42,51,60,49,57,65,50,23,30,62,45,41,49,63,88
2019,4,0620250,520,267,51,253,49,20,4,24,5,48,9,77,15,46,9,98,19,112,22,95,18,9,11,31,48,27,51,55,35,11,13,17,29,19,47,57,60
2019,4,0620254,342,177,52,165,48,33,10,32,9,42,12,49,14,42,12,36,11,56,16,52,15,15,14,26,28,24,19,31,20,18,18,16,21,18,17,25,32
2019,4,0620258,680,348,51,332,49,38,6,52,8,91,13,82,12,87,13,95,14,100,15,135,20,25,27,47,50,45,53,51,50,13,25,44,32,42,42,49,85
2019,4,0620260,1852,888,48,964,52,149,8,173,9,212,11,256,14,235,13,225,12,278,15,324,17,82,88,109,123,121,115,134,116,67,85,103,133,114,110,144,208
2019,4,0620264,950,470,49,480,51,55,6,80,8,119,13,135,14,105,11,129,14,150,16,177,19,25,36,65,71,62,67,72,72,30,44,54,64,43,62,78,105
2019,4,0620272,994,466,47,528,53,96,10,99,10,102,10,132,13,133,13,123,12,144,14,165,17,49,44,48,67,62,62,74,60,47,55,54,65,71,61,70,105
2019,4,0620274,966,490,51,476,49,73,8,90,9,97,10,158,16,103,11,120,12,151,16,174,18,37,51,53,88,52,58,76,75,36,39,44,70,51,62,75,99
2019,4,0620280,823,394,48,429,52,55,7,49,6,82,10,105,13,102,12,100,12,139,17,191,23,22,26,37,58,55,56,65,75,33,23,45,47,47,44,74,116
2019,4,0620284,1424,708,50,716,50,115,8,137,10,165,12,215,15,166,12,205,14,186,13,235,17,63,77,87,113,84,111,80,93,52,60,78,102,82,94,106,142
2019,4,0620290,667,321,48,346,52,42,6,54,8,64,10,104,16,81,12,85,13,106,16,131,20,24,24,30,55,44,35,58,51,18,30,34,49,37,50,48,80
2019,4,0620292,784,401,51,383,49,47,6,75,10,106,14,121,15,87,11,85,11,131,17,132,17,22,41,58,76,44,42,66,52,25,34,48,45,43,43,65,80
2019,4,0620296,957,478,50,479,50,67,7,101,11,133,14,136,14,115,12,127,13,140,15,138,14,40,52,68,78,51,68,77,44,27,49,65,58,64,59,63,94
2019,4,0621209,1905,862,45,1043,55,111,6,130,7,189,10,243,13,188,10,268,14,301,16,475,25,56,62,90,128,98,130,146,152,55,68,99,115,90,138,155,323
2019,4,0621229,963,481,50,482,50,83,9,92,10,115,12,120,12,128,13,131,14,124,13,170,18,42,47,57,67,70,70,62,66,41,45,58,53,58,61,62,104
2019,4,0621268,541,269,50,272,50,25,5,50,9,64,12,69,13,64,12,63,12,86,16,120,22,10,26,39,37,34,36,41,46,15,24,25,32,30,27,45,74
2019,4,0621278,398,192,48,206,52,19,5,30,8,49,12,56,14,38,10,59,15,66,17,81,20,9,9,28,31,21,34,35,25,10,21,21,25,17,25,31,56
2019,4,0621282,833,401,48,432,52,32,4,56,7,87,10,101,12,97,12,133,16,119,14,208,25,15,29,50,60,57,69,56,65,17,27,37,41,40,64,63,143
2019,4,0624200,1286,612,48,674,52,85,7,98,8,116,9,183,14,137,11,157,12,240,19,270,21,48,49,55,99,72,86,110,93,37,49,61,84,65,71,130,177
2019,4,0640605,4064,1870,46,2194,54,259,6,325,8,411,10,495,12,429,11,580,14,535,13,1030,25,138,154,225,277,224,277,210,365,121,171,186,218,205,303,325,665
2019,4,0640642,758,382,50,376,50,54,7,73,10,86,11,98,13,85,11,104,14,103,14,155,20,26,38,54,58,48,50,50,58,28,35,32,40,37,54,53,97
2019,4,0640648,982,461,47,521,53,71,7,86,9,119,12,144,15,94,10,136,14,154,16,178,18,33,42,61,83,46,63,77,56,38,44,58,61,48,73,77,122
2019,4,0640666,629,315,50,314,50,55,9,59,9,64,10,86,14,67,11,83,13,110,17,105,17,27,34,39,45,36,46,54,34,28,25,25,41,31,37,56,71
2019,4,0640668,1237,617,50,620,50,90,7,108,9,140,11,139,11,120,10,123,10,189,15,328,27,48,55,77,73,66,63,94,141,42,53,63,66,54,60,95,187
2019,4,0640672,494,257,52,237,48,29,6,44,9,54,11,58,12,60,12,76,15,70,14,103,21,14,27,27,33,35,41,39,41,15,17,27,25,25,35,31,62
2019,4,0640807,500,233,47,267,53,31,6,30,6,51,10,62,12,58,12,72,14,65,13,131,26,15,18,25,37,29,29,34,46,16,12,26,25,29,43,31,85
2019,4,0640827,357,182,51,175,49,21,6,25,7,27,8,49,14,42,12,49,14,55,15,89,25,13,12,15,31,26,20,32,33,8,13,12,18,16,29,23,56
2019,4,0640850,584,297,51,287,49,41,7,44,8,69,12,81,14,46,8,92,16,98,17,113,19,24,25,38,49,24,49,52,36,17,19,31,32,22,43,46,77
2019,4,0640888,782,374,48,408,52,73,9,56,7,73,9,95,12,109,14,94,12,107,14,175,22,40,28,40,51,52,52,49,62,33,28,33,44,57,42,58,113
2019,4,0640894,398,205,52,193,48,17,4,23,6,46,12,40,10,47,12,58,15,56,14,111,28,7,15,26,28,32,22,29,46,10,8,20,12,15,36,27,65
2019,4,0641009,3541,1583,45,1958,55,292,8,338,10,344,10,446,13,452,13,461,13,417,12,791,22,131,171,173,210,220,217,172,289,161,167,171,236,232,244,245,502
2019,4,0641044,552,253,46,299,54,34,6,57,10,73,13,70,13,62,11,67,12,76,14,113,20,16,25,35,39,30,30,36,42,18,32,38,31,32,37,40,71
2019,4,0641056,690,354,51,336,49,58,8,55,8,86,12,91,13,67,10,106,15,93,13,134,19,36,30,47,52,33,63,45,48,22,25,39,39,34,43,48,86
2019,4,0641060,2284,1110,49,1174,51,146,6,181,8,225,10,279,12,272,12,331,14,353,15,497,22,77,94,126,156,151,174,164,168,69,87,99,123,121,157,189,329
2019,4,0641076,1295,639,49,656,51,97,7,123,9,133,10,159,12,167,13,180,14,170,13,266,21,48,63,72,90,82,101,82,101,49,60,61,69,85,79,88,165
2019,4,0641413,868,409,47,459,53,35,4,45,5,92,11,96,11,79,9,145,17,137,16,239,28,21,20,51,55,46,77,65,74,14,25,41,41,33,68,72,165
2019,4,0641486,444,237,53,207,47,28,6,27,6,43,10,59,13,44,10,69,16,76,17,98,22,15,12,20,36,26,35,52,41,13,15,23,23,18,34,24,57
2019,4,0641496,1219,593,49,626,51,88,7,107,9,94,8,175,14,130,11,167,14,212,17,246,20,43,55,42,100,72,89,103,89,45,52,52,75,58,78,109,157
2019,4,0641615,1893,867,46,1026,54,108,6,152,8,206,11,243,13,187,10,277,15,283,15,437,23,59,78,104,135,96,130,128,137,49,74,102,108,91,147,155,300
2019,4,0641646,793,394,50,399,50,52,7,88,11,81,10,93,12,76,10,99,12,131,17,173,22,26,43,45,51,36,51,73,69,26,45,36,42,40,48,58,104
2019,4,0641658,574,294,51,280,49,27,5,41,7,57,10,68,12,92,16,79,14,95,17,115,20,14,21,36,40,51,45,49,38,13,20,21,28,41,34,46,77
2019,4,0641664,521,263,50,258,50,29,6,47,9,59,11,72,14,69,13,60,12,83,16,102,20,16,23,34,50,38,27,38,37,13,24,25,22,31,33,45,65
2019,4,0641682,493,265,54,228,46,16,3,64,13,53,11,57,12,55,11,81,16,76,15,91,18,10,41,29,30,34,43,43,35,6,23,24,27,21,38,33,56
2019,4,0641698,773,375,49,398,51,71,9,73,9,81,10,113,15,79,10,104,13,97,13,155,20,34,39,39,67,45,58,47,46,37,34,42,46,34,46,50,109
2019,4,0647978,2371,1186,50,1185,50,107,5,196,8,247,10,297,13,282,12,359,15,351,15,532,22,56,103,135,176,145,181,188,202,51,93,112,121,137,178,163,330
2019,4,0647980,771,389,50,382,50,44,6,65,8,62,8,93,12,94,12,118,15,129,17,166,22,31,34,36,49,54,55,65,65,13,31,26,44,40,63,64,101
2019,4,0648552,556,286,51,270,49,30,5,44,8,47,8,74,13,43,8,95,17,94,17,129,23,14,17,28,51,25,54,48,49,16,27,19,23,18,41,46,80
2019,4,0648584,917,454,50,463,50,43,5,65,7,77,8,115,13,86,9,129,14,158,17,244,27,21,38,45,73,49,66,88,74,22,27,32,42,37,63,70,170
2019,4,0649354,324,175,54,149,46,18,6,15,5,23,7,53,16,21,6,60,19,55,17,79,24,13,9,14,36,14,27,35,27,5,6,9,17,7,33,20,52
2019,4,0649392,1958,924,47,1034,53,157,8,178,9,208,11,225,11,220,11,279,14,230,12,461,24,80,89,108,126,118,151,105,147,77,89,100,99,102,128,125,314
2019,4,0660201,6979,3162,45,3817,55,488,7,549,8,638,9,944,14,860,12,942,13,1020,15,1538,22,247,290,322,479,426,451,435,512,241,259,316,465,434,491,585,1026
2019,4,0660252,1068,549,51,519,49,88,8,81,8,110,10,145,14,120,11,149,14,159,15,216,20,47,49,61,79,74,73,88,78,41,32,49,66,46,76,71,138
2019,4,0660264,2030,1021,50,1009,50,135,7,185,9,236,12,259,13,260,13,289,14,256,13,410,20,70,98,119,148,146,150,124,166,65,87,117,111,114,139,132,244
2019,4,0660268,647,307,47,340,53,45,7,61,9,67,10,77,12,83,13,77,12,116,18,121,19,20,29,30,42,47,37,62,40,25,32,37,35,36,40,54,81
2019,4,0660276,2167,1107,51,1060,49,132,6,153,7,197,9,280,13,279,13,314,14,308,14,504,23,67,80,114,159,151,171,167,198,65,73,83,121,128,143,141,306
2019,4,0660280,1009,481,48,528,52,69,7,78,8,96,10,124,12,107,11,164,16,123,12,248,25,39,30,47,66,58,87,67,87,30,48,49,58,49,77,56,161
2019,4,0660284,1242,626,50,616,50,75,6,88,7,131,11,189,15,146,12,172,14,192,15,249,20,45,52,68,108,81,90,93,89,30,36,63,81,65,82,99,160
2019,4,0660288,1119,544,49,575,51,78,7,67,6,125,11,145,13,107,10,171,15,181,16,245,22,39,34,61,77,59,92,89,93,39,33,64,68,48,79,92,152
2019,4,0661007,1108,513,46,595,54,56,5,88,8,103,9,133,12,123,11,179,16,145,13,281,25,19,54,50,73,65,88,65,99,37,34,53,60,58,91,80,182
2019,4,0661017,850,404,48,446,52,56,7,74,9,91,11,118,14,88,10,118,14,128,15,177,21,29,32,53,73,45,59,61,52,27,42,38,45,43,59,67,125
2019,4,0661027,730,363,50,367,50,60,8,67,9,77,11,103,14,74,10,95,13,113,15,141,19,27,37,40,56,40,47,62,54,33,30,37,47,34,48,51,87
2019,4,0661037,516,267,52,249,48,30,6,39,8,54,10,59,11,59,11,74,14,75,15,126,24,17,16,22,32,35,45,48,52,13,23,32,27,24,29,27,74
2019,4,0661044,572,268,47,304,53,42,7,31,5,64,11,86,15,57,10,74,13,77,13,141,25,30,14,30,48,28,38,38,42,12,17,34,38,29,36,39,99
2019,4,0661048,843,425,50,418,50,66,8,79,9,89,11,155,18,81,10,122,14,99,12,152,18,37,44,61,83,42,60,51,47,29,35,28,72,39,62,48,105
2019,4,0661405,659,313,47,346,53,30,5,37,6,51,8,85,13,70,11,122,19,107,16,157,24,20,17,31,49,35,59,55,47,10,20,20,36,35,63,52,110
2019,4,0661415,2598,1167,45,1431,55,127,5,175,7,248,10,306,12,317,12,400,15,377,15,648,25,70,90,125,160,161,195,156,210,57,85,123,146,156,205,221,438
2019,4,0661425,443,227,51,216,49,16,4,50,11,44,10,52,12,49,11,67,15,79,18,86,19,9,28,27,34,23,33,42,31,7,22,17,18,26,34,37,55
2019,4,0661435,1880,964,51,916,49,111,6,147,8,191,10,268,14,224,12,291,15,283,15,365,19,59,74,108,161,130,151,139,142,52,73,83,107,94,140,144,223
2019,4,0661460,1637,795,49,842,51,70,4,99,6,147,9,224,14,161,10,256,16,285,17,395,24,41,53,76,116,82,138,143,146,29,46,71,108,79,118,142,249
2019,4,0680201,7755,3404,44,4351,56,483,6,562,7,684,9,899,12,1019,13,1171,15,1220,16,1717,22,240,279,357,451,500,553,509,515,243,283,327,448,519,618,711,1202
2019,4,0680246,495,242,49,253,51,28,6,35,7,57,12,56,11,52,11,91,18,73,15,103,21,17,19,30,31,27,46,35,37,11,16,27,25,25,45,38,66
2019,4,0680250,606,301,50,305,50,30,5,31,5,49,8,79,13,67,11,104,17,107,18,139,23,14,15,28,54,35,49,60,46,16,16,21,25,32,55,47,93
2019,4,0680258,937,484,52,453,48,58,6,81,9,110,12,118,13,109,12,162,17,130,14,169,18,26,44,70,72,56,88,71,57,32,37,40,46,53,74,59,112
2019,4,0680260,473,219,46,254,54,19,4,20,4,51,11,44,9,52,11,71,15,93,20,123,26,10,9,24,27,30,38,45,36,9,11,27,17,22,33,48,87
2019,4,0680278,325,163,50,162,50,13,4,13,4,26,8,36,11,30,9,60,18,59,18,88,27,9,8,13,26,17,30,30,30,4,5,13,10,13,30,29,58
2019,4,0680280,373,188,50,185,50,28,8,24,6,24,6,55,15,34,9,53,14,82,22,73,20,14,11,11,34,17,30,45,26,14,13,13,21,17,23,37,47
2019,4,0680286,514,255,50,259,50,33,6,30,6,65,13,42,8,54,11,82,16,73,14,135,26,18,14,35,30,27,46,39,46,15,16,30,12,27,36,34,89
2019,4,0680288,297,154,52,143,48,9,3,9,3,24,8,42,14,35,12,46,15,56,19,76,26,6,3,14,29,16,24,29,33,3,6,10,13,19,22,27,43
2019,4,0680292,388,194,50,194,50,9,2,13,3,28,7,41,11,34,9,65,17,86,22,112,29,5,8,10,21,23,37,49,41,4,5,18,20,11,28,37,71
2019,4,0681009,1923,846,44,1077,56,119,6,165,9,207,11,245,13,223,12,297,15,254,13,413,21,54,80,122,113,110,148,111,108,65,85,85,132,113,149,143,305
2019,4,0681054,320,155,48,165,52,12,4,22,7,27,8,41,13,33,10,67,21,54,17,64,20,6,8,14,22,25,36,24,20,6,14,13,19,8,31,30,44
2019,4,0681068,1082,510,47,572,53,61,6,60,6,98,9,134,12,120,11,150,14,189,17,270,25,27,31,47,83,65,75,83,99,34,29,51,51,55,75,106,171
2019,4,0681070,769,379,49,390,51,40,5,43,6,80,10,99,13,83,11,144,19,131,17,149,19,17,26,44,52,50,75,66,49,23,17,36,47,33,69,65,100
2019,4,0681072,557,259,46,298,54,26,5,29,5,60,11,80,14,56,10,82,15,111,20,113,20,12,10,29,50,30,42,56,30,14,19,31,30,26,40,55,83
2019,4,0681094,606,317,52,289,48,22,4,39,6,80,13,72,12,66,11,94,16,108,18,125,21,10,25,46,46,34,54,55,47,12,14,34,26,32,40,53,78
2019,4,0681817,1379,627,45,752,55,65,5,90,7,148,11,149,11,169,12,219,16,211,15,328,24,36,47,71,90,85,104,82,112,29,43,77,59,84,115,129,216
2019,4,0681864,261,120,46,141,54,5,2,19,7,27,10,32,12,25,10,40,15,45,17,68,26,4,9,16,19,15,16,22,19,1,10,11,13,10,24,23,49
2019,4,0681884,493,247,50,246,50,20,4,27,5,67,14,62,13,60,12,82,17,78,16,97,20,14,12,36,36,34,43,39,33,6,15,31,26,26,39,39,64
2019,4,0681896,510,273,54,237,46,20,4,35,7,56,11,56,11,78,15,67,13,82,16,116,23,9,24,29,33,47,42,42,47,11,11,27,23,31,25,40,69
2019,4,0684944,391,194,50,197,50,47,12,28,7,40,10,50,13,37,9,60,15,55,14,74,19,26,10,19,27,26,32,28,26,21,18,21,23,11,28,27,48
2019,4,0684948,641,305,48,336,52,26,4,46,7,72,11,81,13,71,11,106,17,117,18,122,19,15,19,39,42,39,51,62,38,11,27,33,39,32,55,55,84
2019,4,0684966,251,124,49,127,51,8,3,15,6,25,10,22,9,33,13,40,16,46,18,62,25,3,6,15,12,18,24,26,20,5,9,10,10,15,16,20,42
2019,4,0684990,518,261,50,257,50,31,6,27,5,49,9,82,16,53,10,71,14,91,18,114,22,18,16,26,49,34,34,46,38,13,11,23,33,19,37,45,76
2019,4,0684998,630,301,48,329,52,24,4,36,6,65,10,80,13,67,11,116,18,97,15,145,23,12,15,35,42,42,46,52,57,12,21,30,38,25,70,45,88
2019,4,0700201,6987,3055,44,3932,56,546,8,552,8,668,10,952,14,748,11,972,14,1053,15,1496,21,263,277,317,473,380,438,430,477,283,275,351,479,368,534,623,1019
2019,4,0700242,1266,644,51,622,49,82,6,92,7,157,12,169,13,142,11,177,14,177,14,270,21,38,58,88,94,71,101,95,99,44,34,69,75,71,76,82,171
2019,4,0700244,1208,569,47,639,53,87,7,79,7,138,11,157,13,134,11,158,13,186,15,269,22,53,34,67,82,69,95,81,88,34,45,71,75,65,63,105,181
2019,4,0700246,1396,699,50,697,50,92,7,119,9,139,10,204,15,165,12,197,14,218,16,262,19,50,60,77,122,93,87,117,93,42,59,62,82,72,110,101,169
2019,4,0700250,1124,521,46,603,54,74,7,88,8,151,13,135,12,122,11,143,13,162,14,249,22,41,44,77,75,56,70,74,84,33,44,74,60,66,73,88,165
2019,4,0700262,1614,765,47,849,53,117,7,113,7,186,12,195,12,203,13,200,12,258,16,342,21,65,59,109,103,109,89,102,129,52,54,77,92,94,111,156,213
2019,4,0700266,627,296,47,331,53,41,7,50,8,78,12,67,11,82,13,96,15,94,15,119,19,23,26,33,43,40,50,39,42,18,24,45,24,42,46,55,77
2019,4,0700268,1141,569,50,572,50,64,6,90,8,114,10,171,15,129,11,165,14,178,16,230,20,32,51,58,105,70,85,92,76,32,39,56,66,59,80,86,154
2019,4,0700270,1238,624,50,614,50,72,6,84,7,142,11,174,14,120,10,185,15,166,13,295,24,30,56,83,101,68,91,85,110,42,28,59,73,52,94,81,185
2019,4,0700274,874,407,47,467,53,53,6,62,7,79,9,108,12,90,10,134,15,123,14,225,26,28,28,46,55,48,77,64,61,25,34,33,53,42,57,59,164
2019,4,0700276,606,294,49,312,51,46,8,40,7,56,9,86,14,76,13,85,14,100,17,117,19,26,23,29,42,46,43,50,35,20,17,27,44,30,42,50,82
2019,4,0700282,884,453,51,431,49,52,6,67,8,90,10,139,16,101,11,120,14,131,15,184,21,26,36,45,81,62,68,63,72,26,31,45,58,39,52,68,112
2019,4,0700286,1422,697,49,725,51,96,7,119,8,143,10,221,16,134,9,218,15,213,15,278,20,50,64,78,120,76,113,107,89,46,55,65,101,58,105,106,189
2019,4,0700290,1249,597,48,652,52,113,9,96,8,127,10,186,15,119,10,205,16,163,13,240,19,60,44,62,100,59,106,81,85,53,52,65,86,60,99,82,155
2019,4,0700296,574,283,49,291,51,39,7,35,6,78,14,74,13,57,10,84,15,77,13,130,23,26,18,34,43,27,44,42,49,13,17,44,31,30,40,35,81
2019,4,0700807,1310,626,48,684,52,51,4,77,6,128,10,172,13,146,11,194,15,218,17,324,25,25,48,82,102,70,90,98,111,26,29,46,70,76,104,120,213
2019,4,0700827,1027,500,49,527,51,61,6,80,8,132,13,123,12,111,11,164,16,145,14,211,21,32,36,67,73,61,86,69,76,29,44,65,50,50,78,76,135
2019,4,0701413,1552,737,47,815,53,88,6,109,7,147,9,213,14,173,11,220,14,221,14,381,25,48,57,65,139,94,104,102,128,40,52,82,74,79,116,119,253
2019,4,0701458,672,355,53,317,47,30,4,48,7,69,10,95,14,66,10,125,19,100,15,139,21,19,23,38,63,38,72,55,47,11,25,31,32,28,53,45,92
2019,4,0701817,1760,783,44,977,56,107,6,149,8,183,10,242,14,194,11,227,13,232,13,426,24,52,84,95,126,94,107,105,120,55,65,88,116,100,120,127,306
2019,4,0701878,663,350,53,313,47,28,4,57,9,77,12,102,15,70,11,94,14,94,14,141,21,16,31,42,62,45,54,52,48,12,26,35,40,25,40,42,93
2019,4,0701894,626,310,50,316,50,24,4,31,5,75,12,87,14,60,10,89,14,118,19,142,23,14,23,39,51,31,45,56,51,10,8,36,36,29,44,62,91
2019,4,0705554,1950,883,45,1067,55,113,6,160,8,196,10,263,13,176,9,271,14,284,15,487,25,55,77,97,143,93,128,136,154,58,83,99,120,83,143,148,333
2019,4,0705560,250,148,59,102,41,9,4,7,3,16,6,38,15,33,13,35,14,46,18,66,26,4,3,8,30,27,16,26,34,5,4,8,8,6,19,20,32
2019,4,0705592,484,235,49,249,51,17,4,22,5,50,10,53,11,34,7,62,13,74,15,172,36,9,13,21,33,24,32,39,64,8,9,29,20,10,30,35,108
2019,4,0740201,23104,10216,44,12888,56,1883,8,2175,9,1963,8,2984,13,3378,15,2949,13,2848,12,4924,21,951,1097,988,1525,1637,1362,1124,1532,932,1078,975,1459,1741,1587,1724,3392
2019,4,0740252,604,312,52,292,48,27,4,39,6,58,10,90,15,65,11,109,18,90,15,126,21,16,24,28,49,38,59,53,45,11,15,30,41,27,50,37,81
2019,4,0740256,815,366,45,449,55,51,6,64,8,84,10,96,12,95,12,114,14,117,14,194,24,25,21,32,57,51,53,61,66,26,43,52,39,44,61,56,128
2019,4,0740260,559,273,49,286,51,43,8,48,9,75,13,74,13,66,12,67,12,77,14,109,19,15,28,44,43,36,30,39,38,28,20,31,31,30,37,38,71
2019,4,0740268,1489,685,46,804,54,113,8,120,8,152,10,182,12,151,10,194,13,221,15,356,24,57,57,72,104,78,103,93,121,56,63,80,78,73,91,128,235
2019,4,0740272,448,220,49,228,51,19,4,36,8,39,9,65,15,42,9,82,18,64,14,101,23,8,23,17,38,21,45,34,34,11,13,22,27,21,37,30,67
2019,4,0740276,470,241,51,229,49,19,4,28,6,44,9,78,17,57,12,61,13,82,17,101,21,7,13,30,50,36,28,45,32,12,15,14,28,21,33,37,69
2019,4,0740280,2866,1386,48,1480,52,269,9,291,10,291,10,357,12,412,14,407,14,332,12,507,18,136,157,144,193,209,204,159,184,133,134,147,164,203,203,173,323
2019,4,0740288,1694,822,49,872,51,118,7,159,9,190,11,215,13,204,12,228,13,253,15,327,19,58,80,105,115,116,113,116,119,60,79,85,100,88,115,137,208
2019,4,0740292,738,369,50,369,50,56,8,80,11,67,9,109,15,78,11,88,12,109,15,151,20,27,48,35,56,44,50,58,51,29,32,32,53,34,38,51,100
2019,4,0740605,7140,3361,47,3779,53,825,12,866,12,609,9,894,13,1124,16,930,13,764,11,1128,16,436,453,286,433,547,455,337,414,389,413,323,461,577,475,427,714
2019,4,0740625,2585,1278,49,1307,51,259,10,282,11,240,9,336,13,454,18,373,14,294,11,347,13,129,138,128,173,249,191,145,125,130,144,112,163,205,182,149,222
2019,4,0741009,2099,969,46,1130,54,181,9,145,7,170,8,342,16,239,11,264,13,339,16,419,20,84,81,77,165,127,122,148,165,97,64,93,177,112,142,191,254
2019,4,0741029,648,331,51,317,49,53,8,44,7,58,9,105,16,69,11,115,18,83,13,121,19,26,23,29,60,42,63,42,46,27,21,29,45,27,52,41,75
2019,4,0741044,1509,772,51,737,49,112,7,107,7,150,10,199,13,184,12,216,14,231,15,310,21,66,52,88,116,99,113,122,116,46,55,62,83,85,103,109,194
2019,4,0741084,1066,536,50,530,50,76,7,90,8,112,11,147,14,116,11,152,14,166,16,207,19,39,45,58,87,65,78,85,79,37,45,54,60,51,74,81,128
2019,4,0741413,5912,2716,46,3196,54,478,8,549,9,611,10,769,13,803,14,864,15,749,13,1089,18,221,284,318,405,393,409,316,370,257,265,293,364,410,455,433,719
2019,4,0741433,901,451,50,450,50,87,10,76,8,98,11,143,16,112,12,137,15,105,12,143,16,41,44,49,74,66,74,58,45,46,32,49,69,46,63,47,98
2019,4,0741448,1718,810,47,908,53,113,7,171,10,157,9,220,13,225,13,227,13,253,15,352,20,57,84,80,118,124,114,115,118,56,87,77,102,101,113,138,234
2019,4,0741464,1086,532,49,554,51,63,6,84,8,108,10,143,13,128,12,150,14,173,16,237,22,36,42,64,85,64,75,83,83,27,42,44,58,64,75,90,154
2019,4,0760201,6311,2749,44,3562,56,424,7,468,7,555,9,824,13,690,11,960,15,1135,18,1255,20,221,241,282,421,335,406,471,372,203,227,273,403,355,554,664,883
2019,4,0760244,494,245,50,249,50,28,6,33,7,39,8,62,13,60,12,73,15,95,19,104,21,14,15,19,32,39,46,46,34,14,18,20,30,21,27,49,70
2019,4,0760256,619,319,52,300,48,44,7,55,9,66,11,82,13,60,10,87,14,101,16,124,20,29,26,37,44,32,53,55,43,15,29,29,38,28,34,46,81
2019,4,0760258,949,469,49,480,51,58,6,70,7,87,9,112,12,97,10,154,16,156,16,215,23,29,31,49,69,52,81,79,79,29,39,38,43,45,73,77,136
2019,4,0760274,826,396,48,430,52,45,5,51,6,77,9,120,15,70,8,121,15,138,17,204,25,22,22,40,64,44,65,66,73,23,29,37,56,26,56,72,131
2019,4,0761211,7175,3157,44,4018,56,468,7,577,8,681,9,826,12,850,12,963,13,1232,17,1578,22,240,280,340,420,429,454,493,501,228,297,341,406,421,509,739,1077
2019,4,0761252,669,328,49,341,51,35,5,46,7,62,9,61,9,74,11,94,14,137,20,160,24,20,21,27,37,40,51,76,56,15,25,35,24,34,43,61,104
2019,4,0761266,1081,534,49,547,51,57,5,92,9,103,10,127,12,99,9,158,15,189,17,256,24,37,42,54,73,57,87,93,91,20,50,49,54,42,71,96,165
2019,4,0761268,685,329,48,356,52,42,6,59,9,75,11,94,14,87,13,112,16,89,13,127,19,19,29,40,55,48,63,38,37,23,30,35,39,39,49,51,90
2019,4,0761282,466,224,48,242,52,13,3,31,7,54,12,65,14,54,12,73,16,76,16,100,21,4,15,25,30,32,42,42,34,9,16,29,35,22,31,34,66
2019,4,0761286,717,352,49,365,51,42,6,53,7,84,12,93,13,65,9,111,15,116,16,153,21,20,26,48,51,35,55,64,53,22,27,36,42,30,56,52,100
2019,4,0766348,703,353,50,350,50,41,6,59,8,82,12,90,13,70,10,112,16,108,15,141,20,24,28,53,54,38,62,54,40,17,31,29,36,32,50,54,101
2019,4,0766362,1147,552,48,595,52,43,4,76,7,120,10,140,12,128,11,185,16,200,17,255,22,23,45,55,81,70,92,98,88,20,31,65,59,58,93,102,167
2019,4,0766370,1297,658,51,639,49,91,7,88,7,139,11,169,13,146,11,179,14,191,15,294,23,59,53,73,101,84,87,105,96,32,35,66,68,62,92,86,198
2019,4,0766376,340,174,51,166,49,7,2,20,6,32,9,44,13,33,10,50,15,60,18,94,28,4,14,17,30,18,28,29,34,3,6,15,14,15,22,31,60
2019,4,0766378,449,231,51,218,49,15,3,24,5,49,11,64,14,40,9,85,19,76,17,96,21,6,13,34,40,22,48,42,26,9,11,15,24,18,37,34,70
2019,4,0766380,685,346,51,339,49,34,5,40,6,109,16,103,15,55,8,106,15,124,18,114,17,18,21,64,58,26,52,68,39,16,19,45,45,29,54,56,75
2019,4,0769164,651,332,51,319,49,59,9,39,6,64,10,89,14,61,9,105,16,95,15,139,21,28,19,35,49,37,58,55,51,31,20,29,40,24,47,40,88
2019,4,0769190,642,307,48,335,52,32,5,40,6,80,12,98,15,57,9,83,13,123,19,129,20,17,19,41,50,35,37,63,45,15,21,39,48,22,46,60,84
2019,4,0769194,527,261,50,266,50,28,5,26,5,57,11,70,13,48,9,76,14,91,17,131,25,17,6,26,46,22,43,50,51,11,20,31,24,26,33,41,80
2019,4,0780242,969,475,49,494,51,61,6,78,8,102,11,111,11,128,13,135,14,154,16,200,21,25,36,57,58,72,71,78,78,36,42,45,53,56,64,76,122
2019,4,0780244,594,307,52,287,48,47,8,55,9,78,13,84,14,68,11,96,16,86,14,80,13,24,27,42,47,35,53,50,29,23,28,36,37,33,43,36,51
2019,4,0780246,1049,523,50,526,50,58,6,74,7,114,11,141,13,146,14,165,16,150,14,201,19,31,40,64,74,74,90,78,72,27,34,50,67,72,75,72,129
2019,4,0780250,884,464,52,420,48,44,5,63,7,103,12,115,13,100,11,132,15,139,16,188,21,22,35,66,67,61,72,75,66,22,28,37,48,39,60,64,122
2019,4,0780252,735,383,52,352,48,51,7,69,9,81,11,90,12,80,11,108,15,125,17,131,18,28,36,49,63,45,53,68,41,23,33,32,27,35,55,57,90
2019,4,0780254,832,421,51,411,49,54,6,52,6,115,14,109,13,78,9,156,19,127,15,141,17,28,27,68,66,35,81,72,44,26,25,47,43,43,75,55,97
2019,4,0780256,1732,866,50,866,50,127,7,130,8,161,9,220,13,243,14,286,17,287,17,278,16,57,66,95,121,124,149,145,109,70,64,66,99,119,137,142,169
2019,4,0780258,644,333,52,311,48,43,7,25,4,75,12,93,14,73,11,104,16,95,15,136,21,23,10,35,57,43,63,53,49,20,15,40,36,30,41,42,87
2019,4,0780260,421,205,49,216,51,22,5,36,9,57,14,51,12,46,11,64,15,70,17,75,18,10,21,36,24,23,28,44,19,12,15,21,27,23,36,26,56
2019,4,0780262,1021,492,48,529,52,54,5,73,7,116,11,131,13,109,11,176,17,151,15,211,21,24,42,62,77,61,88,77,61,30,31,54,54,48,88,74,150
2019,4,0780266,639,318,50,321,50,48,8,33,5,65,10,95,15,76,12,76,12,111,17,135,21,18,14,36,51,38,46,64,51,30,19,29,44,38,30,47,84
2019,4,0780268,805,411,51,394,49,55,7,59,7,64,8,115,14,81,10,131,16,127,16,173,21,34,33,39,70,42,68,66,59,21,26,25,45,39,63,61,114
2019,4,0780270,2550,1197,47,1353,53,169,7,214,8,254,10,286,11,323,13,382,15,387,15,535,21,99,110,142,153,161,178,184,170,70,104,112,133,162,204,203,365
2019,4,0780272,481,257,53,224,47,21,4,29,6,35,7,62,13,52,11,86,18,82,17,114,24,8,16,25,41,42,48,41,36,13,13,10,21,10,38,41,78
2019,4,0780274,405,218,54,187,46,23,6,21,5,31,8,50,12,47,12,58,14,70,17,105,26,14,11,15,34,29,33,35,47,9,10,16,16,18,25,35,58
2019,4,0780276,1721,867,50,854,50,112,7,134,8,179,10,205,12,261,15,254,15,244,14,332,19,67,59,91,126,138,140,119,127,45,75,88,79,123,114,125,205
2019,4,0780278,851,415,49,436,51,55,6,64,8,86,10,126,15,117,14,127,15,135,16,141,17,34,32,40,66,64,63,67,49,21,32,46,60,53,64,68,92
2019,4,0780280,363,174,48,189,52,24,7,24,7,19,5,53,15,27,7,45,12,82,23,89,25,12,10,7,29,16,25,42,33,12,14,12,24,11,20,40,56
2019,4,0780282,644,320,50,324,50,29,5,43,7,72,11,88,14,76,12,90,14,107,17,139,22,11,19,45,54,45,43,60,43,18,24,27,34,31,47,47,96
2019,4,0780284,1017,518,51,499,49,56,6,70,7,109,11,134,13,103,10,178,18,160,16,207,20,31,45,55,74,56,99,84,74,25,25,54,60,47,79,76,133
2019,4,0780286,1230,614,50,616,50,86,7,94,8,146,12,177,14,145,12,195,16,173,14,214,17,39,42,79,103,83,99,79,90,47,52,67,74,62,96,94,124
2019,4,0780288,2309,1161,50,1148,50,139,6,190,8,284,12,301,13,299,13,360,16,335,15,401,17,81,95,145,175,163,195,167,140,58,95,139,126,136,165,168,261
2019,4,0780292,547,276,50,271,50,30,5,47,9,71,13,74,14,59,11,89,16,82,15,95,17,10,25,45,41,34,42,45,34,20,22,26,33,25,47,37,61
2019,4,0780294,789,359,46,430,54,67,8,61,8,82,10,83,11,65,8,113,14,124,16,194,25,28,37,42,44,30,55,58,65,39,24,40,39,35,58,66,129
2019,4,0780296,1381,657,48,724,52,99,7,91,7,125,9,196,14,172,12,218,16,231,17,249,18,49,34,66,105,97,108,113,85,50,57,59,91,75,110,118,164
2019,4,0781817,2846,1255,44,1591,56,158,6,210,7,313,11,343,12,319,11,434,15,436,15,633,22,77,95,147,188,152,210,176,210,81,115,166,155,167,224,260,423
2019,4,0781848,643,332,52,311,48,27,4,45,7,67,10,79,12,70,11,99,15,112,17,144,22,16,26,38,44,44,49,64,51,11,19,29,35,26,50,48,93
2019,4,0781890,644,325,50,319,50,36,6,44,7,64,10,92,14,67,10,100,16,107,17,134,21,21,16,30,58,38,55,58,49,15,28,34,34,29,45,49,85
2019,4,0781898,1386,684,49,702,51,84,6,95,7,132,10,169,12,148,11,210,15,242,17,306,22,44,54,63,99,75,110,128,111,40,41,69,70,73,100,114,195
2019,4,0800605,3782,1746,46,2036,54,334,9,391,10,409,11,532,14,581,15,433,11,467,12,635,17,182,200,203,270,291,199,216,185,152,191,206,262,290,234,251,450
2019,4,0800625,1675,867,52,808,48,148,9,177,11,152,9,220,13,285,17,239,14,193,12,261,16,84,93,92,124,152,123,105,94,64,84,60,96,133,116,88,167
2019,4,0800807,6624,3243,49,3381,51,941,14,666,10,391,6,1066,16,1314,20,731,11,769,12,746,11,486,342,191,519,686,379,349,291,455,324,200,547,628,352,420,455
2019,4,0800856,1169,550,47,619,53,136,12,141,12,106,9,141,12,169,14,150,13,158,14,168,14,64,68,58,75,76,80,71,58,72,73,48,66,93,70,87,110
2019,4,0800870,15869,7548,48,8321,52,1715,11,1751,11,1340,8,2107,13,2674,17,2062,13,1730,11,2490,16,918,889,681,1028,1309,1039,793,891,797,862,659,1079,1365,1023,937,1599
2019,4,0801009,10821,4760,44,6061,56,735,7,846,8,943,9,1388,13,1620,15,1528,14,1510,14,2251,21,377,412,472,708,840,709,575,667,358,434,471,680,780,819,935,1584
2019,4,0801080,8599,4230,49,4369,51,740,9,848,10,771,9,1122,13,1377,16,1217,14,1209,14,1315,15,375,420,416,564,721,647,596,491,365,428,355,558,656,570,613,824
2019,4,0801211,17995,8299,46,9696,54,1744,10,1669,9,1509,8,2516,14,2888,16,2409,13,2006,11,3254,18,942,877,768,1201,1446,1154,869,1042,802,792,741,1315,1442,1255,1137,2212
2019,4,0801231,4617,2297,50,2320,50,388,8,452,10,385,8,603,13,832,18,647,14,605,13,705,15,204,237,188,320,438,334,300,276,184,215,197,283,394,313,305,429
2019,4,0801413,3011,1420,47,1591,53,193,6,199,7,215,7,385,13,385,13,449,15,456,15,729,24,102,93,100,208,190,237,224,266,91,106,115,177,195,212,232,463
2019,4,0801433,3513,1768,50,1745,50,215,6,257,7,302,9,435,12,490,14,543,15,537,15,734,21,115,138,168,240,284,276,268,279,100,119,134,195,206,267,269,455
2019,4,0801615,11591,5236,45,6355,55,1229,11,1179,10,1019,9,1822,16,1698,15,1414,12,1340,12,1890,16,643,594,474,848,852,633,569,623,586,585,545,974,846,781,771,1267
2019,4,0801642,1746,846,48,900,52,139,8,152,9,170,10,202,12,283,16,204,12,246,14,350,20,67,85,73,118,148,103,116,136,72,67,97,84,135,101,130,214
2019,4,0801666,617,297,48,320,52,54,9,67,11,68,11,91,15,78,13,73,12,85,14,101,16,32,33,28,52,34,39,43,36,22,34,40,39,44,34,42,65
2019,4,0801694,3764,1785,47,1979,53,381,10,414,11,344,9,555,15,550,15,457,12,450,12,613,16,191,210,187,248,279,233,211,226,190,204,157,307,271,224,239,387
2019,4,0801817,3242,1511,47,1731,53,241,7,312,10,262,8,425,13,452,14,458,14,485,15,607,19,139,160,140,231,223,218,218,182,102,152,122,194,229,240,267,425
2019,4,0801864,4369,2137,49,2232,51,375,9,389,9,343,8,589,13,658,15,577,13,607,14,831,19,191,202,184,327,338,306,293,296,184,187,159,262,320,271,314,535
2019,4,0804400,11390,5416,48,5974,52,1358,12,1495,13,970,9,1581,14,2044,18,1373,12,1206,11,1363,12,725,757,500,725,997,680,546,486,633,738,470,856,1047,693,660,877
2019,4,0804948,9318,4421,47,4897,53,1197,13,1155,12,848,9,1186,13,1519,16,1324,14,974,10,1115,12,615,587,414,533,715,678,460,419,582,568,434,653,804,646,514,696
2019,4,0804988,1360,644,47,716,53,128,9,130,10,108,8,209,15,186,14,177,13,211,16,211,16,65,61,49,103,94,86,110,76,63,69,59,106,92,91,101,135
2019,4,0805200,8748,4410,50,4338,50,597,7,629,7,643,7,1183,14,1271,15,1349,15,1315,15,1761,20,293,335,344,652,679,691,646,770,304,294,299,531,592,658,669,991
2019,4,0806000,8547,4279,50,4268,50,777,9,978,11,852,10,1003,12,1421,17,1334,16,1075,13,1107,13,384,539,460,515,706,671,545,459,393,439,392,488,715,663,530,648
2019,4,0806956,1314,653,50,661,50,108,8,99,8,127,10,200,15,158,12,195,15,196,15,231,18,52,48,70,104,92,108,98,81,56,51,57,96,66,87,98,150
2019,4,0806968,3537,1724,49,1813,51,280,8,293,8,311,9,488,14,475,13,464,13,516,15,710,20,144,149,169,274,255,230,246,257,136,144,142,214,220,234,270,453
2019,4,0807400,3343,1590,48,1753,52,241,7,288,9,360,11,418,13,463,14,480,14,436,13,657,20,136,154,189,219,245,238,200,209,105,134,171,199,218,242,236,448
2019,4,0807600,20004,9609,48,10395,52,2929,15,2698,13,1625,8,2955,15,3776,19,2558,13,1605,8,1858,9,1509,1377,855,1349,1803,1314,761,641,1420,1321,770,1606,1973,1244,844,1217
2019,4,0808400,6831,3364,49,3467,51,561,8,602,9,595,9,981,14,1077,16,976,14,928,14,1111,16,287,301,316,554,576,503,431,396,274,301,279,427,501,473,497,715
2019,4,0809200,2128,1020,48,1108,52,153,7,178,8,211,10,286,13,300,14,280,13,312,15,408,19,82,82,105,153,154,140,153,151,71,96,106,133,146,140,159,257
2019,4,0809600,10834,5170,48,5664,52,1153,11,1198,11,1019,9,1404,13,1814,17,1485,14,1234,11,1527,14,588,621,554,669,897,735,564,542,565,577,465,735,917,750,670,985
2019,4,0840201,9884,4492,45,5392,55,825,8,833,8,1027,10,1333,13,1164,12,1381,14,1342,14,1979,20,422,428,503,728,562,620,574,655,403,405,524,605,602,761,768,1324
2019,4,0840248,982,473,48,509,52,59,6,83,8,124,13,120,12,87,9,144,15,164,17,201,20,25,45,62,65,47,76,72,81,34,38,62,55,40,68,92,120
2019,4,0840256,292,150,51,142,49,12,4,20,7,30,10,36,12,33,11,51,17,37,13,73,25,7,7,17,26,20,29,19,25,5,13,13,10,13,22,18,48
2019,4,0840258,651,333,51,318,49,50,8,66,10,69,11,97,15,74,11,87,13,86,13,122,19,29,33,42,52,43,39,46,49,21,33,27,45,31,48,40,73
2019,4,0840262,729,372,51,357,49,63,9,61,8,103,14,105,14,88,12,102,14,101,14,106,15,24,26,65,61,49,54,52,41,39,35,38,44,39,48,49,65
2019,4,0840266,1127,539,48,588,52,80,7,120,11,133,12,132,12,131,12,140,12,154,14,237,21,41,65,71,63,66,62,76,95,39,55,62,69,65,78,78,142
2019,4,0840270,1142,547,48,595,52,60,5,78,7,156,14,134,12,118,10,167,15,203,18,226,20,34,43,73,80,65,84,86,82,26,35,83,54,53,83,117,144
2019,4,0840272,1471,715,49,756,51,113,8,138,9,143,10,184,13,180,12,202,14,233,16,278,19,61,73,80,95,98,100,112,96,52,65,63,89,82,102,121,182
2019,4,0840276,539,270,50,269,50,38,7,38,7,64,12,89,17,48,9,84,16,100,19,78,14,17,20,33,59,22,45,45,29,21,18,31,30,26,39,55,49
2019,4,0840282,606,306,50,300,50,35,6,45,7,71,12,73,12,60,10,88,15,100,17,134,22,14,23,41,51,35,45,48,49,21,22,30,22,25,43,52,85
2019,4,0840286,1387,655,47,732,53,101,7,107,8,149,11,204,15,133,10,208,15,226,16,259,19,48,48,80,117,58,102,104,98,53,59,69,87,75,106,122,161
2019,4,0840288,485,228,47,257,53,26,5,47,10,82,17,44,9,58,12,63,13,64,13,101,21,8,19,36,29,27,37,36,36,18,28,46,15,31,26,28,65
2019,4,0840292,333,166,50,167,50,6,2,17,5,33,10,50,15,24,7,55,17,64,19,84,25,6,11,19,31,7,30,35,27,0,6,14,19,17,25,29,57
2019,4,0840294,552,289,52,263,48,46,8,41,7,75,14,79,14,57,10,88,16,77,14,89,16,30,17,43,47,32,40,43,37,16,24,32,32,25,48,34,52
2019,4,0840296,1394,701,50,693,50,113,8,112,8,148,11,207,15,163,12,187,13,220,16,244,18,65,56,75,119,89,93,109,95,48,56,73,88,74,94,111,149
2019,4,0840298,338,170,50,168,50,43,13,32,9,50,15,35,10,37,11,41,12,46,14,54,16,20,15,27,17,22,24,22,23,23,17,23,18,15,17,24,31
2019,4,0840605,2833,1295,46,1538,54,236,8,255,9,312,11,351,12,333,12,362,13,390,14,594,21,125,137,163,182,155,166,191,176,111,118,149,169,178,196,199,418
2019,4,0840625,889,430,48,459,52,79,9,81,9,117,13,99,11,110,12,125,14,112,13,166,19,40,38,61,53,58,61,59,60,39,43,56,46,52,64,53,106
2019,4,0840644,644,315,49,329,51,40,6,56,9,76,12,89,14,78,12,88,14,108,17,109,17,19,33,37,49,40,47,50,40,21,23,39,40,38,41,58,69
2019,4,0840652,608,280,46,328,54,61,10,44,7,72,12,75,12,50,8,86,14,89,15,131,22,25,15,39,44,24,44,44,45,36,29,33,31,26,42,45,86
2019,4,0840680,634,304,48,330,52,35,6,46,7,81,13,82,13,59,9,89,14,92,15,150,24,16,24,45,43,24,51,49,52,19,22,36,39,35,38,43,98
2019,4,0880201,9078,4086,45,4992,55,745,8,743,8,802,9,1202,13,1069,12,1186,13,1394,15,1937,21,407,385,436,624,526,518,563,627,338,358,366,578,543,668,831,1310
2019,4,0880213,1314,577,44,737,56,76,6,96,7,141,11,133,10,119,9,194,15,183,14,372,28,43,48,80,61,65,81,79,120,33,48,61,72,54,113,104,252
2019,4,0880215,1630,774,47,856,53,108,7,146,9,174,11,227,14,213,13,204,13,207,13,351,22,53,70,89,119,112,109,95,127,55,76,85,108,101,95,112,224
2019,4,0880217,1162,543,47,619,53,77,7,96,8,134,12,149,13,119,10,172,15,188,16,227,20,40,47,76,90,60,78,73,79,37,49,58,59,59,94,115,148
2019,4,0880237,778,378,49,400,51,54,7,77,10,93,12,89,11,92,12,98,13,100,13,175,22,27,39,49,55,49,51,48,60,27,38,44,34,43,47,52,115
2019,4,0880242,1034,526,51,508,49,67,6,67,6,131,13,198,19,127,12,126,12,135,13,183,18,33,39,77,105,67,65,65,75,34,28,54,93,60,61,70,108
2019,4,0880246,760,395,52,365,48,53,7,49,6,97,13,106,14,91,12,97,13,128,17,139,18,28,23,52,66,59,48,66,53,25,26,45,40,32,49,62,86
2019,4,0880254,2115,1043,49,1072,51,168,8,171,8,230,11,299,14,237,11,290,14,322,15,398,19,89,95,122,157,130,146,156,148,79,76,108,142,107,144,166,250
2019,4,0880258,419,217,52,202,48,41,10,43,10,54,13,47,11,46,11,63,15,56,13,69,16,23,28,26,28,23,34,29,26,18,15,28,19,23,29,27,43
2019,4,0880264,321,176,55,145,45,13,4,18,6,36,11,53,17,37,12,57,18,52,16,55,17,8,11,21,39,20,30,25,22,5,7,15,14,17,27,27,33
2019,4,0880268,1654,800,48,854,52,127,8,132,8,177,11,226,14,192,12,238,14,249,15,313,19,64,68,91,114,105,119,129,110,63,64,86,112,87,119,120,203
2019,4,0880270,1508,734,49,774,51,91,6,115,8,151,10,194,13,147,10,195,13,206,14,409,27,44,60,82,98,86,93,109,162,47,55,69,96,61,102,97,247
2019,4,0880272,1748,824,47,924,53,141,8,151,9,196,11,237,14,230,13,213,12,265,15,315,18,70,75,99,115,120,106,130,109,71,76,97,122,110,107,135,206
2019,4,0880274,395,184,47,211,53,25,6,21,5,43,11,71,18,33,8,55,14,70,18,77,19,14,12,15,44,18,22,32,27,11,9,28,27,15,33,38,50
2019,4,0880286,338,179,53,159,47,25,7,35,10,32,9,53,16,34,10,39,12,63,19,57,17,18,17,20,33,15,19,39,18,7,18,12,20,19,20,24,39
2019,4,0880292,1152,584,51,568,49,87,8,103,9,158,14,161,14,150,13,128,11,162,14,203,18,40,61,87,88,76,69,85,78,47,42,71,73,74,59,77,125
2019,4,0880294,1493,697,47,796,53,115,8,138,9,169,11,206,14,180,12,189,13,244,16,252,17,49,59,83,115,94,88,116,93,66,79,86,91,86,101,128,159
2019,4,0880296,730,346,47,384,53,42,6,57,8,100,14,84,12,83,11,100,14,119,16,145,20,23,22,56,51,41,52,55,46,19,35,44,33,42,48,64,99
2019,4,0885150,2849,1372,48,1477,52,210,7,244,9,285,10,400,14,296,10,401,14,400,14,613,22,101,136,152,207,168,192,192,224,109,108,133,193,128,209,208,389
2019,4,0885162,784,360,46,424,54,31,4,39,5,75,10,112,14,62,8,145,18,132,17,188,24,11,13,42,69,38,72,64,51,20,26,33,43,24,73,68,137
2019,4,0887600,1439,682,47,757,53,78,5,104,7,148,10,174,12,173,12,206,14,212,15,344,24,36,51,80,102,96,108,102,107,42,53,68,72,77,98,110,237
2019,4,0888301,3420,1572,46,1848,54,173,5,242,7,327,10,457,13,360,11,511,15,573,17,777,23,95,113,163,245,188,244,275,249,78,129,164,212,172,267,298,528
2019,4,0900201,16890,7701,46,9189,54,1529,9,1621,10,1659,10,2344,14,2224,13,2264,13,2043,12,3206,19,814,838,865,1165,1069,1046,874,1030,715,783,794,1179,1155,1218,1169,2176
2019,4,0900246,614,288,47,326,53,48,8,65,11,65,11,95,15,85,14,79,13,71,12,106,17,22,30,28,57,40,42,35,34,26,35,37,38,45,37,36,72
2019,4,0900248,1289,619,48,670,52,104,8,108,8,153,12,171,13,170,13,164,13,185,14,234,18,55,59,75,93,102,81,93,61,49,49,78,78,68,83,92,173
2019,4,0900254,1273,628,49,645,51,85,7,117,9,180,14,145,11,147,12,151,12,179,14,269,21,45,62,95,79,76,79,96,96,40,55,85,66,71,72,83,173
2019,4,0900258,838,449,54,389,46,51,6,63,8,90,11,113,13,91,11,134,16,140,17,156,19,29,37,45,73,57,67,81,60,22,26,45,40,34,67,59,96
2019,4,0900268,582,304,52,278,48,53,9,54,9,77,13,87,15,68,12,69,12,66,11,108,19,30,26,45,55,38,35,33,42,23,28,32,32,30,34,33,66
2019,4,0900274,1335,637,48,698,52,92,7,120,9,119,9,194,15,163,12,189,14,203,15,255,19,44,65,61,108,86,94,95,84,48,55,58,86,77,95,108,171
2019,4,0900278,1130,584,52,546,48,92,8,96,8,145,13,159,14,131,12,163,14,143,13,201,18,60,51,72,95,72,85,70,79,32,45,73,64,59,78,73,122
2019,4,0900280,1689,815,48,874,52,130,8,155,9,213,13,199,12,213,13,223,13,214,13,342,20,63,88,116,111,118,112,95,112,67,67,97,88,95,111,119,230
2019,4,0900284,1609,782,49,827,51,138,9,153,10,174,11,208,13,201,12,206,13,238,15,291,18,70,80,88,109,106,113,109,107,68,73,86,99,95,93,129,184
2019,4,0900296,457,230,50,227,50,31,7,35,8,52,11,70,15,48,11,62,14,64,14,95,21,13,19,27,39,30,31,29,42,18,16,25,31,18,31,35,53
2019,4,0901211,3485,1602,46,1883,54,249,7,303,9,386,11,434,12,399,11,490,14,463,13,761,22,134,163,196,229,198,221,196,265,115,140,190,205,201,269,267,496
2019,4,0901244,481,215,45,266,55,41,9,42,9,63,13,70,15,53,11,72,15,59,12,81,17,20,19,26,34,30,32,33,21,21,23,37,36,23,40,26,60
2019,4,0901262,1245,660,53,585,47,82,7,119,10,160,13,180,14,134,11,177,14,154,12,239,19,47,65,87,108,79,90,86,98,35,54,73,72,55,87,68,141
2019,4,0901270,536,262,49,274,51,20,4,32,6,50,9,75,14,54,10,85,16,90,17,130,24,9,17,25,43,29,42,44,53,11,15,25,32,25,43,46,77
2019,4,0901288,779,393,50,386,50,42,5,51,7,89,11,119,15,82,11,115,15,126,16,155,20,27,24,47,68,47,51,69,60,15,27,42,51,35,64,57,95
2019,4,0901292,489,261,53,228,47,26,5,54,11,59,12,55,11,70,14,60,12,80,16,85,17,13,31,43,31,40,33,42,28,13,23,16,24,30,27,38,57
2019,4,0901294,617,312,51,305,49,36,6,26,4,76,12,88,14,74,12,95,15,108,18,114,18,21,14,32,50,44,53,54,44,15,12,44,38,30,42,54,70
2019,4,0905150,2316,1120,48,1196,52,131,6,168,7,225,10,304,13,269,12,329,14,359,16,531,23,68,97,113,164,139,161,174,204,63,71,112,140,130,168,185,327
2019,4,0905166,2161,1001,46,1160,54,134,6,174,8,160,7,271,13,266,12,322,15,306,14,528,24,51,86,89,160,136,171,137,171,83,88,71,111,130,151,169,357
2019,4,0905182,2560,1233,48,1327,52,177,7,211,8,195,8,334,13,294,11,314,12,365,14,670,26,94,112,93,187,154,161,185,247,83,99,102,147,140,153,180,423
2019,4,0905756,1844,916,50,928,50,128,7,162,9,189,10,284,15,204,11,217,12,289,16,371,20,63,79,99,173,119,102,140,141,65,83,90,111,85,115,149,230
2019,4,0905790,330,176,53,154,47,26,8,27,8,45,14,54,16,33,10,38,12,61,18,46,14,17,14,19,35,18,22,33,18,9,13,26,19,15,16,28,28
2019,4,0940201,4550,1944,43,2606,57,290,6,329,7,409,9,533,12,428,9,587,13,734,16,1240,27,146,179,208,270,218,244,287,392,144,150,201,263,210,343,447,848
2019,4,0940252,739,352,48,387,52,52,7,55,7,73,10,93,13,64,9,111,15,111,15,180,24,25,25,30,54,34,55,60,69,27,30,43,39,30,56,51,111
2019,4,0940266,539,262,49,277,51,19,4,42,8,58,11,66,12,49,9,81,15,91,17,133,25,12,22,35,35,24,42,48,44,7,20,23,31,25,39,43,89
2019,4,0940288,942,462,49,480,51,76,8,64,7,102,11,123,13,87,9,133,14,158,17,199,21,40,34,49,76,43,77,76,67,36,30,53,47,44,56,82,132
2019,4,0940292,564,274,49,290,51,35,6,48,9,62,11,80,14,50,9,88,16,89,16,112,20,25,26,34,40,28,42,43,36,10,22,28,40,22,46,46,76
2019,4,0940296,330,168,51,162,49,30,9,16,5,38,12,42,13,28,8,49,15,59,18,68,21,17,12,25,27,14,21,37,15,13,4,13,15,14,28,22,53
2019,4,0941615,5215,2384,46,2831,54,458,9,461,9,528,10,647,12,653,13,661,13,736,14,1071,21,240,237,278,318,343,296,310,362,218,224,250,329,310,365,426,709
2019,4,0941644,1048,530,51,518,49,77,7,90,9,112,11,163,16,95,9,162,15,151,14,198,19,49,47,57,101,55,89,66,66,28,43,55,62,40,73,85,132
2019,4,0941646,841,442,53,399,47,56,7,80,10,82,10,129,15,98,12,120,14,135,16,141,17,35,46,54,78,55,61,66,47,21,34,28,51,43,59,69,94
2019,4,0941648,536,275,51,261,49,42,8,48,9,56,10,80,15,51,10,87,16,73,14,99,18,24,28,26,48,29,47,35,38,18,20,30,32,22,40,38,61
2019,4,0941658,792,398,50,394,50,50,6,63,8,91,11,110,14,91,11,140,18,104,13,143,18,21,31,52,73,42,71,55,53,29,32,39,37,49,69,49,90
2019,4,0941670,1090,523,48,567,52,88,8,102,9,102,9,159,15,129,12,143,13,173,16,194,18,49,48,55,83,63,69,86,70,39,54,47,76,66,74,87,124
2019,4,0941674,807,377,47,430,53,56,7,86,11,66,8,143,18,73,9,115,14,137,17,131,16,27,54,33,76,40,41,62,44,29,32,33,67,33,74,75,87
2019,4,0941680,985,498,51,487,49,110,11,97,10,91,9,153,16,109,11,123,12,125,13,177,18,56,55,47,86,63,65,62,64,54,42,44,67,46,58,63,113
2019,4,0941690,681,333,49,348,51,31,5,52,8,79,12,92,14,85,12,109,16,104,15,129,19,18,24,44,45,50,51,53,48,13,28,35,47,35,58,51,81
2019,4,0941813,1082,458,42,624,58,54,5,73,7,94,9,85,8,103,10,110,10,197,18,366,34,24,35,53,41,57,51,84,113,30,38,41,44,46,59,113,253
2019,4,0941817,1016,439,43,577,57,45,4,87,9,89,9,92,9,111,11,144,14,185,18,263,26,25,40,42,48,54,63,93,74,20,47,47,44,57,81,92,189
2019,4,0941860,347,180,52,167,48,12,3,17,5,36,10,34,10,37,11,72,21,54,16,85,24,8,12,25,21,18,37,29,30,4,5,11,13,19,35,25,55
2019,4,0941876,454,236,52,218,48,22,5,35,8,51,11,50,11,45,10,78,17,75,17,98,22,10,23,24,33,21,46,39,40,12,12,27,17,24,32,36,58
2019,4,0960244,504,254,50,250,50,40,8,38,8,62,12,72,14,52,10,67,13,82,16,91,18,23,19,37,38,33,32,41,31,17,19,25,34,19,35,41,60
2019,4,0960252,997,480,48,517,52,68,7,77,8,85,9,161,16,94,9,145,15,164,16,203,20,34,44,40,93,50,69,83,67,34,33,45,68,44,76,81,136
2019,4,0960264,2740,1300,47,1440,53,236,9,237,9,267,10,383,14,347,13,380,14,386,14,504,18,118,114,132,197,173,208,178,180,118,123,135,186,174,172,208,324
2019,4,0960288,876,443,51,433,49,51,6,54,6,87,10,130,15,89,10,116,13,174,20,175,20,25,38,45,87,48,55,85,60,26,16,42,43,41,61,89,115
2019,4,0960296,709,333,47,376,53,75,11,48,7,84,12,91,13,80,11,93,13,83,12,155,22,43,25,41,53,40,48,45,38,32,23,43,38,40,45,38,117
2019,4,0961011,1096,472,43,624,57,64,6,86,8,83,8,141,13,102,9,135,12,147,13,338,31,31,48,50,69,51,64,63,96,33,38,33,72,51,71,84,242
2019,4,0961031,551,253,46,298,54,37,7,41,7,61,11,78,14,54,10,80,15,80,15,120,22,16,23,33,40,26,43,38,34,21,18,28,38,28,37,42,86
2019,4,0961076,385,165,43,220,57,26,7,34,9,35,9,57,15,45,12,53,14,55,14,80,21,15,16,11,31,21,24,22,25,11,18,24,26,24,29,33,55
2019,4,0961082,309,159,51,150,49,18,6,19,6,33,11,37,12,46,15,47,15,46,15,63,20,8,14,23,21,28,19,25,21,10,5,10,16,18,28,21,42
2019,4,0961084,576,277,48,299,52,30,5,45,8,51,9,95,16,63,11,93,16,95,16,104,18,17,22,21,53,34,48,45,37,13,23,30,42,29,45,50,67
2019,4,0961615,2766,1264,46,1502,54,181,7,209,8,217,8,345,12,282,10,391,14,417,15,724,26,93,108,116,188,136,186,197,240,88,101,101,157,146,205,220,484
2019,4,0961656,183,88,48,95,52,9,5,14,8,26,14,29,16,18,10,21,11,26,14,40,22,6,5,15,14,13,9,11,15,3,9,11,15,5,12,15,25
2019,4,0961658,1193,573,48,620,52,74,6,72,6,110,9,145,12,185,16,188,16,173,15,246,21,42,42,51,81,85,97,81,94,32,30,59,64,100,91,92,152
2019,4,0961668,329,172,52,157,48,9,3,22,7,20,6,33,10,29,9,36,11,72,22,108,33,5,9,15,22,15,19,44,43,4,13,5,11,14,17,28,65
2019,4,0961694,438,222,51,216,49,28,6,42,10,59,13,64,15,52,12,48,11,71,16,74,17,16,27,25,43,25,26,30,30,12,15,34,21,27,22,41,44
2019,4,0964746,807,414,51,393,49,48,6,57,7,67,8,102,13,96,12,116,14,131,16,190,24,25,34,37,63,57,55,68,75,23,23,30,39,39,61,63,115
2019,4,0964762,1282,630,49,652,51,78,6,130,10,121,9,177,14,169,13,191,15,181,14,235,18,38,62,66,106,92,95,84,87,40,68,55,71,77,96,97,148
2019,4,0964784,847,411,49,436,51,63,7,70,8,83,10,116,14,103,12,124,15,112,13,176,21,40,30,36,72,56,62,56,59,23,40,47,44,47,62,56,117
2019,4,0967148,1226,578,47,648,53,91,7,117,10,121,10,162,13,119,10,176,14,173,14,267,22,41,57,63,80,67,87,86,97,50,60,58,82,52,89,87,170
2019,4,0967154,433,223,52,210,48,26,6,26,6,53,12,51,12,35,8,71,16,73,17,98,23,15,17,29,28,17,36,40,41,11,9,24,23,18,35,33,57
2019,4,0967170,765,369,48,396,52,49,6,60,8,76,10,104,14,74,10,119,16,121,16,162,21,21,35,33,57,38,63,60,62,28,25,43,47,36,56,61,100
2019,4,0967178,1302,639,49,663,51,90,7,123,9,121,9,173,13,157,12,176,14,202,16,260,20,49,65,66,92,80,91,98,98,41,58,55,81,77,85,104,162
2019,4,0967190,3355,1766,53,1589,47,306,9,294,9,309,9,612,18,472,14,464,14,399,12,499,15,152,151,173,362,301,254,179,194,154,143,136,250,171,210,220,305
2019,4,0967192,382,185,48,197,52,30,8,20,5,51,13,51,13,36,9,57,15,68,18,69,18,11,11,28,30,17,31,32,25,19,9,23,21,19,26,36,44
2019,4,0967366,598,292,49,306,51,36,6,58,10,84,14,74,12,63,11,85,14,89,15,109,18,21,37,46,35,32,39,47,35,15,21,38,39,31,46,42,74
2019,4,0967372,1102,547,50,555,50,72,7,84,8,121,11,169,15,95,9,187,17,169,15,205,19,41,46,69,111,43,94,80,63,31,38,52,58,52,93,89,142
2019,4,0980213,896,424,47,472,53,59,7,91,10,76,8,120,13,106,12,109,12,142,16,193,22,28,47,44,60,60,49,57,79,31,44,32,60,46,60,85,114
2019,4,0980233,453,235,52,218,48,42,9,46,10,39,9,59,13,42,9,63,14,67,15,95,21,21,25,23,34,23,31,41,37,21,21,16,25,19,32,26,58
2019,4,0980244,568,275,48,293,52,44,8,52,9,59,10,88,15,57,10,66,12,93,16,109,19,19,26,30,48,27,34,52,39,25,26,29,40,30,32,41,70
2019,4,0980250,360,166,46,194,54,27,8,23,6,36,10,32,9,33,9,49,14,47,13,113,31,15,8,15,19,17,19,33,40,12,15,21,13,16,30,14,73
2019,4,0980256,877,428,49,449,51,83,9,66,8,100,11,126,14,104,12,107,12,132,15,159,18,39,33,55,77,60,45,69,50,44,33,45,49,44,62,63,109
2019,4,0980260,765,388,51,377,49,59,8,68,9,74,10,88,12,90,12,86,11,142,19,158,21,33,38,42,54,46,46,72,57,26,30,32,34,44,40,70,101
2019,4,0980266,1669,857,51,812,49,122,7,162,10,151,9,237,14,219,13,249,15,227,14,302,18,53,89,91,133,120,119,126,126,69,73,60,104,99,130,101,176
2019,4,0980270,1870,914,49,956,51,128,7,129,7,211,11,208,11,236,13,266,14,280,15,412,22,71,63,111,112,124,141,127,165,57,66,100,96,112,125,153,247
2019,4,0980274,514,259,50,255,50,33,6,36,7,54,11,70,14,47,9,77,15,78,15,119,23,16,23,29,42,30,39,39,41,17,13,25,28,17,38,39,78
2019,4,0980278,493,251,51,242,49,27,5,40,8,53,11,71,14,51,10,77,16,77,16,97,20,14,19,24,42,28,42,44,38,13,21,29,29,23,35,33,59
2019,4,0980284,1537,771,50,766,50,112,7,158,10,144,9,214,14,201,13,208,14,223,15,277,18,56,80,78,114,104,110,117,112,56,78,66,100,97,98,106,165
2019,4,0980290,434,230,53,204,47,36,8,38,9,42,10,57,13,51,12,51,12,80,18,79,18,15,20,24,33,33,31,41,33,21,18,18,24,18,20,39,46
2019,4,0980294,449,237,53,212,47,33,7,34,8,59,13,60,13,65,14,67,15,58,13,73,16,15,19,35,34,40,41,31,22,18,15,24,26,25,26,27,51
2019,4,UNK,2128,1418,67,710,33,150,7,130,6,210,10,452,21,445,21,402,19,223,10,116,5,89,66,117,325,319,276,163,63,61,64,93,127,126,126,60,53
2019,5,0010001,437,194,44,243,56,62,14,44,10,31,7,70,16,67,15,58,13,48,11,57,13,26,18,16,33,31,26,22,22,36,26,15,37,36,32,26,35
2019,5,0010002,24011,10290,43,13721,57,1840,8,1712,7,1826,8,3559,15,3177,13,3042,13,3383,14,5472,23,944,895,889,1690,1502,1371,1410,1589,896,817,937,1869,1675,1671,1973,3883
2019,5,0010003,4165,1980,48,2185,52,384,9,486,12,417,10,487,12,604,15,570,14,480,12,737,18,215,252,234,234,269,287,223,266,169,234,183,253,335,283,257,471
2019,5,0010004,1142,546,48,596,52,109,10,109,10,119,10,128,11,166,15,164,14,158,14,189,17,59,54,63,64,82,78,73,73,50,55,56,64,84,86,85,116
2019,5,0010005,32108,14233,44,17875,56,2585,8,2482,8,2377,7,5057,16,4558,14,3911,12,5260,16,5878,18,1364,1277,1157,2518,2220,1687,2217,1793,1221,1205,1220,2539,2338,2224,3043,4085
2019,5,0010006,8127,3629,45,4498,55,506,6,579,7,660,8,1063,13,1073,13,1161,14,1392,17,1693,21,248,301,344,553,537,543,575,528,258,278,316,510,536,618,817,1165
2019,5,0010007,2086,1008,48,1078,52,143,7,180,9,182,9,301,14,337,16,314,15,327,16,302,14,77,91,89,158,193,156,146,98,66,89,93,143,144,158,181,204
2019,5,0010008,69,37,54,32,46,5,7,6,9,2,3,12,17,7,10,13,19,18,26,6,9,3,4,2,5,5,6,9,3,2,2,0,7,2,7,9,3
2019,5,0010009,2339,1092,47,1247,53,175,7,201,9,227,10,334,14,302,13,325,14,338,14,437,19,99,100,121,165,155,145,150,157,76,101,106,169,147,180,188,280
2019,5,0010010,44189,19034,43,25155,57,3188,7,3454,8,3569,8,5708,13,6030,14,5948,13,5077,11,11215,25,1670,1786,1798,2700,2823,2699,2073,3485,1518,1668,1771,3008,3207,3249,3004,7730
2019,5,0010011,1207,559,46,648,54,98,8,91,8,109,9,148,12,179,15,164,14,160,13,258,21,57,44,53,86,87,75,67,90,41,47,56,62,92,89,93,168
2019,5,0010012,12437,5468,44,6969,56,825,7,956,8,1026,8,1612,13,1662,13,1679,14,1986,16,2691,22,425,480,519,835,827,763,802,817,400,476,507,777,835,916,1184,1874
2019,5,0010013,15023,6668,44,8355,56,1300,9,1315,9,1116,7,1992,13,2314,15,1669,11,1572,10,3745,25,676,699,549,968,1107,800,629,1240,624,616,567,1024,1207,869,943,2505
2019,5,0010014,16397,7234,44,9163,56,1052,6,1115,7,1290,8,2306,14,2332,14,2279,14,2515,15,3508,21,530,585,661,1175,1145,1024,1052,1062,522,530,629,1131,1187,1255,1463,2446
2019,5,0010015,24659,11504,47,13155,53,1589,6,1642,7,2287,9,3834,16,3579,15,3356,14,3481,14,4891,20,796,844,1262,1968,1874,1652,1548,1560,793,798,1025,1866,1705,1704,1933,3331
2019,5,0010016,295,140,47,155,53,20,7,36,12,28,9,32,11,31,11,44,15,39,13,65,22,9,17,17,20,15,20,16,26,11,19,11,12,16,24,23,39
2019,5,0010017,889,454,51,435,49,59,7,56,6,50,6,123,14,104,12,159,18,164,18,174,20,29,22,25,62,56,94,99,67,30,34,25,61,48,65,65,107
2019,5,0010018,20606,9149,44,11457,56,1371,7,1436,7,1485,7,2749,13,2895,14,2648,13,3271,16,4751,23,720,736,725,1385,1466,1227,1407,1483,651,700,760,1364,1429,1421,1864,3268
2019,5,0010019,255,121,47,134,53,8,3,13,5,21,8,37,15,31,12,42,16,50,20,53,21,3,5,9,21,16,18,29,20,5,8,12,16,15,24,21,33
2019,5,0010020,345,173,50,172,50,26,8,29,8,24,7,50,14,47,14,56,16,46,13,67,19,17,14,14,26,24,29,23,26,9,15,10,24,23,27,23,41
2019,5,0010021,2956,1384,47,1572,53,203,7,225,8,254,9,380,13,390,13,442,15,422,14,640,22,98,120,143,184,182,219,206,232,105,105,111,196,208,223,216,408
2019,5,0010022,7764,3543,46,4221,54,667,9,543,7,638,8,1255,16,1195,15,1004,13,1102,14,1360,18,334,288,332,631,598,462,464,434,333,255,306,624,597,542,638,926
2019,5,0010023,46541,19919,43,26622,57,3099,7,3166,7,3688,8,6716,14,5916,13,6531,14,6492,14,10933,23,1604,1599,1870,3229,2817,2948,2709,3143,1495,1567,1818,3487,3099,3583,3783,7790
2019,5,0010024,626,298,48,328,52,53,8,60,10,66,11,72,12,95,15,90,14,80,13,110,18,26,31,35,39,41,49,37,40,27,29,31,33,54,41,43,70
2019,5,0010025,55579,23897,43,31682,57,4422,8,4343,8,4280,8,7878,14,7900,14,7056,13,6940,12,12760,23,2259,2208,2163,3731,3723,3098,2695,4020,2163,2135,2117,4147,4177,3958,4245,8740
2019,5,0010026,28720,12545,44,16175,56,2402,8,2253,8,2386,8,4508,16,4053,14,3529,12,3480,12,6109,21,1209,1161,1149,2166,1886,1617,1454,1903,1193,1092,1237,2342,2167,1912,2026,4206
2019,5,0010027,25047,11006,44,14041,56,1989,8,1944,8,2311,9,3950,16,3636,15,3138,13,3409,14,4670,19,1025,1026,1157,1856,1763,1383,1352,1444,964,918,1154,2094,1873,1755,2057,3226
2019,5,0010028,18958,9062,48,9896,52,1441,8,1402,7,1518,8,2734,14,2967,16,2324,12,2778,15,3794,20,746,726,830,1514,1667,1146,1200,1233,695,676,688,1220,1300,1178,1578,2561
2019,5,0010029,237,120,51,117,49,18,8,20,8,29,12,31,13,40,17,33,14,27,11,39,16,11,9,17,17,18,19,12,17,7,11,12,14,22,14,15,22
2019,5,0010030,3586,1727,48,1859,52,269,8,345,10,364,10,370,10,544,15,557,16,497,14,640,18,134,174,175,182,266,275,252,269,135,171,189,188,278,282,245,371
2019,5,0010031,8007,3744,47,4263,53,698,9,888,11,781,10,1053,13,1058,13,1152,14,1031,13,1346,17,361,447,417,520,502,558,482,457,337,441,364,533,556,594,549,889
2019,5,0010032,6944,2959,43,3985,57,703,10,774,11,761,11,1081,16,1105,16,779,11,659,9,1082,16,380,392,380,506,499,318,216,268,323,382,381,575,606,461,443,814
2019,5,0010033,460,215,47,245,53,28,6,38,8,44,10,67,15,44,10,79,17,68,15,92,20,16,16,18,40,22,35,33,35,12,22,26,27,22,44,35,57
2019,5,0010034,30557,13998,46,16559,54,2953,10,2946,10,2878,9,5484,18,4918,16,3567,12,3270,11,4541,15,1512,1510,1482,2562,2299,1658,1426,1549,1441,1436,1396,2922,2619,1909,1844,2992
2019,5,0010035,70,37,53,33,47,8,11,5,7,2,3,11,16,6,9,13,19,9,13,16,23,4,3,2,4,5,9,3,7,4,2,0,7,1,4,6,9
2019,5,0010036,5079,2339,46,2740,54,413,8,486,10,500,10,712,14,745,15,706,14,637,13,880,17,202,254,249,356,351,349,276,302,211,232,251,356,394,357,361,578
2019,5,0010037,3865,1711,44,2154,56,300,8,337,9,302,8,608,16,528,14,501,13,612,16,677,18,160,166,150,281,260,215,266,213,140,171,152,327,268,286,346,464
2019,5,0010038,6478,3003,46,3475,54,515,8,480,7,608,9,1043,16,998,15,915,14,919,14,1000,15,283,243,312,544,494,436,372,319,232,237,296,499,504,479,547,681
2019,5,0010039,1242,561,45,681,55,103,8,92,7,127,10,156,13,169,14,185,15,188,15,222,18,53,46,65,73,79,85,92,68,50,46,62,83,90,100,96,154
2019,5,0010040,42048,18519,44,23529,56,3333,8,3200,8,3030,7,6112,15,6334,15,4432,11,7094,17,8513,20,1726,1667,1509,2922,3133,1947,2769,2846,1607,1533,1521,3190,3201,2485,4325,5667
2019,5,0010041,17527,7943,45,9584,55,1556,9,1503,9,1286,7,2295,13,2625,15,1786,10,2969,17,3507,20,844,800,661,1110,1246,779,1208,1295,712,703,625,1185,1379,1007,1761,2212
2019,5,0010042,4979,2277,46,2702,54,404,8,359,7,400,8,850,17,758,15,643,13,639,13,926,19,206,202,227,406,363,294,286,293,198,157,173,444,395,349,353,633
2019,5,0010043,11365,4682,41,6683,59,717,6,771,7,957,8,1711,15,1536,14,1548,14,1518,13,2607,23,338,407,476,803,673,676,545,764,379,364,481,908,863,872,973,1843
2019,5,0010044,22004,9533,43,12471,57,1505,7,1577,7,1696,8,3280,15,2878,13,2986,14,3126,14,4956,23,823,788,854,1582,1381,1317,1283,1505,682,789,842,1698,1497,1669,1843,3451
2019,5,0010045,1698,815,48,883,52,147,9,176,10,125,7,196,12,235,14,212,12,255,15,352,21,75,94,68,97,110,118,120,133,72,82,57,99,125,94,135,219
2019,5,0010046,2510,1160,46,1350,54,245,10,186,7,227,9,484,19,386,15,286,11,310,12,386,15,124,86,123,240,187,140,134,126,121,100,104,244,199,146,176,260
2019,5,0010047,1732,829,48,903,52,269,16,188,11,127,7,348,20,313,18,184,11,143,8,160,9,132,87,64,162,163,92,66,63,137,101,63,186,150,92,77,97
2019,5,0010048,1591,695,44,896,56,132,8,108,7,110,7,230,14,220,14,208,13,255,16,328,21,68,47,58,128,106,97,102,89,64,61,52,102,114,111,153,239
2019,5,0010049,928,517,56,411,44,57,6,64,7,238,26,187,20,120,13,92,10,94,10,76,8,27,35,159,119,58,40,54,25,30,29,79,68,62,52,40,51
2019,5,0010050,18313,8392,46,9921,54,1420,8,1371,7,1868,10,3575,20,2927,16,2349,13,2137,12,2666,15,735,711,977,1758,1415,1080,859,857,685,660,891,1817,1512,1269,1278,1809
2019,5,0010051,13067,5692,44,7375,56,1228,9,1031,8,1073,8,2425,19,1998,15,1538,12,1411,11,2363,18,618,499,531,1130,895,689,575,755,610,532,542,1295,1103,849,836,1608
2019,5,0010052,185,104,56,81,44,25,14,14,8,16,9,26,14,36,19,21,11,21,11,26,14,16,5,7,17,24,13,10,12,9,9,9,9,12,8,11,14
2019,5,0010053,12312,5470,44,6842,56,969,8,929,8,1111,9,2298,19,1865,15,1538,12,1453,12,2149,17,545,473,550,1108,907,665,576,646,424,456,561,1190,958,873,877,1503
2019,5,0010054,4999,2235,45,2764,55,370,7,325,7,433,9,803,16,743,15,644,13,745,15,936,19,182,171,216,404,393,287,310,272,188,154,217,399,350,357,435,664
2019,5,0010055,462,229,50,233,50,23,5,49,11,58,13,44,10,68,15,76,16,50,11,94,20,13,26,35,24,29,40,27,35,10,23,23,20,39,36,23,59
2019,5,0010056,6726,2849,42,3877,58,565,8,574,9,571,8,957,14,895,13,885,13,767,11,1512,22,285,260,288,487,388,398,301,442,280,314,283,470,507,487,466,1070
2019,5,0010057,1941,967,50,974,50,221,11,198,10,188,10,315,16,297,15,264,14,229,12,229,12,110,107,104,160,132,148,118,88,111,91,84,155,165,116,111,141
2019,5,0010058,1649,914,55,735,45,115,7,123,7,395,24,327,20,211,13,163,10,135,8,180,11,63,59,267,193,108,93,65,66,52,64,128,134,103,70,70,114
2019,5,UNK,3533,2381,67,1152,33,134,4,200,6,271,8,643,18,769,22,778,22,497,14,241,7,75,106,160,461,563,580,316,120,59,94,111,182,206,198,181,121
2019,6,100100005,151,66,44,85,56,11,7,7,5,15,10,23,15,14,9,26,17,22,15,33,22,5,3,7,17,4,13,9,8,6,4,8,6,10,13,13,25
2019,6,100100087,42,23,55,19,45,1,2,1,2,6,14,9,21,0,0,10,24,8,19,7,17,1,1,3,7,0,5,4,2,0,0,3,2,0,5,4,5
2019,6,100100101,65,31,48,34,52,4,6,2,3,10,15,8,12,6,9,14,22,10,15,11,17,1,1,7,5,3,6,5,3,3,1,3,3,3,8,5,8
2019,6,100100150,21,12,57,9,43,0,0,3,14,3,14,1,5,1,5,7,33,2,10,4,19,0,1,1,0,1,5,2,2,0,2,2,1,0,2,0,2
2019,6,100100247,378,175,46,203,54,30,8,36,10,38,10,55,15,40,11,47,12,66,17,66,17,19,19,18,34,16,17,32,20,11,17,20,21,24,30,34,46
2019,6,100100327,475,222,47,253,53,36,8,44,9,50,11,87,18,40,8,66,14,81,17,71,15,19,21,28,52,18,31,32,21,17,23,22,35,22,35,49,50
2019,6,100100384,567,269,47,298,53,40,7,43,8,64,11,89,16,54,10,75,13,99,17,103,18,20,19,30,55,33,31,49,32,20,24,34,34,21,44,50,71
2019,6,100100392,50,26,52,24,48,5,10,1,2,4,8,9,18,4,8,8,16,10,20,9,18,4,0,0,9,2,4,6,1,1,1,4,0,2,4,4,8
2019,6,100100431,330,164,50,166,50,22,7,44,13,41,12,45,14,35,11,47,14,35,11,61,18,12,22,26,27,17,20,21,19,10,22,15,18,18,27,14,42
2019,6,100100497,77,40,52,37,48,1,1,3,4,10,13,11,14,7,9,16,21,9,12,20,26,1,3,6,6,4,7,5,8,0,0,4,5,3,9,4,12
2019,6,100100593,162,79,49,83,51,8,5,10,6,20,12,22,14,22,14,23,14,29,18,28,17,2,3,8,12,14,13,14,13,6,7,12,10,8,10,15,15
2019,6,100100712,2486,1169,47,1317,53,160,6,192,8,263,11,336,14,278,11,374,15,349,14,534,21,93,96,152,180,138,188,149,173,67,96,111,156,140,186,200,361
2019,6,100100761,149,63,42,86,58,12,8,10,7,16,11,23,15,16,11,17,11,26,17,29,19,7,4,6,11,9,5,12,9,5,6,10,12,7,12,14,20
2019,6,100100874,235,119,51,116,49,14,6,17,7,27,11,33,14,26,11,38,16,38,16,42,18,4,7,16,21,15,21,18,17,10,10,11,12,11,17,20,25
2019,6,100101015,301,148,49,153,51,15,5,15,5,33,11,49,16,31,10,41,14,44,15,73,24,9,6,22,28,13,22,25,23,6,9,11,21,18,19,19,50
2019,6,100101056,1025,483,47,542,53,54,5,72,7,111,11,123,12,108,11,159,16,167,16,231,23,23,35,64,69,57,83,77,75,31,37,47,54,51,76,90,156
2019,6,100101103,149,76,51,73,49,5,3,5,3,14,9,17,11,18,12,19,13,38,26,33,22,4,4,8,8,14,13,13,12,1,1,6,9,4,6,25,21
2019,6,100101144,30,12,40,18,60,3,10,1,3,4,13,7,23,1,3,4,13,3,10,7,23,2,0,0,3,0,2,2,3,1,1,4,4,1,2,1,4
2019,6,100101177,358,179,50,179,50,29,8,26,7,59,16,51,14,40,11,62,17,50,14,41,11,17,16,28,27,25,31,20,15,12,10,31,24,15,31,30,26
2019,6,100101185,35,14,40,21,60,0,0,4,11,6,17,6,17,5,14,7,20,3,9,4,11,0,3,3,2,2,2,2,0,0,1,3,4,3,5,1,4
2019,6,100101208,29,18,62,11,38,0,0,0,0,7,24,5,17,3,10,6,21,3,10,5,17,0,0,5,2,2,5,2,2,0,0,2,3,1,1,1,3
2019,6,100101232,5,,,,,,,,,,,,,,,,,,,,,,,,,,,,,,,,,,,,
2019,6,100101304,68,34,50,34,50,2,3,2,3,1,1,9,13,10,15,7,10,19,28,18,26,1,1,0,5,5,3,13,6,1,1,1,4,5,4,6,12
2019,6,100101353,226,110,49,116,51,14,6,13,6,17,8,39,17,30,13,36,16,40,18,37,16,9,6,8,21,15,18,21,12,5,7,9,18,15,18,19,25
2019,6,100101378,97,37,38,60,62,0,0,0,0,0,0,0,0,0,0,3,3,5,5,89,92,0,0,0,0,0,3,3,31,0,0,0,0,0,0,2,58
2019,6,100101394,357,156,44,201,56,26,7,29,8,26,7,60,17,50,14,47,13,58,16,61,17,15,18,7,33,23,20,26,14,11,11,19,27,27,27,32,47
2019,6,100101417,2290,1093,48,1197,52,172,8,186,8,196,9,302,13,267,12,325,14,336,15,506,22,93,86,97,167,145,170,151,184,79,100,99,135,122,155,185,322
2019,6,100101433,45,24,53,21,47,3,7,2,4,9,20,4,9,2,4,7,16,6,13,12,27,1,1,6,2,2,4,4,4,2,1,3,2,0,3,2,8
2019,6,100101441,44,24,55,20,45,3,7,4,9,4,9,8,18,6,14,5,11,8,18,6,14,2,2,2,4,3,4,5,2,1,2,2,4,3,1,3,4
2019,6,100101490,107,52,49,55,51,4,4,1,1,14,13,15,14,13,12,18,17,17,16,25,23,2,1,8,11,5,10,7,8,2,0,6,4,8,8,10,17
2019,6,100101546,155,81,52,74,48,6,4,12,8,27,17,17,11,17,11,32,21,18,12,26,17,4,7,16,13,7,16,9,9,2,5,11,4,10,16,9,17
2019,6,100101626,370,174,47,196,53,31,8,39,11,48,13,52,14,49,13,51,14,45,12,55,15,17,21,29,27,24,24,20,12,14,18,19,25,25,27,25,43
2019,6,100101634,106,53,50,53,50,6,6,6,6,8,8,9,8,15,14,13,12,21,20,28,26,1,4,4,5,10,8,12,9,5,2,4,4,5,5,9,19
2019,6,100101722,145,78,54,67,46,12,8,8,6,15,10,16,11,18,12,14,10,31,21,31,21,6,6,10,10,12,6,15,13,6,2,5,6,6,8,16,18
2019,6,100101755,57,25,44,32,56,2,4,3,5,5,9,2,4,10,18,6,11,9,16,20,35,1,1,2,2,5,3,5,6,1,2,3,0,5,3,4,14
2019,6,100101843,162,83,51,79,49,15,9,12,7,19,12,30,19,5,3,28,17,28,17,25,15,12,5,9,18,3,12,15,9,3,7,10,12,2,16,13,16
2019,6,100101884,120,57,48,63,53,10,8,10,8,13,11,16,13,11,9,11,9,24,20,25,21,7,5,9,9,4,5,11,7,3,5,4,7,7,6,13,18
2019,6,100102113,67,34,51,33,49,1,1,2,3,8,12,6,9,7,10,4,6,17,25,22,33,0,1,4,6,4,1,7,11,1,1,4,0,3,3,10,11
2019,6,100102154,27,15,56,12,44,1,4,0,0,2,7,4,15,2,7,5,19,7,26,6,22,1,0,0,2,1,3,6,2,0,0,2,2,1,2,1,4
2019,6,100102187,195,94,48,101,52,18,9,17,9,27,14,22,11,17,9,37,19,23,12,34,17,10,9,14,10,10,17,12,12,8,8,13,12,7,20,11,22
2019,6,100102201,250,106,42,144,58,15,6,15,6,36,14,26,10,35,14,44,18,27,11,52,21,8,4,15,14,15,22,14,14,7,11,21,12,20,22,13,38
2019,6,100102322,123,60,49,63,51,11,9,14,11,10,8,25,20,11,9,11,9,27,22,14,11,4,5,5,15,6,7,13,5,7,9,5,10,5,4,14,9
2019,6,100102347,505,233,46,272,54,41,8,50,10,65,13,67,13,54,11,59,12,80,16,89,18,22,24,38,36,22,27,40,24,19,26,27,31,32,32,40,65
2019,6,100102484,110,50,45,60,55,3,3,8,7,26,24,10,9,10,9,18,16,16,15,19,17,2,2,13,9,5,5,10,4,1,6,13,1,5,13,6,15
2019,6,100102548,228,93,41,135,59,18,8,17,7,25,11,30,13,16,7,29,13,42,18,51,22,10,8,10,16,11,10,14,14,8,9,15,14,5,19,28,37
2019,6,100102757,214,102,48,112,52,20,9,25,12,29,14,28,13,26,12,34,16,23,11,29,14,11,16,18,13,11,12,9,12,9,9,11,15,15,22,14,17
2019,6,100102781,43,22,51,21,49,1,2,3,7,0,0,7,16,5,12,3,7,10,23,14,33,1,1,0,5,4,0,6,5,0,2,0,2,1,3,4,9
2019,6,100103260,376,173,46,203,54,19,5,29,8,54,14,49,13,30,8,58,15,48,13,89,24,13,15,32,23,18,20,26,26,6,14,22,26,12,38,22,63
2019,6,100103308,135,66,49,69,51,13,10,15,11,16,12,13,10,13,10,24,18,21,16,20,15,8,8,7,7,7,13,7,9,5,7,9,6,6,11,14,11
2019,6,100103478,49,24,49,25,51,1,2,0,0,7,14,5,10,2,4,6,12,9,18,19,39,0,0,4,3,1,3,5,8,1,0,3,2,1,3,4,11
2019,6,100103494,174,78,45,96,55,10,6,20,11,20,11,26,15,15,9,38,22,19,11,26,15,4,11,12,14,8,15,9,5,6,9,8,12,7,23,10,21
2019,6,100103582,81,40,49,41,51,4,5,7,9,8,10,12,15,16,20,5,6,12,15,17,21,3,5,1,6,10,2,7,6,1,2,7,6,6,3,5,11
2019,6,100103902,74,35,47,39,53,6,8,5,7,8,11,9,12,8,11,5,7,15,20,18,24,3,2,5,5,4,2,8,6,3,3,3,4,4,3,7,12
2019,6,100104053,363,171,47,192,53,17,5,26,7,30,8,40,11,34,9,49,13,53,15,114,31,10,14,12,28,18,27,25,37,7,12,18,12,16,22,28,77
2019,6,100104086,87,46,53,41,47,5,6,4,5,7,8,21,24,4,5,18,21,14,16,14,16,4,1,5,14,2,6,8,6,1,3,2,7,2,12,6,8
2019,6,100104166,97,50,52,47,48,6,6,4,4,14,14,11,11,12,12,18,19,5,5,27,28,3,1,9,10,7,8,4,8,3,3,5,1,5,10,1,19
2019,6,100104254,149,74,50,75,50,9,6,11,7,22,15,20,13,19,13,19,13,22,15,27,18,5,5,11,11,12,10,10,10,4,6,11,9,7,9,12,17
2019,6,100104334,57,24,42,33,58,3,5,2,4,12,21,5,9,11,19,9,16,8,14,7,12,2,2,3,3,7,3,2,2,1,0,9,2,4,6,6,5
2019,6,100104375,163,81,50,82,50,5,3,12,7,21,13,25,15,18,11,29,18,35,21,18,11,1,7,13,12,9,13,19,7,4,5,8,13,9,16,16,11
2019,6,100104631,425,186,44,239,56,23,5,28,7,43,10,73,17,27,6,71,17,73,17,87,20,10,14,18,43,13,34,31,23,13,14,25,30,14,37,42,64
2019,6,100105184,101,49,49,52,51,8,8,5,5,12,12,12,12,14,14,16,16,20,20,14,14,6,4,5,7,7,6,10,4,2,1,7,5,7,10,10,10
2019,6,100105416,77,41,53,36,47,5,6,4,5,8,10,6,8,7,9,12,16,18,23,17,22,2,2,6,4,3,6,8,10,3,2,2,2,4,6,10,7
2019,6,100105498,155,72,46,83,54,15,10,10,6,18,12,21,14,19,12,22,14,26,17,24,15,7,6,9,8,10,11,13,8,8,4,9,13,9,11,13,16
2019,6,100105666,37,22,59,15,41,3,8,3,8,3,8,6,16,3,8,9,24,4,11,6,16,3,2,1,4,2,5,2,3,0,1,2,2,1,4,2,3
2019,6,100105842,174,85,49,89,51,8,5,18,10,17,10,21,12,18,10,37,21,29,17,26,15,5,8,11,12,11,16,13,9,3,10,6,9,7,21,16,17
2019,6,100106401,90,41,46,49,54,11,12,7,8,12,13,14,16,6,7,16,18,11,12,13,14,6,5,6,9,4,5,2,4,5,2,6,5,2,11,9,9
2019,6,100106506,115,52,45,63,55,10,9,17,15,12,10,22,19,11,10,11,10,20,17,12,10,7,11,7,8,6,3,7,3,3,6,5,14,5,8,13,9
2019,6,100106916,266,134,50,132,50,11,4,12,5,19,7,24,9,29,11,28,11,54,20,89,33,7,9,10,16,16,19,25,32,4,3,9,8,13,9,29,57
2019,6,100106932,117,50,43,67,57,9,8,7,6,10,9,23,20,12,10,8,7,31,26,17,15,4,3,4,12,7,3,11,6,5,4,6,11,5,5,20,11
2019,6,100107243,140,65,46,75,54,6,4,13,9,17,12,23,16,20,14,15,11,20,14,26,19,2,7,6,16,10,8,8,8,4,6,11,7,10,7,12,18
2019,6,100107661,90,41,46,49,54,8,9,14,16,6,7,11,12,12,13,17,19,12,13,10,11,3,6,4,4,6,8,5,5,5,8,2,7,6,9,7,5
2019,6,100107733,187,87,47,100,53,6,3,15,8,35,19,25,13,18,10,29,16,27,14,32,17,1,6,23,17,8,12,11,9,5,9,12,8,10,17,16,23
2019,6,100108261,493,225,46,268,54,25,5,45,9,62,13,65,13,61,12,69,14,82,17,84,17,11,24,33,29,32,32,38,26,14,21,29,36,29,37,44,58
2019,6,100109230,156,74,47,82,53,7,4,7,4,24,15,11,7,14,9,28,18,19,12,46,29,4,3,14,6,7,14,9,17,3,4,10,5,7,14,10,29
2019,6,100109335,138,73,53,65,47,5,4,8,6,20,14,16,12,11,8,29,21,19,14,30,22,4,5,10,12,5,14,11,12,1,3,10,4,6,15,8,18
2019,6,100109351,109,51,47,58,53,9,8,11,10,13,12,18,17,11,10,14,13,13,12,20,18,5,6,4,9,7,7,6,7,4,5,9,9,4,7,7,13
2019,6,100109866,491,239,49,252,51,46,9,41,8,60,12,81,16,42,9,72,15,79,16,70,14,28,23,31,46,25,31,37,18,18,18,29,35,17,41,42,52
2019,6,100110040,97,48,49,49,51,8,8,13,13,3,3,22,23,7,7,20,21,13,13,11,11,6,7,2,11,5,9,7,1,2,6,1,11,2,11,6,10
2019,6,100110282,14,7,50,7,50,0,0,0,0,1,7,1,7,2,14,2,14,5,36,3,21,0,0,0,1,1,1,2,2,0,0,1,0,1,1,3,1
2019,6,100110305,116,54,47,62,53,6,5,6,5,17,15,11,9,14,12,11,9,29,25,22,19,3,3,9,8,7,4,13,7,3,3,8,3,7,7,16,15
2019,6,100110602,177,83,47,94,53,10,6,24,14,9,5,31,18,21,12,21,12,29,16,32,18,4,11,5,17,12,10,16,8,6,13,4,14,9,11,13,24
2019,6,100110836,533,243,46,290,54,20,4,34,6,51,10,76,14,65,12,69,13,110,21,108,20,8,15,27,42,35,35,51,30,12,19,24,34,30,34,59,78
2019,6,100110940,345,171,50,174,50,20,6,32,9,34,10,51,15,49,14,40,12,58,17,61,18,9,15,19,30,27,17,34,20,11,17,15,21,22,23,24,41
2019,6,100111075,34,18,53,16,47,1,3,4,12,7,21,5,15,4,12,3,9,7,21,3,9,1,2,4,4,2,0,4,1,0,2,3,1,2,3,3,2
2019,6,100111155,549,269,49,280,51,50,9,55,10,43,8,77,14,74,13,67,12,70,13,113,21,26,32,27,54,37,28,31,34,24,23,16,23,37,39,39,79
2019,6,100111196,235,124,53,111,47,7,3,17,7,22,9,33,14,28,12,32,14,46,20,50,21,4,11,15,20,21,13,23,17,3,6,7,13,7,19,23,33
2019,6,100111227,169,80,47,89,53,15,9,14,8,26,15,23,14,26,15,28,17,23,14,14,8,6,7,12,13,12,13,13,4,9,7,14,10,14,15,10,10
2019,6,100111251,528,246,47,282,53,43,8,49,9,45,9,73,14,73,14,68,13,95,18,82,16,22,23,22,30,36,32,52,29,21,26,23,43,37,36,43,53
2019,6,100111268,31,12,39,19,61,3,10,3,10,2,6,3,10,5,16,4,13,7,23,4,13,0,1,1,1,3,2,2,2,3,2,1,2,2,2,5,2
2019,6,100111331,382,177,46,205,54,30,8,32,8,36,9,60,16,44,12,57,15,55,14,68,18,14,15,22,32,17,26,26,25,16,17,14,28,27,31,29,43
2019,6,100111372,44,23,52,21,48,0,0,3,7,6,14,8,18,5,11,10,23,3,7,9,20,0,1,2,5,3,5,2,5,0,2,4,3,2,5,1,4
2019,6,100111380,228,117,51,111,49,13,6,19,8,26,11,35,15,26,11,27,12,47,21,35,15,7,10,17,22,14,13,21,13,6,9,9,13,12,14,26,22
2019,6,100111403,956,440,46,516,54,60,6,78,8,99,10,141,15,109,11,113,12,195,20,161,17,29,34,58,76,50,56,74,63,31,44,41,65,59,57,121,98
2019,6,100111428,18,9,50,9,50,0,0,0,0,2,11,4,22,2,11,5,28,1,6,4,22,0,0,2,4,0,3,0,0,0,0,0,0,2,2,1,4
2019,6,100111436,89,46,52,43,48,5,6,2,2,12,13,14,16,9,10,11,12,21,24,15,17,3,2,7,10,6,5,10,3,2,0,5,4,3,6,11,12
2019,6,100111444,84,41,49,43,51,3,4,5,6,13,15,6,7,14,17,12,14,13,15,18,21,2,1,7,4,6,6,8,7,1,4,6,2,8,6,5,11
2019,6,100111452,164,76,46,88,54,13,8,12,7,8,5,28,17,12,7,25,15,27,16,39,24,7,3,2,18,5,13,12,16,6,9,6,10,7,12,15,23
2019,6,100111460,32,17,53,15,47,0,0,3,9,2,6,6,19,3,9,4,13,10,31,4,13,0,0,1,3,3,2,7,1,0,3,1,3,0,2,3,3
2019,6,100111477,23,9,39,14,61,2,9,3,13,1,4,5,22,6,26,1,4,5,22,0,0,2,0,1,1,3,1,1,0,0,3,0,4,3,0,4,0
2019,6,100111485,46,24,52,22,48,0,0,2,4,6,13,5,11,2,4,7,15,16,35,8,17,0,1,4,3,2,3,8,3,0,1,2,2,0,4,8,5
2019,6,100111493,28,12,43,16,57,1,4,3,11,6,21,3,11,3,11,5,18,4,14,3,11,1,2,2,1,2,2,2,0,0,1,4,2,1,3,2,3
2019,6,100111540,194,99,51,95,49,15,8,20,10,13,7,27,14,35,18,22,11,28,14,34,18,11,9,5,17,18,16,12,11,4,11,8,10,17,6,16,23
2019,6,100111565,286,143,50,143,50,21,7,26,9,31,11,49,17,29,10,47,16,48,17,35,12,8,15,16,34,16,23,22,9,13,11,15,15,13,24,26,26
2019,6,100111645,5423,2509,46,2914,54,420,8,504,9,560,10,736,14,738,14,775,14,705,13,985,18,204,262,270,392,360,373,313,335,216,242,290,344,378,402,392,650
2019,6,100111653,54,28,52,26,48,5,9,2,4,7,13,14,26,4,7,10,19,6,11,6,11,3,0,4,8,3,6,2,2,2,2,3,6,1,4,4,4
2019,6,100111661,26,14,54,12,46,0,0,1,4,3,12,6,23,2,8,4,15,8,31,2,8,0,0,3,3,2,2,4,0,0,1,0,3,0,2,4,2
2019,6,100111717,114,56,49,58,51,7,6,14,12,16,14,16,14,15,13,9,8,16,14,21,18,2,7,11,12,6,4,6,8,5,7,5,4,9,5,10,13
2019,6,100111741,809,420,52,389,48,70,9,106,13,81,10,102,13,111,14,98,12,121,15,120,15,39,58,49,53,58,51,59,53,31,48,32,49,53,47,62,67
2019,6,100111758,289,134,46,155,54,29,10,21,7,26,9,56,19,26,9,34,12,42,15,55,19,15,14,14,28,13,12,22,16,14,7,12,28,13,22,20,39
2019,6,100111774,153,81,53,72,47,12,8,14,9,19,12,19,12,14,9,27,18,13,8,35,23,4,8,12,14,9,16,7,11,8,6,7,5,5,11,6,24
2019,6,100111782,1197,585,49,612,51,94,8,98,8,108,9,169,14,153,13,166,14,224,19,185,15,52,48,51,89,87,83,104,71,42,50,57,80,66,83,120,114
2019,6,100111813,142,68,48,74,52,9,6,8,6,13,9,25,18,22,15,24,17,12,8,29,20,2,3,5,17,11,14,5,11,7,5,8,8,11,10,7,18
2019,6,100111821,141,71,50,70,50,6,4,15,11,15,11,18,13,16,11,24,17,22,16,25,18,3,10,7,8,9,11,15,8,3,5,8,10,7,13,7,17
2019,6,100111838,141,72,51,69,49,8,6,15,11,18,13,17,12,19,13,21,15,17,12,26,18,4,10,10,13,6,10,7,12,4,5,8,4,13,11,10,14
2019,6,100111846,100,51,51,49,49,11,11,11,11,4,4,16,16,7,7,15,15,17,17,19,19,6,6,2,10,3,11,9,4,5,5,2,6,4,4,8,15
2019,6,100111862,335,159,47,176,53,16,5,19,6,40,12,43,13,44,13,49,15,47,14,77,23,9,8,19,26,20,25,25,27,7,11,21,17,24,24,22,50
2019,6,100111887,13,5,38,8,62,1,8,1,8,0,0,2,15,1,8,4,31,3,23,1,8,0,0,0,1,0,2,2,0,1,1,0,1,1,2,1,1
2019,6,100111895,89,40,45,49,55,5,6,5,6,9,10,17,19,14,16,7,8,14,16,18,20,2,3,1,8,9,4,7,6,3,2,8,9,5,3,7,12
2019,6,100111901,12,9,75,3,25,2,17,1,8,0,0,2,17,1,8,3,25,2,17,1,8,1,1,0,1,1,3,1,1,1,0,0,1,0,0,1,0
2019,6,100111918,338,154,46,184,54,32,9,28,8,30,9,58,17,31,9,54,16,44,13,61,18,18,16,13,35,14,20,16,22,14,12,17,23,17,34,28,39
2019,6,100111934,29,13,45,16,55,4,14,0,0,2,7,3,10,3,10,6,21,3,10,8,28,1,0,0,1,2,4,0,5,3,0,2,2,1,2,3,3
2019,6,100111942,658,305,46,353,54,65,10,43,7,61,9,95,14,78,12,90,14,84,13,142,22,35,23,32,50,40,45,36,44,30,20,29,45,38,45,48,98
2019,6,100111975,49,27,55,22,45,2,4,8,16,7,14,4,8,10,20,7,14,5,10,6,12,2,3,3,3,6,4,3,3,0,5,4,1,4,3,2,3
2019,6,100111983,48,23,48,25,52,3,6,4,8,7,15,6,13,6,13,4,8,7,15,11,23,1,3,1,6,4,2,3,3,2,1,6,0,2,2,4,8
2019,6,100111991,35,20,57,15,43,2,6,2,6,2,6,4,11,5,14,4,11,4,11,12,34,1,2,2,1,3,3,2,6,1,0,0,3,2,1,2,6
2019,6,100112003,558,279,50,279,50,27,5,37,7,56,10,88,16,52,9,89,16,77,14,132,24,14,19,34,45,31,44,39,53,13,18,22,43,21,45,38,79
2019,6,100112036,93,49,53,44,47,5,5,4,4,10,11,21,23,10,11,18,19,11,12,14,15,3,2,5,15,7,5,8,4,2,2,5,6,3,13,3,10
2019,6,100112085,242,112,46,130,54,17,7,15,6,30,12,34,14,29,12,35,14,43,18,39,16,8,9,15,12,19,17,23,9,9,6,15,22,10,18,20,30
2019,6,100112132,446,217,49,229,51,29,7,36,8,46,10,55,12,57,13,60,13,76,17,87,20,13,19,26,36,33,29,33,28,16,17,20,19,24,31,43,59
2019,6,100112165,297,144,48,153,52,20,7,19,6,24,8,43,14,35,12,44,15,60,20,52,18,10,13,10,28,18,21,27,17,10,6,14,15,17,23,33,35
2019,6,100112204,68,34,50,34,50,3,4,9,13,7,10,5,7,10,15,14,21,6,9,14,21,2,4,4,2,4,9,4,5,1,5,3,3,6,5,2,9
2019,6,100112212,92,47,51,45,49,6,7,6,7,10,11,5,5,15,16,14,15,15,16,21,23,3,4,7,2,7,8,8,8,3,2,3,3,8,6,7,13
2019,6,100112237,175,80,46,95,54,17,10,8,5,16,9,25,14,24,14,31,18,24,14,30,17,8,5,7,14,12,15,11,8,9,3,9,11,12,16,13,22
2019,6,100112261,2039,943,46,1096,54,181,9,196,10,192,9,260,13,279,14,254,12,279,14,398,20,82,94,98,141,154,116,120,138,99,102,94,119,125,138,159,260
2019,6,100112286,650,314,48,336,52,55,8,73,11,82,13,99,15,75,12,97,15,74,11,95,15,28,46,39,52,36,49,31,33,27,27,43,47,39,48,43,62
2019,6,100112300,161,71,44,90,56,6,4,15,9,16,10,16,10,13,8,28,17,19,12,48,30,4,9,8,7,4,15,7,17,2,6,8,9,9,13,12,31
2019,6,100112325,134,71,53,63,47,14,10,9,7,13,10,29,22,17,13,19,14,18,13,15,11,5,7,9,19,9,8,7,7,9,2,4,10,8,11,11,8
2019,6,100112333,38,18,47,20,53,1,3,6,16,6,16,1,3,5,13,6,16,2,5,11,29,0,4,5,0,3,3,1,2,1,2,1,1,2,3,1,9
2019,6,100112341,246,120,49,126,51,21,9,19,8,19,8,35,14,31,13,27,11,39,16,55,22,14,11,10,17,18,13,18,19,7,8,9,18,13,14,21,36
2019,6,100112358,171,86,50,85,50,14,8,21,12,18,11,25,15,15,9,27,16,29,17,22,13,8,11,9,14,6,14,16,8,6,10,9,11,9,13,13,14
2019,6,100112462,237,116,49,121,51,14,6,21,9,31,13,27,11,38,16,34,14,31,13,41,17,9,13,9,18,20,16,15,16,5,8,22,9,18,18,16,25
2019,6,100112534,32,11,34,21,66,0,0,3,9,8,25,5,16,0,0,5,16,5,16,6,19,0,0,5,2,0,2,2,0,0,3,3,3,0,3,3,6
2019,6,100112591,542,264,49,278,51,38,7,57,11,56,10,68,13,79,15,75,14,69,13,100,18,23,28,31,33,41,37,32,39,15,29,25,35,38,38,37,61
2019,6,100112671,150,84,56,66,44,16,11,10,7,17,11,19,13,23,15,20,13,23,15,22,15,11,5,7,12,14,10,13,12,5,5,10,7,9,10,10,10
2019,6,100112688,141,63,45,78,55,12,9,12,9,13,9,19,13,17,12,14,10,22,16,32,23,4,4,6,13,8,8,11,9,8,8,7,6,9,6,11,23
2019,6,100112702,63,33,52,30,48,5,8,2,3,6,10,11,17,5,8,12,19,9,14,13,21,4,1,0,8,3,8,4,5,1,1,6,3,2,4,5,8
2019,6,100112743,424,198,47,226,53,31,7,35,8,32,8,66,16,58,14,59,14,66,16,77,18,17,15,17,37,28,32,29,23,14,20,15,29,30,27,37,54
2019,6,100112751,76,33,43,43,57,1,1,3,4,12,16,11,14,8,11,9,12,18,24,14,18,1,1,5,8,4,3,8,3,0,2,7,3,4,6,10,11
2019,6,100112768,137,61,45,76,55,6,4,14,10,14,10,21,15,14,10,20,15,23,17,25,18,3,5,7,12,5,9,13,7,3,9,7,9,9,11,10,18
2019,6,100112952,233,114,49,119,51,10,4,31,13,32,14,29,12,21,9,33,14,32,14,45,19,5,19,15,21,8,16,17,13,5,12,17,8,13,17,15,32
2019,6,100113101,435,204,47,231,53,39,9,36,8,41,9,74,17,46,11,51,12,72,17,76,17,19,21,17,43,23,23,35,23,20,15,24,31,23,28,37,53
2019,6,100113376,188,89,47,99,53,11,6,14,7,17,9,39,21,17,9,43,23,24,13,23,12,6,5,7,21,10,20,13,7,5,9,10,18,7,23,11,16
2019,6,100113497,47,16,34,31,66,7,15,3,6,5,11,4,9,5,11,4,9,10,21,9,19,1,2,2,0,3,2,4,2,6,1,3,4,2,2,6,7
2019,6,100113585,845,394,47,451,53,51,6,58,7,95,11,128,15,94,11,121,14,116,14,182,22,24,26,46,81,52,55,57,53,27,32,49,47,42,66,59,129
2019,6,100113987,75,34,45,41,55,5,7,8,11,11,15,8,11,12,16,8,11,11,15,12,16,3,2,6,4,8,2,6,3,2,6,5,4,4,6,5,9
2019,6,100114232,78,40,51,38,49,8,10,2,3,8,10,12,15,7,9,14,18,16,21,11,14,2,1,6,5,6,7,9,4,6,1,2,7,1,7,7,7
2019,6,100114240,2105,945,45,1160,55,138,7,169,8,223,11,245,12,232,11,348,17,306,15,444,21,76,94,109,134,104,166,138,124,62,75,114,111,128,182,168,320
2019,6,100114361,162,72,44,90,56,3,2,2,1,5,3,15,9,22,14,20,12,26,16,69,43,1,1,2,12,16,11,7,22,2,1,3,3,6,9,19,47
2019,6,100114394,47,25,53,22,47,1,2,3,6,6,13,3,6,8,17,10,21,7,15,9,19,0,2,4,2,4,6,3,4,1,1,2,1,4,4,4,5
2019,6,100114433,57,24,42,33,58,2,4,7,12,6,11,14,25,5,9,14,25,2,4,7,12,2,1,3,7,2,7,0,2,0,6,3,7,3,7,2,5
2019,6,100114466,1406,645,46,761,54,105,7,107,8,123,9,194,14,192,14,178,13,226,16,281,20,49,55,57,99,111,77,102,95,56,52,66,95,81,101,124,186
2019,6,100114554,164,81,49,83,51,9,5,12,7,17,10,33,20,17,10,26,16,20,12,30,18,6,6,7,18,10,18,9,7,3,6,10,15,7,8,11,23
2019,6,100114675,176,79,45,97,55,16,9,26,15,16,9,28,16,22,13,15,9,25,14,28,16,8,11,7,15,9,9,11,9,8,15,9,13,13,6,14,19
2019,6,100114763,384,176,46,208,54,40,10,26,7,43,11,71,18,37,10,56,15,58,15,53,14,19,10,22,40,20,24,27,14,21,16,21,31,17,32,31,39
2019,6,100114884,2027,934,46,1093,54,165,8,170,8,197,10,286,14,221,11,314,15,272,13,402,20,89,87,101,142,106,141,125,143,76,83,96,144,115,173,147,259
2019,6,100114948,485,216,45,269,55,39,8,34,7,47,10,82,17,53,11,53,11,81,17,96,20,20,15,21,46,22,26,31,35,19,19,26,36,31,27,50,61
2019,6,100115017,179,83,46,96,54,8,4,12,7,13,7,17,9,27,15,29,16,22,12,51,28,6,5,4,11,15,16,7,19,2,7,9,6,12,13,15,32
2019,6,100115113,5,,,,,,,,,,,,,,,,,,,,,,,,,,,,,,,,,,,,
2019,6,100115121,69,32,46,37,54,8,12,9,13,10,14,14,20,6,9,7,10,6,9,9,13,5,3,3,6,5,5,1,4,3,6,7,8,1,2,5,5
2019,6,100115162,27,13,48,14,52,2,7,0,0,6,22,9,33,0,0,5,19,5,19,0,0,0,0,4,5,0,1,3,0,2,0,2,4,0,4,2,0
2019,6,100115170,169,74,44,95,56,8,5,13,8,11,7,19,11,14,8,30,18,23,14,51,30,5,6,3,11,12,14,8,15,3,7,8,8,2,16,15,36
2019,6,100115218,38,21,55,17,45,5,13,3,8,5,13,4,11,8,21,6,16,2,5,5,13,4,2,3,3,5,2,1,1,1,1,2,1,3,4,1,4
2019,6,100115242,223,114,51,109,49,19,9,27,12,20,9,33,15,27,12,29,13,34,15,34,15,8,18,12,18,12,14,18,14,11,9,8,15,15,15,16,20
2019,6,100115275,1130,481,43,649,57,56,5,81,7,117,10,147,13,132,12,157,14,157,14,283,25,24,38,51,70,67,69,65,97,32,43,66,77,65,88,92,186
2019,6,100115314,173,88,51,85,49,10,6,15,9,17,10,21,12,28,16,21,12,40,23,21,12,5,4,12,13,15,8,19,12,5,11,5,8,13,13,21,9
2019,6,100115548,275,130,47,145,53,26,9,28,10,35,13,26,9,25,9,41,15,31,11,63,23,13,17,16,17,11,19,18,19,13,11,19,9,14,22,13,44
2019,6,100115556,101,51,50,50,50,9,9,7,7,10,10,9,9,12,12,9,9,11,11,34,34,5,5,6,5,7,5,6,12,4,2,4,4,5,4,5,22
2019,6,100115636,31,18,58,13,42,3,10,4,13,2,6,4,13,3,10,9,29,2,6,4,13,3,3,1,2,2,4,1,2,0,1,1,2,1,5,1,2
2019,6,100115660,92,44,48,48,52,5,5,2,2,8,9,15,16,10,11,13,14,17,18,22,24,3,0,4,9,6,7,7,8,2,2,4,6,4,6,10,14
2019,6,100115677,340,167,49,173,51,27,8,31,9,44,13,62,18,41,12,42,12,50,15,43,13,17,17,26,34,22,18,22,11,10,14,18,28,19,24,28,32
2019,6,100115716,112,56,50,56,50,7,6,14,13,8,7,16,14,11,10,14,13,14,13,28,25,5,9,4,9,5,9,9,6,2,5,4,7,6,5,5,22
2019,6,100115724,452,215,48,237,52,41,9,33,7,47,10,68,15,52,12,58,13,69,15,84,19,20,19,25,36,30,23,35,27,21,14,22,32,22,35,34,57
2019,6,100115740,36,21,58,15,42,4,11,4,11,3,8,8,22,3,8,6,17,5,14,3,8,3,3,2,4,2,3,2,2,1,1,1,4,1,3,3,1
2019,6,100115894,352,169,48,183,52,25,7,23,7,26,7,69,20,27,8,56,16,62,18,64,18,12,13,14,40,16,26,25,23,13,10,12,29,11,30,37,41
2019,6,100115982,125,61,49,64,51,16,13,10,8,21,17,18,14,11,9,24,19,11,9,14,11,8,3,13,10,6,10,7,4,8,7,8,8,5,14,4,10
2019,6,100116084,19,9,47,10,53,0,0,2,11,5,26,2,11,1,5,4,21,2,11,3,16,0,1,2,2,1,0,1,2,0,1,3,0,0,4,1,1
2019,6,100116092,292,142,49,150,51,30,10,26,9,32,11,42,14,27,9,32,11,60,21,43,15,17,16,19,20,13,15,26,16,13,10,13,22,14,17,34,27
2019,6,100116131,42,20,48,22,52,9,21,5,12,4,10,10,24,5,12,2,5,3,7,4,10,6,1,1,5,2,1,2,2,3,4,3,5,3,1,1,2
2019,6,100116203,462,220,48,242,52,28,6,31,7,42,9,66,14,49,11,67,15,80,17,99,21,17,16,23,36,29,30,35,34,11,15,19,30,20,37,45,65
2019,6,100116590,153,73,48,80,52,10,7,14,9,19,12,14,9,18,12,21,14,25,16,32,21,6,7,10,8,10,10,9,13,4,7,9,6,8,11,16,19
2019,6,100116613,5,,,,,,,,,,,,,,,,,,,,,,,,,,,,,,,,,,,,
2019,6,100116695,281,150,53,131,47,15,5,18,6,28,10,44,16,38,14,45,16,39,14,54,19,8,12,18,30,24,21,18,19,7,6,10,14,14,24,21,35
2019,6,100116718,5,,,,,,,,,,,,,,,,,,,,,,,,,,,,,,,,,,,,
2019,6,100116896,164,79,48,85,52,15,9,14,9,21,13,15,9,19,12,25,15,23,14,32,20,7,8,12,6,12,13,12,9,8,6,9,9,7,12,11,23
2019,6,100116984,23,11,48,12,52,0,0,0,0,1,4,2,9,3,13,5,22,10,43,2,9,0,0,0,1,2,1,6,1,0,0,1,1,1,4,4,1
2019,6,100117527,231,106,46,125,54,19,8,20,9,31,13,33,14,22,10,35,15,39,17,32,14,12,9,13,18,13,15,20,6,7,11,18,15,9,20,19,26
2019,6,100117584,332,165,50,167,50,13,4,17,5,32,10,46,14,38,11,36,11,69,21,81,24,9,11,17,32,23,21,28,24,4,6,15,14,15,15,41,57
2019,6,100117631,66,32,48,34,52,1,2,5,8,9,14,11,17,7,11,14,21,5,8,14,21,0,2,6,7,3,6,3,5,1,3,3,4,4,8,2,9
2019,6,100117953,142,66,46,76,54,7,5,13,9,8,6,18,13,14,10,23,16,27,19,32,23,4,6,4,8,9,11,14,10,3,7,4,10,5,12,13,22
2019,6,100118071,33,18,55,15,45,0,0,5,15,1,3,3,9,4,12,8,24,5,15,7,21,0,2,1,3,3,5,3,1,0,3,0,0,1,3,2,6
2019,6,100118135,43,20,47,23,53,1,2,8,19,5,12,5,12,7,16,11,26,2,5,4,9,1,6,2,1,3,5,1,1,0,2,3,4,4,6,1,3
2019,6,100118223,234,127,54,107,46,8,3,19,8,22,9,39,17,26,11,46,20,48,21,26,11,6,13,13,25,18,17,23,12,2,6,9,14,8,29,25,14
2019,6,100118633,319,161,50,158,50,17,5,22,7,28,9,56,18,38,12,44,14,70,22,44,14,10,8,17,34,24,19,33,16,7,14,11,22,14,25,37,28
2019,6,100118674,195,96,49,99,51,5,3,9,5,16,8,25,13,14,7,31,16,45,23,50,26,3,5,13,15,8,15,23,14,2,4,3,10,6,16,22,36
2019,6,100118834,22,12,55,10,45,0,0,1,5,1,5,3,14,2,9,2,9,9,41,4,18,0,0,1,2,1,1,5,2,0,1,0,1,1,1,4,2
2019,6,100118883,346,154,45,192,55,24,7,30,9,34,10,45,13,30,9,52,15,60,17,71,21,10,17,16,22,11,24,34,20,14,13,18,23,19,28,26,51
2019,6,100118914,56,24,43,32,57,4,7,3,5,11,20,4,7,6,11,11,20,8,14,9,16,1,2,4,2,3,5,4,3,3,1,7,2,3,6,4,6
2019,6,100118922,23,12,52,11,48,2,9,4,17,2,9,1,4,2,9,6,26,1,4,5,22,0,2,2,1,1,2,1,3,2,2,0,0,1,4,0,2
2019,6,100118955,85,45,53,40,47,2,2,10,12,4,5,11,13,9,11,15,18,13,15,21,25,1,6,2,6,6,8,9,7,1,4,2,5,3,7,4,14
2019,6,100118963,36,19,53,17,47,2,6,2,6,4,11,3,8,7,19,8,22,8,22,2,6,1,0,2,2,4,6,3,1,1,2,2,1,3,2,5,1
2019,6,100119008,759,379,50,380,50,53,7,41,5,87,11,131,17,96,13,94,12,116,15,141,19,32,26,48,72,46,44,57,54,21,15,39,59,50,50,59,87
2019,6,100119032,355,175,49,180,51,13,4,20,6,29,8,50,14,33,9,67,19,66,19,77,22,7,10,17,33,20,30,33,25,6,10,12,17,13,37,33,52
2019,6,100119040,27,17,63,10,37,0,0,6,22,3,11,1,4,5,19,4,15,3,11,5,19,0,4,1,1,2,3,2,4,0,2,2,0,3,1,1,1
2019,6,100119057,12,5,42,7,58,0,0,0,0,0,0,1,8,3,25,2,17,4,33,2,17,0,0,0,0,1,1,2,1,0,0,0,1,2,1,2,1
2019,6,100119098,5,,,,,,,,,,,,,,,,,,,,,,,,,,,,,,,,,,,,
2019,6,100119506,589,305,52,284,48,11,2,26,4,44,7,63,11,86,15,108,18,112,19,139,24,5,14,26,41,45,60,60,54,6,12,18,22,41,48,52,85
2019,6,100119643,79,41,52,38,48,3,4,3,4,10,13,7,9,6,8,16,20,15,19,19,24,2,3,5,5,3,8,7,8,1,0,5,2,3,8,8,11
2019,6,100119651,163,84,52,79,48,6,4,9,6,21,13,18,11,25,15,24,15,27,17,33,20,3,2,12,12,14,13,12,16,3,7,9,6,11,11,15,17
2019,6,100119668,5,,,,,,,,,,,,,,,,,,,,,,,,,,,,,,,,,,,,
2019,6,100119684,319,150,47,169,53,14,4,18,6,26,8,46,14,33,10,45,14,71,22,66,21,9,7,13,30,17,20,31,23,5,11,13,16,16,25,40,43
2019,6,100119707,63,29,46,34,54,4,6,2,3,4,6,7,11,6,10,7,11,16,25,17,27,2,1,4,4,3,2,6,7,2,1,0,3,3,5,10,10
2019,6,100119756,65,33,51,32,49,0,0,3,5,5,8,5,8,10,15,13,20,10,15,19,29,0,2,2,1,7,8,7,6,0,1,3,4,3,5,3,13
2019,6,100119940,215,108,50,107,50,13,6,15,7,21,10,35,16,28,13,32,15,43,20,28,13,7,8,13,19,20,14,19,8,6,7,8,16,8,18,24,20
2019,6,100120260,31,19,61,12,39,1,3,3,10,2,6,4,13,7,23,3,10,4,13,7,23,0,2,1,2,6,2,3,3,1,1,1,2,1,1,1,4
2019,6,100120293,5,,,,,,,,,,,,,,,,,,,,,,,,,,,,,,,,,,,,
2019,6,100120308,33,15,45,18,55,1,3,0,0,2,6,3,9,0,0,10,30,5,15,12,36,1,0,1,1,0,6,2,4,0,0,1,2,0,4,3,8
2019,6,100120324,5,,,,,,,,,,,,,,,,,,,,,,,,,,,,,,,,,,,,
2019,6,100120412,176,91,52,85,48,7,4,14,8,13,7,21,12,23,13,25,14,47,27,26,15,6,5,7,11,15,14,22,11,1,9,6,10,8,11,25,15
2019,6,100120461,5,,,,,,,,,,,,,,,,,,,,,,,,,,,,,,,,,,,,
2019,6,100120517,5,,,,,,,,,,,,,,,,,,,,,,,,,,,,,,,,,,,,
2019,6,100120558,299,148,49,151,51,19,6,22,7,38,13,27,9,46,15,46,15,47,16,54,18,11,13,21,17,23,20,22,21,8,9,17,10,23,26,25,33
2019,6,100120687,5,,,,,,,,,,,,,,,,,,,,,,,,,,,,,,,,,,,,
2019,6,100120695,461,200,43,261,57,20,4,20,4,39,8,56,12,46,10,76,16,95,21,109,24,7,5,23,30,28,27,45,35,13,15,16,26,18,49,50,74
2019,6,100120863,5,,,,,,,,,,,,,,,,,,,,,,,,,,,,,,,,,,,,
2019,6,100120871,12,4,33,8,67,0,0,2,17,0,0,0,0,2,17,1,8,2,17,5,42,0,0,0,0,1,1,1,1,0,2,0,0,1,0,1,4
2019,6,100120888,32,15,47,17,53,1,3,0,0,5,16,5,16,1,3,4,13,9,28,7,22,0,0,1,4,1,1,5,3,1,0,4,1,0,3,4,4
2019,6,100120896,14,4,29,10,71,0,0,1,7,3,21,2,14,2,14,2,14,1,7,3,21,0,0,0,2,0,1,1,0,0,1,3,0,2,1,0,3
2019,6,100120902,20,13,65,7,35,1,5,2,10,2,10,1,5,2,10,3,15,7,35,2,10,1,2,1,0,2,1,5,1,0,0,1,1,0,2,2,1
2019,6,100120910,23,12,52,11,48,5,22,0,0,0,0,3,13,3,13,2,9,3,13,7,30,3,0,0,2,1,1,1,4,2,0,0,1,2,1,2,3
2019,6,100120927,5,,,,,,,,,,,,,,,,,,,,,,,,,,,,,,,,,,,,
2019,6,100120935,25,16,64,9,36,2,8,2,8,4,16,3,12,5,20,5,20,2,8,2,8,2,1,4,2,2,3,1,1,0,1,0,1,3,2,1,1
2019,6,100120943,5,,,,,,,,,,,,,,,,,,,,,,,,,,,,,,,,,,,,
2019,6,100120951,110,46,42,64,58,7,6,10,9,6,5,10,9,5,5,25,23,24,22,23,21,1,6,3,4,2,12,12,6,6,4,3,6,3,13,12,17
2019,6,100120968,363,160,44,203,56,26,7,31,9,39,11,50,14,50,14,53,15,50,14,64,18,11,15,15,29,27,20,19,24,15,16,24,21,23,33,31,40
2019,6,100120992,36,20,56,16,44,6,17,3,8,4,11,3,8,7,19,6,17,3,8,4,11,4,1,3,2,5,3,1,1,2,2,1,1,2,3,2,3
2019,6,100121004,17,11,65,6,35,4,24,0,0,0,0,3,18,2,12,1,6,2,12,5,29,1,0,0,3,2,1,1,3,3,0,0,0,0,0,1,2
2019,6,100121012,5,,,,,,,,,,,,,,,,,,,,,,,,,,,,,,,,,,,,
2019,6,100121020,5,,,,,,,,,,,,,,,,,,,,,,,,,,,,,,,,,,,,
2019,6,100121037,31,15,48,16,52,2,6,3,10,3,10,4,13,4,13,5,16,5,16,5,16,1,2,2,1,2,3,1,3,1,1,1,3,2,2,4,2
2019,6,100121045,14,9,64,5,36,2,14,3,21,1,7,2,14,3,21,0,0,0,0,3,21,1,3,0,1,2,0,0,2,1,0,1,1,1,0,0,1
2019,6,100121053,5,,,,,,,,,,,,,,,,,,,,,,,,,,,,,,,,,,,,
2019,6,100121061,5,,,,,,,,,,,,,,,,,,,,,,,,,,,,,,,,,,,,
2019,6,100121078,5,,,,,,,,,,,,,,,,,,,,,,,,,,,,,,,,,,,,
2019,6,100121086,13,7,54,6,46,0,0,1,8,1,8,3,23,1,8,3,23,1,8,3,23,0,1,0,2,1,2,0,1,0,0,1,1,0,1,1,2
2019,6,100121100,50,24,48,26,52,1,2,4,8,5,10,5,10,6,12,6,12,7,14,16,32,1,1,3,4,3,3,3,6,0,3,2,1,3,3,4,10
2019,6,100121117,21,10,48,11,52,0,0,0,0,2,10,1,5,3,14,3,14,4,19,8,38,0,0,1,1,3,1,2,2,0,0,1,0,0,2,2,6
2019,6,100121125,5,,,,,,,,,,,,,,,,,,,,,,,,,,,,,,,,,,,,
2019,6,100121133,62,29,47,33,53,7,11,5,8,4,6,11,18,10,16,5,8,13,21,7,11,1,0,3,7,4,4,6,4,6,5,1,4,6,1,7,3
2019,6,100121141,1348,600,45,748,55,94,7,59,4,84,6,176,13,196,15,228,17,203,15,308,23,57,23,42,78,99,103,93,105,37,36,42,98,97,125,110,203
2019,6,100121158,46,21,46,25,54,1,2,3,7,3,7,2,4,6,13,11,24,6,13,14,30,1,0,2,0,4,6,3,5,0,3,1,2,2,5,3,9
2019,6,100121166,5,,,,,,,,,,,,,,,,,,,,,,,,,,,,,,,,,,,,
2019,6,100121174,42,22,52,20,48,2,5,6,14,0,0,4,10,8,19,6,14,8,19,8,19,0,3,0,3,5,3,6,2,2,3,0,1,3,3,2,6
2019,6,100121205,5,,,,,,,,,,,,,,,,,,,,,,,,,,,,,,,,,,,,
2019,6,100121213,117,59,50,58,50,6,5,1,1,8,7,11,9,10,9,29,25,23,20,29,25,5,0,5,6,6,14,11,12,1,1,3,5,4,15,12,17
2019,6,100121221,5,,,,,,,,,,,,,,,,,,,,,,,,,,,,,,,,,,,,
2019,6,100121238,24,12,50,12,50,3,13,4,17,0,0,6,25,1,4,2,8,4,17,4,17,1,2,0,1,1,2,3,2,2,2,0,5,0,0,1,2
2019,6,100121246,13,8,62,5,38,0,0,0,0,2,15,1,8,1,8,4,31,3,23,2,15,0,0,1,0,1,2,2,2,0,0,1,1,0,2,1,0
2019,6,100121254,5,,,,,,,,,,,,,,,,,,,,,,,,,,,,,,,,,,,,
2019,6,100121262,24,12,50,12,50,1,4,1,4,3,13,2,8,1,4,10,42,3,13,3,13,1,1,1,0,0,5,2,2,0,0,2,2,1,5,1,1
2019,6,100121270,36,17,47,19,53,1,3,6,17,4,11,4,11,6,17,2,6,3,8,10,28,1,4,3,1,2,1,2,3,0,2,1,3,4,1,1,7
2019,6,100121295,5,,,,,,,,,,,,,,,,,,,,,,,,,,,,,,,,,,,,
2019,6,100121301,908,451,50,457,50,76,8,61,7,99,11,106,12,113,12,128,14,145,16,180,20,38,32,53,62,62,66,67,71,38,29,46,44,51,62,78,109
2019,6,100121326,13,7,54,6,46,0,0,3,23,1,8,0,0,4,31,0,0,1,8,4,31,0,2,1,0,2,0,1,1,0,1,0,0,2,0,0,3
2019,6,100121334,5,,,,,,,,,,,,,,,,,,,,,,,,,,,,,,,,,,,,
2019,6,100121342,14,9,64,5,36,0,0,0,0,0,0,3,21,1,7,0,0,4,29,6,43,0,0,0,3,1,0,4,1,0,0,0,0,0,0,0,5
2019,6,100121350,26,15,58,11,42,2,8,0,0,3,12,4,15,4,15,4,15,3,12,6,23,0,0,1,3,2,4,2,3,2,0,2,1,2,0,1,3
2019,6,100121367,5,,,,,,,,,,,,,,,,,,,,,,,,,,,,,,,,,,,,
2019,6,100121375,5,,,,,,,,,,,,,,,,,,,,,,,,,,,,,,,,,,,,
2019,6,100121383,27,16,59,11,41,0,0,0,0,1,4,1,4,3,11,4,15,9,33,9,33,0,0,1,1,2,2,5,5,0,0,0,0,1,2,4,4
2019,6,100121391,13,5,38,8,62,1,8,2,15,1,8,0,0,2,15,0,0,4,31,3,23,0,0,1,0,1,0,2,1,1,2,0,0,1,0,2,2
2019,6,100121414,1001,440,44,561,56,69,7,67,7,127,13,122,12,132,13,166,17,135,13,183,18,30,36,60,63,58,82,52,59,39,31,67,59,74,84,83,124
2019,6,100121447,5,,,,,,,,,,,,,,,,,,,,,,,,,,,,,,,,,,,,
2019,6,100121455,5,,,,,,,,,,,,,,,,,,,,,,,,,,,,,,,,,,,,
2019,6,100121471,265,118,45,147,55,15,6,24,9,14,5,28,11,26,10,37,14,55,21,66,25,9,13,6,15,16,15,23,21,6,11,8,13,10,22,32,45
2019,6,100121728,96,43,45,53,55,7,7,7,7,8,8,22,23,4,4,19,20,14,15,15,16,3,4,3,14,0,9,6,4,4,3,5,8,4,10,8,11
2019,6,100121840,142,76,54,66,46,11,8,5,4,29,20,17,12,13,9,32,23,20,14,15,11,7,4,16,10,4,18,13,4,4,1,13,7,9,14,7,11
2019,6,100121961,197,89,45,108,55,20,10,6,3,16,8,27,14,17,9,31,16,39,20,41,21,7,3,9,13,10,12,22,13,13,3,7,14,7,19,17,28
2019,6,100122063,18,12,67,6,33,0,0,0,0,0,0,0,0,2,11,5,28,4,22,7,39,0,0,0,0,2,2,4,4,0,0,0,0,0,3,0,3
2019,6,100122096,116,53,46,63,54,2,2,6,5,12,10,15,13,13,11,19,16,19,16,30,26,1,3,5,9,7,8,12,8,1,3,7,6,6,11,7,22
2019,6,100122184,549,278,51,271,49,22,4,27,5,39,7,69,13,66,12,97,18,86,16,143,26,10,18,21,41,38,57,43,50,12,9,18,28,28,40,43,93
2019,6,100122248,27,14,52,13,48,1,4,2,7,4,15,3,11,1,4,6,22,4,15,6,22,1,2,2,2,0,3,2,2,0,0,2,1,1,3,2,4
2019,6,100122352,405,171,42,234,58,13,3,20,5,34,8,43,11,49,12,71,18,68,17,107,26,6,9,21,21,24,30,32,28,7,11,13,22,25,41,36,79
2019,6,100122360,5,,,,,,,,,,,,,,,,,,,,,,,,,,,,,,,,,,,,
2019,6,100122432,5,,,,,,,,,,,,,,,,,,,,,,,,,,,,,,,,,,,,
2019,6,100122504,5,,,,,,,,,,,,,,,,,,,,,,,,,,,,,,,,,,,,
2019,6,100122633,5,,,,,,,,,,,,,,,,,,,,,,,,,,,,,,,,,,,,
2019,6,100122666,5,,,,,,,,,,,,,,,,,,,,,,,,,,,,,,,,,,,,
2019,6,100122713,30,17,57,13,43,0,0,1,3,2,7,4,13,3,10,8,27,2,7,10,33,0,1,1,3,2,4,2,4,0,0,1,1,1,4,0,6
2019,6,100122721,177,77,44,100,56,10,6,10,6,28,16,16,9,19,11,26,15,27,15,41,23,6,2,12,12,6,14,10,15,4,8,16,4,13,12,17,26
2019,6,100122795,207,96,46,111,54,12,6,17,8,22,11,20,10,23,11,23,11,29,14,61,29,4,9,12,11,13,10,13,24,8,8,10,9,10,13,16,37
2019,6,100122801,35,21,60,14,40,0,0,3,9,3,9,2,6,9,26,9,26,6,17,3,9,0,1,1,2,6,5,6,0,0,2,2,0,3,4,0,3
2019,6,100122875,231,106,46,125,54,8,3,16,7,30,13,26,11,39,17,36,16,32,14,44,19,3,9,16,15,20,18,13,12,5,7,14,11,19,18,19,32
2019,6,100122883,63,32,51,31,49,4,6,2,3,11,17,6,10,12,19,10,16,7,11,11,17,1,1,6,5,8,4,2,5,3,1,5,1,4,6,5,6
2019,6,100122891,5,,,,,,,,,,,,,,,,,,,,,,,,,,,,,,,,,,,,
2019,6,100122963,5,,,,,,,,,,,,,,,,,,,,,,,,,,,,,,,,,,,,
2019,6,100123057,41,18,44,23,56,0,0,2,5,2,5,5,12,9,22,9,22,3,7,11,27,0,2,1,3,3,5,0,4,0,0,1,2,6,4,3,7
2019,6,100123217,162,81,50,81,50,6,4,8,5,21,13,25,15,11,7,26,16,19,12,46,28,3,5,14,15,6,11,8,19,3,3,7,10,5,15,11,27
2019,6,100123973,78,40,51,38,49,2,3,10,13,6,8,4,5,15,19,8,10,16,21,17,22,2,6,2,1,9,6,8,6,0,4,4,3,6,2,8,11
2019,6,100123981,467,209,45,258,55,27,6,28,6,49,10,44,9,49,10,55,12,76,16,139,30,15,16,29,19,21,28,36,45,12,12,20,25,28,27,40,94
2019,6,100123998,160,78,49,82,51,2,1,8,5,16,10,16,10,16,10,26,16,29,18,47,29,1,6,6,11,10,12,17,15,1,2,10,5,6,14,12,32
2019,6,100124042,218,100,46,118,54,8,4,12,6,18,8,30,14,21,10,34,16,41,19,54,25,5,8,9,19,10,15,18,16,3,4,9,11,11,19,23,38
2019,6,100124516,425,174,41,251,59,21,5,30,7,32,8,42,10,37,9,69,16,67,16,127,30,10,17,13,19,19,28,27,41,11,13,19,23,18,41,40,86
2019,6,100124532,65,36,55,29,45,1,2,0,0,7,11,7,11,6,9,15,23,11,17,18,28,1,0,3,6,2,10,5,9,0,0,4,1,4,5,6,9
2019,6,100124565,405,182,45,223,55,28,7,44,11,32,8,55,14,50,12,45,11,59,15,92,23,14,21,14,28,30,20,25,30,14,23,18,27,20,25,34,62
2019,6,100124598,460,209,45,251,55,27,6,32,7,44,10,69,15,62,13,46,10,77,17,103,22,13,20,20,38,31,23,30,34,14,12,24,31,31,23,47,69
2019,6,100124612,94,46,49,48,51,7,7,6,6,9,10,13,14,8,9,14,15,16,17,21,22,4,3,5,9,4,6,7,8,3,3,4,4,4,8,9,13
2019,6,100124661,145,67,46,78,54,11,8,13,9,10,7,21,14,16,11,24,17,22,15,28,19,5,4,5,11,9,13,8,12,6,9,5,10,7,11,14,16
2019,6,100124678,253,144,57,109,43,5,2,5,2,14,6,31,12,40,16,38,15,61,24,59,23,3,3,7,20,23,20,44,24,2,2,7,11,17,18,17,35
2019,6,100124686,254,132,52,122,48,16,6,22,9,17,7,31,12,35,14,36,14,39,15,58,23,9,14,9,22,21,20,16,21,7,8,8,9,14,16,23,37
2019,6,100124700,1128,501,44,627,56,107,9,152,13,136,12,135,12,154,14,166,15,136,12,142,13,51,73,63,59,74,85,52,44,56,79,73,76,80,81,84,98
2019,6,100124717,219,97,44,122,56,16,7,12,5,19,9,29,13,20,9,31,14,37,17,55,25,7,7,12,14,10,14,18,15,9,5,7,15,10,17,19,40
2019,6,100124733,1203,538,45,665,55,61,5,95,8,136,11,140,12,129,11,157,13,179,15,306,25,32,44,69,73,70,80,79,91,29,51,67,67,59,77,100,215
2019,6,100124766,52,21,40,31,60,3,6,2,4,5,10,6,12,5,10,7,13,9,17,15,29,2,1,4,2,2,3,3,4,1,1,1,4,3,4,6,11
2019,6,100124782,313,142,45,171,55,25,8,20,6,25,8,48,15,38,12,46,15,45,14,66,21,14,8,13,29,20,21,17,20,11,12,12,19,18,25,28,46
2019,6,100124790,473,219,46,254,54,35,7,34,7,42,9,72,15,52,11,63,13,75,16,100,21,14,18,19,44,26,27,33,38,21,16,23,28,26,36,42,62
2019,6,100124854,236,110,47,126,53,21,9,25,11,26,11,42,18,26,11,30,13,30,13,36,15,11,10,12,23,12,15,13,14,10,15,14,19,14,15,17,22
2019,6,100124887,210,99,47,111,53,16,8,12,6,26,12,27,13,27,13,28,13,31,15,43,20,7,6,12,15,16,16,13,14,9,6,14,12,11,12,18,29
2019,6,100124975,198,95,48,103,52,20,10,21,11,20,10,29,15,31,16,24,12,25,13,28,14,8,12,11,17,17,11,11,8,12,9,9,12,14,13,14,20
2019,6,100124983,332,152,46,180,54,19,6,29,9,45,14,45,14,37,11,50,15,49,15,58,17,12,16,25,18,16,28,23,14,7,13,20,27,21,22,26,44
2019,6,100124991,181,86,48,95,52,15,8,14,8,22,12,27,15,17,9,32,18,19,10,35,19,7,6,11,15,10,15,9,13,8,8,11,12,7,17,10,22
2019,6,100125028,586,263,45,323,55,56,10,47,8,68,12,78,13,72,12,73,12,91,16,101,17,27,26,33,40,38,36,38,25,29,21,35,38,34,37,53,76
2019,6,100125036,390,190,49,200,51,30,8,31,8,57,15,58,15,50,13,56,14,50,13,58,15,16,17,30,31,26,32,25,13,14,14,27,27,24,24,25,45
2019,6,100125077,148,76,51,72,49,12,8,9,6,18,12,25,17,24,16,22,15,15,10,23,16,8,4,15,12,12,12,4,9,4,5,3,13,12,10,11,14
2019,6,100125116,44,22,50,22,50,0,0,4,9,8,18,9,20,3,7,11,25,4,9,5,11,0,2,3,7,1,7,1,1,0,2,5,2,2,4,3,4
2019,6,100125124,30,19,63,11,37,0,0,2,7,5,17,4,13,2,7,9,30,3,10,5,17,0,1,4,2,1,6,2,3,0,1,1,2,1,3,1,2
2019,6,100125132,252,118,47,134,53,18,7,15,6,31,12,40,16,28,11,37,15,39,15,44,17,7,10,20,23,8,22,16,12,11,5,11,17,20,15,23,32
2019,6,100125140,128,58,45,70,55,8,6,13,10,8,6,20,16,8,6,25,20,19,15,27,21,5,7,4,10,5,8,8,11,3,6,4,10,3,17,11,16
2019,6,100125173,293,155,53,138,47,18,6,14,5,29,10,50,17,36,12,43,15,41,14,62,21,13,6,13,33,19,26,16,29,5,8,16,17,17,17,25,33
2019,6,100125245,279,135,48,144,52,16,6,21,8,38,14,46,16,27,10,39,14,43,15,49,18,9,11,18,26,16,20,18,17,7,10,20,20,11,19,25,32
2019,6,100125317,309,144,47,165,53,17,6,23,7,24,8,51,17,26,8,70,23,38,12,60,19,9,16,15,31,13,26,17,17,8,7,9,20,13,44,21,43
2019,6,100125325,283,138,49,145,51,23,8,23,8,28,10,48,17,35,12,36,13,53,19,37,13,18,5,13,27,19,19,26,11,5,18,15,21,16,17,27,26
2019,6,100125333,458,214,47,244,53,29,6,27,6,58,13,89,19,36,8,82,18,68,15,69,15,17,15,35,46,19,35,26,21,12,12,23,43,17,47,42,48
2019,6,100125358,99,45,45,54,55,18,18,13,13,11,11,12,12,10,10,7,7,16,16,12,12,10,5,2,5,8,3,7,5,8,8,9,7,2,4,9,7
2019,6,100125366,105,52,50,53,50,3,3,5,5,7,7,15,14,7,7,15,14,16,15,37,35,1,2,3,11,6,6,8,15,2,3,4,4,1,9,8,22
2019,6,100125405,251,126,50,125,50,17,7,32,13,38,15,41,16,34,14,31,12,30,12,28,11,10,16,24,22,17,12,14,11,7,16,14,19,17,19,16,17
2019,6,100125421,127,66,52,61,48,8,6,9,7,14,11,13,10,19,15,11,9,25,20,28,22,5,5,11,9,13,3,11,9,3,4,3,4,6,8,14,19
2019,6,100125454,212,103,49,109,51,20,9,25,12,21,10,27,13,20,9,29,14,28,13,42,20,9,14,8,14,10,14,12,22,11,11,13,13,10,15,16,20
2019,6,100125470,74,32,43,42,57,1,1,0,0,3,4,5,7,2,3,12,16,15,20,36,49,0,0,1,3,1,7,6,14,1,0,2,2,1,5,9,22
2019,6,100125501,140,68,49,72,51,6,4,17,12,15,11,17,12,17,12,15,11,24,17,29,21,3,10,6,13,10,7,13,6,3,7,9,4,7,8,11,23
2019,6,100125518,200,100,50,100,50,9,5,12,6,21,11,30,15,18,9,35,18,38,19,37,19,5,7,15,21,9,15,18,10,4,5,6,9,9,20,20,27
2019,6,100125614,133,64,48,69,52,11,8,19,14,17,13,11,8,17,13,17,13,18,14,23,17,2,12,8,7,8,10,10,7,9,7,9,4,9,7,8,16
2019,6,100125671,79,41,52,38,48,8,10,7,9,6,8,16,20,7,9,14,18,12,15,9,11,2,5,2,10,3,8,7,4,6,2,4,6,4,6,5,5
2019,6,100125702,287,132,46,155,54,31,11,19,7,32,11,40,14,26,9,35,12,56,20,48,17,18,11,12,21,12,15,26,17,13,8,20,19,14,20,30,31
2019,6,100125743,62,28,45,34,55,10,16,8,13,7,11,6,10,11,18,6,10,7,11,7,11,4,2,5,2,5,5,3,2,6,6,2,4,6,1,4,5
2019,6,100125936,225,117,52,108,48,19,8,18,8,30,13,43,19,17,8,31,14,32,14,35,16,9,12,21,27,8,14,16,10,10,6,9,16,9,17,16,25
2019,6,100126005,86,47,55,39,45,11,13,5,6,8,9,13,15,6,7,12,14,21,24,10,12,6,3,6,7,6,6,8,5,5,2,2,6,0,6,13,5
2019,6,100126038,191,89,47,102,53,9,5,15,8,28,15,24,13,20,10,28,15,22,12,45,24,6,8,11,15,12,13,8,16,3,7,17,9,8,15,14,29
2019,6,100126070,418,196,47,222,53,30,7,35,8,55,13,61,15,48,11,62,15,48,11,79,19,16,17,33,27,31,26,20,26,14,18,22,34,17,36,28,53
2019,6,100126087,92,40,43,52,57,3,3,4,4,13,14,8,9,16,17,8,9,17,18,23,25,1,0,6,4,7,3,11,8,2,4,7,4,9,5,6,15
2019,6,100126327,448,203,45,245,55,34,8,31,7,36,8,64,14,39,9,75,17,67,15,102,23,17,15,19,34,18,39,34,27,17,16,17,30,21,36,33,75
2019,6,100126456,194,96,49,98,51,14,7,24,12,24,12,27,14,23,12,20,10,28,14,34,18,8,12,15,15,12,11,11,12,6,12,9,12,11,9,17,22
2019,6,100126503,643,330,51,313,49,38,6,35,5,43,7,82,13,105,16,104,16,114,18,122,19,20,23,22,46,58,59,60,42,18,12,21,36,47,45,54,80
2019,6,100126593,101,49,49,52,51,4,4,6,6,7,7,10,10,15,15,9,9,26,26,24,24,3,2,2,8,9,4,14,7,1,4,5,2,6,5,12,17
2019,6,100126624,550,263,48,287,52,37,7,36,7,61,11,99,18,59,11,73,13,90,16,95,17,19,21,32,60,27,30,44,30,18,15,29,39,32,43,46,65
2019,6,100126737,179,94,53,85,47,20,11,10,6,18,10,28,16,24,13,25,14,28,16,26,15,12,6,10,19,9,16,12,10,8,4,8,9,15,9,16,16
2019,6,100126786,152,72,47,80,53,11,7,9,6,23,15,17,11,21,14,28,18,17,11,26,17,5,2,14,5,12,14,11,9,6,7,9,12,9,14,6,17
2019,6,100126858,104,58,56,46,44,3,3,4,4,11,11,21,20,13,13,17,16,17,16,18,17,1,4,5,12,10,9,11,6,2,0,6,9,3,8,6,12
2019,6,100126954,458,212,46,246,54,29,6,43,9,56,12,69,15,62,14,66,14,66,14,67,15,17,24,29,34,31,26,26,25,12,19,27,35,31,40,40,42
2019,6,100127056,262,124,47,138,53,20,8,26,10,24,9,36,14,31,12,41,16,40,15,44,17,9,15,14,14,18,20,17,17,11,11,10,22,13,21,23,27
2019,6,100127080,149,65,44,84,56,2,1,6,4,16,11,25,17,19,13,20,13,29,19,32,21,1,2,9,16,6,11,10,10,1,4,7,9,13,9,19,22
2019,6,100127136,141,75,53,66,47,11,8,12,9,21,15,18,13,21,15,20,14,19,13,19,13,5,8,11,12,8,11,11,9,6,4,10,6,13,9,8,10
2019,6,100127185,97,45,46,52,54,6,6,11,11,11,11,11,11,9,9,20,21,12,12,17,18,4,6,6,6,3,10,3,7,2,5,5,5,6,10,9,10
2019,6,100127208,44,20,45,24,55,2,5,4,9,6,14,6,14,8,18,6,14,6,14,6,14,1,1,5,3,2,3,3,2,1,3,1,3,6,3,3,4
2019,6,100127232,459,218,47,241,53,50,11,49,11,41,9,76,17,49,11,63,14,56,12,75,16,24,28,22,40,26,28,27,23,26,21,19,36,23,35,29,52
2019,6,100127240,159,75,47,84,53,8,5,10,6,13,8,20,13,17,11,28,18,24,15,39,25,4,3,6,12,10,14,11,15,4,7,7,8,7,14,13,24
2019,6,100127257,376,170,45,206,55,26,7,33,9,44,12,54,14,54,14,44,12,62,16,59,16,13,17,26,30,26,18,24,16,13,16,18,24,28,26,38,43
2019,6,100127546,47,16,34,31,66,4,9,7,15,3,6,7,15,4,9,8,17,6,13,8,17,1,3,1,3,1,3,3,1,3,4,2,4,3,5,3,7
2019,6,100127570,247,117,47,130,53,23,9,14,6,23,9,48,19,22,9,39,16,34,14,44,18,15,4,8,26,14,16,19,15,8,10,15,22,8,23,15,29
2019,6,100127601,45,26,58,19,42,3,7,1,2,3,7,7,16,4,9,8,18,8,18,11,24,3,1,1,6,2,6,4,3,0,0,2,1,2,2,4,8
2019,6,100127675,61,26,43,35,57,5,8,6,10,8,13,8,13,7,11,9,15,7,11,11,18,3,1,4,3,3,4,2,6,2,5,4,5,4,5,5,5
2019,6,100127683,204,107,52,97,48,14,7,20,10,17,8,27,13,40,20,21,10,23,11,42,21,8,13,10,12,25,11,11,17,6,7,7,15,15,10,12,25
2019,6,100127691,91,39,43,52,57,5,5,8,9,8,9,12,13,15,16,10,11,16,18,17,19,3,2,4,5,8,5,8,4,2,6,4,7,7,5,8,13
2019,6,100127706,1288,609,47,679,53,119,9,92,7,123,10,185,14,198,15,195,15,180,14,196,15,57,50,66,106,104,88,85,53,62,42,57,79,94,107,95,143
2019,6,100127714,942,451,48,491,52,100,11,108,11,75,8,144,15,124,13,123,13,117,12,151,16,50,55,37,74,62,67,55,51,50,53,38,70,62,56,62,100
2019,6,100127722,335,157,47,178,53,40,12,23,7,39,12,44,13,42,13,41,12,41,12,65,19,18,12,22,22,23,19,17,24,22,11,17,22,19,22,24,41
2019,6,100127771,1499,700,47,799,53,97,6,128,9,156,10,189,13,199,13,191,13,234,16,305,20,45,58,91,103,104,99,94,106,52,70,65,86,95,92,140,199
2019,6,100127835,214,97,45,117,55,26,12,13,6,18,8,37,17,24,11,36,17,27,13,33,15,13,3,9,22,14,16,14,6,13,10,9,15,10,20,13,27
2019,6,100127876,735,346,47,389,53,43,6,62,8,44,6,111,15,102,14,79,11,132,18,162,22,26,33,24,53,62,32,62,54,17,29,20,58,40,47,70,108
2019,6,100127915,221,107,48,114,52,13,6,16,7,24,11,36,16,38,17,24,11,32,14,38,17,9,8,11,26,17,12,11,13,4,8,13,10,21,12,21,25
2019,6,100127923,210,96,46,114,54,17,8,15,7,19,9,37,18,10,5,31,15,35,17,46,22,9,9,11,18,8,12,15,14,8,6,8,19,2,19,20,32
2019,6,100127948,148,76,51,72,49,13,9,18,12,10,7,22,15,24,16,18,12,22,15,21,14,9,10,5,13,11,9,11,8,4,8,5,9,13,9,11,13
2019,6,100127964,485,240,49,245,51,33,7,52,11,55,11,62,13,67,14,70,14,53,11,93,19,22,25,28,39,32,31,25,38,11,27,27,23,35,39,28,55
2019,6,100127997,192,96,50,96,50,8,4,17,9,17,9,30,16,25,13,32,17,31,16,32,17,2,8,10,19,17,18,11,11,6,9,7,11,8,14,20,21
2019,6,100128074,595,275,46,320,54,17,3,46,8,38,6,93,16,86,14,85,14,104,17,126,21,8,19,16,52,44,39,44,53,9,27,22,41,42,46,60,73
2019,6,100128082,308,148,48,160,52,17,6,31,10,26,8,53,17,36,12,41,13,47,15,57,19,10,11,16,29,23,19,25,15,7,20,10,24,13,22,22,42
2019,6,100128105,119,56,47,63,53,8,7,9,8,14,12,17,14,14,12,14,12,18,15,25,21,6,2,8,12,5,6,9,8,2,7,6,5,9,8,9,17
2019,6,100128138,376,191,51,185,49,21,6,33,9,32,9,42,11,67,18,53,14,58,15,70,19,17,15,17,24,37,26,27,28,4,18,15,18,30,27,31,42
2019,6,100128146,88,36,41,52,59,3,3,6,7,4,5,16,18,10,11,13,15,14,16,22,25,2,1,0,10,3,8,7,5,1,5,4,6,7,5,7,17
2019,6,100128187,892,417,47,475,53,79,9,87,10,90,10,124,14,115,13,128,14,106,12,163,18,48,43,43,69,57,59,48,50,31,44,47,55,58,69,58,113
2019,6,100128275,3980,1813,46,2167,54,476,12,426,11,312,8,506,13,613,15,468,12,436,11,743,19,246,209,161,232,271,235,211,248,230,217,151,274,342,233,225,495
2019,6,100128322,306,143,47,163,53,19,6,16,5,23,8,49,16,40,13,37,12,53,17,69,23,7,8,10,34,15,19,24,26,12,8,13,15,25,18,29,43
2019,6,100128330,262,130,50,132,50,18,7,14,5,28,11,44,17,31,12,41,16,43,16,43,16,7,7,15,24,21,19,21,16,11,7,13,20,10,22,22,27
2019,6,100128347,142,68,48,74,52,8,6,12,8,13,9,19,13,24,17,12,8,28,20,26,18,3,5,7,11,12,6,15,9,5,7,6,8,12,6,13,17
2019,6,100128363,300,144,48,156,52,19,6,25,8,20,7,45,15,42,14,39,13,49,16,61,20,9,14,12,26,25,18,22,18,10,11,8,19,17,21,27,43
2019,6,100128443,442,219,50,223,50,31,7,29,7,47,11,74,17,48,11,67,15,74,17,72,16,15,15,25,45,28,28,37,26,16,14,22,29,20,39,37,46
2019,6,100128476,317,153,48,164,52,30,9,30,9,27,9,56,18,44,14,39,12,49,15,42,13,18,12,18,31,23,18,18,15,12,18,9,25,21,21,31,27
2019,6,100128484,26,15,58,11,42,2,8,2,8,2,8,4,15,1,4,7,27,4,15,4,15,2,0,2,2,1,5,2,1,0,2,0,2,0,2,2,3
2019,6,100128523,255,121,47,134,53,22,9,29,11,23,9,36,14,27,11,46,18,28,11,44,17,11,14,13,17,16,25,12,13,11,15,10,19,11,21,16,31
2019,6,100128556,375,178,47,197,53,34,9,40,11,27,7,53,14,68,18,54,14,35,9,64,17,13,23,10,25,31,32,20,24,21,17,17,28,37,22,15,40
2019,6,100128580,594,288,48,306,52,49,8,49,8,62,10,101,17,76,13,93,16,62,10,102,17,25,21,39,53,41,43,32,34,24,28,23,48,35,50,30,68
2019,6,100128611,207,100,48,107,52,21,10,15,7,20,10,35,17,22,11,34,16,23,11,37,18,8,6,11,21,11,18,12,13,13,9,9,14,11,16,11,24
2019,6,100128660,489,242,49,247,51,20,4,38,8,31,6,72,15,76,16,75,15,76,16,101,21,9,18,17,44,42,36,36,40,11,20,14,28,34,39,40,61
2019,6,100128677,331,159,48,172,52,25,8,31,9,32,10,66,20,27,8,49,15,47,14,54,16,12,14,16,37,16,25,25,14,13,17,16,29,11,24,22,40
2019,6,100128685,205,108,53,97,47,10,5,12,6,20,10,29,14,20,10,32,16,35,17,47,23,8,5,11,20,11,17,17,19,2,7,9,9,9,15,18,28
2019,6,100128757,255,126,49,129,51,23,9,22,9,19,7,42,16,30,12,29,11,34,13,56,22,12,13,11,21,18,14,16,21,11,9,8,21,12,15,18,35
2019,6,100128765,180,86,48,94,52,11,6,20,11,19,11,29,16,24,13,22,12,26,14,29,16,5,9,10,15,11,11,12,13,6,11,9,14,13,11,14,16
2019,6,100128853,159,72,45,87,55,9,6,19,12,13,8,19,12,20,13,11,7,31,19,37,23,3,10,5,10,13,6,13,12,6,9,8,9,7,5,18,25
2019,6,100128861,178,80,45,98,55,13,7,10,6,26,15,28,16,29,16,28,16,24,13,20,11,5,6,9,15,16,12,10,7,8,4,17,13,13,16,14,13
2019,6,100128878,276,139,50,137,50,16,6,21,8,30,11,30,11,42,15,38,14,39,14,60,22,9,7,16,20,26,20,20,21,7,14,14,10,16,18,19,39
2019,6,100128900,575,258,45,317,55,36,6,58,10,68,12,83,14,70,12,75,13,70,12,115,20,16,30,36,46,36,37,24,33,20,28,32,37,34,38,46,82
2019,6,100129236,89,47,53,42,47,6,7,8,9,6,7,15,17,8,9,12,13,14,16,20,22,2,5,3,10,4,7,7,9,4,3,3,5,4,5,7,11
2019,6,100129252,145,72,50,73,50,12,8,15,10,29,20,13,9,20,14,20,14,21,14,15,10,5,9,18,6,10,10,11,3,7,6,11,7,10,10,10,12
2019,6,100129533,240,109,45,131,55,8,3,14,6,28,12,36,15,21,9,45,19,42,18,46,19,6,7,9,24,14,19,16,14,2,7,19,12,7,26,26,32
2019,6,100129574,68,26,38,42,62,3,4,7,10,5,7,19,28,6,9,9,13,11,16,8,12,1,1,2,7,4,3,7,1,2,6,3,12,2,6,4,7
2019,6,100129605,56,24,43,32,57,2,4,2,4,7,13,5,9,5,9,9,16,12,21,14,25,0,1,3,2,2,7,5,4,2,1,4,3,3,2,7,10
2019,6,100129621,354,175,49,179,51,25,7,36,10,26,7,55,16,54,15,36,10,58,16,64,18,15,15,20,30,23,21,32,19,10,21,6,25,31,15,26,45
2019,6,100129701,204,94,46,110,54,18,9,18,9,29,14,37,18,21,10,28,14,31,15,22,11,8,8,12,22,10,16,11,7,10,10,17,15,11,12,20,15
2019,6,100129775,79,45,57,34,43,2,3,1,1,11,14,9,11,8,10,14,18,20,25,14,18,1,1,6,7,5,9,12,4,1,0,5,2,3,5,8,10
2019,6,100129871,129,53,41,76,59,7,5,8,6,10,8,19,15,17,13,19,15,21,16,28,22,4,3,3,8,8,12,9,6,3,5,7,11,9,7,12,22
2019,6,100129888,46,22,48,24,52,3,7,1,2,2,4,6,13,7,15,6,13,6,13,15,33,2,1,2,3,5,3,3,3,1,0,0,3,2,3,3,12
2019,6,100129896,129,62,48,67,52,4,3,6,5,21,16,23,18,11,9,26,20,17,13,21,16,0,2,12,17,6,12,6,7,4,4,9,6,5,14,11,14
2019,6,100129968,292,176,60,116,40,4,1,7,2,11,4,46,16,47,16,67,23,44,15,66,23,1,3,6,30,27,45,29,35,3,4,5,16,20,22,15,31
2019,6,100129984,227,113,50,114,50,17,7,12,5,28,12,41,18,16,7,38,17,48,21,27,12,14,6,16,22,8,18,22,7,3,6,12,19,8,20,26,20
2019,6,100130046,106,51,48,55,52,8,8,9,8,10,9,14,13,6,6,24,23,14,13,21,20,6,2,5,8,2,13,7,8,2,7,5,6,4,11,7,13
2019,6,100130101,55,25,45,30,55,1,2,1,2,5,9,8,15,7,13,12,22,12,22,9,16,0,0,1,6,4,5,6,3,1,1,4,2,3,7,6,6
2019,6,100130302,70,34,49,36,51,2,3,6,9,7,10,9,13,7,10,12,17,5,7,22,31,1,1,3,5,4,8,3,9,1,5,4,4,3,4,2,13
2019,6,100130310,224,110,49,114,51,10,4,14,6,15,7,34,15,21,9,48,21,31,14,51,23,3,10,7,23,12,24,15,16,7,4,8,11,9,24,16,35
2019,6,100130415,205,98,48,107,52,13,6,20,10,23,11,37,18,24,12,31,15,26,13,31,15,6,10,13,19,14,12,15,9,7,10,10,18,10,19,11,22
2019,6,100130665,64,31,48,33,52,7,11,2,3,6,9,14,22,7,11,6,9,15,23,7,11,2,1,5,7,3,3,8,2,5,1,1,7,4,3,7,5
2019,6,100130946,296,137,46,159,54,20,7,27,9,36,12,43,15,43,15,35,12,39,13,53,18,9,11,13,27,21,17,19,20,11,16,23,16,22,18,20,33
2019,6,100131466,236,113,48,123,52,21,9,23,10,24,10,29,12,36,15,21,9,39,17,43,18,12,11,13,15,18,11,19,14,9,12,11,14,18,10,20,29
2019,6,100131554,82,39,48,43,52,3,4,3,4,7,9,10,12,5,6,8,10,12,15,34,41,2,1,4,6,4,5,4,13,1,2,3,4,1,3,8,21
2019,6,100131562,85,40,47,45,53,2,2,5,6,15,18,5,6,4,5,17,20,15,18,22,26,0,2,8,0,3,8,10,9,2,3,7,5,1,9,5,13
2019,6,100131810,294,140,48,154,52,15,5,20,7,38,13,39,13,30,10,55,19,57,19,40,14,7,12,20,22,15,26,27,11,8,8,18,17,15,29,30,29
2019,6,100132113,166,84,51,82,49,9,5,8,5,24,14,22,13,20,12,26,16,25,15,32,19,6,5,15,11,13,15,8,11,3,3,9,11,7,11,17,21
2019,6,100132170,69,31,45,38,55,4,6,6,9,10,14,3,4,10,14,11,16,7,10,18,26,3,2,5,2,4,6,2,7,1,4,5,1,6,5,5,11
2019,6,100132242,59,30,51,29,49,4,7,1,2,4,7,11,19,9,15,5,8,12,20,13,22,0,1,1,9,5,2,7,5,4,0,3,2,4,3,5,8
2019,6,100132322,1350,623,46,727,54,105,8,120,9,111,8,198,15,177,13,206,15,236,17,197,15,50,63,63,96,90,100,99,62,55,57,48,102,87,106,137,135
2019,6,100132363,149,77,52,72,48,7,5,12,8,17,11,20,13,19,13,21,14,28,19,25,17,5,5,11,12,7,12,16,9,2,7,6,8,12,9,12,16
2019,6,100132443,506,253,50,253,50,48,9,54,11,59,12,61,12,61,12,70,14,71,14,82,16,26,31,37,36,34,33,28,28,22,23,22,25,27,37,43,54
2019,6,100132597,159,76,48,83,52,7,4,15,9,11,7,25,16,18,11,23,14,30,19,30,19,5,9,5,11,11,10,13,12,2,6,6,14,7,13,17,18
2019,6,100133180,66,34,52,32,48,4,6,6,9,8,12,5,8,7,11,11,17,12,18,13,20,3,3,7,2,4,6,6,3,1,3,1,3,3,5,6,10
2019,6,100133285,72,39,54,33,46,8,11,7,10,6,8,13,18,9,13,10,14,8,11,11,15,8,3,2,6,6,6,3,5,0,4,4,7,3,4,5,6
2019,6,100133293,255,127,50,128,50,31,12,30,12,30,12,42,16,35,14,23,9,30,12,34,13,15,18,19,21,16,10,16,12,16,12,11,21,19,13,14,22
2019,6,100133638,202,104,51,98,49,12,6,20,10,28,14,25,12,17,8,39,19,35,17,26,13,5,8,19,16,12,20,16,8,7,12,9,9,5,19,19,18
2019,6,100133742,42,17,40,25,60,1,2,0,0,5,12,3,7,1,2,8,19,10,24,14,33,1,0,2,3,1,2,4,4,0,0,3,0,0,6,6,10
2019,6,100133750,325,152,47,173,53,25,8,22,7,40,12,58,18,26,8,48,15,52,16,54,17,13,12,23,30,17,19,23,15,12,10,17,28,9,29,29,39
2019,6,100134061,99,50,51,49,49,10,10,7,7,10,10,19,19,14,14,17,17,10,10,12,12,4,4,6,10,5,9,6,6,6,3,4,9,9,8,4,6
2019,6,100134270,244,115,47,129,53,8,3,18,7,19,8,33,14,32,13,31,13,53,22,50,20,2,8,13,18,18,12,27,17,6,10,6,15,14,19,26,33
2019,6,100134672,236,118,50,118,50,8,3,16,7,31,13,19,8,31,13,43,18,41,17,47,20,6,11,12,12,15,27,21,14,2,5,19,7,16,16,20,33
2019,6,100135014,61,32,52,29,48,6,10,6,10,5,8,10,16,8,13,11,18,5,8,10,16,3,5,2,6,6,5,2,3,3,1,3,4,2,6,3,7
2019,6,100135127,243,109,45,134,55,16,7,16,7,35,14,30,12,27,11,34,14,44,18,41,17,8,7,20,16,11,18,17,12,8,9,15,14,16,16,27,29
2019,6,100135561,145,71,49,74,51,6,4,7,5,12,8,30,21,12,8,24,17,30,21,24,17,2,3,7,21,6,9,15,8,4,4,5,9,6,15,15,16
2019,6,100135738,151,76,50,75,50,5,3,7,5,14,9,16,11,17,11,26,17,39,26,27,18,2,3,7,11,9,16,19,9,3,4,7,5,8,10,20,18
2019,6,100135746,50,31,62,19,38,5,10,5,10,6,12,6,12,3,6,8,16,8,16,9,18,3,4,4,5,2,5,5,3,2,1,2,1,1,3,3,6
2019,6,100136186,149,68,46,81,54,6,4,8,5,18,12,14,9,17,11,21,14,36,24,29,19,4,3,11,6,9,10,17,8,2,5,7,8,8,11,19,21
2019,6,100136233,111,49,44,62,56,7,6,9,8,11,10,16,14,13,12,17,15,24,22,14,13,3,4,6,8,7,7,8,6,4,5,5,8,6,10,16,8
2019,6,100136602,258,135,52,123,48,9,3,18,7,27,10,32,12,22,9,34,13,48,19,68,26,5,12,15,19,12,16,26,30,4,6,12,13,10,18,22,38
2019,6,100137155,132,58,44,74,56,5,4,10,8,11,8,7,5,10,8,18,14,33,25,38,29,3,6,5,2,6,8,15,13,2,4,6,5,4,10,18,25
2019,6,100137372,33,17,52,16,48,1,3,3,9,3,9,3,9,2,6,8,24,4,12,9,27,0,1,2,2,2,6,2,2,1,2,1,1,0,2,2,7
2019,6,100137653,498,231,46,267,54,19,4,33,7,39,8,44,9,42,8,78,16,101,20,142,29,9,16,28,25,23,41,41,48,10,17,11,19,19,37,60,94
2019,6,100138028,232,103,44,129,56,10,4,11,5,25,11,34,15,22,9,33,14,46,20,51,22,5,6,14,18,12,12,19,17,5,5,11,16,10,21,27,34
2019,6,100138663,196,99,51,97,49,12,6,17,9,21,11,32,16,19,10,19,10,50,26,26,13,9,7,12,19,11,9,25,7,3,10,9,13,8,10,25,19
2019,6,100138872,31,15,48,16,52,2,6,0,0,5,16,4,13,1,3,6,19,9,29,4,13,1,0,2,1,1,3,6,1,1,0,3,3,0,3,3,3
2019,6,100139005,134,71,53,63,47,2,1,14,10,13,10,12,9,17,13,27,20,27,20,22,16,1,6,11,7,11,14,14,7,1,8,2,5,6,13,13,15
2019,6,100139062,224,105,47,119,53,7,3,16,7,25,11,29,13,25,11,37,17,38,17,47,21,2,6,11,18,13,15,21,19,5,10,14,11,12,22,17,28
2019,6,100140040,170,79,46,91,54,7,4,10,6,11,6,22,13,9,5,37,22,29,17,45,26,4,6,10,7,6,18,13,15,3,4,1,15,3,19,16,30
2019,6,100140313,130,62,48,68,52,9,7,9,7,14,11,21,16,17,13,10,8,34,26,16,12,2,6,10,13,10,3,12,6,7,3,4,8,7,7,22,10
2019,6,100140651,28,19,68,9,32,0,0,2,7,0,0,5,18,4,14,5,18,7,25,5,18,0,2,0,5,3,4,3,2,0,0,0,0,1,1,4,3
2019,6,100140723,50,28,56,22,44,3,6,3,6,10,20,6,12,5,10,12,24,6,12,5,10,2,2,6,4,5,5,2,2,1,1,4,2,0,7,4,3
2019,6,100140860,94,42,45,52,55,3,3,5,5,8,9,10,11,13,14,8,9,22,23,25,27,1,3,3,6,6,6,8,9,2,2,5,4,7,2,14,16
2019,6,100140940,75,41,55,34,45,2,3,1,1,3,4,14,19,5,7,12,16,26,35,12,16,1,0,1,12,3,6,15,3,1,1,2,2,2,6,11,9
2019,6,100141188,239,117,49,122,51,2,1,16,7,32,13,26,11,22,9,44,18,57,24,40,17,0,12,16,16,12,17,33,11,2,4,16,10,10,27,24,29
2019,6,100141202,146,70,48,76,52,7,5,10,7,10,7,11,8,12,8,16,11,25,17,55,38,5,4,5,7,5,8,17,19,2,6,5,4,7,8,8,36
2019,6,100141645,152,68,45,84,55,13,9,16,11,13,9,19,13,15,10,22,14,33,22,21,14,5,8,7,9,7,11,14,7,8,8,6,10,8,11,19,14
2019,6,100142325,182,76,42,106,58,8,4,12,7,23,13,24,13,8,4,30,16,32,18,45,25,6,5,8,13,1,14,14,15,2,7,15,11,7,16,18,30
2019,6,100142671,256,126,49,130,51,14,5,20,8,23,9,32,13,32,13,41,16,49,19,45,18,9,9,12,23,16,22,23,12,5,11,11,9,16,19,26,33
2019,6,100143038,166,88,53,78,47,5,3,12,7,19,11,20,12,23,14,22,13,33,20,32,19,4,9,10,16,12,9,18,10,1,3,9,4,11,13,15,22
2019,6,100143528,23,15,65,8,35,1,4,3,13,1,4,3,13,0,0,3,13,3,13,9,39,1,3,1,2,0,2,1,5,0,0,0,1,0,1,2,4
2019,6,100143560,361,164,45,197,55,20,6,28,8,45,12,36,10,36,10,64,18,52,14,80,22,13,11,22,18,19,29,17,35,7,17,23,18,17,35,35,45
2019,6,100143616,77,35,45,42,55,3,4,7,9,7,9,3,4,13,17,9,12,12,16,23,30,2,3,5,2,5,6,5,7,1,4,2,1,8,3,7,16
2019,6,100143681,67,31,46,36,54,2,3,5,7,5,7,7,10,8,12,13,19,12,18,15,22,0,1,2,6,5,7,4,6,2,4,3,1,3,6,8,9
2019,6,100143720,47,21,45,26,55,0,0,0,0,9,19,5,11,5,11,13,28,10,21,5,11,0,0,3,3,3,6,5,1,0,0,6,2,2,7,5,4
2019,6,100143817,241,117,49,124,51,27,11,29,12,28,12,39,16,29,12,28,12,31,13,30,12,16,12,14,21,16,14,15,9,11,17,14,18,13,14,16,21
2019,6,100143841,35,16,46,19,54,0,0,0,0,2,6,3,9,5,14,4,11,11,31,10,29,0,0,0,2,4,2,5,3,0,0,2,1,1,2,6,7
2019,6,100143874,169,86,51,83,49,18,11,16,9,23,14,20,12,29,17,28,17,17,10,18,11,7,7,14,13,15,14,9,7,11,9,9,7,14,14,8,11
2019,6,100143890,98,47,48,51,52,8,8,10,10,12,12,14,14,14,14,13,13,9,9,18,18,4,5,6,7,9,6,5,5,4,5,6,7,5,7,4,13
2019,6,100143962,41,26,63,15,37,4,10,2,5,3,7,3,7,6,15,4,10,5,12,14,34,2,2,1,3,5,3,4,6,2,0,2,0,1,1,1,8
2019,6,100143987,646,286,44,360,56,42,7,43,7,61,9,89,14,71,11,76,12,122,19,142,22,25,21,27,47,36,40,49,41,17,22,34,42,35,36,73,101
2019,6,100144015,369,164,44,205,56,28,8,31,8,47,13,50,14,34,9,52,14,66,18,61,17,13,16,21,23,22,27,25,17,15,15,26,27,12,25,41,44
2019,6,100144056,132,65,49,67,51,6,5,6,5,10,8,16,12,9,7,26,20,32,24,27,20,3,3,7,10,5,13,14,10,3,3,3,6,4,13,18,17
2019,6,100144064,48,26,54,22,46,1,2,0,0,10,21,9,19,3,6,12,25,5,10,8,17,1,0,6,7,2,5,2,3,0,0,4,2,1,7,3,5
2019,6,100144103,85,42,49,43,51,13,15,7,8,9,11,18,21,6,7,8,9,15,18,9,11,5,2,6,12,4,3,6,4,8,5,3,6,2,5,9,5
2019,6,100144185,307,150,49,157,51,18,6,24,8,41,13,35,11,40,13,37,12,48,16,64,21,11,14,22,20,19,19,24,21,7,10,19,15,21,18,24,43
2019,6,100144232,231,100,43,131,57,17,7,22,10,33,14,33,14,22,10,27,12,31,13,46,20,14,11,14,13,12,14,12,10,3,11,19,20,10,13,19,36
2019,6,100144257,797,377,47,420,53,60,8,81,10,87,11,115,14,111,14,86,11,125,16,132,17,33,41,46,57,58,41,58,43,27,40,41,58,53,45,67,89
2019,6,100144304,171,79,46,92,54,19,11,6,4,27,16,24,14,13,8,31,18,26,15,25,15,9,3,12,11,7,18,9,10,10,3,15,13,6,13,17,15
2019,6,100144320,190,86,45,104,55,6,3,19,10,21,11,30,16,15,8,23,12,36,19,40,21,1,7,9,19,7,9,16,18,5,12,12,11,8,14,20,22
2019,6,100144337,55,22,40,33,60,2,4,5,9,12,22,5,9,5,9,6,11,14,25,6,11,0,1,5,1,3,3,8,1,2,4,7,4,2,3,6,5
2019,6,100144345,27,13,48,14,52,0,0,2,7,3,11,2,7,2,7,4,15,6,22,8,30,0,1,3,1,1,1,4,2,0,1,0,1,1,3,2,6
2019,6,100144353,31,11,35,20,65,1,3,1,3,1,3,3,10,1,3,6,19,4,13,14,45,0,1,0,2,1,3,1,3,1,0,1,1,0,3,3,11
2019,6,100144378,305,150,49,155,51,16,5,35,11,42,14,50,16,35,11,35,11,46,15,46,15,9,14,28,27,17,18,21,16,7,21,14,23,18,17,25,30
2019,6,100144417,35,17,49,18,51,1,3,3,9,2,6,6,17,2,6,8,23,7,20,6,17,1,1,2,3,1,3,4,2,0,2,0,3,1,5,3,4
2019,6,100144425,34,11,32,23,68,2,6,4,12,8,24,6,18,5,15,5,15,0,0,4,12,2,0,3,2,2,2,0,0,0,4,5,4,3,3,0,4
2019,6,100144433,76,33,43,43,57,5,7,9,12,12,16,6,8,13,17,10,13,12,16,9,12,5,5,4,4,5,4,4,2,0,4,8,2,8,6,8,7
2019,6,100144458,212,106,50,106,50,23,11,21,10,21,10,27,13,34,16,22,10,31,15,33,16,13,10,10,17,14,13,17,12,10,11,11,10,20,9,14,21
2019,6,100144513,409,201,49,208,51,31,8,41,10,47,11,77,19,40,10,51,12,66,16,56,14,14,21,26,46,19,27,30,18,17,20,21,31,21,24,36,38
2019,6,100144521,158,83,53,75,47,15,9,8,5,15,9,18,11,13,8,21,13,32,20,36,23,11,5,7,10,7,9,16,18,4,3,8,8,6,12,16,18
2019,6,100144546,26,14,54,12,46,3,12,1,4,4,15,4,15,4,15,0,0,2,8,8,31,1,0,4,3,2,0,1,3,2,1,0,1,2,0,1,5
2019,6,100144562,162,76,47,86,53,4,2,16,10,16,10,30,19,9,6,29,18,28,17,30,19,1,6,8,17,6,15,14,9,3,10,8,13,3,14,14,21
2019,6,100144595,25,9,36,16,64,1,4,3,12,2,8,2,8,2,8,0,0,4,16,11,44,0,2,1,1,1,0,2,2,1,1,1,1,1,0,2,9
2019,6,100144642,280,124,44,156,56,16,6,16,6,24,9,35,13,31,11,46,16,46,16,66,24,5,9,12,19,15,26,16,22,11,7,12,16,16,20,30,44
2019,6,100144683,351,161,46,190,54,12,3,25,7,47,13,39,11,40,11,52,15,50,14,86,25,4,11,28,24,23,27,23,21,8,14,19,15,17,25,27,65
2019,6,100144810,359,175,49,184,51,28,8,47,13,39,11,55,15,39,11,52,14,39,11,60,17,17,29,19,28,16,29,16,21,11,18,20,27,23,23,23,39
2019,6,100144827,52,27,52,25,48,7,13,5,10,5,10,7,13,7,13,5,10,6,12,10,19,3,2,5,5,2,4,2,4,4,3,0,2,5,1,4,6
2019,6,100144843,331,154,47,177,53,23,7,22,7,46,14,53,16,37,11,43,13,62,19,45,14,13,7,25,27,22,21,22,17,10,15,21,26,15,22,40,28
2019,6,100144907,265,123,46,142,54,16,6,23,9,26,10,43,16,29,11,33,12,45,17,50,19,11,11,9,22,14,14,24,18,5,12,17,21,15,19,21,32
2019,6,100144972,149,71,48,78,52,8,5,17,11,20,13,29,19,15,10,15,10,21,14,24,16,2,7,9,16,9,5,11,12,6,10,11,13,6,10,10,12
2019,6,100145025,276,136,49,140,51,17,6,28,10,42,15,46,17,38,14,29,11,42,15,34,12,9,16,22,29,18,12,18,12,8,12,20,17,20,17,24,22
2019,6,100145066,459,220,48,239,52,37,8,49,11,52,11,74,16,56,12,69,15,65,14,57,12,23,24,24,46,25,32,32,14,14,25,28,28,31,37,33,43
2019,6,100145154,136,61,45,75,55,9,7,15,11,21,15,19,14,14,10,18,13,16,12,24,18,4,4,12,10,6,9,7,9,5,11,9,9,8,9,9,15
2019,6,100145250,255,113,44,142,56,17,7,35,14,38,15,28,11,32,13,27,11,36,14,42,16,8,15,16,17,15,10,17,15,9,20,22,11,17,17,19,27
2019,6,100145267,103,51,50,52,50,8,8,19,18,13,13,9,9,6,6,9,9,16,16,23,22,3,11,9,5,1,4,10,8,5,8,4,4,5,5,6,15
2019,6,100145275,138,62,45,76,55,1,1,14,10,17,12,16,12,16,12,22,16,19,14,33,24,1,7,6,11,5,13,9,10,0,7,11,5,11,9,10,23
2019,6,100145283,174,81,47,93,53,20,11,19,11,21,12,18,10,19,11,14,8,28,16,35,20,9,8,11,7,9,6,14,17,11,11,10,11,10,8,14,18
2019,6,100145291,55,25,45,30,55,5,9,7,13,3,5,10,18,3,5,5,9,10,18,12,22,2,1,2,7,1,2,5,5,3,6,1,3,2,3,5,7
2019,6,100145330,408,185,45,223,55,26,6,32,8,46,11,54,13,44,11,48,12,80,20,78,19,13,17,28,31,23,18,33,22,13,15,18,23,21,30,47,56
2019,6,100145347,199,100,50,99,50,15,8,19,10,22,11,30,15,18,9,31,16,38,19,26,13,9,11,13,15,8,16,20,8,6,8,9,15,10,15,18,18
2019,6,100145363,30,14,47,16,53,0,0,1,3,6,20,2,7,2,7,8,27,6,20,5,17,0,0,3,1,1,3,5,1,0,1,3,1,1,5,1,4
2019,6,100145402,179,88,49,91,51,9,5,14,8,19,11,24,13,13,7,41,23,27,15,32,18,4,5,12,15,6,22,14,10,5,9,7,9,7,19,13,22
2019,6,100145451,28,17,61,11,39,1,4,0,0,1,4,5,18,4,14,7,25,2,7,8,29,1,0,0,3,4,5,1,3,0,0,1,2,0,2,1,5
2019,6,100145468,26,14,54,12,46,5,19,4,15,1,4,3,12,4,15,2,8,3,12,4,15,2,2,0,2,3,2,1,2,3,2,1,1,1,0,2,2
2019,6,100145484,232,123,53,109,47,16,7,11,5,14,6,39,17,15,6,43,19,39,17,55,24,12,7,9,25,10,19,23,18,4,4,5,14,5,24,16,37
2019,6,100145531,196,97,49,99,51,23,12,13,7,21,11,31,16,21,11,28,14,25,13,34,17,15,7,13,17,10,15,13,7,8,6,8,14,11,13,12,27
2019,6,100145597,236,117,50,119,50,19,8,24,10,30,13,30,13,34,14,33,14,32,14,34,14,9,15,18,17,17,15,16,10,10,9,12,13,17,18,16,24
2019,6,100145603,16,10,63,6,38,1,6,0,0,1,6,2,13,5,31,2,13,1,6,4,25,1,0,0,2,4,1,0,2,0,0,1,0,1,1,1,2
2019,6,100145636,98,51,52,47,48,0,0,0,0,0,0,4,4,20,20,21,21,25,26,28,29,0,0,0,2,12,13,14,10,0,0,0,2,8,8,11,18
2019,6,100145740,251,105,42,146,58,17,7,19,8,34,14,15,6,28,11,32,13,39,16,67,27,8,9,12,7,12,20,16,21,9,10,22,8,16,12,23,46
2019,6,100145757,410,183,45,227,55,34,8,44,11,44,11,57,14,46,11,47,11,50,12,88,21,18,25,27,26,21,24,21,21,16,19,17,31,25,23,29,67
2019,6,100145781,58,29,50,29,50,7,12,3,5,7,12,3,5,9,16,8,14,12,21,9,16,3,3,5,1,4,5,5,3,4,0,2,2,5,3,7,6
2019,6,100145798,229,108,47,121,53,18,8,26,11,29,13,30,13,36,16,26,11,33,14,31,14,11,12,15,19,18,10,13,10,7,14,14,11,18,16,20,21
2019,6,100145820,35,21,60,14,40,0,0,1,3,1,3,7,20,5,14,5,14,7,20,9,26,0,0,1,6,4,3,3,4,0,1,0,1,1,2,4,5
2019,6,100145837,243,118,49,125,51,28,12,26,11,24,10,32,13,22,9,27,11,41,17,43,18,17,13,14,14,12,15,19,14,11,13,10,18,10,12,22,29
2019,6,100145878,32,13,41,19,59,2,6,1,3,3,9,2,6,3,9,8,25,7,22,6,19,0,1,2,1,1,3,4,1,2,0,1,1,2,5,3,5
2019,6,100145900,31,14,45,17,55,4,13,5,16,2,6,7,23,0,0,2,6,5,16,6,19,2,2,1,3,0,1,3,2,2,3,1,4,0,1,2,4
2019,6,100145933,525,237,45,288,55,41,8,57,11,60,11,66,13,55,10,57,11,95,18,94,18,22,29,27,32,26,27,41,33,19,28,33,34,29,30,54,61
2019,6,100145958,139,76,55,63,45,0,0,0,0,0,0,2,1,2,1,4,3,14,10,117,84,0,0,0,2,2,3,12,57,0,0,0,0,0,1,2,60
2019,6,100145966,67,36,54,31,46,3,4,13,19,9,13,9,13,5,7,8,12,6,9,14,21,1,7,7,5,2,3,5,6,2,6,2,4,3,5,1,8
2019,6,100146002,31,19,61,12,39,3,10,5,16,6,19,5,16,3,10,2,6,2,6,5,16,2,4,4,2,2,1,1,3,1,1,2,3,1,1,1,2
2019,6,100146010,26,12,46,14,54,2,8,2,8,1,4,1,4,4,15,2,8,4,15,10,38,2,1,0,1,3,1,2,2,0,1,1,0,1,1,2,8
2019,6,100146027,71,38,54,33,46,2,3,9,13,8,11,9,13,6,8,11,15,11,15,15,21,1,4,6,5,4,5,5,8,1,5,2,4,2,6,6,7
2019,6,100146043,95,51,54,44,46,1,1,5,5,4,4,6,6,11,12,18,19,16,17,34,36,1,5,3,1,5,13,8,15,0,0,1,5,6,5,8,19
2019,6,100146084,432,210,49,222,51,29,7,43,10,51,12,57,13,72,17,53,12,63,15,64,15,13,24,26,32,41,28,26,20,16,19,25,25,31,25,37,44
2019,6,100146115,30,20,67,10,33,1,3,2,7,7,23,8,27,2,7,1,3,4,13,5,17,0,2,5,7,0,0,3,3,1,0,2,1,2,1,1,2
2019,6,100146156,79,41,52,38,48,4,5,2,3,4,5,9,11,11,14,12,15,17,22,20,25,3,0,1,4,9,5,14,5,1,2,3,5,2,7,3,15
2019,6,100146172,974,452,46,522,54,60,6,91,9,111,11,117,12,122,13,139,14,143,15,191,20,34,50,58,66,54,60,66,64,26,41,53,51,68,79,77,127
2019,6,100146197,63,33,52,30,48,1,2,6,10,9,14,8,13,11,17,3,5,9,14,16,25,0,3,6,5,6,1,5,7,1,3,3,3,5,2,4,9
2019,6,100146211,279,144,52,135,48,13,5,28,10,27,10,43,15,28,10,52,19,33,12,55,20,7,13,15,28,15,28,19,19,6,15,12,15,13,24,14,36
2019,6,100146285,216,117,54,99,46,3,1,21,10,23,11,26,12,37,17,34,16,27,13,45,21,1,14,12,16,21,18,14,21,2,7,11,10,16,16,13,24
2019,6,100146308,102,53,52,49,48,1,1,3,3,10,10,12,12,12,12,8,8,21,21,35,34,1,2,4,7,8,4,13,14,0,1,6,5,4,4,8,21
2019,6,100146340,74,39,53,35,47,4,5,3,4,9,12,9,12,6,8,12,16,12,16,19,26,3,0,6,6,4,5,6,9,1,3,3,3,2,7,6,10
2019,6,100146381,218,98,45,120,55,14,6,26,12,13,6,32,15,32,15,31,14,32,15,38,17,11,15,6,13,16,14,10,13,3,11,7,19,16,17,22,25
2019,6,100146478,64,37,58,27,42,4,6,9,14,5,8,10,16,12,19,7,11,10,16,7,11,3,6,3,3,8,3,7,4,1,3,2,7,4,4,3,3
2019,6,100146500,80,43,54,37,46,1,1,14,18,5,6,3,4,10,13,16,20,10,13,21,26,0,10,2,2,5,8,7,9,1,4,3,1,5,8,3,12
2019,6,100146517,52,30,58,22,42,0,0,10,19,8,15,7,13,6,12,6,12,10,19,5,10,0,6,5,4,4,3,6,2,0,4,3,3,2,3,4,3
2019,6,100146525,22,12,55,10,45,0,0,3,14,2,9,0,0,4,18,3,14,3,14,7,32,0,1,2,0,2,2,2,3,0,2,0,0,2,1,1,4
2019,6,100146590,451,211,47,240,53,19,4,36,8,41,9,55,12,42,9,64,14,66,15,128,28,9,21,24,36,22,28,35,36,10,15,17,19,20,36,31,92
2019,6,100146718,5,,,,,,,,,,,,,,,,,,,,,,,,,,,,,,,,,,,,
2019,6,100146734,66,33,50,33,50,5,8,4,6,6,9,9,14,13,20,9,14,9,14,11,17,2,4,3,4,7,5,5,3,3,0,3,5,6,4,4,8
2019,6,100146767,18,9,50,9,50,1,6,1,6,0,0,2,11,2,11,4,22,2,11,6,33,1,0,0,1,1,2,1,3,0,1,0,1,1,2,1,3
2019,6,100146783,53,24,45,29,55,6,11,4,8,7,13,6,11,7,13,15,28,2,4,6,11,2,0,2,4,5,8,1,2,4,4,5,2,2,7,1,4
2019,6,100146791,5,,,,,,,,,,,,,,,,,,,,,,,,,,,,,,,,,,,,
2019,6,100146814,24,15,63,9,38,1,4,1,4,4,17,4,17,1,4,3,13,2,8,8,33,0,1,4,3,1,1,2,3,1,0,0,1,0,2,0,5
2019,6,100146902,392,172,44,220,56,41,10,31,8,36,9,52,13,58,15,46,12,53,14,75,19,18,16,19,27,29,22,21,20,23,15,17,25,29,24,32,55
2019,6,100146943,1547,724,47,823,53,129,8,142,9,166,11,173,11,190,12,211,14,181,12,355,23,65,73,90,92,99,111,78,116,64,69,76,81,91,100,103,239
2019,6,100147061,127,61,48,66,52,11,9,20,16,14,11,18,14,15,12,11,9,10,8,28,22,5,7,8,10,9,7,6,9,6,13,6,8,6,4,4,19
2019,6,100147086,207,104,50,103,50,14,7,11,5,18,9,29,14,23,11,34,16,38,18,40,19,8,4,8,17,15,20,17,15,6,7,10,12,8,14,21,25
2019,6,100147094,304,142,47,162,53,30,10,36,12,20,7,49,16,39,13,33,11,54,18,43,14,13,16,11,24,21,15,25,17,17,20,9,25,18,18,29,26
2019,6,100147100,154,71,46,83,54,11,7,14,9,11,7,18,12,14,9,20,13,22,14,44,29,9,7,3,9,6,10,11,16,2,7,8,9,8,10,11,28
2019,6,100147125,96,53,55,43,45,5,5,15,16,14,15,13,14,7,7,15,16,14,15,13,14,5,8,7,8,5,8,10,2,0,7,7,5,2,7,4,11
2019,6,100147141,119,55,46,64,54,11,9,11,9,9,8,21,18,9,8,15,13,13,11,30,25,2,8,6,11,4,9,4,11,9,3,3,10,5,6,9,19
2019,6,100147158,81,37,46,44,54,8,10,7,9,6,7,12,15,12,15,12,15,10,12,14,17,4,4,3,8,8,5,3,2,4,3,3,4,4,7,7,12
2019,6,100147166,49,24,49,25,51,0,0,5,10,2,4,7,14,7,14,6,12,10,20,12,24,0,4,2,5,2,3,6,2,0,1,0,2,5,3,4,10
2019,6,100147205,244,110,45,134,55,15,6,22,9,24,10,30,12,25,10,31,13,42,17,55,23,6,10,12,14,13,14,22,19,9,12,12,16,12,17,20,36
2019,6,100147262,114,50,44,64,56,6,5,7,6,14,12,22,19,11,10,14,12,20,18,20,18,5,2,4,11,7,6,9,6,1,5,10,11,4,8,11,14
2019,6,100147287,38,18,47,20,53,3,8,4,11,5,13,3,8,2,5,8,21,5,13,8,21,0,1,4,3,0,4,3,3,3,3,1,0,2,4,2,5
2019,6,100147326,58,32,55,26,45,9,16,2,3,5,9,8,14,8,14,8,14,8,14,10,17,4,2,4,5,4,7,3,3,5,0,1,3,4,1,5,7
2019,6,100147334,266,137,52,129,48,24,9,19,7,26,10,42,16,31,12,40,15,27,10,57,21,14,10,15,22,18,21,14,23,10,9,11,20,13,19,13,34
2019,6,100147367,175,91,52,84,48,11,6,21,12,29,17,34,19,14,8,24,14,16,9,26,15,6,15,22,21,5,7,8,7,5,6,7,13,9,17,8,19
2019,6,100147391,253,124,49,129,51,22,9,25,10,22,9,27,11,34,13,27,11,36,14,60,24,12,16,12,11,22,10,22,19,10,9,10,16,12,17,14,41
2019,6,100147406,56,27,48,29,52,4,7,3,5,5,9,10,18,4,7,10,18,9,16,11,20,0,2,2,6,2,5,5,5,4,1,3,4,2,5,4,6
2019,6,100147471,134,63,47,71,53,10,7,9,7,10,7,17,13,20,15,18,13,17,13,33,25,5,0,8,9,11,13,8,9,5,9,2,8,9,5,9,24
2019,6,100147488,547,264,48,283,52,47,9,47,9,55,10,91,17,74,14,68,12,77,14,88,16,21,29,30,41,42,32,35,34,26,18,25,50,32,36,42,54
2019,6,100147568,130,62,48,68,52,11,8,3,2,18,14,16,12,12,9,21,16,21,16,28,22,6,1,9,8,5,15,9,9,5,2,9,8,7,6,12,19
2019,6,100147584,33,16,48,17,52,0,0,2,6,4,12,3,9,4,12,7,21,2,6,11,33,0,2,2,0,3,4,0,5,0,0,2,3,1,3,2,6
2019,6,100147592,272,124,46,148,54,17,6,15,6,11,4,54,20,27,10,36,13,45,17,67,25,10,6,4,30,16,17,19,22,7,9,7,24,11,19,26,45
2019,6,100147648,272,138,51,134,49,8,3,14,5,22,8,27,10,27,10,41,15,52,19,81,30,4,8,14,13,18,20,29,32,4,6,8,14,9,21,23,49
2019,6,100147672,642,316,49,326,51,56,9,66,10,58,9,92,14,85,13,71,11,87,14,127,20,25,39,29,47,49,33,42,52,31,27,29,45,36,38,45,75
2019,6,100147697,297,154,52,143,48,20,7,28,9,39,13,48,16,40,13,53,18,30,10,39,13,10,15,19,33,19,27,14,17,10,13,20,15,21,26,16,22
2019,6,100147703,36,18,50,18,50,0,0,1,3,6,17,8,22,6,17,4,11,5,14,6,17,0,1,3,6,3,0,3,2,0,0,3,2,3,4,2,4
2019,6,100147777,205,92,45,113,55,15,7,21,10,19,9,30,15,20,10,25,12,41,20,34,17,6,9,12,15,9,10,20,11,9,12,7,15,11,15,21,23
2019,6,100147785,43,23,53,20,47,1,2,6,14,2,5,4,9,8,19,4,9,9,21,9,21,0,3,1,4,4,1,7,3,1,3,1,0,4,3,2,6
2019,6,100147808,341,167,49,174,51,17,5,31,9,31,9,59,17,51,15,36,11,72,21,44,13,10,14,17,35,30,15,33,13,7,17,14,24,21,21,39,31
2019,6,100147824,5,,,,,,,,,,,,,,,,,,,,,,,,,,,,,,,,,,,,
2019,6,100147898,167,86,51,81,49,17,10,10,6,17,10,21,13,19,11,27,16,25,15,31,19,10,5,14,11,11,12,9,14,7,5,3,10,8,15,16,17
2019,6,100147920,183,90,49,93,51,11,6,17,9,23,13,21,11,27,15,28,15,22,12,34,19,6,11,12,11,18,14,6,12,5,6,11,10,9,14,16,22
2019,6,100147961,167,84,50,83,50,5,3,7,4,10,6,23,14,24,14,23,14,23,14,52,31,0,3,4,11,17,10,17,22,5,4,6,12,7,13,6,30
2019,6,100147994,68,35,51,33,49,7,10,7,10,11,16,12,18,4,6,11,16,10,15,6,9,4,4,5,8,2,4,7,1,3,3,6,4,2,7,3,5
2019,6,100148006,159,87,55,72,45,8,5,7,4,10,6,22,14,23,14,30,19,20,13,39,25,4,2,7,13,12,12,14,23,4,5,3,9,11,18,6,16
2019,6,100148014,270,139,51,131,49,20,7,17,6,27,10,36,13,35,13,39,14,41,15,55,20,11,10,21,18,17,24,20,18,9,7,6,18,18,15,21,37
2019,6,100148088,546,282,52,264,48,24,4,43,8,38,7,64,12,74,14,77,14,94,17,132,24,14,25,21,32,41,42,56,51,10,18,17,32,33,35,38,81
2019,6,100148110,463,209,45,254,55,29,6,38,8,47,10,58,13,49,11,72,16,53,11,117,25,19,13,25,31,24,34,26,37,10,25,22,27,25,38,27,80
2019,6,100148207,38,16,42,22,58,4,11,3,8,3,8,7,18,2,5,9,24,6,16,4,11,2,3,1,2,1,3,3,1,2,0,2,5,1,6,3,3
2019,6,100148215,132,58,44,74,56,10,8,8,6,14,11,17,13,15,11,18,14,21,16,29,22,4,4,4,10,7,10,8,11,6,4,10,7,8,8,13,18
2019,6,100148223,262,134,51,128,49,13,5,22,8,27,10,38,15,33,13,38,15,43,16,48,18,10,12,14,26,18,21,15,18,3,10,13,12,15,17,28,30
2019,6,100148248,21,11,52,10,48,3,14,1,5,1,5,4,19,0,0,3,14,7,33,2,10,3,0,0,2,0,1,5,0,0,1,1,2,0,2,2,2
2019,6,100148256,64,32,50,32,50,6,9,6,9,6,9,8,13,5,8,10,16,8,13,15,23,4,5,3,6,2,5,1,6,2,1,3,2,3,5,7,9
2019,6,100148264,441,196,44,245,56,37,8,23,5,48,11,58,13,48,11,63,14,76,17,88,20,18,11,22,28,27,28,34,28,19,12,26,30,21,35,42,60
2019,6,100148303,15,9,60,6,40,1,7,2,13,2,13,2,13,2,13,5,33,0,0,1,7,0,1,1,1,1,4,0,1,1,1,1,1,1,1,0,0
2019,6,100148481,153,73,48,80,52,23,15,11,7,14,9,25,16,10,7,28,18,21,14,21,14,13,4,4,15,7,12,13,5,10,7,10,10,3,16,8,16
2019,6,100148795,212,96,45,116,55,15,7,16,8,27,13,31,15,26,12,37,17,23,11,37,17,8,6,14,17,12,20,7,12,7,10,13,14,14,17,16,25
2019,6,100149073,207,95,46,112,54,10,5,13,6,22,11,22,11,25,12,38,18,36,17,41,20,4,4,11,11,17,14,18,16,6,9,11,11,8,24,18,25
2019,6,100149098,160,72,45,88,55,7,4,10,6,20,13,25,16,14,9,31,19,23,14,30,19,4,5,8,13,7,16,12,7,3,5,12,12,7,15,11,23
2019,6,100149596,231,115,50,116,50,11,5,11,5,24,10,33,14,30,13,42,18,42,18,38,16,4,8,16,21,15,19,23,9,7,3,8,12,15,23,19,29
2019,6,100149780,182,81,45,101,55,9,5,17,9,16,9,26,14,19,10,40,22,23,13,32,18,5,5,8,13,13,18,10,9,4,12,8,13,6,22,13,23
2019,6,100150308,284,138,49,146,51,17,6,24,8,20,7,39,14,41,14,48,17,48,17,47,17,6,14,15,23,20,22,23,15,11,10,5,16,21,26,25,32
2019,6,100150558,240,105,44,135,56,10,4,9,4,26,11,25,10,26,11,40,17,43,18,61,25,7,4,9,16,16,21,17,15,3,5,17,9,10,19,26,46
2019,6,100151174,152,66,43,86,57,4,3,14,9,17,11,18,12,11,7,27,18,24,16,37,24,3,6,11,9,6,10,13,8,1,8,6,9,5,17,11,29
2019,6,100151455,48,26,54,22,46,1,2,2,4,4,8,3,6,6,13,10,21,10,21,12,25,1,2,4,0,4,6,5,4,0,0,0,3,2,4,5,8
2019,6,100151744,351,153,44,198,56,17,5,27,8,24,7,51,15,37,11,40,11,77,22,78,22,7,12,16,34,19,15,27,23,10,15,8,17,18,25,50,55
2019,6,100151953,68,36,53,32,47,4,6,5,7,5,7,10,15,8,12,9,13,6,9,21,31,2,3,4,5,5,5,3,9,2,2,1,5,3,4,3,12
2019,6,100152721,163,69,42,94,58,9,6,11,7,20,12,23,14,15,9,28,17,36,22,21,13,3,7,9,13,8,8,14,7,6,4,11,10,7,20,22,14
2019,6,100152770,77,36,47,41,53,6,8,7,9,9,12,14,18,8,10,13,17,12,16,8,10,4,4,3,7,3,6,6,3,2,3,6,7,5,7,6,5
2019,6,100152883,49,17,35,32,65,3,6,3,6,4,8,5,10,4,8,7,14,9,18,14,29,2,1,2,2,1,3,3,3,1,2,2,3,3,4,6,11
2019,6,100153153,265,129,49,136,51,11,4,14,5,31,12,38,14,29,11,42,16,53,20,47,18,4,6,16,26,15,22,27,13,7,8,15,12,14,20,26,34
2019,6,100153338,83,45,54,38,46,4,5,8,10,8,10,15,18,11,13,20,24,7,8,10,12,2,6,5,7,7,10,4,4,2,2,3,8,4,10,3,6
2019,6,100153506,248,118,48,130,52,13,5,16,6,23,9,37,15,27,11,49,20,50,20,33,13,6,9,10,23,15,22,22,11,7,7,13,14,12,27,28,22
2019,6,100153530,116,56,48,60,52,11,9,11,9,10,9,18,16,12,10,20,17,14,12,20,17,8,6,4,9,6,12,6,5,3,5,6,9,6,8,8,15
2019,6,100154171,125,63,50,62,50,5,4,4,3,13,10,19,15,11,9,29,23,29,23,15,12,4,3,6,13,8,10,14,5,1,1,7,6,3,19,15,10
2019,6,100154532,181,90,50,91,50,13,7,8,4,13,7,27,15,17,9,32,18,39,22,32,18,5,5,6,15,10,19,19,11,8,3,7,12,7,13,20,21
2019,6,100154805,242,118,49,124,51,12,5,14,6,40,17,28,12,27,11,39,16,49,20,33,14,7,6,24,15,12,22,24,8,5,8,16,13,15,17,25,25
2019,6,100154862,54,27,50,27,50,1,2,3,6,6,11,8,15,12,22,10,19,4,7,10,19,1,1,3,3,8,5,2,4,0,2,3,5,4,5,2,6
2019,6,100155702,253,114,45,139,55,20,8,15,6,31,12,33,13,30,12,40,16,35,14,49,19,8,5,14,24,16,19,15,13,12,10,17,9,14,21,20,36
2019,6,100156046,56,32,57,24,43,1,2,1,2,3,5,11,20,3,5,15,27,10,18,12,21,1,0,1,8,2,9,6,5,0,1,2,3,1,6,4,7
2019,6,100156167,193,89,46,104,54,14,7,14,7,21,11,30,16,19,10,27,14,31,16,37,19,8,8,12,17,9,14,11,10,6,6,9,13,10,13,20,27
2019,6,100156577,154,73,47,81,53,3,2,6,4,15,10,15,10,14,9,31,20,32,21,38,25,2,5,6,8,6,16,20,10,1,1,9,7,8,15,12,28
2019,6,100156970,175,87,50,88,50,6,3,9,5,24,14,20,11,16,9,29,17,37,21,34,19,2,6,14,12,8,14,19,12,4,3,10,8,8,15,18,22
2019,6,100157634,74,37,50,37,50,1,1,9,12,4,5,7,9,12,16,10,14,12,16,19,26,0,5,3,5,7,6,6,5,1,4,1,2,5,4,6,14
2019,6,100158082,21,9,43,12,57,0,0,2,10,2,10,4,19,2,10,3,14,3,14,5,24,0,0,1,2,1,1,2,2,0,2,1,2,1,2,1,3
2019,6,100158396,147,67,46,80,54,12,8,6,4,23,16,21,14,17,12,34,23,9,6,25,17,7,2,10,14,10,13,3,8,5,4,13,7,7,21,6,17
2019,6,100158611,38,19,50,19,50,2,5,4,11,15,39,6,16,2,5,1,3,6,16,2,5,0,3,5,4,2,0,5,0,2,1,10,2,0,1,1,2
2019,6,100158693,19,10,53,9,47,1,5,0,0,1,5,4,21,3,16,3,16,5,26,2,11,1,0,0,2,2,2,2,1,0,0,1,2,1,1,3,1
2019,6,100158724,103,43,42,60,58,11,11,9,9,17,17,9,9,12,12,18,17,12,12,15,15,4,3,9,5,5,8,7,2,7,6,8,4,7,10,5,13
2019,6,100158740,16,9,56,7,44,0,0,1,6,1,6,2,13,1,6,4,25,2,13,5,31,0,1,1,2,0,3,0,2,0,0,0,0,1,1,2,3
2019,6,100158861,514,249,48,265,52,37,7,42,8,67,13,75,15,54,11,81,16,72,14,86,17,16,31,38,40,23,43,31,27,21,11,29,35,31,38,41,59
2019,6,100158941,88,44,50,44,50,1,1,5,6,5,6,12,14,7,8,9,10,25,28,24,27,0,2,3,8,5,5,14,7,1,3,2,4,2,4,11,17
2019,6,100159027,76,42,55,34,45,5,7,5,7,9,12,11,14,10,13,8,11,13,17,15,20,3,4,8,7,5,3,8,4,2,1,1,4,5,5,5,11
2019,6,100159092,717,318,44,399,56,54,8,41,6,91,13,102,14,80,11,86,12,122,17,141,20,35,19,41,47,40,50,49,37,19,22,50,55,40,36,73,104
2019,6,100159203,511,257,50,254,50,30,6,45,9,56,11,68,13,59,12,78,15,70,14,105,21,18,28,33,41,30,35,37,35,12,17,23,27,29,43,33,70
2019,6,100159211,311,150,48,161,52,22,7,22,7,27,9,44,14,36,12,47,15,63,20,50,16,12,10,17,28,20,18,30,15,10,12,10,16,16,29,33,35
2019,6,100159357,234,102,44,132,56,11,5,30,13,30,13,31,13,28,12,23,10,32,14,49,21,7,12,12,17,11,11,15,17,4,18,18,14,17,12,17,32
2019,6,100159445,303,127,42,176,58,16,5,21,7,41,14,32,11,37,12,42,14,47,16,67,22,7,14,23,18,13,20,19,13,9,7,18,14,24,22,28,54
2019,6,100159494,1639,732,45,907,55,101,6,135,8,163,10,224,14,140,9,232,14,247,15,397,24,49,65,81,118,72,106,120,121,52,70,82,106,68,126,127,276
2019,6,100159566,33,19,58,14,42,2,6,1,3,0,0,4,12,3,9,5,15,8,24,10,30,1,1,0,3,2,3,5,4,1,0,0,1,1,2,3,6
2019,6,100159621,105,56,53,49,47,4,4,9,9,14,13,17,16,8,8,26,25,11,10,16,15,3,4,8,9,6,15,4,7,1,5,6,8,2,11,7,9
2019,6,100159742,71,39,55,32,45,1,1,1,1,8,11,15,21,4,6,11,15,19,27,12,17,0,0,4,13,3,3,10,6,1,1,4,2,1,8,9,6
2019,6,100159902,59,30,51,29,49,8,14,7,12,7,12,7,12,12,20,5,8,6,10,7,12,4,4,3,2,8,4,2,3,4,3,4,5,4,1,4,4
2019,6,100159910,670,314,47,356,53,52,8,47,7,86,13,74,11,92,14,104,16,96,14,119,18,33,24,48,41,42,46,36,44,19,23,38,33,50,58,60,75
2019,6,100159976,241,102,42,139,58,13,5,13,5,22,9,31,13,33,14,22,9,41,17,66,27,8,7,13,15,17,9,15,18,5,6,9,16,16,13,26,48
2019,6,100160013,517,233,45,284,55,36,7,43,8,67,13,55,11,68,13,81,16,72,14,95,18,20,21,25,35,31,42,27,32,16,22,42,20,37,39,45,63
2019,6,100160070,258,120,47,138,53,14,5,23,9,28,11,34,13,21,8,43,17,35,14,60,23,10,8,17,20,13,19,14,19,4,15,11,14,8,24,21,41
2019,6,100160407,175,80,46,95,54,10,6,11,6,16,9,28,16,19,11,27,15,30,17,34,19,5,6,8,14,11,12,13,11,5,5,8,14,8,15,17,23
2019,6,100160593,593,285,48,308,52,37,6,43,7,62,10,94,16,48,8,92,16,76,13,141,24,14,27,32,55,27,46,32,52,23,16,30,39,21,46,44,89
2019,6,100160745,585,260,44,325,56,42,7,44,8,52,9,68,12,55,9,88,15,76,13,160,27,21,20,35,34,26,52,35,37,21,24,17,34,29,36,41,123
2019,6,100160905,332,157,47,175,53,33,10,23,7,30,9,52,16,41,12,39,12,53,16,61,18,19,11,16,24,25,20,24,18,14,12,14,28,16,19,29,43
2019,6,100161216,239,108,45,131,55,13,5,29,12,22,9,38,16,32,13,32,13,30,13,43,18,6,14,10,20,21,16,11,10,7,15,12,18,11,16,19,33
2019,6,100161265,81,42,52,39,48,3,4,8,10,6,7,16,20,14,17,6,7,11,14,17,21,2,5,1,9,8,5,6,6,1,3,5,7,6,1,5,11
2019,6,100161378,222,104,47,118,53,14,6,19,9,23,10,26,12,39,18,28,13,27,12,46,21,7,9,12,13,25,13,9,16,7,10,11,13,14,15,18,30
2019,6,100161505,427,210,49,217,51,21,5,37,9,47,11,78,18,27,6,72,17,72,17,73,17,11,21,26,45,16,35,33,23,10,16,21,33,11,37,39,50
2019,6,100161521,148,71,48,77,52,5,3,19,13,22,15,15,10,17,11,28,19,14,9,28,19,3,11,10,7,8,15,7,10,2,8,12,8,9,13,7,18
2019,6,100161691,65,30,46,35,54,9,14,7,11,3,5,14,22,7,11,4,6,10,15,11,17,4,5,2,8,2,2,6,1,5,2,1,6,5,2,4,10
2019,6,100161755,59,25,42,34,58,5,8,2,3,7,12,7,12,1,2,17,29,4,7,16,27,2,1,3,3,0,9,2,5,3,1,4,4,1,8,2,11
2019,6,100161810,385,194,50,191,50,31,8,27,7,36,9,65,17,40,10,74,19,61,16,51,13,21,14,19,37,22,33,29,19,10,13,17,28,18,41,32,32
2019,6,100161892,92,49,53,43,47,2,2,5,5,16,17,17,18,6,7,20,22,16,17,10,11,2,3,8,10,4,11,9,2,0,2,8,7,2,9,7,8
2019,6,100161907,74,41,55,33,45,6,8,5,7,10,14,10,14,9,12,6,8,11,15,17,23,3,3,7,6,6,3,6,7,3,2,3,4,3,3,5,10
2019,6,100161956,28,13,46,15,54,1,4,2,7,3,11,3,11,4,14,3,11,7,25,5,18,0,2,0,2,3,0,5,1,1,0,3,1,1,3,2,4
2019,6,100162041,98,46,47,52,53,5,5,5,5,9,9,20,20,9,9,17,17,16,16,17,17,2,4,4,12,3,9,6,6,3,1,5,8,6,8,10,11
2019,6,100162283,54,27,50,27,50,2,4,1,2,4,7,8,15,6,11,7,13,12,22,14,26,0,0,3,6,3,3,8,4,2,1,1,2,3,4,4,10
2019,6,100162468,271,128,47,143,53,19,7,16,6,41,15,37,14,21,8,48,18,35,13,54,20,13,10,18,20,10,23,17,17,6,6,23,17,11,25,18,37
2019,6,100162564,131,61,47,70,53,13,10,18,14,14,11,16,12,27,21,23,18,12,9,8,6,6,10,4,6,13,13,5,4,7,8,10,10,14,10,7,4
2019,6,100162572,405,204,50,201,50,30,7,40,10,48,12,60,15,65,16,65,16,46,11,51,13,11,23,26,32,36,36,23,17,19,17,22,28,29,29,23,34
2019,6,100162611,44,19,43,25,57,3,7,2,5,2,5,8,18,5,11,4,9,13,30,7,16,2,1,0,1,5,1,6,3,1,1,2,7,0,3,7,4
2019,6,100162644,136,71,52,65,48,12,9,11,8,17,13,16,12,31,23,17,13,15,11,17,13,10,3,9,11,14,9,8,7,2,8,8,5,17,8,7,10
2019,6,100162660,103,44,43,59,57,11,11,4,4,8,8,23,22,10,10,16,16,13,13,18,17,2,1,4,12,7,5,6,7,9,3,4,11,3,11,7,11
2019,6,100162685,90,37,41,53,59,3,3,6,7,9,10,22,24,11,12,9,10,20,22,10,11,0,4,2,9,7,3,9,3,3,2,7,13,4,6,11,7
2019,6,100162716,135,74,55,61,45,9,7,8,6,10,7,20,15,17,13,22,16,22,16,27,20,4,5,6,13,10,13,10,13,5,3,4,7,7,9,12,14
2019,6,100162724,56,27,48,29,52,5,9,2,4,4,7,7,13,11,20,10,18,8,14,9,16,3,0,2,2,7,5,5,3,2,2,2,5,4,5,3,6
2019,6,100162740,16,9,56,7,44,0,0,2,13,2,13,3,19,3,19,1,6,3,19,2,13,0,1,0,3,1,1,2,1,0,1,2,0,2,0,1,1
2019,6,100162757,42,20,48,22,52,1,2,1,2,0,0,6,14,2,5,10,24,8,19,14,33,0,1,0,3,1,5,5,5,1,0,0,3,1,5,3,9
2019,6,100162765,55,30,55,25,45,5,9,4,7,8,15,9,16,4,7,10,18,6,11,9,16,2,2,6,5,3,5,3,4,3,2,2,4,1,5,3,5
2019,6,100162798,265,139,52,126,48,29,11,27,10,19,7,43,16,29,11,33,12,32,12,53,20,15,18,10,22,16,20,20,18,14,9,9,21,13,13,12,35
2019,6,100162886,661,334,51,327,49,48,7,51,8,76,11,88,13,89,13,96,15,104,16,109,16,30,27,43,52,46,47,54,35,18,24,33,36,43,49,50,74
2019,6,100162917,999,448,45,551,55,72,7,84,8,90,9,138,14,128,13,130,13,147,15,210,21,36,45,43,73,69,61,54,67,36,39,47,65,59,69,93,143
2019,6,100162982,397,173,44,224,56,23,6,26,7,43,11,56,14,40,10,58,15,64,16,87,22,15,6,15,30,22,24,33,28,8,20,28,26,18,34,31,59
2019,6,100163002,322,153,48,169,52,27,8,36,11,47,15,39,12,36,11,34,11,41,13,62,19,11,21,28,21,19,13,19,21,16,15,19,18,17,21,22,41
2019,6,100163068,550,249,45,301,55,33,6,45,8,55,10,59,11,80,15,76,14,89,16,113,21,19,22,34,33,42,32,36,31,14,23,21,26,38,44,53,82
2019,6,100163164,783,327,42,456,58,56,7,67,9,71,9,91,12,80,10,99,13,111,14,208,27,25,29,34,43,40,47,40,69,31,38,37,48,40,52,71,139
2019,6,100163180,247,123,50,124,50,11,4,24,10,15,6,44,18,24,10,49,20,32,13,48,19,5,15,6,24,15,26,16,16,6,9,9,20,9,23,16,32
2019,6,100163228,253,126,50,127,50,10,4,18,7,19,8,42,17,37,15,33,13,47,19,47,19,2,8,12,27,25,15,24,13,8,10,7,15,12,18,23,34
2019,6,100163308,968,461,48,507,52,92,10,90,9,102,11,114,12,147,15,140,14,112,12,171,18,49,48,45,57,75,71,52,64,43,42,57,57,72,69,60,107
2019,6,100163324,1372,649,47,723,53,122,9,151,11,139,10,169,12,186,14,198,14,155,11,252,18,60,82,67,98,94,97,67,84,62,69,72,71,92,101,88,168
2019,6,100163357,472,250,53,222,47,29,6,33,7,50,11,65,14,59,13,70,15,78,17,88,19,13,19,27,39,35,40,44,33,16,14,23,26,24,30,34,55
2019,6,100163365,77,34,44,43,56,12,16,7,9,7,9,8,10,13,17,9,12,6,8,15,19,6,5,2,4,6,3,3,5,6,2,5,4,7,6,3,10
2019,6,100163373,60,29,48,31,52,5,8,4,7,0,0,8,13,7,12,7,12,14,23,15,25,2,3,0,4,3,3,9,5,3,1,0,4,4,4,5,10
2019,6,100163412,56,27,48,29,52,1,2,6,11,6,11,8,14,8,14,4,7,14,25,9,16,1,5,3,5,5,2,5,1,0,1,3,3,3,2,9,8
2019,6,100163420,38,19,50,19,50,5,13,4,11,4,11,4,11,7,18,3,8,5,13,6,16,2,0,1,3,5,1,4,3,3,4,3,1,2,2,1,3
2019,6,100163437,98,47,48,51,52,8,8,12,12,12,12,9,9,10,10,16,16,13,13,18,18,4,6,8,3,5,10,4,7,4,6,4,6,5,6,9,11
2019,6,100163453,732,332,45,400,55,46,6,63,9,74,10,101,14,91,12,97,13,124,17,136,19,23,28,43,50,52,46,49,41,23,35,31,51,39,51,75,95
2019,6,100163486,221,107,48,114,52,24,11,21,10,16,7,43,19,22,10,26,12,31,14,38,17,13,15,8,18,12,13,16,12,11,6,8,25,10,13,15,26
2019,6,100164117,782,345,44,437,56,45,6,54,7,85,11,116,15,55,7,117,15,156,20,154,20,20,28,38,66,29,51,72,41,25,26,47,50,26,66,84,113
2019,6,100164133,151,74,49,77,51,9,6,9,6,8,5,26,17,12,8,32,21,26,17,29,19,5,4,4,16,7,17,10,11,4,5,4,10,5,15,16,18
2019,6,100164623,119,54,45,65,55,3,3,8,7,6,5,21,18,9,8,19,16,27,23,26,22,1,2,4,11,5,10,11,10,2,6,2,10,4,9,16,16
2019,6,100165096,265,124,47,141,53,14,5,16,6,32,12,43,16,24,9,54,20,42,16,40,15,7,6,23,23,12,27,16,10,7,10,9,20,12,27,26,30
2019,6,100165248,145,68,47,77,53,12,8,16,11,12,8,17,12,18,12,17,12,29,20,24,17,8,6,3,7,11,9,14,10,4,10,9,10,7,8,15,14
2019,6,100165272,68,37,54,31,46,3,4,3,4,7,10,5,7,10,15,9,13,9,13,22,32,2,2,5,4,5,4,6,9,1,1,2,1,5,5,3,13
2019,6,100165641,78,40,51,38,49,7,9,5,6,9,12,14,18,4,5,18,23,9,12,12,15,3,3,3,10,2,13,4,2,4,2,6,4,2,5,5,10
2019,6,100165658,164,71,43,93,57,12,7,19,12,22,13,16,10,20,12,24,15,30,18,21,13,6,8,10,9,10,10,14,4,6,11,12,7,10,14,16,17
2019,6,100166434,277,126,45,151,55,18,6,25,9,25,9,35,13,33,12,45,16,48,17,48,17,8,11,13,22,15,18,23,16,10,14,12,13,18,27,25,32
2019,6,100167042,57,27,47,30,53,3,5,3,5,4,7,6,11,7,12,8,14,9,16,17,30,1,1,2,3,6,3,6,5,2,2,2,3,1,5,3,12
2019,6,100167091,708,335,47,373,53,26,4,56,8,89,13,87,12,78,11,122,17,120,17,130,18,16,32,41,51,40,60,52,43,10,24,48,36,38,62,68,87
2019,6,100167315,88,43,49,45,51,4,5,7,8,19,22,4,5,14,16,15,17,8,9,17,19,1,4,10,3,10,6,4,5,3,3,9,1,4,9,4,12
2019,6,100168108,244,116,48,128,52,16,7,26,11,28,11,25,10,21,9,36,15,39,16,53,22,11,13,16,13,9,15,19,20,5,13,12,12,12,21,20,33
2019,6,100168583,258,118,46,140,54,10,4,27,10,27,10,39,15,35,14,47,18,35,14,38,15,2,12,19,20,16,26,14,9,8,15,8,19,19,21,21,29
2019,6,100168630,130,68,52,62,48,11,8,8,6,14,11,15,12,9,7,21,16,17,13,35,27,9,5,8,11,5,8,12,10,2,3,6,4,4,13,5,25
2019,6,100168911,86,37,43,49,57,10,12,5,6,7,8,11,13,11,13,10,12,13,15,19,22,5,4,1,4,6,4,6,7,5,1,6,7,5,6,7,12
2019,6,100169005,126,60,48,66,52,9,7,8,6,21,17,17,13,20,16,12,10,11,9,28,22,5,5,11,10,12,4,3,10,4,3,10,7,8,8,8,18
2019,6,100169021,187,97,52,90,48,19,10,16,9,18,10,29,16,19,10,30,16,30,16,26,14,13,10,9,15,11,17,16,6,6,6,9,14,8,13,14,20
2019,6,100170032,164,82,50,82,50,5,3,7,4,18,11,32,20,9,5,30,18,30,18,33,20,3,3,9,20,7,14,12,14,2,4,9,12,2,16,18,19
2019,6,100170104,96,40,42,56,58,7,7,7,7,8,8,16,17,7,7,13,14,17,18,21,22,4,4,5,6,4,6,4,7,3,3,3,10,3,7,13,14
2019,6,100170112,48,26,54,22,46,1,2,5,10,3,6,8,17,3,6,8,17,9,19,11,23,1,2,1,5,3,5,4,5,0,3,2,3,0,3,5,6
2019,6,100170186,87,39,45,48,55,1,1,2,2,13,15,13,15,8,9,11,13,19,22,20,23,1,1,6,9,3,6,7,6,0,1,7,4,5,5,12,14
2019,6,100170530,60,28,47,32,53,0,0,2,3,10,17,9,15,8,13,14,23,5,8,12,20,0,2,5,4,4,7,2,4,0,0,5,5,4,7,3,8
2019,6,100170723,218,109,50,109,50,12,6,23,11,31,14,30,14,23,11,26,12,45,21,28,13,8,10,19,15,11,12,25,9,4,13,12,15,12,14,20,19
2019,6,100171227,137,64,47,73,53,7,5,10,7,15,11,25,18,14,10,18,13,30,22,18,13,4,4,6,10,7,11,16,6,3,6,9,15,7,7,14,12
2019,6,100171524,126,57,45,69,55,8,6,14,11,18,14,20,16,13,10,14,11,24,19,15,12,2,6,8,11,8,4,13,5,6,8,10,9,5,10,11,10
2019,6,100171612,49,24,49,25,51,3,6,3,6,9,18,4,8,2,4,10,20,4,8,14,29,2,0,8,2,1,4,3,4,1,3,1,2,1,6,1,10
2019,6,100171975,114,49,43,65,57,9,8,7,6,23,20,23,20,4,4,12,11,16,14,20,18,3,2,9,12,4,3,8,8,6,5,14,11,0,9,8,12
2019,6,100172052,155,71,46,84,54,8,5,8,5,19,12,25,16,15,10,21,14,32,21,27,17,5,3,12,13,9,5,17,7,3,5,7,12,6,16,15,20
2019,6,100172550,165,80,48,85,52,15,9,14,8,17,10,30,18,13,8,22,13,30,18,24,15,10,4,7,18,7,7,19,8,5,10,10,12,6,15,11,16
2019,6,100172655,29,15,52,14,48,0,0,0,0,3,10,2,7,1,3,2,7,5,17,16,55,0,0,2,2,0,2,2,7,0,0,1,0,1,0,3,9
2019,6,100172702,5,,,,,,,,,,,,,,,,,,,,,,,,,,,,,,,,,,,,
2019,6,100172710,40,25,63,15,38,2,5,4,10,4,10,5,13,8,20,5,13,7,18,5,13,1,2,3,1,6,3,4,5,1,2,1,4,2,2,3,0
2019,6,100172727,5,,,,,,,,,,,,,,,,,,,,,,,,,,,,,,,,,,,,
2019,6,100172743,5,,,,,,,,,,,,,,,,,,,,,,,,,,,,,,,,,,,,
2019,6,100172751,13,8,62,5,38,1,8,0,0,2,15,2,15,2,15,4,31,0,0,2,15,1,0,2,1,1,2,0,1,0,0,0,1,1,2,0,1
2019,6,100172768,5,,,,,,,,,,,,,,,,,,,,,,,,,,,,,,,,,,,,
2019,6,100172776,5,,,,,,,,,,,,,,,,,,,,,,,,,,,,,,,,,,,,
2019,6,100172784,5,,,,,,,,,,,,,,,,,,,,,,,,,,,,,,,,,,,,
2019,6,100172792,5,,,,,,,,,,,,,,,,,,,,,,,,,,,,,,,,,,,,
2019,6,100172807,17,9,53,8,47,0,0,2,12,2,12,3,18,2,12,4,24,2,12,2,12,0,0,2,2,0,3,1,1,0,2,0,1,2,1,1,1
2019,6,100172815,12,6,50,6,50,0,0,1,8,2,17,1,8,2,17,3,25,1,8,2,17,0,0,1,1,1,1,1,1,0,1,1,0,1,2,0,1
2019,6,100172823,5,,,,,,,,,,,,,,,,,,,,,,,,,,,,,,,,,,,,
2019,6,100172831,5,,,,,,,,,,,,,,,,,,,,,,,,,,,,,,,,,,,,
2019,6,100172848,12,8,67,4,33,0,0,1,8,2,17,0,0,3,25,2,17,1,8,3,25,0,1,2,0,2,2,0,1,0,0,0,0,1,0,1,2
2019,6,100172856,13,7,54,6,46,1,8,3,23,1,8,1,8,1,8,1,8,2,15,3,23,0,3,1,0,1,0,1,1,1,0,0,1,0,1,1,2
2019,6,100172864,11,7,64,4,36,0,0,0,0,0,0,1,9,1,9,3,27,1,9,5,45,0,0,0,1,0,2,1,3,0,0,0,0,1,1,0,2
2019,6,100172872,15,8,53,7,47,0,0,2,13,0,0,2,13,3,20,1,7,2,13,5,33,0,1,0,2,2,1,1,1,0,1,0,0,1,0,1,4
2019,6,100172880,24,12,50,12,50,0,0,0,0,1,4,3,13,2,8,5,21,8,33,5,21,0,0,1,2,2,2,4,1,0,0,0,1,0,3,4,4
2019,6,100172897,20,14,70,6,30,2,10,2,10,5,25,1,5,0,0,3,15,5,25,2,10,2,1,3,1,0,2,3,2,0,1,2,0,0,1,2,0
2019,6,100172903,5,,,,,,,,,,,,,,,,,,,,,,,,,,,,,,,,,,,,
2019,6,100172911,15,7,47,8,53,0,0,0,0,1,7,0,0,2,13,2,13,4,27,6,40,0,0,1,0,1,1,2,2,0,0,0,0,1,1,2,4
2019,6,100172928,5,,,,,,,,,,,,,,,,,,,,,,,,,,,,,,,,,,,,
2019,6,100172936,5,,,,,,,,,,,,,,,,,,,,,,,,,,,,,,,,,,,,
2019,6,100172944,5,,,,,,,,,,,,,,,,,,,,,,,,,,,,,,,,,,,,
2019,6,100172952,5,,,,,,,,,,,,,,,,,,,,,,,,,,,,,,,,,,,,
2019,6,100172960,17,6,35,11,65,1,6,2,12,2,12,2,12,3,18,3,18,3,18,1,6,1,0,1,1,1,0,2,0,0,2,1,1,2,3,1,1
2019,6,100172977,5,,,,,,,,,,,,,,,,,,,,,,,,,,,,,,,,,,,,
2019,6,100172985,5,,,,,,,,,,,,,,,,,,,,,,,,,,,,,,,,,,,,
2019,6,100172993,5,,,,,,,,,,,,,,,,,,,,,,,,,,,,,,,,,,,,
2019,6,100173005,19,9,47,10,53,3,16,2,11,2,11,2,11,3,16,3,16,2,11,2,11,1,2,1,1,2,1,1,0,2,0,1,1,1,2,1,2
2019,6,100173013,5,,,,,,,,,,,,,,,,,,,,,,,,,,,,,,,,,,,,
2019,6,100173021,424,194,46,230,54,29,7,46,11,42,10,54,13,61,14,58,14,57,13,77,18,11,20,19,25,36,31,25,27,18,26,23,29,25,27,32,50
2019,6,100173038,22,9,41,13,59,4,18,1,5,2,9,3,14,1,5,3,14,3,14,5,23,1,0,2,0,0,2,2,2,3,1,0,3,1,1,1,3
2019,6,100173046,5,,,,,,,,,,,,,,,,,,,,,,,,,,,,,,,,,,,,
2019,6,100173054,18,10,56,8,44,1,6,0,0,2,11,1,6,2,11,5,28,3,17,4,22,1,0,1,0,1,4,2,1,0,0,1,1,1,1,1,3
2019,6,100173062,72,34,47,38,53,4,6,1,1,11,15,9,13,6,8,8,11,15,21,18,25,2,0,5,6,3,4,8,6,2,1,6,3,3,4,7,12
2019,6,100173070,5,,,,,,,,,,,,,,,,,,,,,,,,,,,,,,,,,,,,
2019,6,100173087,5,,,,,,,,,,,,,,,,,,,,,,,,,,,,,,,,,,,,
2019,6,100173095,5,,,,,,,,,,,,,,,,,,,,,,,,,,,,,,,,,,,,
2019,6,100173118,35,18,51,17,49,2,6,1,3,4,11,5,14,1,3,7,20,4,11,11,31,0,1,3,4,1,2,3,4,2,0,1,1,0,5,1,7
2019,6,100173126,5,,,,,,,,,,,,,,,,,,,,,,,,,,,,,,,,,,,,
2019,6,100173134,62,28,45,34,55,1,2,5,8,8,13,5,8,11,18,5,8,16,26,11,18,0,3,4,3,4,3,7,4,1,2,4,2,7,2,9,7
2019,6,100173456,264,129,49,135,51,17,6,24,9,38,14,44,17,31,12,49,19,31,12,30,11,6,13,19,24,14,26,16,11,11,11,19,20,17,23,15,19
2019,6,100173681,245,113,46,132,54,11,4,22,9,29,12,43,18,37,15,29,12,37,15,37,15,7,11,12,20,19,13,17,14,4,11,17,23,18,16,20,23
2019,6,100173921,264,127,48,137,52,17,6,24,9,34,13,32,12,45,17,35,13,43,16,34,13,7,13,20,21,21,18,20,7,10,11,14,11,24,17,23,27
2019,6,100174320,191,98,51,93,49,7,4,10,5,22,12,28,15,22,12,30,16,32,17,40,21,5,8,12,15,13,15,17,13,2,2,10,13,9,15,15,27
2019,6,100174466,302,146,48,156,52,13,4,21,7,36,12,39,13,37,12,50,17,48,16,58,19,8,11,17,24,22,22,22,20,5,10,19,15,15,28,26,38
2019,6,100175515,297,154,52,143,48,23,8,22,7,26,9,47,16,32,11,48,16,52,18,47,16,15,9,18,31,19,26,23,13,8,13,8,16,13,22,29,34
2019,6,100175933,209,101,48,108,52,17,8,14,7,28,13,30,14,23,11,41,20,33,16,23,11,8,6,17,23,10,17,16,4,9,8,11,7,13,24,17,19
2019,6,100176228,292,134,46,158,54,17,6,21,7,35,12,38,13,47,16,44,15,52,18,38,13,6,8,19,23,23,21,25,9,11,13,16,15,24,23,27,29
2019,6,100176558,162,77,48,85,52,13,8,8,5,14,9,19,12,30,19,22,14,27,17,29,18,5,5,8,10,14,13,10,12,8,3,6,9,16,9,17,17
2019,6,100177053,167,84,50,83,50,10,6,12,7,14,8,25,15,31,19,19,11,25,15,31,19,6,5,7,16,18,12,12,8,4,7,7,9,13,7,13,23
2019,6,100177205,195,94,48,101,52,8,4,25,13,22,11,27,14,27,14,25,13,38,19,23,12,2,13,14,15,14,9,21,6,6,12,8,12,13,16,17,17
2019,6,100177898,156,75,48,81,52,12,8,12,8,17,11,27,17,17,11,29,19,18,12,24,15,4,6,8,15,11,15,10,6,8,6,9,12,6,14,8,18
2019,6,100178143,447,206,46,241,54,17,4,35,8,56,13,50,11,45,10,77,17,76,17,91,20,8,21,31,29,21,35,37,24,9,14,25,21,24,42,39,67
2019,6,100178578,178,87,49,91,51,17,10,8,4,24,13,31,17,24,13,16,9,29,16,29,16,6,4,12,18,15,7,14,11,11,4,12,13,9,9,15,18
2019,6,100178641,53,25,47,28,53,3,6,2,4,6,11,9,17,5,9,8,15,10,19,10,19,1,1,3,6,3,2,7,2,2,1,3,3,2,6,3,8
2019,6,100178738,76,37,49,39,51,10,13,5,7,1,1,15,20,5,7,11,14,15,20,14,18,6,4,1,7,1,8,7,3,4,1,0,8,4,3,8,11
2019,6,100178770,47,24,51,23,49,8,17,3,6,4,9,9,19,2,4,9,19,5,11,7,15,5,0,3,6,1,3,3,3,3,3,1,3,1,6,2,4
2019,6,100178867,304,146,48,158,52,20,7,28,9,29,10,41,13,35,12,48,16,45,15,58,19,10,14,19,21,18,22,21,21,10,14,10,20,17,26,24,37
2019,6,100178996,2089,962,46,1127,54,132,6,179,9,214,10,216,10,272,13,318,15,321,15,437,21,78,91,119,113,133,147,147,134,54,88,95,103,139,171,174,303
2019,6,100179370,214,108,50,106,50,14,7,15,7,16,7,37,17,17,8,40,19,37,17,38,18,4,7,10,25,16,17,16,13,10,8,6,12,1,23,21,25
2019,6,100179627,23,12,52,11,48,1,4,0,0,5,22,1,4,3,13,7,30,1,4,5,22,0,0,4,0,1,5,0,2,1,0,1,1,2,2,1,3
2019,6,100179715,5,,,,,,,,,,,,,,,,,,,,,,,,,,,,,,,,,,,,
2019,6,100179828,246,129,52,117,48,12,5,18,7,17,7,40,16,31,13,34,14,43,17,51,21,8,9,9,28,19,17,17,22,4,9,8,12,12,17,26,29
2019,6,100179998,276,125,45,151,55,20,7,28,10,23,8,43,16,39,14,38,14,43,16,42,15,12,8,13,24,17,19,17,15,8,20,10,19,22,19,26,27
2019,6,100180236,217,96,44,121,56,20,9,15,7,26,12,43,20,33,15,23,11,28,13,29,13,13,7,9,20,19,9,12,7,7,8,17,23,14,14,16,22
2019,6,100180412,183,88,48,95,52,19,10,14,8,8,4,30,16,14,8,21,11,43,23,34,19,10,5,3,15,8,12,21,14,9,9,5,15,6,9,22,20
2019,6,100180646,293,142,48,151,52,13,4,23,8,33,11,45,15,37,13,40,14,49,17,53,18,4,11,21,25,22,19,24,16,9,12,12,20,15,21,25,37
2019,6,100181037,172,82,48,90,52,10,6,8,5,15,9,26,15,24,14,25,15,28,16,36,21,7,1,9,14,16,11,12,12,3,7,6,12,8,14,16,24
2019,6,100181125,235,117,50,118,50,15,6,19,8,31,13,43,18,19,8,46,20,34,14,28,12,7,8,18,25,7,19,21,12,8,11,13,18,12,27,13,16
2019,6,100181287,124,64,52,60,48,6,5,9,7,16,13,4,3,19,15,26,21,16,13,28,23,1,5,9,4,10,16,5,14,5,4,7,0,9,10,11,14
2019,6,100181535,67,34,51,33,49,1,1,2,3,13,19,10,15,8,12,15,22,6,9,12,18,1,0,7,8,4,9,2,3,0,2,6,2,4,6,4,9
2019,6,100181711,299,143,48,156,52,23,8,29,10,37,12,33,11,39,13,51,17,36,12,51,17,15,13,19,25,18,25,14,14,8,16,18,8,21,26,22,37
2019,6,100181752,88,42,48,46,52,3,3,3,3,8,9,5,6,13,15,13,15,26,30,17,19,1,2,4,2,7,7,13,6,2,1,4,3,6,6,13,11
2019,6,100181785,230,115,50,115,50,12,5,27,12,28,12,36,16,26,11,39,17,31,13,31,13,6,15,12,21,13,21,14,13,6,12,16,15,13,18,17,18
2019,6,100181840,234,119,51,115,49,19,8,27,12,26,11,40,17,22,9,31,13,38,16,31,13,14,15,16,20,12,13,18,11,5,12,10,20,10,18,20,20
2019,6,100182215,268,122,46,146,54,16,6,17,6,28,10,43,16,36,13,41,15,49,18,38,14,12,7,12,23,16,21,22,9,4,10,16,20,20,20,27,29
2019,6,100182473,65,34,52,31,48,7,11,7,11,8,12,12,18,6,9,7,11,10,15,8,12,3,5,4,7,4,4,4,3,4,2,4,5,2,3,6,5
2019,6,100182512,225,105,47,120,53,7,3,21,9,23,10,29,13,24,11,36,16,43,19,42,19,2,9,17,14,13,16,22,12,5,12,6,15,11,20,21,30
2019,6,100182754,744,339,46,405,54,60,8,57,8,81,11,78,10,60,8,107,14,115,15,186,25,25,35,41,42,27,52,55,62,35,22,40,36,33,55,60,124
2019,6,100182826,342,160,47,182,53,37,11,19,6,20,6,65,19,39,11,53,15,60,18,49,14,25,6,12,36,21,26,22,12,12,13,8,29,18,27,38,37
2019,6,100183057,58,23,40,35,60,2,3,1,2,7,12,7,12,4,7,10,17,14,24,13,22,0,1,1,4,2,4,6,5,2,0,6,3,2,6,8,8
2019,6,100183153,33,14,42,19,58,2,6,2,6,3,9,3,9,2,6,6,18,6,18,9,27,0,2,2,1,1,2,2,4,2,0,1,2,1,4,4,5
2019,6,100183797,1184,544,46,640,54,101,9,100,8,105,9,151,13,191,16,156,13,128,11,252,21,43,58,40,78,99,74,61,91,58,42,65,73,92,82,67,161
2019,6,100183803,119,59,50,60,50,3,3,9,8,8,7,19,16,23,19,18,15,25,21,14,12,1,6,2,11,15,8,15,1,2,3,6,8,8,10,10,13
2019,6,100183924,526,258,49,268,51,18,3,28,5,39,7,83,16,80,15,97,18,113,21,68,13,10,13,20,50,43,50,48,24,8,15,19,33,37,47,65,44
2019,6,100183998,75,33,44,42,56,12,16,10,13,6,8,12,16,8,11,9,12,8,11,10,13,4,5,3,5,3,4,4,5,8,5,3,7,5,5,4,5
2019,6,100184001,76,47,62,29,38,1,1,8,11,8,11,9,12,11,14,10,13,16,21,13,17,0,4,3,8,10,5,9,8,1,4,5,1,1,5,7,5
2019,6,100184018,28,15,54,13,46,4,14,2,7,2,7,3,11,4,14,6,21,1,4,6,21,2,2,1,2,2,4,0,2,2,0,1,1,2,2,1,4
2019,6,100184026,38,18,47,20,53,4,11,3,8,4,11,3,8,4,11,9,24,5,13,6,16,2,0,3,2,1,4,2,4,2,3,1,1,3,5,3,2
2019,6,100184034,1854,866,47,988,53,142,8,136,7,160,9,220,12,222,12,268,14,276,15,430,23,83,69,81,113,109,117,138,156,59,67,79,107,113,151,138,274
2019,6,100184067,22,11,50,11,50,1,5,1,5,2,9,2,9,2,9,8,36,1,5,5,23,1,1,0,1,1,5,1,1,0,0,2,1,1,3,0,4
2019,6,100184075,659,312,47,347,53,51,8,65,10,71,11,79,12,129,20,69,10,96,15,99,15,23,34,30,47,71,32,34,41,28,31,41,32,58,37,62,58
2019,6,100184083,97,43,44,54,56,8,8,11,11,9,9,11,11,18,19,12,12,10,10,18,19,6,5,5,4,6,5,5,7,2,6,4,7,12,7,5,11
2019,6,100184091,76,38,50,38,50,0,0,1,1,5,7,6,8,12,16,13,17,15,20,24,32,0,1,2,5,6,6,9,9,0,0,3,1,6,7,6,15
2019,6,100184114,153,76,50,77,50,8,5,11,7,7,5,10,7,12,8,14,9,19,12,72,47,6,7,3,7,4,10,14,25,2,4,4,3,8,4,5,47
2019,6,100184130,69,35,51,34,49,14,20,6,9,3,4,15,22,8,12,3,4,14,20,6,9,10,2,2,4,6,2,7,2,4,4,1,11,2,1,7,4
2019,6,100184196,488,233,48,255,52,48,10,63,13,44,9,57,12,83,17,70,14,53,11,70,14,25,32,18,27,44,34,26,27,23,31,26,30,39,36,27,43
2019,6,100184202,756,366,48,390,52,46,6,62,8,69,9,99,13,97,13,130,17,114,15,139,18,23,29,32,51,45,72,61,53,23,33,37,48,52,58,53,86
2019,6,100184210,82,39,48,43,52,14,17,18,22,3,4,7,9,21,26,8,10,4,5,7,9,9,7,2,3,8,5,2,3,5,11,1,4,13,3,2,4
2019,6,100184227,6623,3105,47,3518,53,856,13,872,13,511,8,941,14,1237,19,700,11,689,10,817,12,446,435,257,433,606,338,297,293,410,437,254,508,631,362,392,524
2019,6,100184235,121,63,52,58,48,15,12,21,17,8,7,21,17,20,17,12,10,11,9,13,11,9,13,5,10,10,6,5,5,6,8,3,11,10,6,6,8
2019,6,100184243,356,171,48,185,52,48,13,53,15,28,8,45,13,64,18,41,12,37,10,40,11,28,27,15,18,29,24,15,15,20,26,13,27,35,17,22,25
2019,6,100184251,2199,1052,48,1147,52,241,11,320,15,233,11,315,14,388,18,298,14,199,9,205,9,140,169,125,140,183,141,86,68,101,151,108,175,205,157,113,137
2019,6,100184268,195,99,51,96,49,39,20,34,17,11,6,20,10,47,24,23,12,4,2,17,9,25,19,4,8,22,10,3,8,14,15,7,12,25,13,1,9
2019,6,100184284,3198,1466,46,1732,54,400,13,383,12,279,9,410,13,541,17,420,13,359,11,406,13,195,201,134,182,245,219,158,132,205,182,145,228,296,201,201,274
2019,6,100184292,458,221,48,237,52,48,10,68,15,36,8,65,14,59,13,86,19,47,10,49,11,27,29,18,28,31,47,19,22,21,39,18,37,28,39,28,27
2019,6,100184307,365,181,50,184,50,54,15,56,15,46,13,33,9,68,19,54,15,28,8,26,7,28,30,31,13,29,28,12,10,26,26,15,20,39,26,16,16
2019,6,100184315,101,44,44,57,56,7,7,10,10,9,9,13,13,18,18,11,11,14,14,19,19,4,2,3,5,9,4,8,9,3,8,6,8,9,7,6,10
2019,6,100184323,64,30,47,34,53,6,9,7,11,5,8,8,13,8,13,14,22,8,13,8,13,2,3,4,3,3,8,3,4,4,4,1,5,5,6,5,4
2019,6,100184331,368,187,51,181,49,50,14,56,15,31,8,46,13,60,16,57,15,38,10,30,8,24,36,16,22,29,28,23,9,26,20,15,24,31,29,15,21
2019,6,100184348,1039,532,51,507,49,142,14,135,13,90,9,142,14,200,19,161,15,105,10,64,6,79,67,43,63,96,96,55,33,63,68,47,79,104,65,50,31
2019,6,100184364,74,37,50,37,50,9,12,4,5,6,8,14,19,9,12,7,9,8,11,17,23,4,4,3,7,5,1,5,8,5,0,3,7,4,6,3,9
2019,6,100184372,62,36,58,26,42,3,5,3,5,12,19,7,11,2,3,13,21,10,16,12,19,2,1,12,5,0,8,4,4,1,2,0,2,2,5,6,8
2019,6,100184397,40,19,48,21,53,5,13,0,0,1,3,12,30,4,10,6,15,8,20,4,10,1,0,1,7,1,3,5,1,4,0,0,5,3,3,3,3
2019,6,100184403,225,102,45,123,55,23,10,23,10,24,11,28,12,33,15,46,20,21,9,27,12,11,12,10,10,13,22,10,14,12,11,14,18,20,24,11,13
2019,6,100184428,1266,563,44,703,56,160,13,133,11,105,8,165,13,168,13,152,12,153,12,230,18,77,58,44,81,89,63,67,84,83,75,61,84,79,89,86,146
2019,6,100184444,27,13,48,14,52,3,11,2,7,4,15,3,11,0,0,9,33,2,7,4,15,2,2,3,1,0,3,1,1,1,0,1,2,0,6,1,3
2019,6,100184460,1272,634,50,638,50,55,4,73,6,95,7,168,13,168,13,235,18,209,16,269,21,30,36,46,84,94,117,98,129,25,37,49,84,74,118,111,140
2019,6,100184477,321,167,52,154,48,25,8,18,6,20,6,42,13,42,13,61,19,54,17,59,18,6,7,13,25,24,32,31,29,19,11,7,17,18,29,23,30
2019,6,100184485,136,72,53,64,47,7,5,18,13,9,7,16,12,16,12,28,21,21,15,21,15,5,12,2,11,7,15,13,7,2,6,7,5,9,13,8,14
2019,6,100184493,1016,525,52,491,48,58,6,70,7,80,8,140,14,144,14,159,16,163,16,202,20,27,46,41,86,78,74,82,91,31,24,39,54,66,85,81,111
2019,6,100184508,1072,600,56,472,44,51,5,34,3,78,7,132,12,175,16,187,17,191,18,224,21,27,19,47,82,97,99,108,121,24,15,31,50,78,88,83,103
2019,6,100184532,4416,2118,48,2298,52,378,9,389,9,335,8,604,14,649,15,582,13,586,13,893,20,188,202,182,311,334,296,261,344,190,187,153,293,315,286,325,549
2019,6,100184540,405,232,57,173,43,19,5,15,4,20,5,59,15,65,16,79,20,72,18,76,19,7,8,9,39,40,44,43,42,12,7,11,20,25,35,29,34
2019,6,100184557,760,352,46,408,54,91,12,85,11,63,8,82,11,119,16,90,12,117,15,113,15,43,41,34,44,55,47,53,35,48,44,29,38,64,43,64,78
2019,6,100184573,1138,570,50,568,50,131,12,131,12,96,8,159,14,202,18,169,15,135,12,115,10,70,79,49,76,98,89,68,41,61,52,47,83,104,80,67,74
2019,6,100184581,275,148,54,127,46,23,8,29,11,19,7,33,12,56,20,36,13,42,15,37,13,9,12,11,20,33,20,23,20,14,17,8,13,23,16,19,17
2019,6,100184598,1896,909,48,987,52,191,10,240,13,181,10,213,11,338,18,271,14,210,11,252,13,94,129,89,110,168,132,98,89,97,111,92,103,170,139,112,163
2019,6,100184620,237,126,53,111,47,31,13,35,15,19,8,26,11,43,18,23,10,23,10,37,16,15,20,13,13,22,12,14,17,16,15,6,13,21,11,9,20
2019,6,100184637,233,125,54,108,46,10,4,20,9,36,15,19,8,23,10,38,16,54,23,33,14,6,7,20,13,9,20,35,15,4,13,16,6,14,18,19,18
2019,6,100184653,137,69,50,68,50,13,9,15,11,10,7,21,15,21,15,20,15,14,10,23,17,6,10,8,11,12,9,4,9,7,5,2,10,9,11,10,14
2019,6,100184661,765,380,50,385,50,74,10,94,12,81,11,72,9,118,15,131,17,79,10,116,15,40,47,43,39,60,60,41,50,34,47,38,33,58,71,38,66
2019,6,100184686,561,285,51,276,49,32,6,67,12,60,11,70,12,96,17,96,17,58,10,82,15,15,41,33,36,55,49,26,30,17,26,27,34,41,47,32,52
2019,6,100184700,1194,613,51,581,49,96,8,110,9,139,12,144,12,185,15,196,16,156,13,168,14,46,63,86,80,88,99,73,78,50,47,53,64,97,97,83,90
2019,6,100184717,932,469,50,463,50,88,9,91,10,81,9,123,13,162,17,136,15,130,14,121,13,37,50,39,63,77,72,70,61,51,41,42,60,85,64,60,60
2019,6,100184741,115,55,48,60,52,11,10,11,10,6,5,14,12,19,17,9,8,20,17,25,22,6,3,2,8,10,6,9,11,5,8,4,6,9,3,11,14
2019,6,100184774,142,72,51,70,49,15,11,22,15,9,6,17,12,18,13,18,13,22,15,21,15,8,11,5,9,9,10,11,9,7,11,4,8,9,8,11,12
2019,6,100184782,1817,889,49,928,51,177,10,172,9,150,8,251,14,318,18,223,12,226,12,300,17,84,90,82,136,167,118,105,107,93,82,68,115,151,105,121,193
2019,6,100184805,141,71,50,70,50,13,9,16,11,14,10,15,11,22,16,22,16,19,13,20,14,4,13,5,10,11,9,11,8,9,3,9,5,11,13,8,12
2019,6,100184813,319,159,50,160,50,16,5,19,6,24,8,31,10,41,13,54,17,50,16,84,26,7,9,8,20,22,32,26,35,9,10,16,11,19,22,24,49
2019,6,100184854,236,119,50,117,50,16,7,21,9,18,8,34,14,30,13,37,16,38,16,42,18,8,5,12,17,20,19,19,19,8,16,6,17,10,18,19,23
2019,6,100184887,809,373,46,436,54,59,7,68,8,55,7,110,14,96,12,109,13,109,13,203,25,36,39,25,62,39,58,55,59,23,29,30,48,57,51,54,144
2019,6,100184934,213,104,49,109,51,8,4,14,7,26,12,32,15,18,8,40,19,36,17,39,18,6,8,13,18,9,19,20,11,2,6,13,14,9,21,16,28
2019,6,100184942,52,23,44,29,56,3,6,4,8,2,4,6,12,7,13,4,8,9,17,17,33,0,0,2,3,5,2,4,7,3,4,0,3,2,2,5,10
2019,6,100184967,1131,545,48,586,52,108,10,116,10,94,8,171,15,165,15,117,10,162,14,198,18,57,59,50,90,88,53,73,75,51,57,44,81,77,64,89,123
2019,6,100184983,525,252,48,273,52,40,8,41,8,47,9,80,15,77,15,66,13,88,17,86,16,18,23,26,48,39,29,40,29,22,18,21,32,38,37,48,57
2019,6,100185028,140,65,46,75,54,13,9,14,10,18,13,13,9,22,16,15,11,19,14,26,19,7,6,8,5,8,9,14,8,6,8,10,8,14,6,5,18
2019,6,100185036,195,93,48,102,52,11,6,18,9,11,6,30,15,28,14,33,17,29,15,35,18,4,11,6,13,16,15,16,12,7,7,5,17,12,18,13,23
2019,6,100185044,438,192,44,246,56,44,10,67,15,40,9,54,12,72,16,53,12,40,9,68,16,26,25,20,25,31,25,16,24,18,42,20,29,41,28,24,44
2019,6,100185077,97,48,49,49,51,13,13,11,11,9,9,16,16,14,14,15,15,12,12,7,7,5,3,5,8,9,9,5,4,8,8,4,8,5,6,7,3
2019,6,100185085,498,276,55,222,45,37,7,44,9,35,7,53,11,96,19,72,14,71,14,90,18,18,20,22,32,54,39,46,45,19,24,13,21,42,33,25,45
2019,6,100185116,1713,788,46,925,54,179,10,114,7,113,7,278,16,245,14,192,11,225,13,367,21,93,58,49,134,125,93,99,137,86,56,64,144,120,99,126,230
2019,6,100185132,1246,596,48,650,52,153,12,156,13,89,7,159,13,245,20,171,14,125,10,148,12,80,84,45,69,125,81,55,57,73,72,44,90,120,90,70,91
2019,6,100185140,5134,2307,45,2827,55,507,10,527,10,451,9,668,13,844,16,699,14,507,10,931,18,268,264,215,337,406,341,194,282,239,263,236,331,438,358,313,649
2019,6,100185157,662,320,48,342,52,81,12,66,10,60,9,110,17,107,16,86,13,76,11,76,11,39,29,31,52,52,48,36,33,42,37,29,58,55,38,40,43
2019,6,100185173,1993,992,50,1001,50,230,12,268,13,165,8,251,13,343,17,252,13,243,12,241,12,137,144,96,122,159,131,108,95,93,124,69,129,184,121,135,146
2019,6,100185181,240,118,49,122,51,28,12,48,20,21,9,37,15,41,17,28,12,17,7,20,8,13,22,12,18,20,16,10,7,15,26,9,19,21,12,7,13
2019,6,100185198,537,258,48,279,52,71,13,73,14,52,10,66,12,80,15,79,15,61,11,55,10,36,36,24,33,35,42,32,20,35,37,28,33,45,37,29,35
2019,6,100185220,1794,821,46,973,54,128,7,155,9,178,10,219,12,239,13,258,14,248,14,369,21,72,88,88,113,121,111,113,115,56,67,90,106,118,147,135,254
2019,6,100185237,355,175,49,180,51,31,9,34,10,50,14,51,14,43,12,57,16,32,9,57,16,15,20,30,26,25,29,13,17,16,14,20,25,18,28,19,40
2019,6,100185245,107,53,50,54,50,6,6,6,6,11,10,11,10,18,17,15,14,14,13,26,24,5,3,5,6,12,10,6,6,1,3,6,5,6,5,8,20
2019,6,100185261,2938,1425,49,1513,51,354,12,385,13,249,8,442,15,509,17,339,12,296,10,364,12,184,210,131,229,254,163,128,126,170,175,118,213,255,176,168,238
2019,6,100185278,13111,6326,48,6785,52,2154,16,1909,15,1037,8,1958,15,2680,20,1593,12,885,7,895,7,1112,972,536,845,1268,840,432,321,1042,937,501,1113,1412,753,453,574
2019,6,100185325,1118,499,45,619,55,84,8,83,7,95,8,170,15,129,12,204,18,130,12,223,20,41,40,51,86,58,92,61,70,43,43,44,84,71,112,69,153
2019,6,100185333,1383,643,46,740,54,123,9,140,10,121,9,178,13,212,15,223,16,154,11,232,17,60,60,67,87,108,108,73,80,63,80,54,91,104,115,81,152
2019,6,100185341,447,228,51,219,49,77,17,69,15,42,9,63,14,90,20,65,15,22,5,19,4,40,35,28,28,48,32,10,7,37,34,14,35,42,33,12,12
2019,6,100185382,303,150,50,153,50,24,8,21,7,33,11,38,13,51,17,42,14,38,13,56,18,13,12,15,16,22,25,22,25,11,9,18,22,29,17,16,31
2019,6,100185405,190,96,51,94,49,14,7,15,8,12,6,27,14,39,21,28,15,12,6,43,23,5,10,7,13,21,18,7,15,9,5,5,14,18,10,5,28
2019,6,100185413,205,109,53,96,47,15,7,22,11,23,11,26,13,36,18,24,12,22,11,37,18,8,11,11,16,19,16,12,16,7,11,12,10,17,8,10,21
2019,6,100185446,1299,667,51,632,49,122,9,142,11,112,9,156,12,226,17,188,14,188,14,165,13,67,68,60,82,120,102,97,71,55,74,52,74,106,86,91,94
2019,6,100185462,269,129,48,140,52,30,11,25,9,24,9,31,12,29,11,44,16,35,13,51,19,9,14,11,22,11,28,17,17,21,11,13,9,18,16,18,34
2019,6,100185470,2953,1393,47,1560,53,271,9,286,10,254,9,412,14,455,15,367,12,457,15,451,15,140,147,143,197,233,175,206,152,131,139,111,215,222,192,251,299
2019,6,100185495,800,405,51,395,49,45,6,71,9,61,8,92,12,129,16,136,17,121,15,145,18,23,29,31,51,69,71,67,64,22,42,30,41,60,65,54,81
2019,6,100185526,148,76,51,72,49,16,11,12,8,10,7,22,15,16,11,21,14,30,20,21,14,12,5,4,11,9,11,14,10,4,7,6,11,7,10,16,11
2019,6,100185614,415,207,50,208,50,36,9,42,10,47,11,55,13,67,16,54,13,50,12,64,15,20,18,30,34,32,29,22,22,16,24,17,21,35,25,28,42
2019,6,100185630,41,22,54,19,46,2,5,3,7,8,20,4,10,6,15,3,7,13,32,2,5,1,2,5,2,2,3,7,0,1,1,3,2,4,0,6,2
2019,6,100185647,97,60,62,37,38,15,15,6,6,5,5,15,15,17,18,13,13,15,15,11,11,9,5,3,9,12,9,8,5,6,1,2,6,5,4,7,6
2019,6,100185663,275,162,59,113,41,24,9,20,7,21,8,36,13,49,18,49,18,40,15,36,13,12,14,13,25,26,28,25,19,12,6,8,11,23,21,15,17
2019,6,100185671,33,17,52,16,48,4,12,4,12,2,6,6,18,6,18,6,18,1,3,4,12,2,3,1,3,4,2,1,1,2,1,1,3,2,4,0,3
2019,6,100185688,239,124,52,115,48,21,9,22,9,13,5,53,22,24,10,29,12,41,17,36,15,13,13,6,32,13,17,22,8,8,9,7,21,11,12,19,28
2019,6,100185702,176,96,55,80,45,15,9,16,9,17,10,24,14,25,14,20,11,30,17,29,16,8,13,9,11,15,10,17,13,7,3,8,13,10,10,13,16
2019,6,100185710,578,284,49,294,51,21,4,48,8,74,13,84,15,80,14,132,23,79,14,60,10,10,24,37,55,46,61,31,20,11,24,37,29,34,71,48,40
2019,6,100185727,929,426,46,503,54,74,8,97,10,92,10,123,13,150,16,122,13,106,11,165,18,38,43,43,61,83,63,38,57,36,54,49,62,67,59,68,108
2019,6,100185735,155,75,48,80,52,10,6,9,6,13,8,20,13,21,14,23,15,26,17,33,21,5,3,9,9,14,9,16,10,5,6,4,11,7,14,10,23
2019,6,100185743,1511,718,48,793,52,115,8,125,8,110,7,211,14,239,16,189,13,223,15,299,20,53,56,54,121,128,92,109,105,62,69,56,90,111,97,114,194
2019,6,100185768,1159,528,46,631,54,116,10,95,8,82,7,180,16,197,17,161,14,145,13,183,16,63,50,44,97,93,77,54,50,53,45,38,83,104,84,91,133
2019,6,100185776,59,29,49,30,51,3,5,13,22,1,2,6,10,12,20,7,12,4,7,13,22,1,7,1,2,9,2,2,5,2,6,0,4,3,5,2,8
2019,6,100185792,68,31,46,37,54,8,12,11,16,4,6,6,9,14,21,9,13,8,12,8,12,1,6,1,3,5,8,3,4,7,5,3,3,9,1,5,4
2019,6,100185807,35,12,34,23,66,6,17,6,17,4,11,7,20,4,11,3,9,3,9,2,6,2,3,0,3,1,1,2,0,4,3,4,4,3,2,1,2
2019,6,100185815,81,37,46,44,54,9,11,7,9,7,9,12,15,8,10,12,15,17,21,9,11,1,3,1,8,4,5,11,4,8,4,6,4,4,7,6,5
2019,6,100185823,136,60,44,76,56,10,7,12,9,11,8,22,16,17,13,20,15,15,11,29,21,5,4,5,8,10,12,5,11,5,8,6,14,7,8,10,18
2019,6,100185831,64,31,48,33,52,11,17,6,9,4,6,11,17,11,17,6,9,4,6,11,17,6,2,2,5,6,3,2,5,5,4,2,6,5,3,2,6
2019,6,100185864,69,29,42,40,58,3,4,5,7,5,7,10,14,7,10,12,17,13,19,14,20,3,1,3,3,2,6,7,4,0,4,2,7,5,6,6,10
2019,6,100185880,49,25,51,24,49,5,10,8,16,3,6,9,18,5,10,6,12,6,12,7,14,2,4,2,5,1,5,3,3,3,4,1,4,4,1,3,4
2019,6,100185897,556,266,48,290,52,55,10,48,9,38,7,90,16,75,13,62,11,98,18,90,16,30,24,14,49,40,29,52,28,25,24,24,41,35,33,46,62
2019,6,100185903,115,65,57,50,43,12,10,14,12,10,9,12,10,24,21,13,11,17,15,13,11,8,9,8,5,12,7,9,7,4,5,2,7,12,6,8,6
2019,6,100185911,37,15,41,22,59,3,8,5,14,5,14,5,14,6,16,6,16,2,5,5,14,2,1,1,2,4,3,1,1,1,4,4,3,2,3,1,4
2019,6,100185928,99,47,47,52,53,12,12,7,7,10,10,18,18,9,9,17,17,10,10,16,16,4,4,5,10,3,11,5,5,8,3,5,8,6,6,5,11
2019,6,100185936,31,20,65,11,35,2,6,1,3,0,0,5,16,4,13,6,19,4,13,9,29,1,1,0,3,3,5,2,5,1,0,0,2,1,1,2,4
2019,6,100185944,5,,,,,,,,,,,,,,,,,,,,,,,,,,,,,,,,,,,,
2019,6,100185952,41,17,41,24,59,0,0,5,12,4,10,1,2,8,20,8,20,6,15,9,22,0,2,2,1,2,4,4,2,0,3,2,0,6,4,2,7
2019,6,100185977,349,158,45,191,55,40,11,33,9,31,9,55,16,59,17,33,9,46,13,52,15,20,10,17,28,30,10,25,18,20,23,14,27,29,23,21,34
2019,6,100185985,277,128,46,149,54,16,6,23,8,19,7,30,11,42,15,38,14,42,15,67,24,10,13,6,18,19,22,18,22,6,10,13,12,23,16,24,45
2019,6,100185993,367,164,45,203,55,21,6,40,11,40,11,51,14,57,16,43,12,59,16,56,15,12,18,20,22,28,19,23,22,9,22,20,29,29,24,36,34
2019,6,100186046,68,35,51,33,49,8,12,7,10,6,9,5,7,15,22,8,12,6,9,13,19,7,3,2,1,7,6,2,7,1,4,4,4,8,2,4,6
2019,6,100186054,236,109,46,127,54,24,10,28,12,28,12,28,12,34,14,19,8,27,11,48,20,11,16,16,11,14,8,13,20,13,12,12,17,20,11,14,28
2019,6,100186062,2760,1274,46,1486,54,297,11,252,9,245,9,372,13,424,15,360,13,383,14,427,15,148,131,134,167,194,191,158,151,149,121,111,205,230,169,225,276
2019,6,100186070,200,89,45,111,56,12,6,19,10,24,12,31,16,27,14,32,16,25,13,30,15,7,11,11,12,14,13,13,8,5,8,13,19,13,19,12,22
2019,6,100186087,1890,968,51,922,49,160,8,239,13,223,12,205,11,346,18,299,16,234,12,184,10,83,131,119,108,172,150,122,83,77,108,104,97,174,149,112,101
2019,6,100186118,857,408,48,449,52,104,12,102,12,88,10,99,12,134,16,128,15,80,9,122,14,50,53,45,50,64,65,40,41,54,49,43,49,70,63,40,81
2019,6,100186126,1665,780,47,885,53,187,11,172,10,123,7,244,15,300,18,191,11,182,11,266,16,99,94,66,114,157,88,81,81,88,78,57,130,143,103,101,185
2019,6,100186134,1203,528,44,675,56,131,11,118,10,82,7,162,13,192,16,129,11,124,10,265,22,69,52,42,82,95,58,47,83,62,66,40,80,97,71,77,182
2019,6,100186167,391,177,45,214,55,26,7,32,8,49,13,66,17,56,14,61,16,40,10,61,16,11,14,29,33,22,28,18,22,15,18,20,33,34,33,22,39
2019,6,100186206,242,114,47,128,53,20,8,27,11,32,13,22,9,30,12,37,15,24,10,50,21,10,13,20,10,15,17,13,16,10,14,12,12,15,20,11,34
2019,6,100186230,338,160,47,178,53,24,7,35,10,42,12,42,12,49,14,47,14,34,10,65,19,12,17,19,22,27,20,21,22,12,18,23,20,22,27,13,43
2019,6,100186247,50,24,48,26,52,4,8,1,2,3,6,5,10,8,16,9,18,10,20,10,20,1,1,2,4,5,4,4,3,3,0,1,1,3,5,6,7
2019,6,100186255,314,151,48,163,52,21,7,26,8,39,12,63,20,33,11,32,10,63,20,37,12,10,13,23,32,17,13,29,14,11,13,16,31,16,19,34,23
2019,6,100186263,19,9,47,10,53,1,5,1,5,2,11,1,5,5,26,3,16,5,26,1,5,0,0,0,1,3,2,3,0,1,1,2,0,2,1,2,1
2019,6,100186271,479,218,46,261,54,26,5,44,9,62,13,55,11,35,7,69,14,83,17,105,22,9,21,35,32,19,31,33,38,17,23,27,23,16,38,50,67
2019,6,100186351,43,18,42,25,58,4,9,5,12,1,2,9,21,4,9,6,14,9,21,5,12,1,2,1,4,1,2,4,3,3,3,0,5,3,4,5,2
2019,6,100186368,5,,,,,,,,,,,,,,,,,,,,,,,,,,,,,,,,,,,,
2019,6,100186376,223,105,47,118,53,26,12,22,10,25,11,30,13,22,10,23,10,29,13,46,21,12,9,14,18,10,10,15,17,14,13,11,12,12,13,14,29
2019,6,100186384,28,11,39,17,61,3,11,6,21,4,14,3,11,2,7,5,18,1,4,4,14,0,3,2,2,0,2,1,1,3,3,2,1,2,3,0,3
2019,6,100186415,132,67,51,65,49,9,7,14,11,17,13,19,14,16,12,20,15,16,12,21,16,5,6,9,13,8,9,9,8,4,8,8,6,8,11,7,13
2019,6,100186448,264,138,52,126,48,21,8,31,12,29,11,40,15,32,12,40,15,29,11,42,16,12,20,17,22,17,18,15,17,9,11,12,18,15,22,14,25
2019,6,100186456,42,17,40,25,60,3,7,5,12,5,12,5,12,5,12,5,12,7,17,7,17,2,0,4,2,2,3,2,2,1,5,1,3,3,2,5,5
2019,6,100186480,357,175,49,182,51,48,13,33,9,41,11,55,15,38,11,50,14,46,13,46,13,20,16,23,31,19,27,22,17,28,17,18,24,19,23,24,29
2019,6,100186511,500,240,48,260,52,34,7,52,10,71,14,58,12,56,11,63,13,66,13,100,20,20,30,34,31,29,26,35,35,14,22,37,27,27,37,31,65
2019,6,100186528,331,151,46,180,54,27,8,39,12,33,10,35,11,49,15,39,12,37,11,72,22,9,22,21,12,22,18,14,33,18,17,12,23,27,21,23,39
2019,6,100186560,465,212,46,253,54,16,3,38,8,74,16,46,10,52,11,70,15,84,18,85,18,10,23,34,24,26,33,38,24,6,15,40,22,26,37,46,61
2019,6,100186585,350,164,47,186,53,26,7,22,6,52,15,41,12,35,10,60,17,49,14,65,19,16,13,21,27,15,32,17,23,10,9,31,14,20,28,32,42
2019,6,100186632,119,59,50,60,50,12,10,9,8,7,6,19,16,15,13,16,13,17,14,24,20,4,4,2,10,12,8,9,10,8,5,5,9,3,8,8,14
2019,6,100186640,65,29,45,36,55,4,6,9,14,6,9,6,9,9,14,10,15,14,22,7,11,3,3,3,5,3,5,5,2,1,6,3,1,6,5,9,5
2019,6,100186657,288,139,48,149,52,24,8,27,9,29,10,37,13,31,11,46,16,35,12,59,20,15,16,16,22,12,25,14,19,9,11,13,15,19,21,21,40
2019,6,100186681,112,61,54,51,46,9,8,18,16,12,11,14,13,17,15,13,12,18,16,11,10,4,8,10,8,11,6,11,3,5,10,2,6,6,7,7,8
2019,6,100186704,370,175,47,195,53,28,8,26,7,43,12,57,15,35,9,58,16,67,18,56,15,14,12,22,36,15,28,28,20,14,14,21,21,20,30,39,36
2019,6,100186778,339,164,48,175,52,22,6,20,6,35,10,48,14,26,8,45,13,49,14,94,28,10,10,23,26,12,24,25,34,12,10,12,22,14,21,24,60
2019,6,100186825,235,108,46,127,54,9,4,14,6,26,11,31,13,24,10,37,16,42,18,52,22,4,7,15,22,13,14,15,18,5,7,11,9,11,23,27,34
2019,6,100186841,997,468,47,529,53,80,8,72,7,107,11,155,16,90,9,146,15,167,17,180,18,40,32,58,90,38,69,77,64,40,40,49,65,52,77,90,116
2019,6,100186913,213,88,41,125,59,15,7,24,11,33,15,19,9,26,12,23,11,31,15,42,20,4,10,9,12,10,14,17,12,11,14,24,7,16,9,14,30
2019,6,100186946,172,86,50,86,50,3,2,9,5,17,10,23,13,10,6,28,16,34,20,48,28,3,6,10,16,1,15,18,17,0,3,7,7,9,13,16,31
2019,6,100186987,166,80,48,86,52,16,10,11,7,26,16,29,17,13,8,26,16,23,14,22,13,11,5,13,17,6,11,11,6,5,6,13,12,7,15,12,16
2019,6,100187031,77,36,47,41,53,3,4,8,10,11,14,8,10,8,10,12,16,13,17,14,18,2,6,4,4,4,4,7,5,1,2,7,4,4,8,6,9
2019,6,100187080,201,87,43,114,57,7,3,20,10,21,10,22,11,20,10,41,20,25,12,45,22,2,10,10,13,9,21,9,13,5,10,11,9,11,20,16,32
2019,6,100187097,246,126,51,120,49,22,9,16,7,26,11,39,16,35,14,38,15,34,14,36,15,16,11,14,19,18,20,15,13,6,5,12,20,17,18,19,23
2019,6,100187136,51,22,43,29,57,7,14,5,10,12,24,5,10,6,12,4,8,6,12,6,12,3,2,5,3,3,2,3,1,4,3,7,2,3,2,3,5
2019,6,100187160,26,14,54,12,46,2,8,2,8,1,4,4,15,3,12,3,12,6,23,5,19,1,1,1,2,3,1,4,1,1,1,0,2,0,2,2,4
2019,6,100187177,24,12,50,12,50,0,0,1,4,4,17,3,13,5,21,3,13,6,25,2,8,0,0,3,1,2,2,3,1,0,1,1,2,3,1,3,1
2019,6,100187193,18,11,61,7,39,0,0,0,0,2,11,3,17,2,11,5,28,1,6,5,28,0,0,2,3,1,2,1,2,0,0,0,0,1,3,0,3
2019,6,100187216,159,73,46,86,54,7,4,15,9,20,13,13,8,20,13,20,13,16,10,48,30,3,7,14,6,14,12,4,13,4,8,6,7,6,8,12,35
2019,6,100187224,44,22,50,22,50,5,11,5,11,5,11,2,5,5,11,8,18,6,14,8,18,3,3,2,2,1,5,2,4,2,2,3,0,4,3,4,4
2019,6,100187281,50,23,46,27,54,6,12,2,4,6,12,7,14,3,6,5,10,9,18,12,24,1,2,1,4,2,3,6,4,5,0,5,3,1,2,3,8
2019,6,100187304,25,11,44,14,56,1,4,3,12,2,8,1,4,7,28,2,8,5,20,4,16,0,2,0,1,5,0,2,1,1,1,2,0,2,2,3,3
2019,6,100187337,37,19,51,18,49,2,5,3,8,3,8,7,19,5,14,6,16,7,19,4,11,2,1,2,6,1,2,4,1,0,2,1,1,4,4,3,3
2019,6,100187353,17,10,59,7,41,0,0,2,12,3,18,2,12,4,24,1,6,3,18,2,12,0,0,2,2,2,1,1,2,0,2,1,0,2,0,2,0
2019,6,100187386,47,25,53,22,47,6,13,6,13,6,13,5,11,4,9,5,11,4,9,11,23,4,4,5,3,1,4,0,4,2,2,1,2,3,1,4,7
2019,6,100187400,212,95,45,117,55,6,3,6,3,29,14,85,40,38,18,18,8,15,7,15,7,2,4,16,43,18,7,1,4,4,2,13,42,20,11,14,11
2019,6,100187474,343,158,46,185,54,28,8,28,8,57,17,39,11,47,14,46,13,37,11,61,18,14,12,30,19,27,24,14,18,14,16,27,20,20,22,23,43
2019,6,100187505,67,37,55,30,45,5,7,8,12,4,6,13,19,6,9,9,13,14,21,8,12,2,3,3,9,5,5,5,5,3,5,1,4,1,4,9,3
2019,6,100187538,36,11,31,25,69,1,3,5,14,1,3,3,8,3,8,8,22,4,11,11,31,1,0,0,1,2,3,1,3,0,5,1,2,1,5,3,8
2019,6,100187683,32,14,44,18,56,3,9,0,0,2,6,9,28,4,13,1,3,5,16,8,25,2,0,0,5,2,0,1,4,1,0,2,4,2,1,4,4
2019,6,100187771,74,38,51,36,49,12,16,8,11,6,8,16,22,7,9,8,11,5,7,12,16,8,7,2,6,5,3,2,5,4,1,4,10,2,5,3,7
2019,6,100187827,1544,720,47,824,53,104,7,123,8,154,10,184,12,159,10,222,14,231,15,367,24,52,73,81,86,86,104,118,120,52,50,73,98,73,118,113,247
2019,6,100187843,276,134,49,142,51,23,8,16,6,37,13,35,13,29,11,35,13,50,18,51,18,15,9,18,15,15,19,22,21,8,7,19,20,14,16,28,30
2019,6,100187851,47,25,53,22,47,4,9,5,11,8,17,3,6,9,19,8,17,3,6,7,15,2,3,6,2,5,5,1,1,2,2,2,1,4,3,2,6
2019,6,100187868,27,16,59,11,41,2,7,0,0,5,19,6,22,3,11,4,15,1,4,6,22,2,0,3,3,2,3,0,3,0,0,2,3,1,1,1,3
2019,6,100187876,134,69,51,65,49,6,4,10,7,12,9,17,13,12,9,27,20,18,13,32,24,3,5,10,10,8,9,10,14,3,5,2,7,4,18,8,18
2019,6,100187892,31,16,52,15,48,4,13,3,10,1,3,7,23,2,6,1,3,9,29,4,13,3,2,1,2,2,1,4,1,1,1,0,5,0,0,5,3
2019,6,100187907,18,8,44,10,56,1,6,2,11,1,6,2,11,5,28,2,11,2,11,3,17,0,1,0,1,3,1,1,1,1,1,1,1,2,1,1,2
2019,6,100187915,15,9,60,6,40,1,7,0,0,2,13,2,13,2,13,2,13,4,27,2,13,1,0,1,2,1,1,3,0,0,0,1,0,1,1,1,2
2019,6,100187923,20,10,50,10,50,1,5,3,15,2,10,2,10,2,10,5,25,0,0,5,25,1,3,0,1,2,2,0,1,0,0,2,1,0,3,0,4
2019,6,100187948,14,8,57,6,43,0,0,2,14,1,7,2,14,2,14,1,7,2,14,4,29,0,2,0,1,1,1,1,2,0,0,1,1,1,0,1,2
2019,6,100187956,647,287,44,360,56,55,9,63,10,65,10,93,14,65,10,85,13,100,15,121,19,27,32,28,45,32,37,45,41,28,31,37,48,33,48,55,80
2019,6,100187964,48,28,58,20,42,2,4,2,4,5,10,5,10,8,17,11,23,4,8,11,23,2,2,4,3,5,6,3,3,0,0,1,2,3,5,1,8
2019,6,100187972,5,,,,,,,,,,,,,,,,,,,,,,,,,,,,,,,,,,,,
2019,6,100187997,23,12,52,11,48,1,4,0,0,3,13,2,9,4,17,5,22,3,13,5,22,1,0,1,1,2,4,2,1,0,0,2,1,2,1,1,4
2019,6,100188025,13,5,38,8,62,0,0,0,0,2,15,0,0,1,8,5,38,2,15,3,23,0,0,1,0,0,3,0,1,0,0,1,0,1,2,2,2
2019,6,100188041,215,109,51,106,49,21,10,30,14,29,13,26,12,23,11,26,12,28,13,32,15,11,21,13,15,11,12,14,12,10,9,16,11,12,14,14,20
2019,6,100188058,23,10,43,13,57,3,13,3,13,3,13,2,9,4,17,6,26,0,0,2,9,1,1,1,1,1,4,0,1,2,2,2,1,3,2,0,1
2019,6,100188066,610,283,46,327,54,27,4,34,6,60,10,98,16,52,9,113,19,88,14,138,23,10,10,35,62,33,57,40,36,17,24,25,36,19,56,48,102
2019,6,100188074,5,,,,,,,,,,,,,,,,,,,,,,,,,,,,,,,,,,,,
2019,6,100188082,12,4,33,8,67,2,17,0,0,0,0,1,8,2,17,1,8,3,25,3,25,0,0,0,0,1,1,1,1,2,0,0,1,1,0,2,2
2019,6,100188090,5,,,,,,,,,,,,,,,,,,,,,,,,,,,,,,,,,,,,
2019,6,100188105,13,9,69,4,31,0,0,0,0,1,8,1,8,0,0,4,31,3,23,4,31,0,0,1,1,0,2,3,2,0,0,0,0,0,2,0,2
2019,6,100188113,38,15,39,23,61,1,3,1,3,6,16,6,16,2,5,5,13,6,16,11,29,1,0,3,4,1,0,3,3,0,1,3,2,1,5,3,8
2019,6,100188121,5,,,,,,,,,,,,,,,,,,,,,,,,,,,,,,,,,,,,
2019,6,100188138,75,29,39,46,61,1,1,3,4,4,5,4,5,5,7,16,21,20,27,22,29,0,2,2,1,2,9,8,5,1,1,2,3,3,7,12,17
2019,6,100188146,204,111,54,93,46,11,5,13,6,24,12,38,19,21,10,37,18,30,15,30,15,6,9,13,29,12,19,12,11,5,4,11,9,9,18,18,19
2019,6,100188154,31,15,48,16,52,2,6,3,10,4,13,1,3,2,6,6,19,5,16,8,26,2,1,3,0,0,3,3,3,0,2,1,1,2,3,2,5
2019,6,100188162,36,22,61,14,39,0,0,1,3,3,8,5,14,6,17,4,11,10,28,7,19,0,1,2,3,3,3,5,5,0,0,1,2,3,1,5,2
2019,6,100188195,24,14,58,10,42,3,13,1,4,1,4,2,8,6,25,2,8,4,17,5,21,3,0,0,0,4,2,2,3,0,1,1,2,2,0,2,2
2019,6,100188201,217,101,47,116,53,19,9,23,11,22,10,30,14,19,9,38,18,25,12,41,19,13,13,12,13,9,19,12,10,6,10,10,17,10,19,13,31
2019,6,100188218,185,106,57,79,43,3,2,3,2,6,3,12,6,14,8,24,13,45,24,78,42,2,1,3,7,10,15,35,33,1,2,3,5,4,9,10,45
2019,6,100188234,63,33,52,30,48,2,3,4,6,4,6,12,19,7,11,9,14,10,16,15,24,1,2,2,9,5,4,4,6,1,2,2,3,2,5,6,9
2019,6,100188242,53,28,53,25,47,4,8,7,13,4,8,4,8,9,17,12,23,6,11,7,13,1,5,2,3,6,7,2,2,3,2,2,1,3,5,4,5
2019,6,100188250,547,253,46,294,54,43,8,45,8,75,14,76,14,67,12,81,15,80,15,80,15,21,21,38,40,35,39,36,23,22,24,37,36,32,42,44,57
2019,6,100188275,127,58,46,69,54,9,7,8,6,20,16,21,17,15,12,20,16,12,9,22,17,4,2,9,8,8,9,6,12,5,6,11,13,7,11,6,10
2019,6,100188371,25,15,60,10,40,1,4,5,20,1,4,2,8,6,24,2,8,3,12,5,20,1,3,0,1,4,1,3,2,0,2,1,1,2,1,0,3
2019,6,100188410,697,319,46,378,54,37,5,48,7,56,8,71,10,57,8,80,11,105,15,243,35,15,27,28,36,34,35,52,92,22,21,28,35,23,45,53,151
2019,6,100188476,53,24,45,29,55,3,6,3,6,8,15,2,4,10,19,5,9,13,25,9,17,1,1,4,0,5,4,5,4,2,2,4,2,5,1,8,5
2019,6,100188492,27,11,41,16,59,4,15,1,4,2,7,2,7,4,15,7,26,3,11,4,15,0,0,1,1,2,4,2,1,4,1,1,1,2,3,1,3
2019,6,100188507,13,7,54,6,46,0,0,1,8,1,8,2,15,2,15,2,15,1,8,4,31,0,1,0,1,1,2,0,2,0,0,1,1,1,0,1,2
2019,6,100188515,64,30,47,34,53,4,6,5,8,11,17,7,11,5,8,9,14,9,14,14,22,3,2,4,5,2,4,5,5,1,3,7,2,3,5,4,9
2019,6,100188523,462,216,47,246,53,41,9,47,10,49,11,74,16,58,13,53,11,77,17,63,14,21,22,30,35,30,24,36,18,20,25,19,39,28,29,41,45
2019,6,100188531,70,34,49,36,51,9,13,4,6,8,11,6,9,8,11,10,14,11,16,14,20,6,4,1,5,4,5,6,3,3,0,7,1,4,5,5,11
2019,6,100188564,16,6,38,10,63,0,0,1,6,2,13,5,31,1,6,3,19,3,19,1,6,0,0,2,1,0,1,2,0,0,1,0,4,1,2,1,1
2019,6,100188572,27,14,52,13,48,2,7,4,15,2,7,4,15,3,11,2,7,4,15,6,22,1,3,1,2,1,1,2,3,1,1,1,2,2,1,2,3
2019,6,100188580,45,19,42,26,58,6,13,5,11,4,9,3,7,7,16,5,11,9,20,6,13,4,4,1,0,2,3,4,1,2,1,3,3,5,2,5,5
2019,6,100188597,373,183,49,190,51,25,7,30,8,37,10,43,12,54,14,37,10,62,17,85,23,10,19,19,26,27,20,32,30,15,11,18,17,27,17,30,55
2019,6,100188611,45,21,47,24,53,4,9,6,13,2,4,10,22,6,13,2,4,5,11,10,22,0,3,0,4,5,1,2,6,4,3,2,6,1,1,3,4
2019,6,100188628,62,27,44,35,56,2,3,4,6,7,11,5,8,7,11,17,27,6,10,14,23,1,0,3,4,5,8,2,4,1,4,4,1,2,9,4,10
2019,6,100188644,15,8,53,7,47,1,7,3,20,3,20,2,13,0,0,4,27,2,13,0,0,1,1,2,1,0,2,1,0,0,2,1,1,0,2,1,0
2019,6,100188740,179,83,46,96,54,12,7,12,7,19,11,24,13,24,13,20,11,33,18,35,20,8,7,7,14,15,7,13,12,4,5,12,10,9,13,20,23
2019,6,100188781,1290,608,47,682,53,73,6,93,7,134,10,154,12,158,12,177,14,196,15,305,24,35,48,72,87,88,89,95,94,38,45,62,67,70,88,101,211
2019,6,100188798,85,40,47,45,53,3,4,5,6,4,5,11,13,6,7,18,21,12,14,26,31,0,2,2,8,3,11,6,8,3,3,2,3,3,7,6,18
2019,6,100188804,316,142,45,174,55,12,4,19,6,34,11,41,13,38,12,41,13,62,20,69,22,3,9,19,20,21,18,29,23,9,10,15,21,17,23,33,46
2019,6,100188812,21,15,71,6,29,2,10,0,0,0,0,1,5,4,19,3,14,5,24,6,29,2,0,0,1,1,2,5,4,0,0,0,0,3,1,0,2
2019,6,100188820,118,56,47,62,53,8,7,8,7,10,8,19,16,11,9,16,14,21,18,25,21,5,4,4,11,4,10,10,8,3,4,6,8,7,6,11,17
2019,6,100188837,491,227,46,264,54,33,7,40,8,58,12,75,15,49,10,88,18,66,13,82,17,18,17,29,39,25,39,34,26,15,23,29,36,24,49,32,56
2019,6,100188845,2062,933,45,1129,55,106,5,143,7,194,9,264,13,214,10,292,14,356,17,493,24,60,63,98,140,109,136,170,157,46,80,96,124,105,156,186,336
2019,6,100188853,128,64,50,64,50,5,4,10,8,7,5,29,23,15,12,22,17,14,11,26,20,2,8,4,15,11,13,5,6,3,2,3,14,4,9,9,20
2019,6,100188861,66,26,39,40,61,1,2,0,0,5,8,8,12,3,5,17,26,11,17,21,32,1,0,2,6,2,6,3,6,0,0,3,2,1,11,8,15
2019,6,100188886,24,11,46,13,54,0,0,2,8,4,17,2,8,4,17,1,4,3,13,8,33,0,2,2,1,2,1,2,1,0,0,2,1,2,0,1,7
2019,6,100188894,22,10,45,12,55,0,0,1,5,2,9,2,9,3,14,5,23,4,18,5,23,0,1,0,2,1,3,1,2,0,0,2,0,2,2,3,3
2019,6,100188933,33,14,42,19,58,2,6,5,15,8,24,4,12,3,9,2,6,4,12,5,15,2,3,4,1,1,0,2,1,0,2,4,3,2,2,2,4
2019,6,100188958,111,55,50,56,50,11,10,5,5,8,7,19,17,10,9,18,16,21,19,19,17,8,2,4,10,3,9,15,4,3,3,4,9,7,9,6,15
2019,6,100188966,108,54,50,54,50,8,7,7,6,22,20,10,9,13,12,18,17,11,10,19,18,3,4,16,4,5,9,7,6,5,3,6,6,8,9,4,13
2019,6,100188974,67,30,45,37,55,7,10,4,6,11,16,7,10,8,12,6,9,18,27,6,9,1,3,6,3,2,4,10,1,6,1,5,4,6,2,8,5
2019,6,100188990,439,215,49,224,51,35,8,42,10,56,13,74,17,54,12,51,12,57,13,70,16,17,24,29,40,29,29,25,22,18,18,27,34,25,22,32,48
2019,6,100189027,30,13,43,17,57,2,7,1,3,4,13,4,13,3,10,6,20,4,13,6,20,0,0,1,1,1,4,3,3,2,1,3,3,2,2,1,3
2019,6,100189043,39,22,56,17,44,3,8,5,13,5,13,2,5,10,26,1,3,2,5,11,28,2,1,5,1,5,1,1,6,1,4,0,1,5,0,1,5
2019,6,100189051,87,38,44,49,56,10,11,4,5,9,10,12,14,14,16,8,9,15,17,15,17,5,1,7,4,8,4,5,4,5,3,2,8,6,4,10,11
2019,6,100189068,89,47,53,42,47,0,0,7,8,12,13,7,8,11,12,18,20,11,12,23,26,0,5,6,5,7,8,7,9,0,2,6,2,4,10,4,14
2019,6,100189084,531,233,44,298,56,41,8,40,8,64,12,74,14,59,11,67,13,92,17,94,18,19,18,28,39,26,30,40,33,22,22,36,35,33,37,52,61
2019,6,100189092,28,13,46,15,54,0,0,3,11,6,21,3,11,4,14,5,18,1,4,6,21,0,0,4,2,2,2,1,2,0,3,2,1,2,3,0,4
2019,6,100189164,355,169,48,186,52,21,6,25,7,47,13,40,11,39,11,53,15,55,15,75,21,10,9,29,23,18,29,28,23,11,16,18,17,21,24,27,52
2019,6,100189172,65,26,40,39,60,3,5,4,6,11,17,11,17,6,9,8,12,10,15,12,18,0,1,7,4,4,4,4,2,3,3,4,7,2,4,6,10
2019,6,100189180,136,56,41,80,59,5,4,17,13,19,14,19,14,12,9,19,14,20,15,25,18,2,8,9,6,9,7,10,5,3,9,10,13,3,12,10,20
2019,6,100189228,33,16,48,17,52,0,0,4,12,4,12,4,12,6,18,5,15,4,12,6,18,0,1,3,3,1,2,3,3,0,3,1,1,5,3,1,3
2019,6,100189252,259,125,48,134,52,21,8,18,7,23,9,43,17,44,17,31,12,31,12,48,19,9,9,12,27,22,19,16,11,12,9,11,16,22,12,15,37
2019,6,100189308,182,79,43,103,57,24,13,16,9,17,9,35,19,17,9,21,12,17,9,35,19,13,10,6,16,11,8,7,8,11,6,11,19,6,13,10,27
2019,6,100189324,229,108,47,121,53,16,7,17,7,40,17,31,14,34,15,34,15,20,9,37,16,8,12,19,18,20,13,10,8,8,5,21,13,14,21,10,29
2019,6,100189332,331,153,46,178,54,28,8,19,6,30,9,41,12,35,11,36,11,68,21,74,22,13,10,17,23,19,17,32,22,15,9,13,18,16,19,36,52
2019,6,100189357,17,6,35,11,65,0,0,1,6,1,6,1,6,2,12,3,18,2,12,7,41,0,0,0,0,0,2,2,2,0,1,1,1,2,1,0,5
2019,6,100189365,153,71,46,82,54,1,1,10,7,4,3,19,12,15,10,29,19,32,21,43,28,0,7,2,5,9,16,16,16,1,3,2,14,6,13,16,27
2019,6,100189373,171,82,48,89,52,8,5,18,11,16,9,21,12,19,11,24,14,19,11,46,27,4,8,8,10,11,13,9,19,4,10,8,11,8,11,10,27
2019,6,100189381,1310,621,47,689,53,83,6,86,7,144,11,159,12,155,12,186,14,191,15,306,23,47,54,68,89,82,82,87,112,36,32,76,70,73,104,104,194
2019,6,100189404,206,122,59,84,41,4,2,16,8,22,11,38,18,25,12,29,14,37,18,35,17,1,12,15,25,12,19,20,18,3,4,7,13,13,10,17,17
2019,6,100189412,213,98,46,115,54,17,8,18,8,18,8,29,14,21,10,25,12,38,18,47,22,4,7,12,16,10,13,20,16,13,11,6,13,11,12,18,31
2019,6,100189420,171,88,51,83,49,12,7,13,8,7,4,26,15,23,13,23,13,32,19,35,20,9,7,2,14,12,12,16,16,3,6,5,12,11,11,16,19
2019,6,100189437,494,233,47,261,53,28,6,49,10,71,14,57,12,50,10,58,12,70,14,111,22,10,24,40,32,26,26,36,39,18,25,31,25,24,32,34,72
2019,6,100189461,156,81,52,75,48,12,8,13,8,24,15,16,10,26,17,16,10,29,19,20,13,7,4,12,11,17,10,17,3,5,9,12,5,9,6,12,17
2019,6,100189486,81,42,52,39,48,4,5,10,12,8,10,7,9,18,22,9,11,5,6,20,25,4,7,4,4,9,5,3,6,0,3,4,3,9,4,2,14
2019,6,100189500,763,354,46,409,54,58,8,59,8,70,9,127,17,80,10,80,10,121,16,168,22,30,29,34,67,48,34,50,62,28,30,36,60,32,46,71,106
2019,6,100189517,49,20,41,29,59,1,2,0,0,6,12,6,12,7,14,3,6,8,16,18,37,1,0,2,3,3,1,3,7,0,0,4,3,4,2,5,11
2019,6,100189541,207,111,54,96,46,12,6,15,7,29,14,35,17,25,12,24,12,27,13,40,19,8,8,18,25,15,11,12,14,4,7,11,10,10,13,15,26
2019,6,100189646,137,68,50,69,50,9,7,20,15,13,9,12,9,21,15,16,12,22,16,24,18,4,10,7,8,13,7,11,8,5,10,6,4,8,9,11,16
2019,6,100189750,127,65,51,62,49,9,7,10,8,12,9,19,15,14,11,13,10,17,13,33,26,5,4,6,13,8,7,9,13,4,6,6,6,6,6,8,20
2019,6,100189830,23,15,65,8,35,1,4,2,9,1,4,3,13,2,9,3,13,6,26,5,22,1,1,1,2,1,2,3,4,0,1,0,1,1,1,3,1
2019,6,100189847,492,215,44,277,56,23,5,37,8,47,10,50,10,62,13,87,18,79,16,107,22,8,14,23,23,35,42,37,33,15,23,24,27,27,45,42,74
2019,6,100189855,1213,560,46,653,54,91,8,95,8,79,7,171,14,147,12,173,14,166,14,291,24,36,49,48,99,74,93,72,89,55,46,31,72,73,80,94,202
2019,6,100189863,426,207,49,219,51,19,4,40,9,32,8,47,11,54,13,58,14,51,12,125,29,6,22,16,36,26,33,23,45,13,18,16,11,28,25,28,80
2019,6,100189871,5,,,,,,,,,,,,,,,,,,,,,,,,,,,,,,,,,,,,
2019,6,100189902,222,113,51,109,49,14,6,13,6,29,13,26,12,20,9,30,14,36,16,54,24,9,7,18,16,11,17,15,20,5,6,11,10,9,13,21,34
2019,6,100189935,193,92,48,101,52,6,3,14,7,19,10,24,12,22,11,33,17,34,18,41,21,3,7,10,11,10,17,18,16,3,7,9,13,12,16,16,25
2019,6,100189968,92,47,51,45,49,10,11,11,12,9,10,17,18,7,8,12,13,12,13,14,15,4,9,7,10,4,7,4,2,6,2,2,7,3,5,8,12
2019,6,100189976,599,267,45,332,55,38,6,54,9,53,9,83,14,83,14,84,14,81,14,123,21,18,30,26,45,40,34,36,38,20,24,27,38,43,50,45,85
2019,6,100190005,135,60,44,75,56,7,5,15,11,12,9,17,13,18,13,15,11,22,16,29,21,3,7,3,9,10,8,10,10,4,8,9,8,8,7,12,19
2019,6,100190013,299,146,49,153,51,29,10,27,9,38,13,53,18,36,12,45,15,37,12,34,11,19,13,16,32,19,22,15,10,10,14,22,21,17,23,22,24
2019,6,100190038,107,57,53,50,47,5,5,13,12,12,11,17,16,15,14,18,17,15,14,12,11,5,4,7,12,7,9,7,6,0,9,5,5,8,9,8,6
2019,6,100190101,159,76,48,83,52,7,4,12,8,16,10,21,13,24,15,33,21,20,13,26,16,5,8,11,9,13,14,9,7,2,4,5,12,11,19,11,19
2019,6,100190167,735,346,47,389,53,56,8,66,9,92,13,76,10,98,13,81,11,88,12,178,24,23,39,47,46,53,44,35,59,33,27,45,30,45,37,53,119
2019,6,100190183,352,147,42,205,58,3,1,4,1,5,1,11,3,16,5,21,6,50,14,242,69,0,2,1,6,9,15,32,82,3,2,4,5,7,6,18,160
2019,6,100190222,613,289,47,324,53,55,9,50,8,52,8,85,14,70,11,78,13,86,14,137,22,33,28,27,45,32,38,39,47,22,22,25,40,38,40,47,90
2019,6,100190255,341,161,47,180,53,18,5,30,9,25,7,52,15,38,11,41,12,54,16,83,24,8,14,9,32,22,20,22,34,10,16,16,20,16,21,32,49
2019,6,100190310,548,261,48,287,52,52,9,45,8,52,9,76,14,69,13,60,11,85,16,109,20,28,26,22,42,34,31,38,40,24,19,30,34,35,29,47,69
2019,6,100190415,213,99,46,114,54,10,5,15,7,24,11,35,16,28,13,34,16,30,14,37,17,7,7,12,23,14,14,13,9,3,8,12,12,14,20,17,28
2019,6,100190511,242,120,50,122,50,12,5,29,12,31,13,30,12,31,13,33,14,34,14,42,17,7,15,20,16,16,18,15,13,5,14,11,14,15,15,19,29
2019,6,100190528,58,32,55,26,45,2,3,3,5,6,10,9,16,5,9,7,12,12,21,14,24,0,2,2,7,3,4,6,8,2,1,4,2,2,3,6,6
2019,6,100190536,214,108,50,106,50,17,8,12,6,23,11,28,13,26,12,33,15,38,18,37,17,12,7,11,16,12,18,18,14,5,5,12,12,14,15,20,23
2019,6,100190552,144,67,47,77,53,6,4,14,10,20,14,20,14,14,10,18,13,23,16,29,20,0,6,11,11,6,9,12,12,6,8,9,9,8,9,11,17
2019,6,100190624,191,96,50,95,50,26,14,24,13,20,10,44,23,10,5,25,13,22,12,20,10,17,13,9,24,4,15,10,4,9,11,11,20,6,10,12,16
2019,6,100190673,198,100,51,98,49,9,5,14,7,25,13,29,15,18,9,31,16,32,16,40,20,4,7,12,20,11,15,16,15,5,7,13,9,7,16,16,25
2019,6,100190704,235,123,52,112,48,15,6,19,8,28,12,32,14,20,9,47,20,39,17,35,15,8,13,17,23,11,20,20,11,7,6,11,9,9,27,19,24
2019,6,100190800,165,92,56,73,44,13,8,14,8,18,11,27,16,15,9,26,16,19,12,33,20,8,10,9,21,8,12,8,16,5,4,9,6,7,14,11,17
2019,6,100190841,80,37,46,43,54,4,5,3,4,8,10,14,18,1,1,14,18,13,16,23,29,1,2,4,9,0,7,7,7,3,1,4,5,1,7,6,16
2019,6,100190866,23,14,61,9,39,1,4,1,4,3,13,1,4,1,4,6,26,3,13,7,30,1,1,1,1,1,2,3,4,0,0,2,0,0,4,0,3
2019,6,100190890,285,132,46,153,54,25,9,30,11,31,11,40,14,30,11,43,15,39,14,47,16,11,15,11,23,17,20,18,17,14,15,20,17,13,23,21,30
2019,6,100190954,189,88,47,101,53,12,6,7,4,28,15,21,11,12,6,31,16,36,19,42,22,7,6,12,9,7,14,17,16,5,1,16,12,5,17,19,26
2019,6,100190970,33,15,45,18,55,2,6,4,12,5,15,3,9,5,15,6,18,2,6,6,18,0,2,2,2,1,3,2,3,2,2,3,1,4,3,0,3
2019,6,100191007,363,186,51,177,49,21,6,30,8,45,12,54,15,39,11,66,18,50,14,58,16,11,15,30,38,16,28,27,21,10,15,15,16,23,38,23,37
2019,6,100191056,26,13,50,13,50,1,4,1,4,2,8,2,8,4,15,5,19,8,31,3,12,0,0,1,1,2,2,6,1,1,1,1,1,2,3,2,2
2019,6,100191080,121,61,50,60,50,2,2,5,4,11,9,17,14,11,9,22,18,26,21,27,22,1,4,6,12,6,8,12,12,1,1,5,5,5,14,14,15
2019,6,100191111,13,6,46,7,54,0,0,0,0,1,8,2,15,0,0,5,38,1,8,4,31,0,0,1,2,0,1,1,1,0,0,0,0,0,4,0,3
2019,6,100191136,5,,,,,,,,,,,,,,,,,,,,,,,,,,,,,,,,,,,,
2019,6,100191144,302,137,45,165,55,11,4,23,8,39,13,32,11,32,11,47,16,40,13,78,26,7,11,23,19,15,23,18,21,4,12,16,13,17,24,22,57
2019,6,100191152,5,,,,,,,,,,,,,,,,,,,,,,,,,,,,,,,,,,,,
2019,6,100191193,365,158,43,207,57,17,5,27,7,34,9,61,17,36,10,44,12,70,19,76,21,9,7,19,33,15,16,32,27,8,20,15,28,21,28,38,49
2019,6,100191208,59,28,47,31,53,5,8,8,14,6,10,7,12,13,22,7,12,3,5,10,17,3,4,3,2,7,4,1,4,2,4,3,5,6,3,2,6
2019,6,100191265,156,72,46,84,54,20,13,10,6,14,9,28,18,19,12,22,14,29,19,14,9,15,7,6,12,5,10,14,3,5,3,8,16,14,12,15,11
2019,6,100191320,516,234,45,282,55,34,7,60,12,45,9,97,19,46,9,83,16,83,16,68,13,13,35,24,53,26,30,36,17,21,25,21,44,20,53,47,51
2019,6,100191337,36,19,53,17,47,1,3,1,3,3,8,4,11,7,19,2,6,9,25,9,25,0,0,2,2,4,1,4,6,1,1,1,2,3,1,5,3
2019,6,100191400,104,52,50,52,50,2,2,9,9,21,20,9,9,10,10,19,18,14,13,20,19,0,4,9,8,5,12,7,7,2,5,12,1,5,7,7,13
2019,6,100191466,82,42,51,40,49,1,1,11,13,6,7,9,11,8,10,16,20,15,18,16,20,0,9,3,5,3,8,8,6,1,2,3,4,5,8,7,10
2019,6,100191505,107,53,50,54,50,12,11,16,15,7,7,16,15,20,19,10,9,13,12,13,12,7,11,4,8,10,6,6,1,5,5,3,8,10,4,7,12
2019,6,100191595,24,13,54,11,46,4,17,7,29,1,4,6,25,0,0,2,8,1,4,3,13,3,5,1,2,0,1,0,1,1,2,0,4,0,1,1,2
2019,6,100191601,214,101,47,113,53,19,9,12,6,12,6,32,15,21,10,27,13,42,20,49,23,9,6,7,21,14,12,16,16,10,6,5,11,7,15,26,33
2019,6,100191626,17,10,59,7,41,2,12,1,6,1,6,5,29,1,6,1,6,2,12,4,24,1,1,1,2,1,1,2,1,1,0,0,3,0,0,0,3
2019,6,100191691,306,142,46,164,54,16,5,25,8,37,12,31,10,43,14,42,14,47,15,65,21,12,13,14,17,24,20,21,21,4,12,23,14,19,22,26,44
2019,6,100191747,207,90,43,117,57,15,7,14,7,22,11,25,12,25,12,22,11,35,17,49,24,7,6,10,13,12,12,14,16,8,8,12,12,13,10,21,33
2019,6,100191771,207,121,58,86,42,21,10,10,5,20,10,35,17,15,7,37,18,37,18,32,15,14,7,13,25,7,23,22,10,7,3,7,10,8,14,15,22
2019,6,100191876,370,171,46,199,54,15,4,31,8,42,11,52,14,49,13,57,15,51,14,73,20,10,15,23,24,27,23,22,27,5,16,19,28,22,34,29,46
2019,6,100192000,248,110,44,138,56,14,6,23,9,26,10,37,15,20,8,41,17,38,15,49,20,8,11,14,16,10,19,18,14,6,12,12,21,10,22,20,35
2019,6,100192090,107,59,55,48,45,6,6,5,5,16,15,12,11,9,8,19,18,18,17,22,21,3,5,12,8,6,9,11,5,3,0,4,4,3,10,7,17
2019,6,100192170,238,122,51,116,49,21,9,18,8,38,16,34,14,24,10,33,14,36,15,34,14,13,9,22,19,15,14,17,13,8,9,16,15,9,19,19,21
2019,6,100192314,405,181,45,224,55,33,8,28,7,34,8,56,14,41,10,59,15,60,15,94,23,16,9,17,32,28,24,26,29,17,19,17,24,13,35,34,65
2019,6,100192388,131,58,44,73,56,12,9,10,8,11,8,21,16,15,11,13,10,21,16,28,21,6,3,6,12,8,7,8,8,6,7,5,9,7,6,13,20
2019,6,100192402,390,189,48,201,52,25,6,23,6,35,9,58,15,30,8,60,15,74,19,85,22,16,17,16,35,18,24,37,26,9,6,19,23,12,36,37,59
2019,6,100192410,87,47,54,40,46,8,9,7,8,14,16,15,17,10,11,11,13,7,8,15,17,6,3,9,9,6,3,4,7,2,4,5,6,4,8,3,8
2019,6,100192443,337,161,48,176,52,28,8,23,7,38,11,56,17,37,11,50,15,42,12,63,19,17,11,18,32,15,23,22,23,11,12,20,24,22,27,20,40
2019,6,100192451,377,181,48,196,52,13,3,10,3,10,3,34,9,95,25,78,21,69,18,68,18,7,7,6,19,42,43,29,28,6,3,4,15,53,35,40,40
2019,6,100192468,31,15,48,16,52,2,6,3,10,4,13,4,13,5,16,2,6,6,19,5,16,1,3,0,2,2,1,4,2,1,0,4,2,3,1,2,3
2019,6,100192476,43,20,47,23,53,2,5,4,9,1,2,3,7,7,16,5,12,6,14,15,35,1,1,1,2,5,2,2,6,1,3,0,1,2,3,4,9
2019,6,100192507,422,223,53,199,47,33,8,44,10,26,6,69,16,56,13,54,13,57,14,83,20,22,26,13,46,32,27,28,29,11,18,13,23,24,27,29,54
2019,6,100192515,45,20,44,25,56,2,4,3,7,2,4,8,18,5,11,8,18,7,16,10,22,0,3,1,4,2,5,2,3,2,0,1,4,3,3,5,7
2019,6,100192523,56,18,32,38,68,1,2,4,7,6,11,6,11,4,7,12,21,13,23,10,18,1,0,2,2,2,3,6,2,0,4,4,4,2,9,7,8
2019,6,100192652,380,176,46,204,54,33,9,28,7,42,11,58,15,41,11,46,12,60,16,72,19,19,16,20,31,17,23,29,21,14,12,22,27,24,23,31,51
2019,6,100192716,944,426,45,518,55,94,10,86,9,92,10,144,15,115,12,136,14,135,14,142,15,44,39,40,70,57,66,66,44,50,47,52,74,58,70,69,98
2019,6,100192732,174,75,43,99,57,10,6,12,7,15,9,29,17,18,10,24,14,23,13,43,25,2,5,9,11,11,10,10,17,8,7,6,18,7,14,13,26
2019,6,100192798,118,53,45,65,55,8,7,16,14,13,11,13,11,12,10,20,17,15,13,21,18,4,10,7,5,4,8,7,8,4,6,6,8,8,12,8,13
2019,6,100192812,13,6,46,7,54,0,0,1,8,1,8,0,0,3,23,1,8,4,31,3,23,0,0,1,0,2,0,3,0,0,1,0,0,1,1,1,3
2019,6,100192820,173,94,54,79,46,0,0,2,1,7,4,19,11,8,5,20,12,40,23,77,45,0,1,5,15,4,12,24,33,0,1,2,4,4,8,16,44
2019,6,100192837,418,195,47,223,53,29,7,33,8,37,9,53,13,36,9,58,14,71,17,101,24,16,19,17,27,18,27,36,35,13,14,20,26,18,31,35,66
2019,6,100192925,139,60,43,79,57,14,10,12,9,13,9,22,16,22,16,16,12,20,14,20,14,8,7,3,13,11,6,6,6,6,5,10,9,11,10,14,14
2019,6,100192933,46,22,48,24,52,2,4,1,2,2,4,9,20,4,9,5,11,9,20,14,30,1,0,1,6,3,1,6,4,1,1,1,3,1,4,3,10
2019,6,100192941,196,92,47,104,53,16,8,22,11,23,12,25,13,24,12,28,14,22,11,36,18,7,14,15,11,11,13,10,11,9,8,8,14,13,15,12,25
2019,6,100192974,470,232,49,238,51,35,7,41,9,32,7,66,14,63,13,59,13,82,17,92,20,25,21,19,35,30,31,39,32,10,20,13,31,33,28,43,60
2019,6,100193027,14,7,50,7,50,1,7,0,0,0,0,2,14,0,0,4,29,2,14,5,36,1,0,0,1,0,2,2,1,0,0,0,1,0,2,0,4
2019,6,100193051,105,47,45,58,55,9,9,3,3,9,9,14,13,16,15,16,15,16,15,22,21,4,1,8,6,9,5,6,8,5,2,1,8,7,11,10,14
2019,6,100193068,235,115,49,120,51,10,4,18,8,21,9,39,17,25,11,33,14,45,19,44,19,5,6,9,22,14,18,22,19,5,12,12,17,11,15,23,25
2019,6,100193148,358,181,51,177,49,15,4,15,4,32,9,47,13,30,8,54,15,90,25,75,21,8,13,16,33,16,28,41,26,7,2,16,14,14,26,49,49
2019,6,100193180,2630,1424,54,1206,46,228,9,218,8,229,9,503,19,391,15,351,13,327,12,383,15,116,117,132,313,258,197,145,146,112,101,97,190,133,154,182,237
2019,6,100193203,172,73,42,99,58,17,10,31,18,18,10,31,18,21,12,23,13,11,6,20,12,5,13,9,17,9,8,4,8,12,18,9,14,12,15,7,12
2019,6,100193277,141,63,45,78,55,14,10,11,8,15,11,25,18,13,9,21,15,16,11,26,18,4,6,6,7,11,10,7,12,10,5,9,18,2,11,9,14
2019,6,100193285,146,67,46,79,54,11,8,9,6,15,10,17,12,19,13,16,11,31,21,28,19,4,3,10,9,10,9,14,8,7,6,5,8,9,7,17,20
2019,6,100193316,164,86,52,78,48,15,9,21,13,21,13,25,15,26,16,13,8,26,16,17,10,8,15,8,17,11,9,9,9,7,6,13,8,15,4,17,8
2019,6,100193324,67,30,45,37,55,2,3,5,7,7,10,11,16,4,6,7,10,19,28,12,18,1,4,4,6,1,2,8,4,1,1,3,5,3,5,11,8
2019,6,100193332,709,333,47,376,53,75,11,48,7,84,12,91,13,80,11,93,13,83,12,155,22,43,25,41,53,40,48,45,38,32,23,43,38,40,45,38,117
2019,6,100193373,41,25,61,16,39,4,10,1,2,3,7,1,2,4,10,8,20,11,27,9,22,3,1,3,1,3,5,7,2,1,0,0,0,1,3,4,7
2019,6,100193404,30,15,50,15,50,7,23,5,17,4,13,5,17,4,13,1,3,3,10,1,3,3,3,3,3,1,0,1,1,4,2,1,2,3,1,2,0
2019,6,100193420,24,10,42,14,58,0,0,3,13,2,8,6,25,1,4,6,25,2,8,4,17,0,2,0,5,0,2,1,0,0,1,2,1,1,4,1,4
2019,6,100193445,5,,,,,,,,,,,,,,,,,,,,,,,,,,,,,,,,,,,,
2019,6,100193453,30,13,43,17,57,3,10,3,10,2,7,5,17,4,13,2,7,4,13,7,23,1,3,1,1,2,1,1,3,2,0,1,4,2,1,3,4
2019,6,100193478,55,29,53,26,47,1,2,12,22,12,22,3,5,8,15,5,9,9,16,5,9,0,7,7,1,2,4,7,1,1,5,5,2,6,1,2,4
2019,6,100193486,20,9,45,11,55,0,0,0,0,4,20,3,15,3,15,4,20,3,15,3,15,0,0,1,1,1,2,3,1,0,0,3,2,2,2,0,2
2019,6,100193494,300,144,48,156,52,29,10,23,8,23,8,57,19,29,10,29,10,53,18,57,19,13,10,12,34,19,12,28,16,16,13,11,23,10,17,25,41
2019,6,100193500,196,83,42,113,58,9,5,12,6,19,10,15,8,14,7,24,12,27,14,76,39,6,3,7,7,7,8,18,27,3,9,12,8,7,16,9,49
2019,6,100193517,522,243,47,279,53,56,11,38,7,52,10,78,15,70,13,54,10,85,16,89,17,27,16,24,47,41,22,40,26,29,22,28,31,29,32,45,63
2019,6,100193525,5,,,,,,,,,,,,,,,,,,,,,,,,,,,,,,,,,,,,
2019,6,100193533,42,22,52,20,48,5,12,5,12,9,21,3,7,8,19,4,10,2,5,6,14,3,4,5,2,3,2,2,1,2,1,4,1,5,2,0,5
2019,6,100193566,84,41,49,43,51,1,1,4,5,20,24,9,11,8,10,6,7,15,18,21,25,0,3,12,8,3,3,6,6,1,1,8,1,5,3,9,15
2019,6,100193574,38,21,55,17,45,1,3,1,3,2,5,3,8,5,13,5,13,8,21,13,34,1,1,2,3,2,4,4,4,0,0,0,0,3,1,4,9
2019,6,100193621,62,31,50,31,50,3,5,8,13,7,11,6,10,9,15,7,11,10,16,12,19,1,4,2,4,5,4,6,5,2,4,5,2,4,3,4,7
2019,6,100193638,353,175,50,178,50,34,10,30,8,26,7,44,12,43,12,39,11,76,22,61,17,16,17,14,22,23,21,39,23,18,13,12,22,20,18,37,38
2019,6,100193646,37,16,43,21,57,3,8,1,3,5,14,1,3,2,5,7,19,4,11,14,38,3,0,1,0,0,5,2,5,0,1,4,1,2,2,2,9
2019,6,100193670,5,,,,,,,,,,,,,,,,,,,,,,,,,,,,,,,,,,,,
2019,6,100193687,17,10,59,7,41,4,24,2,12,0,0,1,6,4,24,1,6,2,12,3,18,2,2,0,1,1,1,2,1,2,0,0,0,3,0,0,2
2019,6,100193695,5,,,,,,,,,,,,,,,,,,,,,,,,,,,,,,,,,,,,
2019,6,100193718,15,8,53,7,47,0,0,0,0,2,13,4,27,1,7,2,13,3,20,3,20,0,0,0,2,1,2,2,1,0,0,2,2,0,0,1,2
2019,6,100193726,58,31,53,27,47,5,9,4,7,4,7,13,22,8,14,6,10,6,10,12,21,3,4,4,7,5,2,3,3,2,0,0,6,3,4,3,9
2019,6,100193767,88,51,58,37,42,6,7,16,18,9,10,6,7,12,14,20,23,14,16,5,6,3,8,8,4,6,12,7,3,3,8,1,2,6,8,7,2
2019,6,100193775,475,220,46,255,54,36,8,38,8,44,9,80,17,47,10,72,15,68,14,90,19,16,21,23,42,21,30,28,39,20,17,21,38,26,42,40,51
2019,6,100193806,68,36,53,32,47,5,7,11,16,5,7,8,12,6,9,7,10,8,12,18,26,2,6,4,4,4,4,4,8,3,5,1,4,2,3,4,10
2019,6,100193822,18,7,39,11,61,1,6,0,0,0,0,0,0,3,17,4,22,4,22,6,33,0,0,0,0,0,1,3,3,1,0,0,0,3,3,1,3
2019,6,100193847,30,15,50,15,50,4,13,3,10,1,3,1,3,6,20,7,23,3,10,5,17,1,2,0,1,4,2,1,4,3,1,1,0,2,5,2,1
2019,6,100193888,5,,,,,,,,,,,,,,,,,,,,,,,,,,,,,,,,,,,,
2019,6,100193896,5,,,,,,,,,,,,,,,,,,,,,,,,,,,,,,,,,,,,
2019,6,100193927,25,11,44,14,56,3,12,0,0,1,4,4,16,3,12,1,4,5,20,8,32,0,0,1,0,2,1,3,4,3,0,0,4,1,0,2,4
2019,6,100193935,185,98,53,87,47,6,3,17,9,16,9,28,15,23,12,40,22,27,15,28,15,3,8,9,17,15,20,18,8,3,9,7,11,8,20,9,20
2019,6,100193976,1510,728,48,782,52,101,7,105,7,170,11,176,12,194,13,200,13,244,16,320,21,55,52,94,96,104,101,106,120,46,53,76,80,90,99,138,200
2019,6,100193992,34,15,44,19,56,2,6,2,6,4,12,2,6,2,6,7,21,3,9,12,35,0,0,2,1,1,4,2,5,2,2,2,1,1,3,1,7
2019,6,100194020,13,5,38,8,62,1,8,1,8,1,8,1,8,0,0,2,15,3,23,4,31,0,1,0,0,0,0,2,2,1,0,1,1,0,2,1,2
2019,6,100194053,224,102,46,122,54,10,4,12,5,17,8,23,10,22,10,44,20,33,15,63,28,5,6,8,14,13,20,14,22,5,6,9,9,9,24,19,41
2019,6,100194117,289,142,49,147,51,13,4,23,8,28,10,48,17,31,11,50,17,41,14,55,19,9,10,12,30,14,25,23,19,4,13,16,18,17,25,18,36
2019,6,100194158,38,25,66,13,34,1,3,1,3,6,16,2,5,4,11,9,24,4,11,11,29,1,1,4,2,3,6,2,6,0,0,2,0,1,3,2,5
2019,6,100194166,305,151,50,154,50,21,7,36,12,26,9,40,13,36,12,45,15,43,14,58,19,10,20,17,24,12,26,23,19,11,16,9,16,24,19,20,39
2019,6,100194174,284,152,54,132,46,17,6,23,8,16,6,41,14,38,13,40,14,41,14,68,24,10,15,6,26,22,25,21,27,7,8,10,15,16,15,20,41
2019,6,100194213,30,17,57,13,43,2,7,1,3,1,3,3,10,4,13,6,20,6,20,7,23,1,0,0,1,3,5,4,3,1,1,1,2,1,1,2,4
2019,6,100194238,38,21,55,17,45,1,3,8,21,2,5,1,3,7,18,3,8,6,16,10,26,1,3,2,1,4,1,2,7,0,5,0,0,3,2,4,3
2019,6,100194262,41,19,46,22,54,0,0,5,12,3,7,4,10,5,12,7,17,8,20,9,22,0,2,0,1,2,3,5,6,0,3,3,3,3,4,3,3
2019,6,100194318,326,152,47,174,53,27,8,28,9,33,10,54,17,38,12,37,11,58,18,51,16,12,13,20,26,22,15,27,17,15,15,13,28,16,22,31,34
2019,6,100194334,200,99,50,101,51,24,12,21,11,15,8,35,18,21,11,17,9,39,20,28,14,11,10,10,17,12,7,22,10,13,11,5,18,9,10,17,18
2019,6,100194430,220,113,51,107,49,17,8,21,10,32,15,26,12,36,16,30,14,23,10,35,16,9,12,21,14,20,17,11,9,8,9,11,12,16,13,12,26
2019,6,100195055,44,26,59,18,41,3,7,5,11,3,7,12,27,3,7,11,25,4,9,3,7,2,2,2,9,2,7,1,1,1,3,1,3,1,4,3,2
2019,6,100195071,214,106,50,108,50,21,10,26,12,22,10,36,17,31,14,33,15,27,13,18,8,14,11,9,18,12,21,13,8,7,15,13,18,19,12,14,10
2019,6,100195096,284,115,40,169,60,18,6,18,6,25,9,34,12,34,12,42,15,43,15,70,25,10,10,11,19,19,16,16,14,8,8,14,15,15,26,27,56
2019,6,100195393,85,34,40,51,60,7,8,8,9,11,13,11,13,16,19,6,7,13,15,13,15,2,2,6,3,9,2,5,5,5,6,5,8,7,4,8,8
2019,6,100195762,136,65,48,71,52,12,9,11,8,18,13,19,14,16,12,16,12,26,19,18,13,7,5,9,13,9,6,11,5,5,6,9,6,7,10,15,13
2019,6,100195795,5,,,,,,,,,,,,,,,,,,,,,,,,,,,,,,,,,,,,
2019,6,100195801,46,26,57,20,43,5,11,3,7,9,20,8,17,3,7,7,15,5,11,6,13,2,1,6,6,2,3,3,3,3,2,3,2,1,4,2,3
2019,6,100195818,162,76,47,86,53,19,12,14,9,15,9,21,13,17,10,25,15,22,14,29,18,9,8,7,9,7,12,11,13,10,6,8,12,10,13,11,16
2019,6,100195826,18,4,22,14,78,3,17,0,0,2,11,4,22,1,6,5,28,3,17,0,0,0,0,1,0,0,2,1,0,3,0,1,4,1,3,2,0
2019,6,100195906,11,7,64,4,36,0,0,1,9,1,9,3,27,0,0,2,18,3,27,1,9,0,1,1,2,0,0,2,1,0,0,0,1,0,2,1,0
2019,6,100195988,39,21,54,18,46,2,5,2,5,3,8,4,10,3,8,5,13,13,33,7,18,2,1,2,1,2,3,7,3,0,1,1,3,1,2,6,4
2019,6,100196483,139,70,50,69,50,8,6,16,12,18,13,11,8,20,14,24,17,14,10,28,20,6,10,12,6,8,13,7,8,2,6,6,5,12,11,7,20
2019,6,100196588,47,23,49,24,51,1,2,6,13,9,19,1,2,10,21,8,17,2,4,10,21,1,3,5,0,4,6,0,4,0,3,4,1,6,2,2,6
2019,6,100196635,247,116,47,131,53,13,5,21,9,20,8,37,15,30,12,32,13,31,13,63,26,7,8,12,21,18,15,14,21,6,13,8,16,12,17,17,42
2019,6,100196643,98,48,49,50,51,3,3,4,4,12,12,8,8,9,9,24,24,6,6,32,33,3,2,6,5,4,14,5,9,0,2,6,3,5,10,1,23
2019,6,100196676,765,371,48,394,52,59,8,66,9,62,8,119,16,83,11,90,12,127,17,159,21,37,29,34,67,46,44,50,64,22,37,28,52,37,46,77,95
2019,6,100196723,132,56,42,76,58,14,11,10,8,10,8,24,18,10,8,13,10,32,24,19,14,4,4,5,14,2,6,15,6,10,6,5,10,8,7,17,13
2019,6,100196780,55,25,45,30,55,6,11,6,11,6,11,8,15,4,7,7,13,10,18,8,15,3,5,2,4,0,5,5,1,3,1,4,4,4,2,5,7
2019,6,100196797,768,388,51,380,49,88,11,85,11,87,11,87,11,120,16,132,17,83,11,86,11,52,44,46,37,67,62,41,39,36,41,41,50,53,70,42,47
2019,6,100196803,970,488,50,482,50,128,13,171,18,87,9,122,13,194,20,133,14,68,7,67,7,60,85,55,57,97,70,36,28,68,86,32,65,97,63,32,39
2019,6,100196916,36,18,50,18,50,1,3,1,3,3,8,7,19,6,17,8,22,5,14,5,14,0,1,2,5,3,4,2,1,1,0,1,2,3,4,3,4
2019,6,100196973,172,84,49,88,51,12,7,11,6,21,12,23,13,22,13,28,16,19,11,36,21,4,5,14,13,11,17,8,12,8,6,7,10,11,11,11,24
2019,6,100196981,236,113,48,123,52,13,6,26,11,30,13,26,11,35,15,31,13,31,13,44,19,5,16,19,13,18,17,12,13,8,10,11,13,17,14,19,31
2019,6,100196998,64,31,48,33,52,7,11,3,5,8,13,7,11,10,16,9,14,9,14,11,17,4,2,0,6,7,5,4,3,3,1,8,1,3,4,5,8
2019,6,100197091,87,44,51,43,49,2,2,3,3,16,18,10,11,13,15,14,16,14,16,15,17,1,2,8,6,8,10,5,4,1,1,8,4,5,4,9,11
2019,6,100197114,139,68,49,71,51,5,4,13,9,8,6,17,12,21,15,18,13,25,18,32,23,2,7,3,9,12,10,13,12,3,6,5,8,9,8,12,20
2019,6,100197122,49,21,43,28,57,4,8,8,16,4,8,3,6,9,18,4,8,4,8,13,27,2,3,0,1,6,2,2,5,2,5,4,2,3,2,2,8
2019,6,100197130,118,59,50,59,50,15,13,21,18,7,6,11,9,23,19,17,14,10,8,14,12,6,9,6,5,14,10,6,3,9,12,1,6,9,7,4,11
2019,6,100197251,67,31,46,36,54,1,1,1,1,8,12,6,9,5,7,8,12,17,25,21,31,0,0,5,3,4,1,7,11,1,1,3,3,1,7,10,10
2019,6,100197276,75,43,57,32,43,0,0,6,8,5,7,18,24,8,11,9,12,10,13,19,25,0,4,2,13,5,4,6,9,0,2,3,5,3,5,4,10
2019,6,100197284,16,5,31,11,69,0,0,0,0,3,19,2,13,0,0,3,19,2,13,6,38,0,0,1,1,0,1,2,0,0,0,2,1,0,2,0,6
2019,6,100197307,53,27,51,26,49,6,11,5,9,8,15,6,11,9,17,4,8,6,11,9,17,5,2,3,5,4,3,3,2,1,3,5,1,5,1,3,7
2019,6,100197403,217,102,47,115,53,16,7,17,8,23,11,30,14,19,9,31,14,43,20,38,18,8,8,13,19,11,8,21,14,8,9,10,11,8,23,22,24
2019,6,100197493,27,14,52,13,48,3,11,3,11,5,19,2,7,2,7,5,19,2,7,5,19,2,2,2,0,1,4,1,2,1,1,3,2,1,1,1,3
2019,6,100197516,30,15,50,15,50,2,7,0,0,4,13,7,23,4,13,3,10,4,13,6,20,2,0,1,5,2,2,1,2,0,0,3,2,2,1,3,4
2019,6,100197557,85,42,49,43,51,3,4,7,8,7,8,9,11,15,18,18,21,7,8,19,22,2,4,4,6,10,6,3,7,1,3,3,3,5,12,4,12
2019,6,100197565,141,70,50,71,50,10,7,21,15,19,13,12,9,28,20,18,13,16,11,17,12,8,8,10,6,12,10,10,6,2,13,9,6,16,8,6,11
2019,6,100197573,1168,573,49,595,51,82,7,101,9,108,9,160,14,204,17,169,14,169,14,175,15,42,50,57,78,110,97,85,54,40,51,51,82,94,72,84,121
2019,6,100197598,11,6,55,5,45,1,9,3,27,0,0,1,9,4,36,0,0,2,18,0,0,0,2,0,0,3,0,1,0,1,1,0,1,1,0,1,0
2019,6,100197934,18,8,44,10,56,0,0,1,6,0,0,2,11,1,6,0,0,9,50,5,28,0,1,0,0,0,0,5,2,0,0,0,2,1,0,4,3
2019,6,100198237,18,9,50,9,50,1,6,3,17,2,11,3,17,6,33,0,0,0,0,3,17,1,0,1,3,3,0,0,1,0,3,1,0,3,0,0,2
2019,6,100198374,20,7,35,13,65,0,0,1,5,5,25,3,15,2,10,5,25,3,15,1,5,0,0,1,1,0,2,2,1,0,1,4,2,2,3,1,0
2019,6,100198405,56,28,50,28,50,4,7,4,7,5,9,7,13,2,4,7,13,19,34,8,14,1,2,2,5,2,3,8,5,3,2,3,2,0,4,11,3
2019,6,100198413,26,11,42,15,58,3,12,1,4,3,12,1,4,5,19,1,4,8,31,4,15,2,1,1,1,1,0,4,1,1,0,2,0,4,1,4,3
2019,6,100198421,39,22,56,17,44,1,3,3,8,7,18,6,15,1,3,11,28,4,10,6,15,0,1,5,4,1,8,1,2,1,2,2,2,0,3,3,4
2019,6,100198702,144,73,51,71,49,13,9,13,9,14,10,31,22,14,10,13,9,31,22,15,10,10,4,4,19,8,9,14,5,3,9,10,12,6,4,17,10
2019,6,100199054,24,14,58,10,42,0,0,0,0,4,17,5,21,1,4,3,13,2,8,9,38,0,0,2,5,1,1,1,4,0,0,2,0,0,2,1,5
2019,6,100199062,55,27,49,28,51,3,5,6,11,5,9,7,13,8,15,7,13,11,20,8,15,2,4,2,2,5,2,7,3,1,2,3,5,3,5,4,5
2019,6,100199070,22,13,59,9,41,3,14,2,9,2,9,4,18,2,9,4,18,1,5,4,18,1,2,2,2,1,3,0,2,2,0,0,2,1,1,1,2
2019,6,100199087,53,28,53,25,47,2,4,2,4,4,8,5,9,10,19,6,11,9,17,15,28,1,1,3,3,9,1,6,4,1,1,1,2,1,5,3,11
2019,6,100199095,90,45,50,45,50,4,4,6,7,4,4,14,16,14,16,13,14,14,16,21,23,0,5,1,7,9,7,8,8,4,1,3,7,5,6,6,13
2019,6,100199101,108,56,52,52,48,7,6,9,8,10,9,14,13,15,14,17,16,19,18,17,16,2,5,4,9,9,11,9,7,5,4,6,5,6,6,10,10
2019,6,100199126,43,24,56,19,44,1,2,3,7,5,12,4,9,8,19,9,21,5,12,8,19,0,2,3,0,7,6,4,2,1,1,2,4,1,3,1,6
2019,6,100199134,61,28,46,33,54,3,5,5,8,4,7,11,18,10,16,6,10,6,10,16,26,2,3,3,7,5,3,3,2,1,2,1,4,5,3,3,14
2019,6,100199142,21,9,43,12,57,1,5,0,0,1,5,2,10,6,29,3,14,5,24,3,14,0,0,1,1,3,2,2,0,1,0,0,1,3,1,3,3
2019,6,100199150,62,39,63,23,37,0,0,6,10,4,6,9,15,9,15,14,23,13,21,7,11,0,5,3,6,7,8,7,3,0,1,1,3,2,6,6,4
2019,6,100199175,56,33,59,23,41,0,0,3,5,4,7,8,14,6,11,5,9,11,20,19,34,0,2,4,7,3,4,4,9,0,1,0,1,3,1,7,10
2019,6,100199183,90,49,54,41,46,4,4,3,3,6,7,16,18,16,18,18,20,15,17,12,13,1,3,4,10,10,9,8,4,3,0,2,6,6,9,7,8
2019,6,100199191,40,21,53,19,48,1,3,2,5,4,10,7,18,5,13,7,18,7,18,7,18,0,1,0,5,4,4,3,4,1,1,4,2,1,3,4,3
2019,6,100199206,78,43,55,35,45,2,3,2,3,8,10,14,18,10,13,9,12,17,22,16,21,0,2,6,7,6,5,8,9,2,0,2,7,4,4,9,7
2019,6,100199222,28,18,64,10,36,0,0,2,7,4,14,2,7,6,21,7,25,2,7,5,18,0,1,4,2,3,4,1,3,0,1,0,0,3,3,1,2
2019,6,100199230,68,43,63,25,37,0,0,2,3,5,7,5,7,11,16,16,24,15,22,14,21,0,1,4,4,9,11,7,7,0,1,1,1,2,5,8,7
2019,6,100199247,54,32,59,22,41,1,2,4,7,2,4,8,15,18,33,8,15,9,17,4,7,0,0,1,5,16,5,4,1,1,4,1,3,2,3,5,3
2019,6,100199255,85,41,48,44,52,4,5,6,7,13,15,11,13,5,6,18,21,11,13,17,20,3,2,6,6,2,8,6,8,1,4,7,5,3,10,5,9
2019,6,100199263,239,133,56,106,44,11,5,23,10,20,8,25,10,48,20,35,15,37,15,40,17,8,10,13,13,27,25,18,19,3,13,7,12,21,10,19,21
2019,6,100199271,21,10,48,11,52,1,5,2,10,4,19,3,14,5,24,6,29,0,0,0,0,0,0,3,1,3,3,0,0,1,2,1,2,2,3,0,0
2019,6,100199288,31,19,61,12,39,4,13,1,3,1,3,8,26,4,13,2,6,10,32,1,3,1,1,1,6,2,2,5,1,3,0,0,2,2,0,5,0
2019,6,100199296,66,37,56,29,44,3,5,7,11,7,11,10,15,15,23,11,17,8,12,5,8,3,4,4,5,10,5,3,3,0,3,3,5,5,6,5,2
2019,6,100199302,54,33,61,21,39,1,2,3,6,3,6,6,11,10,19,12,22,8,15,11,20,1,1,3,3,9,10,2,4,0,2,0,3,1,2,6,7
2019,6,100199351,5,,,,,,,,,,,,,,,,,,,,,,,,,,,,,,,,,,,,
2019,6,100199376,39,22,56,17,44,1,3,4,10,3,8,3,8,3,8,6,15,8,21,11,28,0,2,1,2,1,4,7,5,1,2,2,1,2,2,1,6
2019,6,100199392,169,83,49,86,51,8,5,9,5,24,14,21,12,21,12,23,14,24,14,39,23,2,7,13,13,11,9,13,15,6,2,11,8,10,14,11,24
2019,6,100199616,35,19,54,16,46,5,14,1,3,3,9,7,20,5,14,5,14,2,6,7,20,2,1,1,4,3,3,1,4,3,0,2,3,2,2,1,3
2019,6,100200020,5,,,,,,,,,,,,,,,,,,,,,,,,,,,,,,,,,,,,
2019,6,100200496,5,,,,,,,,,,,,,,,,,,,,,,,,,,,,,,,,,,,,
2019,6,100200502,5,,,,,,,,,,,,,,,,,,,,,,,,,,,,,,,,,,,,
2019,6,100200744,320,157,49,163,51,11,3,22,7,15,5,24,8,23,7,25,8,49,15,151,47,5,12,7,14,14,15,29,61,6,10,8,10,9,10,20,90
2019,6,100201088,46,21,46,25,54,2,4,6,13,3,7,7,15,5,11,11,24,6,13,6,13,1,2,1,5,2,6,2,2,1,4,2,2,3,5,4,4
2019,6,100201096,5,,,,,,,,,,,,,,,,,,,,,,,,,,,,,,,,,,,,
2019,6,100201102,47,22,47,25,53,8,17,4,9,2,4,7,15,9,19,4,9,5,11,8,17,5,0,0,3,5,3,4,2,3,4,2,4,4,1,1,6
2019,6,100201658,21,13,62,8,38,2,10,0,0,6,29,2,10,1,5,6,29,2,10,2,10,2,0,3,2,1,4,0,1,0,0,3,0,0,2,2,1
2019,6,100202137,5,,,,,,,,,,,,,,,,,,,,,,,,,,,,,,,,,,,,
2019,6,100202506,36,17,47,19,53,4,11,1,3,5,14,6,17,4,11,5,14,3,8,8,22,3,0,3,2,3,2,2,2,1,1,2,4,1,3,1,6
2019,6,100203637,61,29,48,32,52,7,11,9,15,8,13,11,18,7,11,5,8,7,11,7,11,2,7,5,5,2,3,3,2,5,2,3,6,5,2,4,5
2019,6,100203741,40,20,50,20,50,3,8,6,15,5,13,6,15,5,13,4,10,6,15,5,13,2,4,5,1,2,1,2,3,1,2,0,5,3,3,4,2
2019,6,100203774,72,43,60,29,40,8,11,8,11,9,13,10,14,9,13,12,17,7,10,9,13,6,8,6,3,7,6,4,3,2,0,3,7,2,6,3,6
2019,6,100204647,304,152,50,152,50,24,8,24,8,26,9,43,14,34,11,35,12,54,18,64,21,14,18,16,22,18,16,28,20,10,6,10,21,16,19,26,44
2019,6,100204848,134,59,44,75,56,8,6,11,8,17,13,14,10,8,6,26,19,17,13,33,25,1,4,9,4,6,14,8,13,7,7,8,10,2,12,9,20
2019,6,100204864,63,33,52,30,48,6,10,10,16,6,10,4,6,11,17,10,16,6,10,10,16,3,5,4,4,5,5,4,3,3,5,2,0,6,5,2,7
2019,6,100204944,59,34,58,25,42,3,5,4,7,11,19,8,14,3,5,13,22,5,8,12,20,2,4,9,5,2,5,4,3,1,0,2,3,1,8,1,9
2019,6,100204952,24,10,42,14,58,1,4,5,21,1,4,4,17,1,4,4,17,2,8,6,25,0,3,0,2,1,2,1,1,1,2,1,2,0,2,1,5
2019,6,100204960,21,9,43,12,57,1,5,2,10,2,10,5,24,1,5,4,19,4,19,2,10,0,1,1,3,0,1,3,0,1,1,1,2,1,3,1,2
2019,6,100204977,17,11,65,6,35,0,0,2,12,2,12,3,18,1,6,2,12,3,18,4,24,0,2,1,2,1,2,0,3,0,0,1,1,0,0,3,1
2019,6,100205070,41,25,61,16,39,3,7,6,15,1,2,5,12,8,20,5,12,6,15,7,17,2,3,0,4,5,3,5,3,1,3,1,1,3,2,1,4
2019,6,100205087,5,,,,,,,,,,,,,,,,,,,,,,,,,,,,,,,,,,,,
2019,6,100205206,40,17,43,23,58,0,0,2,5,9,23,0,0,3,8,6,15,13,33,7,18,0,1,4,0,0,4,6,2,0,1,5,0,3,2,7,5
2019,6,100205351,18,4,22,14,78,2,11,2,11,2,11,1,6,3,17,1,6,0,0,7,39,0,0,0,0,1,1,0,2,2,2,2,1,2,0,0,5
2019,6,100205392,32,17,53,15,47,1,3,2,6,6,19,7,22,4,13,2,6,5,16,5,16,1,0,4,5,2,1,2,2,0,2,2,2,2,1,3,3
2019,6,100205544,51,23,45,28,55,10,20,4,8,8,16,6,12,4,8,5,10,8,16,6,12,4,2,5,2,1,4,2,3,6,2,3,4,3,1,6,3
2019,6,100205938,5,,,,,,,,,,,,,,,,,,,,,,,,,,,,,,,,,,,,
2019,6,100205946,29,13,45,16,55,1,3,2,7,5,17,3,10,1,3,2,7,8,28,7,24,0,0,2,2,1,1,5,2,1,2,3,1,0,1,3,5
2019,6,100206312,188,93,49,95,51,15,8,18,10,11,6,29,15,20,11,27,14,34,18,34,18,8,10,5,14,12,14,17,13,7,8,6,15,8,13,17,21
2019,6,100206763,49,29,59,20,41,3,6,3,6,7,14,12,24,9,18,2,4,7,14,6,12,1,3,4,7,6,2,4,2,2,0,3,5,3,0,3,4
2019,6,100206851,184,87,47,97,53,14,8,23,13,22,12,23,13,36,20,32,17,20,11,14,8,7,12,11,7,17,17,10,6,7,11,11,16,19,15,10,8
2019,6,100206868,706,342,48,364,52,52,7,94,13,84,12,64,9,101,14,140,20,112,16,59,8,26,53,41,22,46,69,61,24,26,41,43,42,55,71,51,35
2019,6,100207025,95,53,56,42,44,7,7,12,13,9,9,18,19,11,12,19,20,6,6,13,14,3,9,7,11,6,9,5,3,4,3,2,7,5,10,1,10
2019,6,100207058,87,37,43,50,57,8,9,5,6,13,15,9,10,14,16,13,15,7,8,18,21,6,1,4,4,7,6,3,6,2,4,9,5,7,7,4,12
2019,6,100207187,21,9,43,12,57,2,10,2,10,0,0,2,10,4,19,2,10,5,24,4,19,1,2,0,0,2,0,2,2,1,0,0,2,2,2,3,2
2019,6,100207218,1161,565,49,596,51,145,12,145,12,130,11,122,11,186,16,185,16,115,10,133,11,79,75,65,50,88,96,56,56,66,70,65,72,98,89,59,77
2019,6,100207242,65,33,51,32,49,3,5,5,8,10,15,7,11,8,12,11,17,6,9,15,23,2,2,7,4,3,8,4,3,1,3,3,3,5,3,2,12
2019,6,100207306,73,36,49,37,51,2,3,6,8,13,18,8,11,4,5,17,23,10,14,13,18,1,3,9,4,1,8,5,5,1,3,4,4,3,9,5,8
2019,6,100207355,167,85,51,82,49,6,4,11,7,11,7,36,22,14,8,34,20,24,14,31,19,5,5,5,18,10,20,13,9,1,6,6,18,4,14,11,22
2019,6,100207363,14,10,71,4,29,2,14,0,0,2,14,2,14,1,7,4,29,2,14,1,7,2,0,2,1,0,3,1,1,0,0,0,1,1,1,1,0
2019,6,100207371,690,335,49,355,51,63,9,78,11,70,10,74,11,116,17,84,12,84,12,121,18,33,38,41,36,58,40,39,50,30,40,29,38,58,44,45,71
2019,6,100207468,294,146,50,148,50,36,12,47,16,37,13,38,13,50,17,47,16,22,7,17,6,13,21,26,17,26,26,9,8,23,26,11,21,24,21,13,9
2019,6,100207476,46,23,50,23,50,8,17,6,13,3,7,10,22,7,15,3,7,7,15,2,4,2,3,1,4,6,2,5,0,6,3,2,6,1,1,2,2
2019,6,100207484,12,9,75,3,25,2,17,1,8,3,25,0,0,4,33,1,8,1,8,0,0,2,1,2,0,3,0,1,0,0,0,1,0,1,1,0,0
2019,6,100207507,398,199,50,199,50,37,9,49,12,34,9,50,13,54,14,62,16,51,13,61,15,19,25,18,27,33,31,23,23,18,24,16,23,21,31,28,38
2019,6,100207886,360,181,50,179,50,84,23,57,16,17,5,59,16,78,22,33,9,10,3,22,6,46,26,6,30,36,21,7,9,38,31,11,29,42,12,3,13
2019,6,100207894,35,14,40,21,60,4,11,5,14,2,6,5,14,2,6,6,17,8,23,3,9,0,2,0,2,2,2,5,1,4,3,2,3,0,4,3,2
2019,6,100208236,509,260,51,249,49,54,11,64,13,56,11,60,12,95,19,83,16,58,11,39,8,26,35,35,32,47,43,29,13,28,29,21,28,48,40,29,26
2019,6,100208244,48,24,50,24,50,5,10,8,17,6,13,5,10,6,13,7,15,8,17,3,6,2,3,4,1,4,3,6,1,3,5,2,4,2,4,2,2
2019,6,100208252,78,34,44,44,56,6,8,6,8,7,9,7,9,15,19,12,15,9,12,16,21,2,4,4,2,7,5,6,4,4,2,3,5,8,7,3,12
2019,6,100208260,38,16,42,22,58,10,26,1,3,2,5,5,13,4,11,6,16,4,11,6,16,4,0,1,1,3,4,1,2,6,1,1,4,1,2,3,4
2019,6,100208277,54,29,54,25,46,2,4,5,9,2,4,4,7,5,9,12,22,9,17,15,28,1,3,2,2,3,6,5,7,1,2,0,2,2,6,4,8
2019,6,100208293,95,61,64,34,36,14,15,11,12,4,4,20,21,16,17,13,14,11,12,6,6,12,7,1,13,7,9,9,3,2,4,3,7,9,4,2,3
2019,6,100208324,510,265,52,245,48,78,15,60,12,46,9,70,14,111,22,68,13,38,7,39,8,53,34,23,37,48,38,18,14,25,26,23,33,63,30,20,25
2019,6,100208398,37,20,54,17,46,2,5,5,14,4,11,7,19,10,27,7,19,2,5,0,0,0,4,3,3,4,5,1,0,2,1,1,4,6,2,1,0
2019,6,100208404,192,94,49,98,51,28,15,35,18,16,8,16,8,42,22,30,16,15,8,10,5,12,21,6,6,20,16,7,6,16,14,10,10,22,14,8,4
2019,6,100208654,5,,,,,,,,,,,,,,,,,,,,,,,,,,,,,,,,,,,,
2019,6,100208662,797,379,48,418,52,90,11,92,12,84,11,91,11,137,17,89,11,86,11,128,16,43,49,41,43,61,43,48,51,47,43,43,48,76,46,38,77
2019,6,100208670,5,,,,,,,,,,,,,,,,,,,,,,,,,,,,,,,,,,,,
2019,6,100208687,60,37,62,23,38,2,3,7,12,5,8,7,12,14,23,6,10,6,10,13,22,0,5,3,3,9,4,3,10,2,2,2,4,5,2,3,3
2019,6,100208734,91,52,57,39,43,15,16,17,19,7,8,21,23,15,16,6,7,5,5,5,5,11,12,5,9,9,2,3,1,4,5,2,12,6,4,2,4
2019,6,100208775,292,140,48,152,52,34,12,44,15,30,10,43,15,36,12,41,14,30,10,34,12,15,21,19,23,13,24,12,13,19,23,11,20,23,17,18,21
2019,6,100208855,19,11,58,8,42,0,0,0,0,2,11,2,11,1,5,3,16,6,32,5,26,0,0,2,1,1,2,3,2,0,0,0,1,0,1,3,3
2019,6,100208863,16,8,50,8,50,4,25,2,13,0,0,6,38,0,0,0,0,3,19,1,6,2,1,0,3,0,0,2,0,2,1,0,3,0,0,1,1
2019,6,100208888,43,26,60,17,40,7,16,10,23,3,7,5,12,9,21,5,12,4,9,0,0,6,8,1,2,4,3,2,0,1,2,2,3,5,2,2,0
2019,6,100208896,12,4,33,8,67,1,8,1,8,0,0,0,0,2,17,5,42,1,8,2,17,0,1,0,0,0,2,1,0,1,0,0,0,2,3,0,2
2019,6,100208902,17,10,59,7,41,5,29,3,18,2,12,2,12,5,29,0,0,0,0,0,0,4,3,0,0,3,0,0,0,1,0,2,2,2,0,0,0
2019,6,100208910,5,,,,,,,,,,,,,,,,,,,,,,,,,,,,,,,,,,,,
2019,6,100208927,29,16,55,13,45,3,10,4,14,1,3,8,28,4,14,4,14,1,3,4,14,2,3,0,6,2,1,0,2,1,1,1,2,2,3,1,2
2019,6,100208943,67,33,49,34,51,6,9,5,7,10,15,16,24,5,7,14,21,9,13,2,3,3,2,7,8,2,5,5,1,3,3,3,8,3,9,4,1
2019,6,100209125,256,119,46,137,54,27,11,16,6,24,9,45,18,31,12,36,14,35,14,42,16,13,9,11,24,14,17,17,14,14,7,13,21,17,19,18,28
2019,6,100209133,92,45,49,47,51,8,9,13,14,13,14,6,7,14,15,13,14,3,3,22,24,3,8,4,5,8,9,0,8,5,5,9,1,6,4,3,14
2019,6,100209141,1672,768,46,904,54,110,7,127,8,133,8,208,12,200,12,211,13,291,17,392,23,60,73,66,103,117,99,130,120,50,54,67,105,83,112,161,272
2019,6,100209182,433,230,53,203,47,17,4,35,8,48,11,53,12,62,14,80,18,54,12,84,19,14,19,24,29,32,42,29,41,3,16,24,24,30,38,25,43
2019,6,100209213,154,86,56,68,44,13,8,20,13,13,8,17,11,32,21,19,12,18,12,22,14,8,15,10,9,17,13,10,4,5,5,3,8,15,6,8,18
2019,6,100209221,36,16,44,20,56,7,19,2,6,2,6,4,11,5,14,4,11,2,6,10,28,3,0,1,2,2,2,1,5,4,2,1,2,3,2,1,5
2019,6,100209238,324,165,51,159,49,32,10,36,11,35,11,39,12,80,25,41,13,27,8,34,10,19,19,18,18,44,21,14,12,13,17,17,21,36,20,13,22
2019,6,100209262,5,,,,,,,,,,,,,,,,,,,,,,,,,,,,,,,,,,,,
2019,6,100209270,106,56,53,50,47,9,8,9,8,10,9,12,11,9,8,16,15,22,21,19,18,6,6,8,7,5,7,9,8,3,3,2,5,4,9,13,11
2019,6,100209287,167,79,47,88,53,15,9,12,7,18,11,29,17,18,11,25,15,17,10,33,20,8,7,8,20,10,12,5,9,7,5,10,9,8,13,12,24
2019,6,100209295,24,15,63,9,38,0,0,3,13,3,13,2,8,3,13,7,29,3,13,3,13,0,3,2,1,1,4,3,1,0,0,1,1,2,3,0,2
2019,6,100209326,37,21,57,16,43,4,11,3,8,6,16,2,5,4,11,4,11,4,11,10,27,1,3,4,1,1,3,2,6,3,0,2,1,3,1,2,4
2019,6,100209391,613,301,49,312,51,37,6,45,7,62,10,106,17,53,9,102,17,111,18,97,16,19,26,37,68,23,49,51,28,18,19,25,38,30,53,60,69
2019,6,100209414,5,,,,,,,,,,,,,,,,,,,,,,,,,,,,,,,,,,,,
2019,6,100209422,5,,,,,,,,,,,,,,,,,,,,,,,,,,,,,,,,,,,,
2019,6,100209447,68,35,51,33,49,7,10,11,16,5,7,9,13,15,22,16,24,2,3,3,4,2,3,5,6,7,10,2,0,5,8,0,3,8,6,0,3
2019,6,100209455,131,66,50,65,50,10,8,16,12,16,12,12,9,14,11,17,13,18,14,28,21,7,9,13,5,6,8,10,8,3,7,3,7,8,9,8,20
2019,6,100209463,270,130,48,140,52,21,8,19,7,22,8,32,12,25,9,54,20,48,18,49,18,16,11,12,13,15,25,26,12,5,8,10,19,10,29,22,37
2019,6,100209488,23,15,65,8,35,0,0,0,0,2,9,3,13,3,13,3,13,8,35,4,17,0,0,1,3,3,2,3,3,0,0,1,0,0,1,5,1
2019,6,100209510,438,205,47,233,53,24,5,31,7,66,15,46,11,46,11,72,16,71,16,82,19,14,16,36,23,23,35,36,22,10,15,30,23,23,37,35,60
2019,7,LVDPA0001,676371,302390,45,373981,55,55827,8,55210,8,56229,8,100904,15,99517,15,85947,13,89246,13,133491,20,28935,28376,28684,48961,48124,39610,37272,42428,26892,26834,27545,51943,51393,46337,51974,91063
2019,7,LVDPA0002,56544,25732,46,30812,54,5022,9,5256,9,5213,9,7929,14,7829,14,7367,13,7345,13,10583,19,2605,2663,2537,4018,3907,3476,3135,3391,2417,2593,2676,3911,3922,3891,4210,7192
2019,7,LVDPA0003,46079,20858,45,25221,55,3139,7,3509,8,3617,8,5769,13,6330,14,6590,14,6933,15,10192,22,1620,1806,1874,2882,3084,3158,3037,3397,1519,1703,1743,2887,3246,3432,3896,6795
2019,7,LVDPA0004,7092,3482,49,3610,51,432,6,492,7,555,8,889,13,955,13,1064,15,1094,15,1611,23,231,246,290,484,515,547,555,614,201,246,265,405,440,517,539,997
2019,7,LVDPA0005,77262,34314,44,42948,56,5544,7,5961,8,6418,8,9146,12,9491,12,11541,15,11862,15,17299,22,2917,3064,3303,4696,4631,5400,4965,5338,2627,2897,3115,4450,4860,6141,6897,11961
2019,7,LVDPA0006,29346,13009,44,16337,56,2054,7,2521,9,2732,9,3386,12,3725,13,4128,14,4700,16,6100,21,1081,1299,1437,1703,1761,1861,2005,1862,973,1222,1295,1683,1964,2267,2695,4238
2019,7,LVDPA0007,66884,29732,44,37152,56,5474,8,6017,9,6747,10,8284,12,8263,12,8833,13,8954,13,14312,21,2911,3066,3437,4052,3937,4090,3816,4423,2563,2951,3310,4232,4326,4743,5138,9889
2019,7,LVDPA0008,34249,15401,45,18848,55,2415,7,2789,8,3233,9,3985,12,4249,12,4910,14,5011,15,7657,22,1253,1407,1619,2035,2026,2350,2205,2506,1162,1382,1614,1950,2223,2560,2806,5151
2019,7,LVDPA0009,22708,10351,46,12357,54,1718,8,1978,9,2177,10,3024,13,2874,13,3142,14,3325,15,4470,20,869,984,1118,1592,1459,1471,1439,1419,849,994,1059,1432,1415,1671,1886,3051
2019,7,LVDPA0010,15338,6715,44,8623,56,1274,8,1322,9,1453,9,2010,13,1866,12,1979,13,2103,14,3331,22,675,668,745,993,865,845,843,1081,599,654,708,1017,1001,1134,1260,2250
2019,7,LVDPA0011,25667,11520,45,14147,55,2284,9,2223,9,2323,9,3652,14,3179,12,3403,13,3400,13,5203,20,1204,1164,1185,1769,1553,1538,1383,1724,1080,1059,1138,1883,1626,1865,2017,3479
2019,7,LVDPA0012,24456,10853,44,13603,56,1992,8,2289,9,2104,9,3158,13,3564,15,3139,13,3024,12,5186,21,1005,1157,1054,1611,1730,1459,1207,1630,987,1132,1050,1547,1834,1680,1817,3556
2019,7,LVDPA0013,11361,5214,46,6147,54,937,8,969,9,1187,10,1511,13,1341,12,1597,14,1538,14,2281,20,482,505,590,821,652,725,674,765,455,464,597,690,689,872,864,1516
2019,7,LVDPA0014,16347,7396,45,8951,55,1446,9,1551,9,1631,10,2261,14,2143,13,2205,13,1980,12,3130,19,758,796,842,1125,1026,1012,837,1000,688,755,789,1136,1117,1193,1143,2130
2019,7,LVDPA0015,11865,5307,45,6558,55,853,7,1017,9,1259,11,1596,13,1469,12,1553,13,1646,14,2472,21,432,524,636,791,714,702,699,809,421,493,623,805,755,851,947,1663
2019,7,LVDPA0016,11852,5403,46,6449,54,916,8,1076,9,1085,9,1567,13,1506,13,1595,13,1766,15,2341,20,483,531,531,836,772,729,747,774,433,545,554,731,734,866,1019,1567
2019,7,LVDPA0017,14015,6355,45,7660,55,1494,11,1454,10,1230,9,2210,16,2062,15,1700,12,1611,11,2254,16,776,734,585,1019,1030,776,691,744,718,720,645,1191,1032,924,920,1510
2019,7,LVDPA0018,8054,3512,44,4542,56,426,5,580,7,774,10,798,10,879,11,1206,15,1471,18,1920,24,206,285,405,429,424,521,613,629,220,295,369,369,455,685,858,1291
2019,7,LVDPA0019,7518,3367,45,4151,55,494,7,588,8,762,10,954,13,926,12,1098,15,1168,16,1528,20,227,304,403,513,425,527,498,470,267,284,359,441,501,571,670,1058
2019,7,LVDPA0020,9474,4317,46,5157,54,735,8,764,8,946,10,1277,13,1162,12,1312,14,1373,14,1905,20,376,396,483,701,585,586,558,632,359,368,463,576,577,726,815,1273
2019,7,LVDPA0021,860,445,52,415,48,47,5,79,9,65,8,102,12,141,16,147,17,125,15,154,18,24,35,35,56,77,79,70,69,23,44,30,46,64,68,55,85
2019,7,LVDPA0022,7085,3109,44,3976,56,552,8,562,8,678,10,959,14,761,11,988,14,1073,15,1512,21,269,283,323,478,386,445,442,483,283,279,355,481,375,543,631,1029
2019,7,LVDPA0023,84,37,44,47,56,8,10,8,10,7,8,10,12,6,7,16,19,5,6,24,29,5,7,1,6,2,6,3,7,3,1,6,4,4,10,2,17
2019,7,LVDPA0024,5569,2745,49,2824,51,465,8,456,8,419,8,745,13,832,15,791,14,762,14,1099,20,226,233,238,401,428,401,362,456,239,223,181,344,404,390,400,643
2019,7,LVDPA0025,9623,4336,45,5287,55,802,8,792,8,856,9,1283,13,1120,12,1284,13,1461,15,2025,21,436,410,467,658,549,564,598,654,366,382,389,625,571,720,863,1371
2019,7,LVDPA0027,4526,2093,46,2433,54,292,6,368,8,461,10,558,12,476,11,643,14,615,14,1113,25,154,172,255,313,251,300,252,396,138,196,206,245,225,343,363,717
2019,7,LVDPA0028,7905,3480,44,4425,56,492,6,581,7,696,9,923,12,1037,13,1205,15,1238,16,1733,22,239,289,371,469,507,567,520,518,253,292,325,454,530,638,718,1215
2019,7,LVDPA0029,6642,2950,44,3692,56,429,6,507,8,661,10,821,12,705,11,954,14,1020,15,1545,23,219,249,320,441,345,429,434,513,210,258,341,380,360,525,586,1032
2019,7,LVDPA0030,5644,2607,46,3037,54,494,9,494,9,563,10,710,13,695,12,720,13,802,14,1166,21,260,257,297,362,368,325,337,401,234,237,266,348,327,395,465,765
2019,7,LVDPA0031,7662,3492,46,4170,54,547,7,622,8,706,9,1035,14,948,12,1020,13,1105,14,1679,22,271,332,354,523,478,487,479,568,276,290,352,512,470,533,626,1111
2019,7,LVDPA0032,5451,2426,45,3025,55,348,6,446,8,516,9,667,12,597,11,740,14,930,17,1207,22,187,251,256,345,290,346,378,373,161,195,260,322,307,394,552,834
2019,7,LVDPA0033,7281,3208,44,4073,56,475,7,581,8,693,10,833,11,859,12,978,13,1255,17,1607,22,242,281,344,424,437,462,508,510,233,300,349,409,422,516,747,1097
2019,7,LVDPA0034,456,233,51,223,49,18,4,38,8,48,11,62,14,53,12,70,15,70,15,97,21,9,17,27,39,26,37,39,39,9,21,21,23,27,33,31,58
2019,7,LVDPA0035,2691,1268,47,1423,53,198,7,218,8,229,9,365,14,319,12,380,14,404,15,578,21,108,106,107,202,169,193,182,201,90,112,122,163,150,187,222,377
2019,7,LVDPA0036,3264,1456,45,1808,55,182,6,240,7,349,11,384,12,372,11,497,15,524,16,716,22,88,110,167,209,178,242,220,242,94,130,182,175,194,255,304,474
2019,7,LVDPA0037,7230,3406,47,3824,53,836,12,875,12,615,9,915,13,1133,16,944,13,774,11,1138,16,441,459,289,444,552,461,342,418,395,416,326,471,581,483,432,720
2019,7,LVDPA0038,2971,1360,46,1611,54,194,7,231,8,238,8,371,12,302,10,426,14,444,15,765,26,102,121,128,202,143,200,210,254,92,110,110,169,159,226,234,511
2019,7,LVDPA0039,2115,973,46,1142,54,132,6,166,8,156,7,267,13,259,12,318,15,294,14,523,25,50,81,85,158,132,168,132,167,82,85,71,109,127,150,162,356
2019,7,LVDPA0040,2149,990,46,1159,54,134,6,183,9,220,10,226,11,278,13,326,15,332,15,450,21,79,94,123,116,136,151,153,138,55,89,97,110,142,175,179,312
2019,7,LVDPA0041,2010,892,44,1118,56,122,6,168,8,222,11,251,12,234,12,317,16,269,13,427,21,55,82,127,118,116,160,119,115,67,86,95,133,118,157,150,312
2019,7,LVDPA0042,4435,1890,43,2545,57,288,6,328,7,402,9,527,12,414,9,567,13,703,16,1206,27,145,178,203,267,208,233,272,384,143,150,199,260,206,334,431,822
2019,7,LVDPA0043,1947,874,45,1073,55,114,6,160,8,198,10,275,14,214,11,259,13,265,14,462,24,56,91,101,147,103,124,119,133,58,69,97,128,111,135,146,329
2019,7,LVDPA0044,3806,1760,46,2046,54,341,9,404,11,410,11,533,14,583,15,438,12,464,12,633,17,185,206,203,271,295,202,214,184,156,198,207,262,288,236,250,449
2019,7,LVDPA0045,1309,622,48,687,52,68,5,94,7,148,11,128,10,159,12,192,15,216,17,304,23,42,51,79,72,92,84,111,91,26,43,69,56,67,108,105,213
2019,7,LVDPA0046,2587,1224,47,1363,53,170,7,206,8,275,11,347,13,289,11,385,15,359,14,556,21,99,104,157,189,142,193,157,183,71,102,118,158,147,192,202,373
2019,7,LVDPA0047,3521,1618,46,1903,54,246,7,306,9,390,11,437,12,405,12,497,14,468,13,772,22,132,166,197,233,200,223,198,269,114,140,193,204,205,274,270,503
2019,7,LVDPA0048,3818,1725,45,2093,55,316,8,359,9,365,10,504,13,474,12,501,13,472,12,827,22,148,178,189,241,236,235,197,301,168,181,176,263,238,266,275,526
2019,7,LVDPA0050,2378,1089,46,1289,54,135,6,177,7,249,10,265,11,238,10,368,15,379,16,567,24,63,79,138,147,124,168,182,188,72,98,111,118,114,200,197,379
2019,7,LVDPA0051,2804,1237,44,1567,56,175,6,242,9,264,9,304,11,254,9,391,14,424,15,750,27,99,122,125,146,128,179,181,257,76,120,139,158,126,212,243,493
2019,7,LVDPA0052,1447,665,46,782,54,69,5,94,6,154,11,155,11,179,12,234,16,219,15,343,24,38,49,75,92,91,112,87,121,31,45,79,63,88,122,132,222
2019,7,LVDPA0053,6730,2949,44,3781,56,452,7,499,7,593,9,871,13,735,11,1031,15,1204,18,1345,20,235,255,306,449,355,436,505,408,217,244,287,422,380,595,699,937
2019,7,LVDPA0054,1813,868,48,945,52,121,7,137,8,171,9,218,12,218,12,237,13,270,15,441,24,63,80,80,117,124,127,126,151,58,57,91,101,94,110,144,290
2019,7,LVDPA0055,1991,918,46,1073,54,110,6,168,8,210,11,248,12,201,10,294,15,295,15,465,23,58,89,106,136,105,137,136,151,52,79,104,112,96,157,159,314
2019,7,LVDPA0056,2814,1340,48,1474,52,193,7,224,8,274,10,378,13,350,12,381,14,416,15,598,21,112,118,137,215,174,179,194,211,81,106,137,163,176,202,222,387
2019,7,LVDPA0057,1203,563,47,640,53,69,6,88,7,127,11,140,12,144,12,166,14,179,15,290,24,35,43,67,76,79,84,87,92,34,45,60,64,65,82,92,198
2019,7,LVDPA0059,7206,3397,47,3809,53,927,13,947,13,570,8,1003,14,1342,19,795,11,754,10,868,12,479,477,290,462,658,390,332,309,448,470,280,541,684,405,422,559
2019,7,LVDPA0060,5057,2315,46,2742,54,403,8,485,10,535,11,695,14,682,13,707,14,638,13,912,18,196,256,257,370,328,334,274,300,207,229,278,325,354,373,364,612
2019,7,LVDPA0061,20817,9220,44,11597,56,1351,6,1567,8,1711,8,2699,13,2764,13,2880,14,3410,16,4435,21,682,794,879,1404,1379,1323,1391,1368,669,773,832,1295,1385,1557,2019,3067
2019,7,LVDPA0062,2794,1263,45,1531,55,189,7,202,7,259,9,373,13,287,10,410,15,431,15,643,23,105,93,137,217,145,193,182,191,84,109,122,156,142,217,249,452
2019,7,LVDPA0063,1974,893,45,1081,55,116,6,138,7,197,10,252,13,198,10,275,14,313,16,485,25,58,64,96,135,101,133,152,154,58,74,101,117,97,142,161,331
2019,7,LVDPA0064,2223,1000,45,1223,55,117,5,149,7,206,9,270,12,266,12,343,15,340,15,532,24,67,74,105,141,135,163,142,173,50,75,101,129,131,180,198,359
2019,7,LVDPA0065,1394,640,46,754,54,104,7,104,7,121,9,190,14,191,14,178,13,227,16,279,20,49,53,57,97,111,78,101,94,55,51,64,93,80,100,126,185
2019,7,LVDPA0066,1597,709,44,888,56,95,6,125,8,128,8,219,14,156,10,206,13,225,14,443,28,44,65,72,113,78,104,103,130,51,60,56,106,78,102,122,313
2019,7,LVDPA0067,1199,558,47,641,53,108,9,110,9,123,10,141,12,133,11,165,14,147,12,272,23,51,60,73,75,68,90,57,84,57,50,50,66,65,75,90,188
2019,7,LVDPA0068,496,237,48,259,52,22,4,39,8,41,8,65,13,44,9,70,14,79,16,136,27,10,23,24,43,23,32,45,37,12,16,17,22,21,38,34,99
2019,7,LVDPA0069,1218,525,43,693,57,64,5,88,7,129,11,159,13,145,12,169,14,166,14,298,24,28,40,58,77,74,76,71,101,36,48,71,82,71,93,95,197
2019,7,LVDPA0070,2080,961,46,1119,54,186,9,198,10,196,9,266,13,281,14,260,13,286,14,407,20,84,94,99,144,155,119,124,142,102,104,97,122,126,141,162,265
2019,7,LVDPA0071,490,231,47,259,53,36,7,50,10,32,7,57,12,71,14,60,12,74,15,110,22,18,24,15,32,36,33,32,41,18,26,17,25,35,27,42,69
2019,7,LVDPA0072,1629,727,45,902,55,101,6,135,8,161,10,223,14,141,9,225,14,247,15,396,24,49,65,79,118,73,103,120,120,52,70,82,105,68,122,127,276
2019,7,LVDPA0073,1343,628,47,715,53,98,7,105,8,149,11,167,12,138,10,194,14,191,14,301,22,52,64,75,81,75,87,96,98,46,41,74,86,63,107,95,203
2019,7,LVDPA0074,1609,764,47,845,53,91,6,116,7,154,10,219,14,178,11,229,14,230,14,392,24,51,59,69,143,97,108,107,130,40,57,85,76,81,121,123,262
2019,7,LVDPA0075,848,396,47,452,53,54,6,59,7,93,11,126,15,94,11,124,15,118,14,180,21,24,27,44,79,53,57,59,53,30,32,49,47,41,67,59,127
2019,7,LVDPA0076,3316,1460,44,1856,56,227,7,245,7,272,8,359,11,394,12,497,15,494,15,828,25,123,127,135,168,186,221,225,275,104,118,137,191,208,276,269,553
2019,7,LVDPA0078,2256,976,43,1280,57,142,6,169,7,230,10,229,10,243,11,325,14,352,16,566,25,66,80,101,126,113,145,161,184,76,89,129,103,130,180,191,382
2019,7,LVDPA0079,1635,771,47,864,53,108,7,146,9,175,11,229,14,213,13,205,13,206,13,353,22,51,70,88,119,113,108,94,128,57,76,87,110,100,97,112,225
2019,7,LVDPA0080,7123,3189,45,3934,55,508,7,543,8,622,9,899,13,893,13,931,13,1168,16,1559,22,289,285,328,471,442,403,473,498,219,258,294,428,451,528,695,1061
2019,7,LVDPA0081,139,79,57,60,43,5,4,14,10,12,9,8,6,19,14,30,22,23,17,28,20,2,8,6,6,11,18,12,16,3,6,6,2,8,12,11,12
2019,7,LVDPA0082,2273,1027,45,1246,55,115,5,154,7,217,10,290,13,241,11,316,14,402,18,538,24,61,67,113,153,126,146,192,169,54,87,104,137,115,170,210,369
2019,7,LVDPA0083,1309,621,47,688,53,83,6,86,7,144,11,159,12,155,12,186,14,190,15,306,23,47,54,68,89,82,82,87,112,36,32,76,70,73,104,103,194
2019,7,LVDPA0084,532,245,46,287,54,20,4,36,7,45,8,50,9,45,8,83,16,107,20,146,27,9,18,30,27,24,43,45,49,11,18,15,23,21,40,62,97
2019,7,LVDPA0085,1033,477,46,556,54,63,6,69,7,98,9,144,14,110,11,166,16,156,15,227,22,27,39,53,82,55,70,77,74,36,30,45,62,55,96,79,153
2019,7,LVDPA0086,1000,433,43,567,57,45,5,86,9,87,9,90,9,110,11,139,14,183,18,260,26,25,39,42,47,54,61,92,73,20,47,45,43,56,78,91,187
2019,7,LVDPA0087,1588,735,46,853,54,93,6,127,8,159,10,202,13,164,10,235,15,230,14,378,24,51,62,78,112,88,113,98,133,42,65,81,90,76,122,132,245
2019,7,LVDPA0088,2086,960,46,1126,54,182,9,145,7,171,8,340,16,239,11,257,12,337,16,415,20,84,81,78,163,127,117,146,164,98,64,93,177,112,140,191,251
2019,7,LVDPA0089,1845,841,46,1004,54,129,7,161,9,185,10,221,12,255,14,264,14,248,13,382,21,70,90,92,114,129,115,113,118,59,71,93,107,126,149,135,264
2019,7,LVDPA0091,1818,892,49,926,51,174,10,173,10,153,8,247,14,323,18,225,12,224,12,299,16,83,90,85,134,171,119,103,107,91,83,68,113,152,106,121,192
2019,7,LVDPA0092,165,83,50,82,50,5,3,6,4,10,6,25,15,24,15,19,12,21,13,55,33,0,2,4,13,17,7,15,25,5,4,6,12,7,12,6,30
2019,7,LVDPA0093,642,306,48,336,52,30,5,37,6,52,8,82,13,69,11,117,18,105,16,150,23,20,18,32,47,35,56,56,42,10,19,20,35,34,61,49,108
2019,7,LVDPA0094,1042,459,44,583,56,64,6,80,8,113,11,104,10,94,9,148,14,134,13,305,29,34,38,69,51,51,61,58,97,30,42,44,53,43,87,76,208
2019,7,LVDPA0095,1518,709,47,809,53,97,6,126,8,161,11,192,13,198,13,197,13,236,16,311,20,45,57,94,105,103,101,95,109,52,69,67,87,95,96,141,202
2019,7,LVDPA0096,588,295,50,293,50,28,5,37,6,58,10,94,16,53,9,96,16,83,14,139,24,14,19,36,50,32,48,41,55,14,18,22,44,21,48,42,84
2019,7,LVDPA0097,886,415,47,471,53,60,7,58,7,94,11,109,12,111,13,134,15,115,13,205,23,26,27,46,59,65,61,57,74,34,31,48,50,46,73,58,131
2019,7,LVDPA0098,792,349,44,443,56,45,6,54,7,89,11,117,15,55,7,121,15,156,20,155,20,20,28,39,67,29,53,72,41,25,26,50,50,26,68,84,114
2019,7,LVDPA0099,1146,558,49,588,51,110,10,116,10,94,8,173,15,166,14,119,10,165,14,203,18,59,59,50,92,89,54,76,79,51,57,44,81,77,65,89,124
2019,7,LVDPA0100,1718,789,46,929,54,114,7,130,8,137,8,215,13,209,12,214,12,299,17,400,23,63,74,67,105,121,100,134,125,51,56,70,110,88,114,165,275
2019,7,LVDPA0102,2156,967,45,1189,55,138,6,171,8,226,10,249,12,243,11,350,16,314,15,465,22,76,95,111,136,108,166,141,134,62,76,115,113,135,184,173,331
2019,7,LVDPA0104,2375,1110,47,1265,53,176,7,202,9,230,10,341,14,308,13,333,14,343,14,442,19,99,101,123,170,158,149,152,158,77,101,107,171,150,184,191,284
2019,7,LVDPA0105,1272,634,50,638,50,55,4,73,6,95,7,168,13,168,13,235,18,209,16,269,21,30,36,46,84,94,117,98,129,25,37,49,84,74,118,111,140
2019,7,LVDPA0106,857,405,47,452,53,59,7,58,7,83,10,106,12,97,11,129,15,144,17,181,21,35,27,44,56,46,68,65,64,24,31,39,50,51,61,79,117
2019,7,LVDPA0107,1284,610,48,674,52,48,4,81,6,128,10,162,13,147,11,188,15,216,17,314,24,22,52,79,94,69,87,96,111,26,29,49,68,78,101,120,203
2019,7,LVDPA0108,1839,875,48,964,52,189,10,224,12,174,9,210,11,320,17,263,14,209,11,250,14,92,119,84,108,158,127,98,89,97,105,90,102,162,136,111,161
2019,7,LVDPA0109,682,299,44,383,56,45,7,50,7,65,10,95,14,76,11,80,12,126,18,145,21,26,24,28,50,37,43,50,41,19,26,37,45,39,37,76,104
2019,7,LVDPA0110,1131,523,46,608,54,57,5,91,8,105,9,140,12,121,11,181,16,149,13,287,25,20,55,50,78,64,88,67,101,37,36,55,62,57,93,82,186
2019,7,LVDPA0112,742,335,45,407,55,47,6,65,9,74,10,104,14,91,12,99,13,123,17,139,19,23,29,41,53,51,47,48,43,24,36,33,51,40,52,75,96
2019,7,LVDPA0113,13681,6096,45,7585,55,985,7,1112,8,1184,9,1771,13,2043,15,1903,14,1964,14,2719,20,505,544,611,889,1059,884,775,829,480,568,573,882,984,1019,1189,1890
2019,7,LVDPA0114,378,178,47,200,53,30,8,32,8,37,10,66,17,41,11,39,10,66,17,67,18,15,19,14,39,20,19,31,21,15,13,23,27,21,20,35,46
2019,7,LVDPA0115,1977,967,49,1010,51,150,8,154,8,184,9,267,14,240,12,277,14,325,16,380,19,71,82,98,133,121,139,172,151,79,72,86,134,119,138,153,229
2019,7,LVDPA0116,458,205,45,253,55,29,6,33,7,46,10,78,17,30,7,76,17,76,17,90,20,14,17,20,45,15,37,33,24,15,16,26,33,15,39,43,66
2019,7,LVDPA0117,1180,553,47,627,53,79,7,97,8,135,11,150,13,123,10,172,15,193,16,231,20,41,48,77,91,62,78,75,81,38,49,58,59,61,94,118,150
2019,7,LVDPA0118,928,434,47,494,53,33,4,77,8,70,8,147,16,132,14,140,15,150,16,179,19,15,34,35,83,69,65,61,72,18,43,35,64,63,75,89,107
2019,7,LVDPA0119,988,465,47,523,53,64,6,75,8,87,9,136,14,120,12,113,11,131,13,262,27,36,42,52,78,58,57,59,83,28,33,35,58,62,56,72,179
2019,7,LVDPA0120,1037,489,47,548,53,54,5,74,7,112,11,125,12,110,11,159,15,170,16,233,22,23,37,65,71,58,82,78,75,31,37,47,54,52,77,92,158
2019,7,LVDPA0121,397,180,45,217,55,27,7,37,9,38,10,54,14,34,9,58,15,69,17,80,20,13,20,19,28,13,26,37,24,14,17,19,26,21,32,32,56
2019,7,LVDPA0122,1016,525,52,491,48,58,6,70,7,80,8,140,14,144,14,159,16,163,16,202,20,27,46,41,86,78,74,82,91,31,24,39,54,66,85,81,111
2019,7,LVDPA0123,387,178,46,209,54,28,7,31,8,29,7,59,15,52,13,57,15,55,14,76,20,15,13,16,31,25,30,24,24,13,18,13,28,27,27,31,52
2019,7,LVDPA0124,1062,495,47,567,53,66,6,80,8,112,11,156,15,119,11,127,12,219,21,183,17,32,36,66,87,57,63,87,67,34,44,46,69,62,64,132,116
2019,7,LVDPA0125,1010,455,45,555,55,72,7,84,8,90,9,138,14,130,13,130,13,154,15,212,21,36,45,43,73,70,61,59,68,36,39,47,65,60,69,95,144
2019,7,LVDPA0126,1203,537,45,666,55,61,5,95,8,134,11,140,12,130,11,157,13,180,15,306,25,32,44,68,73,70,80,79,91,29,51,66,67,60,77,101,215
2019,7,LVDPA0128,481,230,48,251,52,25,5,42,9,69,14,49,10,51,11,77,16,80,17,88,18,15,24,38,25,25,38,39,26,10,18,31,24,26,39,41,62
2019,7,LVDPA0129,553,279,50,274,50,22,4,27,5,39,7,69,12,66,12,97,18,88,16,145,26,10,18,21,41,38,57,44,50,12,9,18,28,28,40,44,95
2019,7,LVDPA0130,326,167,51,159,49,29,9,27,8,25,8,43,13,51,16,35,11,58,18,58,18,16,12,13,19,29,21,31,26,13,15,12,24,22,14,27,32
2019,7,LVDPA0131,515,249,48,266,52,49,10,43,8,62,12,87,17,43,8,75,15,80,16,76,15,30,23,33,50,25,32,37,19,19,20,29,37,18,43,43,57
2019,7,LVDPA0132,598,287,48,311,52,46,8,56,9,51,9,59,10,74,12,80,13,94,16,138,23,24,26,26,28,46,38,49,50,22,30,25,31,28,42,45,88
2019,7,LVDPA0133,703,332,47,371,53,26,4,56,8,88,13,87,12,78,11,121,17,118,17,129,18,16,32,40,51,40,60,50,43,10,24,48,36,38,61,68,86
2019,7,LVDPA0134,594,288,48,306,52,48,8,50,8,67,11,92,15,77,13,78,13,84,14,98,16,21,30,36,42,43,37,38,41,27,20,31,50,34,41,46,57
2019,7,LVDPA0135,352,176,50,176,50,22,6,27,8,38,11,35,10,50,14,49,14,51,14,80,23,13,10,21,23,28,25,26,30,9,17,17,12,22,24,25,50
2019,7,LVDPA0137,877,419,48,458,52,58,7,77,9,91,10,124,14,91,10,118,13,129,15,189,22,30,34,53,77,47,58,63,57,28,43,38,47,44,60,66,132
2019,7,LVDPA0138,2047,942,46,1105,54,174,9,174,9,202,10,291,14,224,11,318,16,262,13,402,20,94,87,101,145,107,143,119,146,80,87,101,146,117,175,143,256
2019,7,LVDPA0139,537,243,45,294,55,41,8,63,12,48,9,99,18,47,9,81,15,83,15,75,14,20,37,23,53,27,28,36,19,21,26,25,46,20,53,47,56
2019,7,LVDPA0140,698,329,47,369,53,54,8,49,7,89,13,79,11,96,14,105,15,99,14,127,18,33,25,50,44,46,47,36,48,21,24,39,35,50,58,63,79
2019,7,LVDPA0141,617,276,45,341,55,38,6,57,9,57,9,84,14,86,14,85,14,84,14,126,20,19,33,27,46,41,34,37,39,19,24,30,38,45,51,47,87
2019,7,LVDPA0142,1038,486,47,552,53,69,7,81,8,64,6,157,15,139,13,126,12,177,17,225,22,40,41,35,81,82,53,80,74,29,40,29,76,57,73,97,151
2019,7,LVDPA0143,284,140,49,144,51,16,6,17,6,35,12,26,9,44,15,45,16,47,17,54,19,9,11,20,16,22,21,21,20,7,6,15,10,22,24,26,34
2019,7,LVDPA0144,642,307,48,335,52,42,7,47,7,73,11,112,17,67,10,90,14,103,16,108,17,22,26,39,67,31,38,50,34,20,21,34,45,36,52,53,74
2019,7,LVDPA0146,578,268,46,310,54,47,8,52,9,49,8,81,14,79,14,73,13,105,18,92,16,23,24,23,33,41,34,59,31,24,28,26,48,38,39,46,61
2019,7,LVDPA0148,651,334,51,317,49,13,2,30,5,47,7,73,11,93,14,119,18,124,19,152,23,6,18,26,44,50,66,62,62,7,12,21,29,43,53,62,90
2019,7,LVDPA0149,389,196,50,193,50,22,6,28,7,37,10,65,17,43,11,56,14,67,17,71,18,16,17,21,39,23,29,27,24,6,11,16,26,20,27,40,47
2019,7,LVDPA0150,290,151,52,139,48,11,4,21,7,32,11,32,11,26,9,40,14,52,18,76,26,7,14,17,19,14,20,28,32,4,7,15,13,12,20,24,44
2019,7,LVDPA0151,399,190,48,209,52,10,3,28,7,51,13,35,9,53,13,64,16,41,10,117,29,3,17,27,19,27,39,18,40,7,11,24,16,26,25,23,77
2019,7,LVDPA0152,1002,477,48,525,52,96,10,124,12,106,11,133,13,137,14,136,14,116,12,154,15,46,69,49,82,71,60,52,48,50,55,57,51,66,76,64,106
2019,7,LVDPA0153,823,379,46,444,54,46,6,76,9,94,11,103,13,103,13,120,15,127,15,154,19,26,43,50,57,45,50,55,53,20,33,44,46,58,70,72,101
2019,7,LVDPA0154,519,242,47,277,53,35,7,45,9,62,12,49,9,62,12,72,14,74,14,120,23,14,25,36,28,32,35,33,39,21,20,26,21,30,37,41,81
2019,7,LVDPA0155,1464,700,48,764,52,99,7,104,7,162,11,170,12,191,13,195,13,235,16,308,21,53,51,89,91,102,97,102,115,46,53,73,79,89,98,133,193
2019,7,LVDPA0156,479,239,50,240,50,35,7,41,9,33,7,66,14,65,14,63,13,82,17,94,20,25,21,20,35,31,35,39,33,10,20,13,31,34,28,43,61
2019,7,LVDPA0157,293,138,47,155,53,12,4,16,5,34,12,41,14,31,11,46,16,59,20,54,18,4,7,17,28,15,25,29,13,8,9,17,13,16,21,30,41
2019,7,LVDPA0158,309,129,42,180,58,19,6,17,6,43,14,31,10,42,14,54,17,33,11,70,23,9,4,17,17,20,28,17,17,10,13,26,14,22,26,16,53
2019,7,LVDPA0159,597,281,47,316,53,30,5,46,8,39,7,69,12,54,9,80,13,103,17,176,29,17,26,18,41,31,42,46,60,13,20,21,28,23,38,57,116
2019,7,LVDPA0160,241,118,49,123,51,7,3,13,5,17,7,36,15,16,7,38,16,54,22,60,25,4,7,14,20,9,18,28,18,3,6,3,16,7,20,26,42
2019,7,LVDPA0161,528,247,47,281,53,44,8,51,10,67,13,67,13,57,11,62,12,82,16,98,19,25,25,40,36,23,29,41,28,19,26,27,31,34,33,41,70
2019,7,LVDPA0162,332,164,49,168,51,24,7,31,9,41,12,41,12,43,13,56,17,44,13,52,16,16,14,23,32,21,28,16,14,8,17,18,9,22,28,28,38
2019,7,LVDPA0163,535,239,45,296,55,29,5,47,9,71,13,64,12,40,7,81,15,91,17,112,21,10,22,37,36,21,36,37,40,19,25,34,28,19,45,54,72
2019,7,LVDPA0164,402,186,46,216,54,20,5,30,7,59,15,49,12,37,9,63,16,50,12,94,23,14,15,37,23,21,23,26,27,6,15,22,26,16,40,24,67
2019,7,LVDPA0165,465,220,47,245,53,43,9,33,7,50,11,68,15,54,12,59,13,69,15,89,19,21,19,26,36,31,24,35,28,22,14,24,32,23,35,34,61
2019,7,LVDPA0166,884,418,47,466,53,59,7,93,11,75,8,119,13,111,13,106,12,140,16,181,20,26,50,44,58,63,49,55,73,33,43,31,61,48,57,85,108
2019,7,LVDPA0167,1366,631,46,735,54,105,8,122,9,111,8,201,15,179,13,207,15,241,18,200,15,50,65,63,97,91,100,102,63,55,57,48,104,88,107,139,137
2019,7,LVDPA0169,415,194,47,221,53,43,10,28,7,45,11,78,19,42,10,59,14,62,15,58,14,21,10,24,46,23,26,29,15,22,18,21,32,19,33,33,43
2019,7,LVDPA0170,228,112,49,116,51,23,10,10,4,19,8,46,20,20,9,35,15,35,15,40,18,15,4,7,26,13,14,20,13,8,6,12,20,7,21,15,27
2019,7,LVDPA0171,652,322,49,330,51,52,8,57,9,68,10,108,17,84,13,106,16,69,11,108,17,28,27,42,57,44,50,37,37,24,30,26,51,40,56,32,71
2019,7,LVDPA0172,932,464,50,468,50,76,8,63,7,101,11,108,12,118,13,130,14,150,16,186,20,38,32,54,64,66,67,69,74,38,31,47,44,52,63,81,112
2019,7,LVDPA0173,630,310,49,320,51,38,6,47,7,62,10,110,17,53,8,106,17,113,18,101,16,20,27,37,71,23,51,52,29,18,20,25,39,30,55,61,72
2019,7,LVDPA0174,499,233,47,266,53,24,5,47,9,61,12,66,13,64,13,70,14,84,17,83,17,11,26,33,31,35,32,39,26,13,21,28,35,29,38,45,57
2019,7,LVDPA0175,325,172,53,153,47,16,5,22,7,36,11,48,15,44,14,51,16,45,14,63,19,8,14,22,33,27,25,21,22,8,8,14,15,17,26,24,41
2019,7,LVDPA0176,445,193,43,252,57,19,4,20,4,39,9,55,12,44,10,75,17,89,20,104,23,6,5,23,30,27,26,42,34,13,15,16,25,17,49,47,70
2019,7,LVDPA0177,635,290,46,345,54,29,5,36,6,66,10,60,9,65,10,82,13,107,17,190,30,16,22,36,30,31,40,54,61,13,14,30,30,34,42,53,129
2019,7,LVDPA0178,284,135,48,149,52,9,3,19,7,33,12,36,13,31,11,43,15,51,18,62,22,4,10,20,26,17,17,19,22,5,9,13,10,14,26,32,40
2019,7,LVDPA0179,610,283,46,327,54,27,4,34,6,60,10,98,16,52,9,113,19,88,14,138,23,10,10,35,62,33,57,40,36,17,24,25,36,19,56,48,102
2019,7,LVDPA0180,2756,1253,45,1503,55,224,8,246,9,308,11,340,12,320,12,355,13,382,14,581,21,117,133,162,176,147,163,187,168,107,113,146,164,173,192,195,413
2019,7,LVDPA0181,276,136,49,140,51,21,8,16,6,26,9,31,11,43,16,46,17,40,14,53,19,9,9,13,18,22,24,21,20,12,7,13,13,21,22,19,33
2019,7,LVDPA0182,281,132,47,149,53,14,5,17,6,35,12,44,16,25,9,56,20,45,16,45,16,7,6,26,24,13,28,17,11,7,11,9,20,12,28,28,34
2019,7,LVDPA0183,268,134,50,134,50,18,7,19,7,28,10,42,16,35,13,40,15,32,12,54,20,11,11,14,28,20,19,13,18,7,8,14,14,15,21,19,36
2019,7,LVDPA0184,341,169,50,172,50,13,4,17,5,32,9,48,14,38,11,36,11,73,21,84,25,9,11,17,33,23,21,30,25,4,6,15,15,15,15,43,59
2019,7,LVDPA0185,3186,1439,45,1747,55,405,13,346,11,259,8,447,14,497,16,393,12,363,11,476,15,207,165,133,203,215,193,170,153,198,181,126,244,282,200,193,323
2019,7,LVDPA0186,489,227,46,262,54,52,11,35,7,51,10,74,15,66,13,52,11,76,16,83,17,24,14,24,44,40,20,36,25,28,21,27,30,26,32,40,58
2019,7,LVDPA0187,571,273,48,298,52,40,7,43,8,64,11,90,16,55,10,75,13,101,18,103,18,20,20,30,56,34,31,50,32,20,23,34,34,21,44,51,71
2019,7,LVDPA0188,167,81,49,86,51,13,8,13,8,12,7,19,11,14,8,29,17,24,14,43,26,7,5,8,11,9,14,14,13,6,8,4,8,5,15,10,30
2019,7,LVDPA0189,873,411,47,462,53,37,4,46,5,91,10,95,11,82,9,144,16,137,16,241,28,21,22,50,54,47,77,65,75,16,24,41,41,35,67,72,166
2019,7,LVDPA0190,1032,480,47,552,53,82,8,78,8,110,11,159,15,94,9,150,15,174,17,185,18,41,34,60,91,39,71,78,66,41,44,50,68,55,79,96,119
2019,7,LVDPA0191,194,96,49,98,51,9,5,10,5,28,14,24,12,20,10,34,18,28,14,41,21,6,6,17,12,13,21,9,12,3,4,11,12,7,13,19,29
2019,7,LVDPA0192,456,214,47,242,53,18,4,34,7,57,13,50,11,46,10,78,17,77,17,96,21,9,21,32,29,22,37,37,27,9,13,25,21,24,41,40,69
2019,7,LVDPA0193,441,205,46,236,54,28,6,43,10,55,12,66,15,61,14,65,15,64,15,59,13,16,24,29,31,30,27,25,23,12,19,26,35,31,38,39,36
2019,7,LVDPA0194,145,66,46,79,54,3,2,5,3,12,8,18,12,19,13,25,17,26,18,37,26,1,3,5,10,13,13,13,8,2,2,7,8,6,12,13,29
2019,7,LVDPA0196,344,164,48,180,52,21,6,31,9,40,12,34,10,56,16,45,13,34,10,83,24,14,13,17,19,30,20,19,32,7,18,23,15,26,25,15,51
2019,7,LVDPA0197,776,362,47,414,53,58,7,59,8,73,9,127,16,80,10,83,11,125,16,171,22,30,29,36,67,48,36,52,64,28,30,37,60,32,47,73,107
2019,7,LVDPA0198,420,187,45,233,55,29,7,37,9,60,14,54,13,41,10,58,14,73,17,68,16,14,17,26,25,27,28,29,21,15,20,34,29,14,30,44,47
2019,7,LVDPA0200,230,117,51,113,49,14,6,17,7,27,12,32,14,25,11,38,17,37,16,40,17,4,7,16,20,15,21,18,16,10,10,11,12,10,17,19,24
2019,7,LVDPA0201,285,129,45,156,55,15,5,25,9,30,11,44,15,26,9,47,16,45,16,53,19,9,13,15,21,13,22,21,15,6,12,15,23,13,25,24,38
2019,7,LVDPA0202,217,99,46,118,54,9,4,17,8,18,8,29,13,23,11,44,20,33,15,44,20,5,5,9,15,17,21,14,13,4,12,9,14,6,23,19,31
2019,7,LVDPA0203,493,227,46,266,54,28,6,35,7,48,10,73,15,68,14,51,10,82,17,108,22,13,22,23,41,34,25,33,36,15,13,25,32,34,26,49,72
2019,7,LVDPA0205,224,117,52,107,48,10,4,13,6,23,10,29,13,25,11,36,16,38,17,50,22,8,5,13,20,14,20,18,19,2,8,10,9,11,16,20,31
2019,7,LVDPA0206,269,127,47,142,53,19,7,27,10,30,11,37,14,29,11,43,16,38,14,46,17,9,14,11,21,17,20,18,17,10,13,19,16,12,23,20,29
2019,7,LVDPA0207,325,153,47,172,53,14,4,18,6,26,8,47,14,33,10,45,14,76,23,66,20,9,7,13,31,17,20,33,23,5,11,13,16,16,25,43,43
2019,7,LVDPA0208,456,206,45,250,55,36,8,31,7,36,8,66,14,39,9,75,16,71,16,102,22,17,15,19,35,18,39,36,27,19,16,17,31,21,36,35,75
2019,7,LVDPA0209,187,87,47,100,53,3,2,15,8,20,11,20,11,29,16,21,11,50,27,29,16,2,5,8,10,21,10,22,9,1,10,12,10,8,11,28,20
2019,7,LVDPA0210,282,136,48,146,52,23,8,17,6,36,13,36,13,30,11,35,12,51,18,54,19,15,10,17,15,16,19,22,22,8,7,19,21,14,16,29,32
2019,7,LVDPA0211,429,201,47,228,53,30,7,35,8,37,9,55,13,36,8,59,14,73,17,104,24,17,21,17,28,18,27,37,36,13,14,20,27,18,32,36,68
2019,7,LVDPA0213,334,155,46,179,54,24,7,20,6,23,7,56,17,43,13,38,11,56,17,74,22,8,9,10,35,18,20,25,30,16,11,13,21,25,18,31,44
2019,7,LVDPA0214,243,119,49,124,51,2,1,16,7,33,14,26,11,24,10,45,19,58,24,39,16,0,12,16,16,13,18,33,11,2,4,17,10,11,27,25,28
2019,7,LVDPA0215,507,235,46,272,54,31,6,29,6,52,10,63,12,59,12,72,14,70,14,131,26,15,18,25,37,30,28,35,47,16,11,27,26,29,44,35,84
2019,7,LVDPA0216,205,102,50,103,50,9,4,15,7,23,11,24,12,28,14,29,14,37,18,40,20,5,10,11,17,15,12,20,12,4,5,12,7,13,17,17,28
2019,7,LVDPA0217,319,162,51,157,49,17,5,22,7,28,9,55,17,39,12,43,13,70,22,45,14,10,8,17,33,25,19,34,16,7,14,11,22,14,24,36,29
2019,7,LVDPA0218,194,90,46,104,54,10,5,13,7,11,6,26,13,11,6,42,22,33,17,48,25,5,7,10,10,6,20,16,16,5,6,1,16,5,22,17,32
2019,7,LVDPA0219,115,56,49,59,51,6,5,13,11,10,9,11,10,12,10,20,17,19,17,24,21,5,5,6,4,6,11,11,8,1,8,4,7,6,9,8,16
2019,7,LVDPA0220,308,138,45,170,55,16,5,26,8,20,6,31,10,29,9,47,15,66,21,73,24,9,14,7,18,17,21,29,23,7,12,13,13,12,26,37,50
2019,7,LVDPA0221,1392,659,47,733,53,100,7,114,8,98,7,199,14,214,15,178,13,204,15,285,20,48,50,50,111,115,87,98,100,52,64,48,88,99,91,106,185
2019,7,LVDPA0222,344,159,46,185,54,29,8,19,6,34,10,44,13,36,10,39,11,69,20,74,22,13,10,19,25,20,18,32,22,16,9,15,19,16,21,37,52
2019,7,LVDPA0223,339,160,47,179,53,33,10,23,7,30,9,52,15,42,12,39,12,54,16,66,19,19,11,16,24,25,20,24,21,14,12,14,28,17,19,30,45
2019,7,LVDPA0224,256,134,52,122,48,13,5,18,7,17,7,40,16,32,13,35,14,45,18,56,22,9,9,9,28,19,17,18,25,4,9,8,12,13,18,27,31
2019,7,LVDPA0225,268,126,47,142,53,11,4,16,6,30,11,42,16,23,9,49,18,47,18,50,19,9,8,9,29,16,21,18,16,2,8,21,13,7,28,29,34
2019,7,LVDPA0226,539,268,50,271,50,54,10,57,11,63,12,65,12,62,12,76,14,74,14,88,16,29,32,38,39,34,36,29,31,25,25,25,26,28,40,45,57
2019,7,LVDPA0227,166,86,52,80,48,12,7,12,7,5,3,25,15,23,14,22,13,32,19,35,21,9,7,1,13,12,12,16,16,3,5,4,12,11,10,16,19
2019,7,LVDPA0228,362,178,49,184,51,36,10,34,9,37,10,54,15,44,12,48,13,44,12,65,18,19,22,16,32,28,22,20,19,17,12,21,22,16,26,24,46
2019,7,LVDPA0229,521,234,45,287,55,40,8,56,11,58,11,66,13,53,10,59,11,94,18,95,18,21,29,25,32,25,28,41,33,19,27,33,34,28,31,53,62
2019,7,LVDPA0230,230,115,50,115,50,12,5,27,12,28,12,36,16,26,11,39,17,31,13,31,13,6,15,12,21,13,21,14,13,6,12,16,15,13,18,17,18
2019,7,LVDPA0232,92,47,51,45,49,4,4,5,5,12,13,11,12,7,8,16,17,15,16,22,24,3,1,8,7,4,7,8,9,1,4,4,4,3,9,7,13
2019,7,LVDPA0233,310,155,50,155,50,25,8,26,8,24,8,50,16,39,13,39,13,41,13,66,21,13,16,14,23,24,19,21,25,12,10,10,27,15,20,20,41
2019,7,LVDPA0234,727,322,44,405,56,54,7,42,6,94,13,102,14,84,12,86,12,122,17,143,20,35,20,42,47,42,50,49,37,19,22,52,55,42,36,73,106
2019,7,LVDPA0235,232,121,52,111,48,20,9,20,9,30,13,44,19,18,8,31,13,34,15,35,15,9,14,21,28,8,14,17,10,11,6,9,16,10,17,17,25
2019,7,LVDPA0236,161,82,51,79,49,11,7,18,11,18,11,19,12,18,11,20,12,26,16,31,19,8,10,14,11,7,9,14,9,3,8,4,8,11,11,12,22
2019,7,LVDPA0237,313,154,49,159,51,15,5,24,8,38,12,43,14,41,13,52,17,48,15,52,17,9,13,18,27,25,22,22,18,6,11,20,16,16,30,26,34
2019,7,LVDPA0238,319,144,45,175,55,22,7,34,11,30,9,49,15,43,13,43,13,50,16,48,15,12,9,18,28,19,21,20,17,10,25,12,21,24,22,30,31
2019,7,LVDPA0239,483,222,46,261,54,31,6,28,6,56,12,92,19,38,8,87,18,74,15,77,16,17,15,33,46,20,38,29,24,14,13,23,46,18,49,45,53
2019,7,LVDPA0240,184,89,48,95,52,3,2,6,3,18,10,17,9,15,8,39,21,38,21,48,26,2,5,6,10,7,22,24,13,1,1,12,7,8,17,14,35
2019,7,LVDPA0241,151,70,46,81,54,7,5,12,8,10,7,18,12,16,11,23,15,28,19,37,25,4,6,4,8,10,10,15,13,3,6,6,10,6,13,13,24
2019,7,LVDPA0242,363,171,47,192,53,18,5,26,7,28,8,40,11,34,9,49,13,56,15,112,31,11,13,12,27,20,27,25,36,7,13,16,13,14,22,31,76
2019,7,LVDPA0243,650,288,44,362,56,55,8,63,10,66,10,92,14,67,10,84,13,101,16,122,19,27,32,29,44,33,37,45,41,28,31,37,48,34,47,56,81
2019,7,LVDPA0244,529,241,46,288,54,20,4,34,6,51,10,74,14,65,12,67,13,110,21,108,20,8,15,27,41,35,34,51,30,12,19,24,33,30,33,59,78
2019,7,LVDPA0245,151,73,48,78,52,11,7,9,6,25,17,19,13,23,15,17,11,15,10,32,21,7,6,12,11,15,5,6,11,4,3,13,8,8,12,9,21
2019,7,LVDPA0246,190,86,45,104,55,7,4,7,4,29,15,15,8,14,7,37,19,24,13,57,30,4,3,17,6,7,20,11,18,3,4,12,9,7,17,13,39
2019,7,LVDPA0247,323,157,49,166,51,23,7,22,7,27,8,47,15,40,12,50,15,60,19,54,17,11,14,13,29,22,24,27,17,12,8,14,18,18,26,33,37
2019,7,LVDPA0250,203,93,46,110,54,28,14,13,6,19,9,29,14,16,8,36,18,29,14,33,16,14,5,6,16,10,17,15,10,14,8,13,13,6,19,14,23
2019,7,LVDPA0251,268,129,48,139,52,14,5,18,7,24,9,37,14,29,11,54,20,52,19,40,15,7,11,11,23,15,26,23,13,7,7,13,14,14,28,29,27
2019,7,LVDPA0252,286,139,49,147,51,20,7,19,7,40,14,38,13,31,11,53,19,44,15,41,14,10,8,25,28,13,25,22,8,10,11,15,10,18,28,22,33
2019,7,LVDPA0253,52,28,54,24,46,0,0,0,0,8,15,4,8,7,13,4,8,10,19,19,37,0,0,2,3,5,3,6,9,0,0,6,1,2,1,4,10
2019,7,LVDPA0254,722,336,47,386,53,57,8,69,10,93,13,76,11,98,14,82,11,82,11,165,23,23,42,46,45,52,43,31,54,34,27,47,31,46,39,51,111
2019,7,LVDPA0255,293,164,56,129,44,9,3,8,3,17,6,36,12,46,16,44,15,65,22,68,23,4,3,9,23,26,23,46,30,5,5,8,13,20,21,19,38
2019,7,LVDPA0256,619,294,47,325,53,55,9,51,8,52,8,88,14,71,11,77,12,85,14,140,23,34,28,27,47,33,37,39,49,21,23,25,41,38,40,46,91
2019,7,LVDPA0257,334,150,45,184,55,17,5,26,8,44,13,43,13,53,16,52,16,55,16,44,13,6,9,26,24,24,23,26,12,11,17,18,19,29,29,29,32
2019,7,LVDPA0258,3292,1539,47,1753,53,252,8,320,10,266,8,435,13,463,14,462,14,491,15,603,18,144,165,141,240,228,219,222,180,108,155,125,195,235,243,269,423
2019,7,LVDPA0259,204,102,50,102,50,16,8,19,9,29,14,26,13,25,12,31,15,19,9,39,19,6,9,14,15,17,14,9,18,10,10,15,11,8,17,10,21
2019,7,LVDPA0260,81,43,53,38,47,7,9,5,6,3,4,14,17,6,7,14,17,14,17,18,22,4,2,2,8,4,9,6,8,3,3,1,6,2,5,8,10
2019,7,LVDPA0261,155,68,44,87,56,2,1,7,5,17,11,26,17,20,13,21,14,29,19,33,21,1,2,10,17,7,11,10,10,1,5,7,9,13,10,19,23
2019,7,LVDPA0262,169,83,49,86,51,5,3,6,4,11,7,24,14,18,11,20,12,48,28,37,22,2,3,4,18,9,12,23,12,3,3,7,6,9,8,25,25
2019,7,LVDPA0263,377,175,46,202,54,23,6,32,8,38,10,51,14,46,12,39,10,80,21,68,18,11,19,23,30,24,15,33,20,12,13,15,21,22,24,47,48
2019,7,LVDPA0264,243,109,45,134,55,16,7,16,7,35,14,30,12,27,11,34,14,44,18,41,17,8,7,20,16,11,18,17,12,8,9,15,14,16,16,27,29
2019,7,LVDPA0265,318,144,45,174,55,25,8,25,8,34,11,37,12,29,9,40,13,54,17,74,23,14,14,19,21,17,15,18,26,11,11,15,16,12,25,36,48
2019,7,LVDPA0266,195,115,59,80,41,3,2,14,7,21,11,37,19,23,12,28,14,36,18,33,17,1,11,14,24,11,19,19,16,2,3,7,13,12,9,17,17
2019,7,LVDPA0267,307,143,47,164,53,17,6,24,8,38,12,31,10,41,13,42,14,49,16,65,21,13,12,15,18,22,19,24,20,4,12,23,13,19,23,25,45
2019,7,LVDPA0268,504,239,47,265,53,38,8,48,10,53,11,92,18,45,9,72,14,82,16,74,15,19,24,31,55,21,34,33,22,19,24,22,37,24,38,49,52
2019,7,LVDPA0269,152,70,46,82,54,9,6,9,6,14,9,24,16,15,10,20,13,28,18,33,22,5,5,6,14,5,12,13,10,4,4,8,10,10,8,15,23
2019,7,LVDPA0271,240,107,45,133,55,10,4,11,5,26,11,36,15,22,9,37,15,47,20,51,21,5,6,14,20,12,13,20,17,5,5,12,16,10,24,27,34
2019,7,LVDPA0272,198,99,50,99,50,26,13,24,12,21,11,45,23,10,5,26,13,23,12,23,12,17,13,9,25,4,16,10,5,9,11,12,20,6,10,13,18
2019,7,LVDPA0273,591,267,45,324,55,45,8,49,8,70,12,74,13,74,13,85,14,86,15,108,18,23,26,28,45,33,44,35,33,22,23,42,29,41,41,51,75
2019,7,LVDPA0274,302,151,50,151,50,23,8,33,11,31,10,47,16,31,10,38,13,48,16,51,17,17,18,16,23,17,17,22,21,6,15,15,24,14,21,26,30
2019,7,LVDPA0275,1252,627,50,625,50,142,11,152,12,120,10,143,11,205,16,212,17,121,10,157,13,80,82,62,70,102,103,64,64,62,70,58,73,103,109,57,93
2019,7,LVDPA0276,301,137,46,164,54,11,4,23,8,39,13,32,11,32,11,46,15,40,13,78,26,7,11,23,19,15,23,18,21,4,12,16,13,17,23,22,57
2019,7,LVDPA0277,208,99,48,109,52,6,3,16,8,26,13,27,13,20,10,41,20,33,16,39,19,4,9,13,14,10,20,18,11,2,7,13,13,10,21,15,28
2019,7,LVDPA0278,271,119,44,152,56,19,7,35,13,39,14,31,11,33,12,29,11,39,14,46,17,8,15,16,19,15,12,18,16,11,20,23,12,18,17,21,30
2019,7,LVDPA0279,334,170,51,164,49,19,6,27,8,44,13,48,14,38,11,58,17,46,14,54,16,10,13,29,35,16,24,24,19,9,14,15,13,22,34,22,35
2019,7,LVDPA0280,456,209,46,247,54,33,7,48,11,46,10,57,13,64,14,63,14,61,13,84,18,12,21,23,25,37,35,27,29,21,27,23,32,27,28,34,55
2019,7,LVDPA0281,210,106,50,104,50,9,4,15,7,28,13,29,14,20,10,33,16,34,16,42,20,4,8,12,20,12,16,18,16,5,7,16,9,8,17,16,26
2019,7,LVDPA0282,260,133,51,127,49,7,3,12,5,21,8,27,10,25,10,40,15,50,19,78,30,3,6,14,14,17,19,28,32,4,6,7,13,8,21,22,46
2019,7,LVDPA0283,162,71,44,91,56,13,8,17,10,23,14,16,10,21,13,23,14,29,18,20,12,7,7,11,9,11,9,14,3,6,10,12,7,10,14,15,17
2019,7,LVDPA0284,202,91,45,111,55,21,10,6,3,16,8,27,13,17,8,33,16,39,19,43,21,7,3,9,13,10,13,22,14,14,3,7,14,7,20,17,29
2019,7,LVDPA0285,570,254,45,316,55,42,7,43,8,51,9,66,12,54,9,85,15,73,13,156,27,21,20,34,33,26,50,34,36,21,23,17,33,28,35,39,120
2019,7,LVDPA0286,552,261,47,291,53,53,10,44,8,50,9,76,14,71,13,59,11,86,16,113,20,28,26,21,41,35,31,38,41,25,18,29,35,36,28,48,72
2019,7,LVDPA0287,251,119,47,132,53,8,3,19,8,19,8,35,14,33,13,32,13,55,22,50,20,2,8,13,20,18,13,28,17,6,11,6,15,15,19,27,33
2019,7,LVDPA0288,321,159,50,162,50,19,6,24,7,42,13,36,11,40,12,39,12,53,17,68,21,12,14,23,21,19,20,27,23,7,10,19,15,21,19,26,45
2019,7,LVDPA0289,367,181,49,186,51,25,7,37,10,45,12,67,18,42,11,37,10,65,18,49,13,14,21,25,34,21,18,29,19,11,16,20,33,21,19,36,30
2019,7,LVDPA0290,403,170,42,233,58,13,3,20,5,34,8,43,11,49,12,71,18,68,17,105,26,6,9,21,21,24,30,32,27,7,11,13,22,25,41,36,78
2019,7,LVDPA0291,450,220,49,230,51,18,4,35,8,26,6,65,14,72,16,69,15,72,16,93,21,7,17,12,39,39,34,34,38,11,18,14,26,33,35,38,55
2019,7,LVDPA0292,424,186,44,238,56,22,5,35,8,40,9,68,16,49,12,51,12,73,17,86,20,12,11,22,35,22,20,33,31,10,24,18,33,27,31,40,55
2019,7,LVDPA0293,146,69,47,77,53,14,10,8,5,18,12,13,9,21,14,23,16,12,8,37,25,5,4,12,5,11,13,6,13,9,4,6,8,10,10,6,24
2019,7,LVDPA0294,389,180,46,209,54,17,4,32,8,44,11,54,14,51,13,60,15,53,14,78,20,11,15,24,24,29,25,23,29,6,17,20,30,22,35,30,49
2019,7,LVDPA0295,473,209,44,264,56,33,7,33,7,56,12,66,14,48,10,66,14,71,15,100,21,19,10,20,37,26,28,35,34,14,23,36,29,22,38,36,66
2019,7,LVDPA0296,183,88,48,95,52,19,10,14,8,8,4,30,16,14,8,21,11,43,23,34,19,10,5,3,15,8,12,21,14,9,9,5,15,6,9,22,20
2019,7,LVDPA0297,1068,480,45,588,55,95,9,90,8,105,10,161,15,126,12,160,15,154,14,177,17,44,42,50,73,62,79,70,60,51,48,55,88,64,81,84,117
2019,7,LVDPA0298,428,193,45,235,55,31,7,37,9,41,10,60,14,43,10,53,12,61,14,102,24,13,20,22,30,24,24,26,34,18,17,19,30,19,29,35,68
2019,7,LVDPA0299,154,80,52,74,48,11,7,11,7,18,12,7,5,23,15,27,18,21,14,36,23,5,6,11,6,13,16,6,17,6,5,7,1,10,11,15,19
2019,7,LVDPA0300,287,132,46,155,54,10,3,17,6,27,9,39,14,30,10,47,16,47,16,70,24,6,10,13,27,13,22,20,21,4,7,14,12,17,25,27,49
2019,7,LVDPA0301,489,234,48,255,52,38,8,51,10,61,12,77,16,58,12,72,15,69,14,63,13,24,25,29,46,26,34,34,16,14,26,32,31,32,38,35,47
2019,7,LVDPA0302,578,259,45,319,55,36,6,58,10,70,12,83,14,70,12,76,13,70,12,115,20,16,30,37,46,36,37,24,33,20,28,33,37,34,39,46,82
2019,7,LVDPA0303,647,309,48,338,52,60,9,80,12,70,11,86,13,118,18,92,14,66,10,75,12,26,38,36,44,62,48,32,23,34,42,34,42,56,44,34,52
2019,7,LVDPA0305,181,82,45,99,55,12,7,12,7,18,10,24,13,20,11,26,14,29,16,40,22,6,7,5,14,9,14,13,14,6,5,13,10,11,12,16,26
2019,7,LVDPA0306,942,452,48,490,52,100,11,110,12,77,8,144,15,126,13,120,13,118,13,147,16,49,57,39,73,62,65,56,51,51,53,38,71,64,55,62,96
2019,7,LVDPA0307,782,326,42,456,58,56,7,67,9,71,9,90,12,80,10,99,13,111,14,208,27,25,29,34,42,40,47,40,69,31,38,37,48,40,52,71,139
2019,7,LVDPA0308,66,28,42,38,58,3,5,2,3,12,18,6,9,13,20,11,17,9,14,10,15,2,2,3,4,8,4,3,2,1,0,9,2,5,7,6,8
2019,7,LVDPA0309,86,43,50,43,50,1,1,4,5,14,16,12,14,10,12,16,19,9,10,20,23,0,3,9,6,5,8,4,8,1,1,5,6,5,8,5,12
2019,7,LVDPA0310,526,231,44,295,56,41,8,40,8,63,12,74,14,59,11,67,13,89,17,93,18,19,18,27,39,26,30,39,33,22,22,36,35,33,37,50,60
2019,7,LVDPA0311,522,257,49,265,51,33,6,56,11,60,11,65,12,77,15,76,15,58,11,97,19,22,27,30,41,36,34,27,40,11,29,30,24,41,42,31,57
2019,7,LVDPA0312,213,98,46,115,54,17,8,18,8,18,8,29,14,21,10,25,12,38,18,47,22,4,7,12,16,10,13,20,16,13,11,6,13,11,12,18,31
2019,7,LVDPA0313,307,138,45,169,55,17,6,19,6,30,10,39,13,23,7,49,16,42,14,88,29,5,9,15,22,12,25,19,31,12,10,15,17,11,24,23,57
2019,7,LVDPA0314,344,171,50,173,50,21,6,19,6,33,10,50,15,23,7,55,16,68,20,75,22,14,15,16,34,13,23,34,22,7,4,17,16,10,32,34,53
2019,7,LVDPA0315,109,50,46,59,54,3,3,8,7,10,9,14,13,9,8,22,20,12,11,31,28,0,2,6,10,4,12,7,9,3,6,4,4,5,10,5,22
2019,7,LVDPA0316,197,96,49,101,51,10,5,17,9,19,10,27,14,16,8,43,22,30,15,35,18,4,5,12,17,8,23,15,12,6,12,7,10,8,20,15,23
2019,7,LVDPA0317,327,157,48,170,52,21,6,22,7,30,9,45,14,40,12,49,15,68,21,52,16,11,11,17,28,22,19,33,16,10,11,13,17,18,30,35,36
2019,7,LVDPA0318,255,133,52,122,48,17,7,22,9,32,13,35,14,23,9,49,19,42,16,35,14,8,15,20,24,13,21,21,11,9,7,12,11,10,28,21,24
2019,7,LVDPA0319,166,80,48,86,52,9,5,10,6,10,6,27,16,14,8,35,21,30,18,31,19,5,4,5,17,8,18,12,11,4,6,5,10,6,17,18,20
2019,7,LVDPA0320,220,112,51,108,49,15,7,19,9,24,11,34,15,21,10,32,15,44,20,31,14,9,11,13,19,10,17,23,10,6,8,11,15,11,15,21,21
2019,7,LVDPA0321,531,258,49,273,51,37,7,44,8,70,13,78,15,56,11,85,16,72,14,89,17,16,32,41,41,24,45,31,28,21,12,29,37,32,40,41,61
2019,7,LVDPA0322,202,102,50,100,50,13,6,17,8,21,10,34,17,20,10,19,9,51,25,27,13,9,7,12,20,12,9,25,8,4,10,9,14,8,10,26,19
2019,7,LVDPA0323,516,226,44,290,56,58,11,54,10,38,7,53,10,84,16,60,12,79,15,90,17,25,24,20,27,38,30,36,26,33,30,18,26,46,30,43,64
2019,7,LVDPA0324,255,123,48,132,52,10,4,31,12,35,14,34,13,25,10,36,14,35,14,49,19,5,19,15,24,10,17,18,15,5,12,20,10,15,19,17,34
2019,7,LVDPA0325,72,29,40,43,60,1,1,3,4,4,6,4,6,5,7,16,22,20,28,19,26,0,2,2,1,2,9,9,4,1,1,2,3,3,7,11,15
2019,7,LVDPA0326,226,106,47,120,53,22,10,25,11,30,13,30,13,28,12,35,15,25,11,31,14,11,16,18,15,11,13,10,12,11,9,12,15,17,22,15,19
2019,7,LVDPA0327,209,105,50,104,50,6,3,11,5,26,12,29,14,27,13,33,16,36,17,41,20,5,6,15,14,17,15,19,14,1,5,11,15,10,18,17,27
2019,7,LVDPA0328,240,105,44,135,56,10,4,9,4,26,11,25,10,26,11,40,17,43,18,61,25,7,4,9,16,16,21,17,15,3,5,17,9,10,19,26,46
2019,7,LVDPA0329,67,30,45,37,55,5,7,9,13,6,9,10,15,8,12,6,9,10,15,13,19,3,5,1,5,5,2,4,5,2,4,5,5,3,4,6,8
2019,7,LVDPA0331,472,229,49,243,51,32,7,37,8,51,11,58,12,59,13,63,13,80,17,92,19,14,20,29,37,34,31,35,29,18,17,22,21,25,32,45,63
2019,7,LVDPA0332,323,137,42,186,58,16,5,22,7,44,14,36,11,36,11,48,15,50,15,71,22,7,15,25,20,13,23,21,13,9,7,19,16,23,25,29,58
2019,7,LVDPA0333,1192,550,46,642,54,98,8,87,7,106,9,148,12,175,15,163,14,159,13,256,21,57,40,51,86,85,75,66,90,41,47,55,62,90,88,93,166
2019,7,LVDPA0334,260,128,49,132,51,14,5,20,8,23,9,33,13,33,13,41,16,49,19,47,18,9,9,12,24,17,22,23,12,5,11,11,9,16,19,26,35
2019,7,LVDPA0335,271,125,46,146,54,20,7,17,6,34,13,33,12,33,12,42,15,38,14,54,20,8,7,17,24,18,20,17,14,12,10,17,9,15,22,21,40
2019,7,LVDPA0336,84,42,50,42,50,3,4,4,5,10,12,5,6,11,13,12,14,11,13,28,33,2,3,6,4,5,5,7,10,1,1,4,1,6,7,4,18
2019,7,LVDPA0337,313,151,48,162,52,17,5,25,8,41,13,48,15,30,10,42,13,49,16,61,19,9,12,20,27,18,22,22,21,8,13,21,21,12,20,27,40
2019,7,LVDPA0338,355,168,47,187,53,29,8,24,7,39,11,60,17,37,10,53,15,44,12,69,19,17,11,18,34,15,25,22,26,12,13,21,26,22,28,22,43
2019,7,LVDPA0339,478,252,53,226,47,29,6,33,7,51,11,64,13,60,13,71,15,81,17,89,19,13,19,28,38,35,41,45,33,16,14,23,26,25,30,36,56
2019,7,LVDPA0340,174,89,51,85,49,5,3,8,5,19,11,32,18,10,6,31,18,33,19,36,21,3,4,10,20,8,15,14,15,2,4,9,12,2,16,19,21
2019,7,LVDPA0341,155,77,50,78,50,7,5,17,11,17,11,18,12,19,12,26,17,23,15,28,18,3,12,8,8,10,11,15,10,4,5,9,10,9,15,8,18
2019,7,LVDPA0342,494,233,47,261,53,28,6,49,10,71,14,57,12,50,10,58,12,70,14,111,22,10,24,40,32,26,26,36,39,18,25,31,25,24,32,34,72
2019,7,LVDPA0343,587,277,47,310,53,59,10,55,9,38,6,94,16,79,13,67,11,97,17,98,17,31,27,14,50,41,33,51,30,28,28,24,44,38,34,46,68
2019,7,LVDPA0344,194,85,44,109,56,4,2,12,6,3,2,17,9,21,11,33,17,37,19,67,35,2,4,1,5,13,17,21,22,2,8,2,12,8,16,16,45
2019,7,LVDPA0345,155,69,45,86,55,4,3,14,9,17,11,19,12,11,7,27,17,24,15,39,25,3,6,11,10,6,10,13,10,1,8,6,9,5,17,11,29
2019,7,LVDPA0346,503,241,48,262,52,39,8,37,7,46,9,78,16,72,14,63,13,88,17,80,16,18,21,25,47,37,27,40,26,21,16,21,31,35,36,48,54
2019,7,LVDPA0347,315,146,46,169,54,32,10,23,7,35,11,43,14,30,10,39,12,60,19,53,17,19,13,13,24,14,17,27,19,13,10,22,19,16,22,33,34
2019,7,LVDPA0348,191,96,50,95,50,14,7,22,12,24,13,26,14,23,12,20,10,28,15,34,18,8,12,15,15,12,11,11,12,6,10,9,11,11,9,17,22
2019,7,LVDPA0350,269,141,52,128,48,29,11,27,10,19,7,43,16,29,11,33,12,35,13,54,20,15,18,10,22,16,20,22,18,14,9,9,21,13,13,13,36
2019,7,LVDPA0351,460,208,45,252,55,37,8,26,6,51,11,58,13,50,11,69,15,78,17,91,20,18,12,24,28,28,32,35,31,19,14,27,30,22,37,43,60
2019,7,LVDPA0352,401,194,48,207,52,47,12,56,14,38,9,47,12,69,17,59,15,43,11,42,10,22,31,17,21,34,29,24,16,25,25,21,26,35,30,19,26
2019,7,LVDPA0353,216,105,49,111,51,11,5,11,5,24,11,39,18,25,12,34,16,24,11,48,22,5,4,17,23,10,19,14,13,6,7,7,16,15,15,10,35
2019,7,LVDPA0354,395,192,49,203,51,29,7,28,7,44,11,60,15,38,10,64,16,72,18,60,15,14,14,23,39,17,32,31,22,15,14,21,21,21,32,41,38
2019,7,LVDPA0355,244,114,47,130,53,10,4,17,7,30,12,37,15,30,12,37,15,39,16,44,18,7,7,16,25,14,16,17,12,3,10,14,12,16,21,22,32
2019,7,LVDPA0356,250,115,46,135,54,8,3,18,7,32,13,26,10,43,17,39,16,35,14,49,20,3,9,18,15,22,19,14,15,5,9,14,11,21,20,21,34
2019,7,LVDPA0357,254,115,45,139,55,16,6,30,12,15,6,36,14,36,14,32,13,41,16,48,19,13,15,6,15,20,15,14,17,3,15,9,21,16,17,27,31
2019,7,LVDPA0358,128,64,50,64,50,5,4,10,8,7,5,29,23,15,12,22,17,14,11,26,20,2,8,4,15,11,13,5,6,3,2,3,14,4,9,9,20
2019,7,LVDPA0359,299,142,47,157,53,13,4,27,9,34,11,47,16,35,12,39,13,52,17,52,17,4,12,22,26,20,18,25,15,9,15,12,21,15,21,27,37
2019,7,LVDPA0360,310,149,48,161,52,16,5,20,6,40,13,39,13,31,10,58,19,61,20,45,15,8,12,21,22,16,28,30,12,8,8,19,17,15,30,31,33
2019,7,LVDPA0361,157,79,50,78,50,13,8,11,7,17,11,27,17,4,3,24,15,33,21,28,18,10,4,9,17,2,11,16,10,3,7,8,10,2,13,17,18
2019,7,LVDPA0362,142,65,46,77,54,1,1,9,6,4,3,18,13,13,9,27,19,28,20,42,30,0,6,2,4,8,16,14,15,1,3,2,14,5,11,14,27
2019,7,LVDPA0363,77,38,49,39,51,5,6,4,5,6,8,10,13,13,17,12,16,12,16,15,19,2,4,3,5,7,7,6,4,3,0,3,5,6,5,6,11
2019,7,LVDPA0364,144,64,44,80,56,14,10,15,10,19,13,21,15,17,12,18,13,23,16,17,12,7,4,10,13,7,8,10,5,7,11,9,8,10,10,13,12
2019,7,LVDPA0365,243,110,45,133,55,17,7,18,7,34,14,39,16,27,11,46,19,24,10,38,16,9,7,16,22,12,24,7,13,8,11,18,17,15,22,17,25
2019,7,LVDPA0366,74,31,42,43,58,5,7,7,9,11,15,7,9,12,16,8,11,11,15,13,18,3,2,6,3,8,2,5,2,2,5,5,4,4,6,6,11
2019,7,LVDPA0367,84,40,48,44,52,6,7,9,11,9,11,8,10,9,11,16,19,13,15,14,17,4,5,3,2,4,9,7,6,2,4,6,6,5,7,6,8
2019,7,LVDPA0368,895,418,47,477,53,79,9,87,10,90,10,124,14,115,13,129,14,107,12,164,18,48,43,43,69,57,60,48,50,31,44,47,55,58,69,59,114
2019,7,LVDPA0369,268,122,46,146,54,16,6,17,6,28,10,43,16,36,13,41,15,49,18,38,14,12,7,12,23,16,21,22,9,4,10,16,20,20,20,27,29
2019,7,LVDPA0370,248,119,48,129,52,18,7,27,11,33,13,34,14,37,15,29,12,35,14,35,14,11,13,17,22,19,11,14,12,7,14,16,12,18,18,21,23
2019,7,LVDPA0371,226,116,51,110,49,17,8,21,9,34,15,27,12,37,16,32,14,23,10,35,15,9,12,23,14,20,18,11,9,8,9,11,13,17,14,12,26
2019,7,LVDPA0372,297,155,52,142,48,23,8,38,13,36,12,42,14,37,12,44,15,32,11,45,15,13,24,21,23,20,19,17,18,10,14,15,19,17,25,15,27
2019,7,LVDPA0373,128,61,48,67,52,15,12,10,8,16,13,16,13,17,13,18,14,14,11,22,17,10,4,5,9,8,10,7,8,5,6,11,7,9,8,7,14
2019,7,LVDPA0374,1718,757,44,961,56,175,10,163,9,168,10,231,13,205,12,218,13,282,16,276,16,86,83,80,117,87,98,122,84,89,80,88,114,118,120,160,192
2019,7,LVDPA0375,256,126,49,130,51,12,5,19,7,25,10,46,18,27,11,46,18,35,14,46,18,8,9,11,29,11,23,19,16,4,10,14,17,16,23,16,30
2019,7,LVDPA0376,144,66,46,78,54,3,2,14,10,17,12,19,13,16,11,22,15,20,14,33,23,2,7,6,13,5,13,10,10,1,7,11,6,11,9,10,23
2019,7,LVDPA0377,173,83,48,90,52,9,5,10,6,25,14,22,13,25,14,23,13,30,17,29,17,3,3,9,12,16,13,14,13,6,7,16,10,9,10,16,16
2019,7,LVDPA0378,243,122,50,121,50,25,10,30,12,24,10,33,14,33,14,30,12,32,13,36,15,11,19,14,17,15,16,16,14,14,11,10,16,18,14,16,22
2019,7,LVDPA0379,140,68,49,72,51,6,4,17,12,15,11,17,12,17,12,15,11,24,17,29,21,3,10,6,13,10,7,13,6,3,7,9,4,7,8,11,23
2019,7,LVDPA0382,1290,609,47,681,53,121,9,92,7,123,10,185,14,198,15,195,15,180,14,196,15,56,50,66,107,104,88,85,53,65,42,57,78,94,107,95,143
2019,7,LVDPA0383,460,209,45,251,55,46,10,29,6,36,8,79,17,60,13,63,14,79,17,68,15,27,8,22,42,32,29,30,19,19,21,14,37,28,34,49,49
2019,7,LVDPA0384,237,106,45,131,55,7,3,26,11,23,10,28,12,23,10,46,19,30,13,54,23,2,12,12,18,11,23,11,17,5,14,11,10,12,23,19,37
2019,7,LVDPA0386,193,103,53,90,47,6,3,11,6,20,10,30,16,23,12,27,14,34,18,42,22,3,9,11,18,17,13,17,15,3,2,9,12,6,14,17,27
2019,7,LVDPA0387,184,90,49,94,51,10,5,9,5,16,9,27,15,27,15,27,15,31,17,37,20,7,1,10,15,18,12,14,13,3,8,6,12,9,15,17,24
2019,7,LVDPA0388,103,53,51,50,49,3,3,6,6,16,16,12,12,5,5,23,22,20,19,18,17,1,3,11,6,1,12,12,7,2,3,5,6,4,11,8,11
2019,7,LVDPA0389,148,67,45,81,55,14,9,8,5,12,8,21,14,20,14,20,14,22,15,31,21,6,4,5,11,9,10,9,13,8,4,7,10,11,10,13,18
2019,7,LVDPA0391,197,92,47,105,53,9,5,15,8,30,15,24,12,23,12,28,14,22,11,46,23,6,8,12,15,14,13,8,16,3,7,18,9,9,15,14,30
2019,7,LVDPA0392,116,51,44,65,56,12,10,8,7,10,9,15,13,17,15,19,16,16,14,19,16,5,4,4,10,11,8,6,3,7,4,6,5,6,11,10,16
2019,7,LVDPA0393,532,267,50,265,50,32,6,45,8,56,11,75,14,60,11,84,16,74,14,106,20,19,28,33,44,31,37,40,35,13,17,23,31,29,47,34,71
2019,7,LVDPA0394,627,319,51,308,49,46,7,45,7,74,12,82,13,84,13,90,14,100,16,106,17,29,24,42,50,43,45,52,34,17,21,32,32,41,45,48,72
2019,7,LVDPA0395,271,131,48,140,52,21,8,19,7,22,8,32,12,25,9,55,20,48,18,49,18,16,11,12,13,15,26,26,12,5,8,10,19,10,29,22,37
2019,7,LVDPA0396,433,230,53,203,47,33,8,46,11,30,7,72,17,56,13,56,13,57,13,83,19,22,27,15,49,32,28,28,29,11,19,15,23,24,28,29,54
2019,7,LVDPA0397,334,159,48,175,52,25,7,22,7,40,12,59,18,27,8,50,15,54,16,57,17,13,12,23,31,18,21,24,17,12,10,17,28,9,29,30,40
2019,7,LVDPA0398,200,92,46,108,54,22,11,21,11,23,12,20,10,23,12,19,10,33,17,39,20,10,8,13,8,10,9,17,17,12,13,10,12,13,10,16,22
2019,7,LVDPA0399,159,69,43,90,57,6,4,20,13,21,13,24,15,16,10,20,13,26,16,26,16,3,10,11,9,10,7,14,5,3,10,10,15,6,13,12,21
2019,7,LVDPA0400,291,151,52,140,48,26,9,22,8,30,10,48,16,33,11,42,14,31,11,59,20,16,11,19,25,19,22,16,23,10,11,11,23,14,20,15,36
2019,7,LVDPA0401,194,95,49,99,51,18,9,15,8,20,10,34,18,18,9,26,13,35,18,28,14,12,4,9,21,9,10,21,9,6,11,11,13,9,16,14,19
2019,7,LVDPA0402,211,115,55,96,45,11,5,13,6,27,13,38,18,21,10,40,19,31,15,30,14,6,9,15,29,12,20,13,11,5,4,12,9,9,20,18,19
2019,7,LVDPA0403,167,77,46,90,54,17,10,16,10,14,8,22,13,16,10,26,16,35,21,21,13,8,8,7,12,7,13,15,7,9,8,7,10,9,13,20,14
2019,7,LVDPA0404,337,160,47,177,53,31,9,39,12,22,7,53,16,46,14,34,10,62,18,50,15,14,19,12,26,25,15,30,19,17,20,10,27,21,19,32,31
2019,7,LVDPA0405,170,81,48,89,52,8,5,18,11,16,9,21,12,19,11,24,14,19,11,45,26,4,8,8,10,11,13,9,18,4,10,8,11,8,11,10,27
2019,7,LVDPA0406,261,122,47,139,53,18,7,16,6,33,13,40,15,28,11,38,15,40,15,48,18,7,11,20,23,8,23,16,14,11,5,13,17,20,15,24,34
2019,7,LVDPA0407,400,199,50,201,50,17,4,34,9,44,11,74,19,27,7,65,16,72,18,67,17,10,19,24,44,17,30,32,23,7,15,20,30,10,35,40,44
2019,7,LVDPA0408,247,115,47,132,53,26,11,22,9,20,8,50,20,23,9,24,10,38,15,44,18,11,10,11,29,15,9,19,11,15,12,9,21,8,15,19,33
2019,7,LVDPA0409,148,66,45,82,55,11,7,18,12,18,12,25,17,12,8,20,14,24,16,20,14,8,11,9,11,6,7,9,5,3,7,9,14,6,13,15,15
2019,7,LVDPA0410,311,155,50,156,50,26,8,29,9,50,16,45,14,39,13,53,17,30,10,39,13,14,17,30,25,22,25,12,10,12,12,20,20,17,28,18,29
2019,7,LVDPA0411,816,377,46,439,54,60,7,68,8,56,7,111,14,97,12,112,14,109,13,203,25,36,39,26,62,40,60,55,59,24,29,30,49,57,52,54,144
2019,7,LVDPA0412,268,135,50,133,50,11,4,12,4,19,7,24,9,29,11,29,11,54,20,90,34,7,9,10,16,16,20,25,32,4,3,9,8,13,9,29,58
2019,7,LVDPA0413,1251,644,51,607,49,122,10,133,11,96,8,177,14,174,14,160,13,169,14,220,18,74,73,57,92,94,86,80,88,48,60,39,85,80,74,89,132
2019,7,LVDPA0414,51,27,53,24,47,3,6,2,4,4,8,7,14,6,12,5,10,9,18,15,29,2,2,1,6,3,2,4,7,1,0,3,1,3,3,5,8
2019,7,LVDPA0415,265,121,46,144,54,12,5,27,10,27,10,40,15,37,14,45,17,36,14,41,15,2,12,19,21,18,25,14,10,10,15,8,19,19,20,22,31
2019,7,LVDPA0416,523,264,50,259,50,37,7,42,8,42,8,77,15,76,15,83,16,84,16,82,16,16,16,19,47,44,40,45,37,21,26,23,30,32,43,39,45
2019,7,LVDPA0417,184,77,42,107,58,8,4,12,7,23,13,24,13,8,4,30,16,32,17,47,26,6,5,8,13,1,14,14,16,2,7,15,11,7,16,18,31
2019,7,LVDPA0418,146,72,49,74,51,6,4,7,5,12,8,30,21,12,8,25,17,30,21,24,16,2,3,7,21,6,10,15,8,4,4,5,9,6,15,15,16
2019,7,LVDPA0419,158,81,51,77,49,6,4,7,4,20,13,18,11,24,15,23,15,26,16,34,22,3,2,11,12,14,12,11,16,3,5,9,6,10,11,15,18
2019,7,LVDPA0420,63,24,38,39,62,7,11,3,5,12,19,9,14,0,0,4,6,10,16,18,29,2,0,5,4,0,1,4,8,5,3,7,5,0,3,6,10
2019,7,LVDPA0422,477,216,45,261,55,30,6,38,8,48,10,63,13,50,10,73,15,58,12,117,25,19,13,26,33,24,35,29,37,11,25,22,30,26,38,29,80
2019,7,LVDPA0423,89,48,54,41,46,5,6,1,1,11,12,10,11,9,10,16,18,21,24,16,18,1,1,6,7,6,9,13,5,4,0,5,3,3,7,8,11
2019,7,LVDPA0424,1451,706,49,745,51,104,7,154,11,141,10,190,13,227,16,239,16,166,11,230,16,55,81,75,91,114,129,77,84,49,73,66,99,113,110,89,146
2019,7,LVDPA0425,539,250,46,289,54,42,8,46,9,68,13,77,14,68,13,78,14,81,15,79,15,20,22,35,40,36,38,36,23,22,24,33,37,32,40,45,56
2019,7,LVDPA0426,165,80,48,85,52,16,10,14,8,20,12,23,14,19,12,18,11,25,15,30,18,10,5,12,15,6,8,14,10,6,9,8,8,13,10,11,20
2019,7,LVDPA0427,348,173,50,175,50,32,9,29,8,26,7,43,12,44,13,37,11,74,21,63,18,16,17,14,22,23,20,38,23,16,12,12,21,21,17,36,40
2019,7,LVDPA0428,53,31,58,22,42,0,0,2,4,3,6,8,15,7,13,11,21,8,15,14,26,0,1,2,7,6,7,3,5,0,1,1,1,1,4,5,9
2019,7,LVDPA0429,216,108,50,108,50,9,4,14,6,27,13,29,13,19,9,34,16,46,21,38,18,4,9,16,17,9,16,23,14,5,5,11,12,10,18,23,24
2019,7,LVDPA0430,260,126,48,134,52,17,7,24,9,37,14,44,17,31,12,48,18,29,11,30,12,6,13,18,24,14,26,14,11,11,11,19,20,17,22,15,19
2019,7,LVDPA0431,293,130,44,163,56,16,5,16,5,25,9,37,13,34,12,50,17,48,16,67,23,5,9,12,20,17,28,17,22,11,7,13,17,17,22,31,45
2019,7,LVDPA0432,255,121,47,134,53,21,8,29,11,29,11,44,17,29,11,31,12,33,13,39,15,11,13,14,25,14,15,15,14,10,16,15,19,15,16,18,25
2019,7,LVDPA0433,217,92,42,125,58,13,6,15,7,15,7,25,12,17,8,38,18,31,14,63,29,8,6,5,13,12,17,12,19,5,9,10,12,5,21,19,44
2019,7,LVDPA0434,129,60,47,69,53,9,7,15,12,14,11,16,12,12,9,17,13,21,16,25,19,7,8,7,8,4,9,8,9,2,7,7,8,8,8,13,16
2019,7,LVDPA0435,143,70,49,73,51,13,9,19,13,18,13,11,8,19,13,19,13,19,13,25,17,3,12,9,7,8,12,11,8,10,7,9,4,11,7,8,17
2019,7,LVDPA0437,224,130,58,94,42,21,9,11,5,23,10,36,16,18,8,38,17,38,17,39,17,14,8,15,26,9,24,22,12,7,3,8,10,9,14,16,27
2019,7,LVDPA0438,359,176,49,183,51,36,10,39,11,35,10,50,14,44,12,51,14,46,13,58,16,24,20,20,27,17,26,23,19,12,19,15,23,27,25,23,39
2019,7,LVDPA0439,57,24,42,33,58,1,2,0,0,5,9,6,11,3,5,15,26,10,18,17,30,1,0,2,4,2,6,3,6,0,0,3,2,1,9,7,11
2019,7,LVDPA0440,360,164,46,196,54,12,3,25,7,48,13,39,11,42,12,53,15,54,15,87,24,4,11,28,24,23,27,25,22,8,14,20,15,19,26,29,65
2019,7,LVDPA0441,300,142,47,158,53,20,7,30,10,39,13,53,18,31,10,43,14,37,12,47,16,12,16,21,26,23,14,15,15,8,14,18,27,8,29,22,32
2019,7,LVDPA0442,221,108,49,113,51,15,7,15,7,28,13,33,15,22,10,34,15,34,15,40,18,9,9,17,20,12,17,13,11,6,6,11,13,10,17,21,29
2019,7,LVDPA0443,61,33,54,28,46,1,2,5,8,4,7,9,15,5,8,9,15,12,20,16,26,1,2,1,5,5,6,6,7,0,3,3,4,0,3,6,9
2019,7,LVDPA0444,202,97,48,105,52,15,7,9,4,15,7,30,15,20,10,36,18,42,21,35,17,6,5,6,18,10,21,20,11,9,4,9,12,10,15,22,24
2019,7,LVDPA0445,128,58,45,70,55,9,7,8,6,20,16,21,16,15,12,21,16,12,9,22,17,4,2,9,8,8,9,6,12,5,6,11,13,7,12,6,10
2019,7,LVDPA0447,63,34,54,29,46,2,3,1,2,5,8,4,6,8,13,13,21,13,21,17,27,1,1,5,1,7,8,6,5,1,0,0,3,1,5,7,12
2019,7,LVDPA0448,202,94,47,108,53,14,7,14,7,25,12,40,20,15,7,40,20,29,14,25,12,5,6,14,22,5,18,15,9,9,8,11,18,10,22,14,16
2019,7,LVDPA0449,227,108,48,119,52,19,8,23,10,21,9,33,15,26,11,36,16,34,15,35,15,9,14,13,13,16,17,14,12,10,9,8,20,10,19,20,23
2019,7,LVDPA0450,58,28,48,30,52,2,3,7,12,6,10,4,7,7,12,9,16,8,14,15,26,2,4,2,0,5,6,2,7,0,3,4,4,2,3,6,8
2019,7,LVDPA0451,206,96,47,110,53,18,9,18,9,29,14,38,18,21,10,28,14,31,15,23,11,8,8,12,23,10,16,11,8,10,10,17,15,11,12,20,15
2019,7,LVDPA0452,74,36,49,38,51,5,7,7,9,12,16,10,14,7,9,8,11,17,23,8,11,3,3,7,4,2,6,8,3,2,4,5,6,5,2,9,5
2019,7,LVDPA0453,350,166,47,184,53,23,7,20,6,29,8,63,18,27,8,59,17,60,17,69,20,11,11,16,37,16,28,23,24,12,9,13,26,11,31,37,45
2019,7,LVDPA0454,81,29,36,52,64,5,6,6,7,8,10,10,12,6,7,11,14,12,15,23,28,3,2,3,4,3,5,4,5,2,4,5,6,3,6,8,18
2019,7,LVDPA0455,779,360,46,419,54,60,8,60,8,87,11,84,11,63,8,112,14,120,15,193,25,25,36,46,43,30,55,58,67,35,24,41,41,33,57,62,126
2019,7,LVDPA0456,186,89,48,97,52,8,4,16,9,14,8,26,14,22,12,29,16,34,18,37,20,6,9,7,12,12,14,15,14,2,7,7,14,10,15,19,23
2019,7,LVDPA0457,228,116,51,112,49,8,4,15,7,31,14,17,7,29,13,43,19,38,17,47,21,6,11,12,12,14,27,20,14,2,4,19,5,15,16,18,33
2019,7,LVDPA0459,180,82,46,98,54,9,5,10,6,24,13,24,13,14,8,31,17,41,23,27,15,3,7,14,13,9,10,17,9,6,3,10,11,5,21,24,18
2019,7,LVDPA0460,198,96,48,102,52,8,4,19,10,19,10,25,13,21,11,38,19,33,17,35,18,5,8,12,15,13,16,15,12,3,11,7,10,8,22,18,23
2019,7,LVDPA0461,197,91,46,106,54,6,3,16,8,36,18,25,13,20,10,31,16,28,14,35,18,1,6,23,17,9,14,11,10,5,10,13,8,11,17,17,25
2019,7,LVDPA0463,148,69,47,79,53,13,9,16,11,12,8,18,12,18,12,18,12,28,19,25,17,8,6,3,7,11,10,14,10,5,10,9,11,7,8,14,15
2019,7,LVDPA0464,199,97,49,102,51,8,4,25,13,22,11,28,14,27,14,26,13,39,20,24,12,2,13,14,16,14,10,22,6,6,12,8,12,13,16,17,18
2019,7,LVDPA0465,149,80,54,69,46,12,8,12,8,21,14,19,13,22,15,20,13,23,15,20,13,6,8,11,13,9,11,13,9,6,4,10,6,13,9,10,11
2019,7,LVDPA0466,257,129,50,128,50,10,4,18,7,19,7,44,17,37,14,33,13,48,19,48,19,2,8,12,29,25,15,25,13,8,10,7,15,12,18,23,35
2019,7,LVDPA0467,73,38,52,35,48,4,5,5,7,5,7,10,14,8,11,9,12,7,10,25,34,2,3,4,5,5,5,4,10,2,2,1,5,3,4,3,15
2019,7,LVDPA0468,202,97,48,105,52,6,3,14,7,20,10,27,13,23,11,33,16,36,18,43,21,3,7,11,13,11,17,18,17,3,7,9,14,12,16,18,26
2019,7,LVDPA0469,245,119,49,126,51,12,5,15,6,40,16,29,12,27,11,40,16,49,20,33,13,7,6,24,16,12,22,24,8,5,9,16,13,15,18,25,25
2019,7,LVDPA0470,149,74,50,75,50,9,6,11,7,22,15,20,13,19,13,19,13,22,15,27,18,5,5,11,11,12,10,10,10,4,6,11,9,7,9,12,17
2019,7,LVDPA0471,122,66,54,56,46,4,3,12,10,15,12,22,18,8,7,29,24,12,10,20,16,3,6,9,12,6,16,5,9,1,6,6,10,2,13,7,11
2019,7,LVDPA0472,228,105,46,123,54,7,3,21,9,26,11,28,12,25,11,36,16,43,19,42,18,2,9,18,12,14,16,22,12,5,12,8,16,11,20,21,30
2019,7,LVDPA0473,196,84,43,112,57,14,7,14,7,22,11,27,14,24,12,27,14,30,15,38,19,8,4,10,14,11,12,13,12,6,10,12,13,13,15,17,26
2019,7,LVDPA0474,447,220,49,227,51,32,7,29,6,49,11,74,17,49,11,67,15,74,17,73,16,16,15,25,45,28,28,37,26,16,14,24,29,21,39,37,47
2019,7,LVDPA0476,100,47,47,53,53,6,6,7,7,7,7,10,10,13,13,16,16,18,18,23,23,1,2,3,7,8,8,7,11,5,5,4,3,5,8,11,12
2019,7,LVDPA0477,179,80,45,99,55,7,4,11,6,21,12,30,17,16,9,33,18,29,16,32,18,4,5,9,15,8,17,15,7,3,6,12,15,8,16,14,25
2019,7,LVDPA0478,194,93,48,101,52,17,9,16,8,23,12,28,14,19,10,33,17,20,10,38,20,7,8,12,16,11,16,9,14,10,8,11,12,8,17,11,24
2019,7,LVDPA0479,238,119,50,119,50,12,5,23,10,35,15,31,13,25,11,32,13,45,19,35,15,8,10,22,15,12,16,25,11,4,13,13,16,13,16,20,24
2019,7,LVDPA0480,181,89,49,92,51,14,8,16,9,9,5,30,17,23,13,25,14,31,17,33,18,6,3,7,17,15,13,14,14,8,13,2,13,8,12,17,19
2019,7,LVDPA0481,226,106,47,120,53,26,12,22,10,25,11,30,13,23,10,23,10,29,13,48,21,12,9,14,18,11,10,15,17,14,13,11,12,12,13,14,31
2019,7,LVDPA0482,124,57,46,67,54,3,2,8,6,6,5,22,18,9,7,20,16,29,23,27,22,1,2,4,11,5,11,13,10,2,6,2,11,4,9,16,17
2019,7,LVDPA0483,91,41,45,50,55,1,1,2,2,13,14,14,15,8,9,11,12,20,22,22,24,1,1,6,10,3,6,7,7,0,1,7,4,5,5,13,15
2019,7,LVDPA0484,251,123,49,128,51,27,11,29,12,30,12,39,16,29,12,30,12,34,14,33,13,16,12,15,21,16,15,17,11,11,17,15,18,13,15,17,22
2019,7,LVDPA0485,259,120,46,139,54,26,10,17,7,28,11,39,15,30,12,46,18,33,13,40,15,13,9,15,21,15,22,15,10,13,8,13,18,15,24,18,30
2019,7,LVDPA0488,149,76,51,73,49,5,3,5,3,14,9,17,11,18,12,19,13,38,26,33,22,4,4,8,8,14,13,13,12,1,1,6,9,4,6,25,21
2019,7,LVDPA0489,161,82,51,79,49,13,8,19,12,10,6,24,15,26,16,18,11,24,15,27,17,9,10,5,14,13,9,12,10,4,9,5,10,13,9,12,17
2019,7,LVDPA0490,148,74,50,74,50,10,7,22,15,19,13,16,11,27,18,20,14,16,11,18,12,8,9,10,9,11,11,10,6,2,13,9,7,16,9,6,12
2019,7,LVDPA0491,355,169,48,186,52,21,6,25,7,47,13,40,11,39,11,53,15,55,15,75,21,10,9,29,23,18,29,28,23,11,16,18,17,21,24,27,52
2019,7,LVDPA0492,136,60,44,76,56,5,4,10,7,12,9,7,5,10,7,20,15,34,25,38,28,3,6,5,2,6,9,16,13,2,4,7,5,4,11,18,25
2019,7,LVDPA0493,70,33,47,37,53,6,9,2,3,11,16,11,16,9,13,12,17,9,13,10,14,4,1,6,8,6,4,3,1,2,1,5,3,3,8,6,9
2019,7,LVDPA0494,51,22,43,29,57,3,6,3,6,5,10,9,18,5,10,7,14,10,20,9,18,2,0,2,4,3,3,6,2,1,3,3,5,2,4,4,7
2019,7,LVDPA0495,158,74,47,84,53,21,13,15,9,21,13,26,16,20,13,26,16,11,7,18,11,14,6,7,11,12,13,4,7,7,9,14,15,8,13,7,11
2019,7,LVDPA0496,344,164,48,180,52,26,8,45,13,32,9,44,13,44,13,45,13,45,13,63,18,11,23,19,26,17,25,23,20,15,22,13,18,27,20,22,43
2019,7,LVDPA0497,185,91,49,94,51,9,5,13,7,10,5,24,13,18,10,38,21,25,14,48,26,5,11,6,14,10,16,12,17,4,2,4,10,8,22,13,31
2019,7,LVDPA0498,74,39,53,35,47,5,7,5,7,8,11,14,19,3,4,15,20,11,15,13,18,3,3,2,10,2,11,6,2,2,2,6,4,1,4,5,11
2019,7,LVDPA0499,1591,695,44,896,56,132,8,108,7,110,7,230,14,220,14,208,13,255,16,328,21,68,47,58,128,106,97,102,89,64,61,52,102,114,111,153,239
2019,7,LVDPA0500,241,108,45,133,55,13,5,29,12,22,9,38,16,32,13,32,13,31,13,44,18,6,14,10,20,21,16,11,10,7,15,12,18,11,16,20,34
2019,7,LVDPA0501,220,115,52,105,48,20,9,21,10,11,5,49,22,20,9,26,12,38,17,35,16,13,12,6,28,12,15,22,7,7,9,5,21,8,11,16,28
2019,7,LVDPA0502,250,132,53,118,47,6,2,22,9,32,13,37,15,31,12,40,16,47,19,35,14,6,13,15,29,16,19,25,9,0,9,17,8,15,21,22,26
2019,7,LVDPA0503,232,107,46,125,54,10,4,13,6,20,9,24,10,23,10,45,19,33,14,64,28,5,7,11,14,13,21,14,22,5,6,9,10,10,24,19,42
2019,7,LVDPA0504,212,101,48,111,52,13,6,20,9,23,11,38,18,24,11,32,15,28,13,34,16,6,10,13,20,14,12,17,9,7,10,10,18,10,20,11,25
2019,7,LVDPA0505,72,35,49,37,51,6,8,2,3,10,14,7,10,2,3,8,11,18,25,19,26,4,2,3,5,1,1,11,8,2,0,7,2,1,7,7,11
2019,7,LVDPA0506,279,130,47,149,53,29,10,19,7,22,8,53,19,25,9,34,12,45,16,52,19,15,13,11,27,13,12,23,16,14,6,11,26,12,22,22,36
2019,7,LVDPA0507,219,110,50,109,50,18,8,21,10,15,7,33,15,38,17,25,11,32,15,37,17,13,9,6,18,20,17,15,12,5,12,9,15,18,8,17,25
2019,7,LVDPA0508,155,79,51,76,49,2,1,16,10,16,10,12,8,19,12,29,19,32,21,29,19,1,6,11,7,11,15,17,11,1,10,5,5,8,14,15,18
2019,7,LVDPA0509,285,143,50,142,50,19,7,18,6,30,11,45,16,38,13,42,15,47,16,46,16,8,9,16,25,25,19,23,18,11,9,14,20,13,23,24,28
2019,7,LVDPA0510,125,63,50,62,50,5,4,8,6,18,14,13,10,10,8,24,19,18,14,29,23,4,5,8,9,5,11,10,11,1,3,10,4,5,13,8,18
2019,7,LVDPA0511,53,23,43,30,57,0,0,10,19,10,19,6,11,4,8,8,15,5,9,10,19,0,5,4,2,2,4,2,4,0,5,6,4,2,4,3,6
2019,7,LVDPA0512,265,132,50,133,50,15,6,29,11,35,13,32,12,36,14,34,13,39,15,45,17,8,15,23,17,18,19,19,13,7,14,12,15,18,15,20,32
2019,7,LVDPA0513,95,45,47,50,53,4,4,5,5,7,7,8,8,13,14,8,8,26,27,24,25,3,2,2,6,8,4,13,7,1,3,5,2,5,4,13,17
2019,7,LVDPA0514,51,26,51,25,49,5,10,3,6,4,8,5,10,4,8,11,22,8,16,11,22,3,1,3,3,3,4,6,3,2,2,1,2,1,7,2,8
2019,7,LVDPA0515,345,169,49,176,51,17,5,31,9,32,9,59,17,51,15,36,10,74,21,45,13,10,14,18,35,30,15,34,13,7,17,14,24,21,21,40,32
2019,7,LVDPA0516,86,47,55,39,45,7,8,6,7,3,3,9,10,12,14,13,15,12,14,24,28,5,6,1,6,6,10,5,8,2,0,2,3,6,3,7,16
2019,7,LVDPA0517,357,167,47,190,53,30,8,28,8,58,16,40,11,50,14,47,13,40,11,64,18,15,12,31,19,30,25,15,20,15,16,27,21,20,22,25,44
2019,7,LVDPA0518,659,313,47,346,53,52,8,63,10,70,11,79,12,129,20,70,11,96,15,100,15,23,34,29,47,71,33,34,42,29,29,41,32,58,37,62,58
2019,7,LVDPA0519,463,228,49,235,51,37,8,44,10,61,13,76,16,56,12,55,12,60,13,74,16,19,25,33,40,30,31,27,23,18,19,28,36,26,24,33,51
2019,7,LVDPA0521,106,53,50,53,50,6,6,6,6,8,8,9,8,15,14,13,12,21,20,28,26,1,4,4,5,10,8,12,9,5,2,4,4,5,5,9,19
2019,7,LVDPA0522,98,44,45,54,55,12,12,6,6,7,7,13,13,12,12,10,10,16,16,22,22,6,5,1,5,7,4,8,8,6,1,6,8,5,6,8,14
2019,7,LVDPA0523,262,122,47,140,53,14,5,23,9,28,11,35,13,21,8,44,17,36,14,61,23,10,8,17,21,13,19,15,19,4,15,11,14,8,25,21,42
2019,7,LVDPA0524,56,29,52,27,48,5,9,3,5,6,11,9,16,9,16,6,11,8,14,10,18,4,1,1,6,5,4,4,4,1,2,5,3,4,2,4,6
2019,7,LVDPA0525,141,70,50,71,50,5,4,7,5,12,9,14,10,15,11,24,17,36,26,28,20,2,3,6,9,8,14,19,9,3,4,6,5,7,10,17,19
2019,7,LVDPA0526,383,178,46,205,54,26,7,25,7,32,8,59,15,39,10,51,13,75,20,76,20,15,13,17,31,21,23,32,26,11,12,15,28,18,28,43,50
2019,7,LVDPA0527,310,149,48,161,52,17,5,31,10,26,8,53,17,36,12,43,14,46,15,58,19,10,11,16,29,23,20,25,15,7,20,10,24,13,23,21,43
2019,7,LVDPA0528,166,80,48,86,52,8,5,13,8,16,10,23,14,24,14,35,21,20,12,27,16,5,9,11,11,13,15,9,7,3,4,5,12,11,20,11,20
2019,7,LVDPA0529,180,84,47,96,53,10,6,24,13,9,5,32,18,22,12,21,12,30,17,32,18,4,11,5,18,12,10,16,8,6,13,4,14,10,11,14,24
2019,7,LVDPA0531,216,104,48,112,52,16,7,12,6,29,13,27,13,29,13,31,14,31,14,41,19,7,6,15,15,17,18,13,13,9,6,14,12,12,13,18,28
2019,7,LVDPA0532,253,115,45,138,55,16,6,20,8,26,10,39,15,28,11,33,13,43,17,48,19,11,9,9,18,14,14,23,17,5,11,17,21,14,19,20,31
2019,7,LVDPA0533,237,120,51,117,49,17,7,12,5,30,13,44,19,16,7,39,16,52,22,27,11,14,6,17,25,8,18,25,7,3,6,13,19,8,21,27,20
2019,7,LVDPA0534,484,225,46,259,54,37,8,38,8,44,9,82,17,46,10,72,15,71,15,94,19,16,21,23,43,20,31,30,41,21,17,21,39,26,41,41,53
2019,7,LVDPA0535,60,30,50,30,50,1,2,3,5,3,5,9,15,4,7,15,25,9,15,16,27,0,3,1,4,3,8,5,6,1,0,2,5,1,7,4,10
2019,7,LVDPA0536,94,44,47,50,53,4,4,6,6,15,16,7,7,4,4,20,21,14,15,24,26,1,2,8,1,3,10,10,9,3,4,7,6,1,10,4,15
2019,7,LVDPA0537,342,149,44,193,56,16,5,27,8,24,7,49,14,36,11,38,11,76,22,76,22,7,12,16,32,18,14,27,23,9,15,8,17,18,24,49,53
2019,7,LVDPA0538,1082,458,42,624,58,54,5,73,7,94,9,85,8,103,10,110,10,197,18,366,34,24,35,53,41,57,51,84,113,30,38,41,44,46,59,113,253
2019,7,LVDPA0539,187,98,52,89,48,22,12,11,6,18,10,28,15,25,13,26,14,28,15,29,16,14,6,10,19,9,17,12,11,8,5,8,9,16,9,16,18
2019,7,LVDPA0540,56,22,39,34,61,8,14,3,5,5,9,5,9,8,14,5,9,11,20,11,20,2,2,2,1,5,3,5,2,6,1,3,4,3,2,6,9
2019,7,LVDPA0541,105,58,55,47,45,6,6,5,5,15,14,12,11,9,9,19,18,18,17,21,20,3,5,11,8,6,9,11,5,3,0,4,4,3,10,7,16
2019,7,LVDPA0543,394,173,44,221,56,42,11,31,8,36,9,52,13,58,15,46,12,53,13,76,19,18,16,19,27,29,22,21,21,24,15,17,25,29,24,32,55
2019,7,LVDPA0544,452,230,51,222,49,50,11,61,13,42,9,44,10,92,20,74,16,37,8,52,12,29,33,21,25,49,36,15,22,21,28,21,19,43,38,22,30
2019,7,LVDPA0545,405,181,45,224,55,33,8,28,7,34,8,56,14,41,10,59,15,60,15,94,23,16,9,17,32,28,24,26,29,17,19,17,24,13,35,34,65
2019,7,LVDPA0546,209,91,44,118,56,13,6,13,6,22,11,13,6,18,9,26,12,25,12,79,38,8,4,9,5,9,11,16,29,5,9,13,8,9,15,9,50
2019,7,LVDPA0547,253,109,43,144,57,18,7,25,10,39,15,22,9,32,13,31,12,33,13,53,21,5,11,12,15,13,19,18,16,13,14,27,7,19,12,15,37
2019,7,LVDPA0548,325,155,48,170,52,25,8,32,10,33,10,65,20,20,6,52,16,45,14,53,16,12,15,18,36,12,26,22,14,13,17,15,29,8,26,23,39
2019,7,LVDPA0549,146,70,48,76,52,7,5,10,7,10,7,11,8,12,8,16,11,25,17,55,38,5,4,5,7,5,8,17,19,2,6,5,4,7,8,8,36
2019,7,LVDPA0550,222,100,45,122,55,16,7,21,9,21,9,31,14,23,10,26,12,45,20,39,18,6,9,13,15,12,11,21,13,10,12,8,16,11,15,24,26
2019,7,LVDPA0551,416,186,45,230,55,36,9,44,11,44,11,59,14,46,11,48,12,50,12,89,21,19,25,27,28,21,24,21,21,17,19,17,31,25,24,29,68
2019,7,LVDPA0553,50,27,54,23,46,2,4,4,8,6,12,5,10,5,10,9,18,7,14,12,24,1,2,4,3,4,7,3,3,1,2,2,2,1,2,4,9
2019,7,LVDPA0554,246,127,52,119,48,23,9,20,8,28,11,39,16,32,13,43,17,29,12,32,13,9,9,16,24,18,22,17,12,14,11,12,15,14,21,12,20
2019,7,LVDPA0555,135,66,49,69,51,14,10,8,6,13,10,24,18,13,10,21,16,21,16,21,16,6,4,6,13,9,14,9,5,8,4,7,11,4,7,12,16
2019,7,LVDPA0556,67,34,51,33,49,5,7,6,9,6,9,10,15,10,15,11,16,6,9,13,19,2,5,2,6,7,6,2,4,3,1,4,4,3,5,4,9
2019,7,LVDPA0557,595,267,45,328,55,56,9,49,8,68,11,78,13,73,12,74,12,91,15,106,18,27,27,33,40,39,36,38,27,29,22,35,38,34,38,53,79
2019,7,LVDPA0558,337,163,48,174,52,22,7,20,6,35,10,48,14,26,8,45,13,47,14,94,28,10,10,23,26,12,24,24,34,12,10,12,22,14,21,23,60
2019,7,LVDPA0559,59,26,44,33,56,1,2,4,7,9,15,8,14,3,5,16,27,11,19,7,12,1,2,5,4,2,6,5,1,0,2,4,4,1,10,6,6
2019,7,LVDPA0560,346,156,45,190,55,19,5,38,11,37,11,51,15,52,15,41,12,59,17,49,14,10,18,19,22,27,17,23,20,9,20,18,29,25,24,36,29
2019,7,LVDPA0561,158,76,48,82,52,10,6,13,8,14,9,27,17,24,15,25,16,15,9,30,19,3,4,6,18,13,15,5,12,7,9,8,9,11,10,10,18
2019,7,LVDPA0562,119,58,49,61,51,8,7,9,8,11,9,14,12,7,6,26,22,15,13,29,24,6,2,6,8,3,13,7,13,2,7,5,6,4,13,8,16
2019,7,LVDPA0563,177,77,44,100,56,10,6,10,6,28,16,16,9,19,11,26,15,27,15,41,23,6,2,12,12,6,14,10,15,4,8,16,4,13,12,17,26
2019,7,LVDPA0565,113,56,50,57,50,8,7,5,4,14,12,13,12,15,13,19,17,22,19,17,15,6,4,7,8,7,7,11,6,2,1,7,5,8,12,11,11
2019,7,LVDPA0566,394,192,49,202,51,30,8,31,8,57,14,59,15,50,13,57,14,52,13,58,15,16,17,30,32,26,32,26,13,14,14,27,27,24,25,26,45
2019,7,LVDPA0567,54,32,59,22,41,2,4,6,11,9,17,4,7,7,13,8,15,6,11,12,22,2,6,6,2,2,4,5,5,0,0,3,2,5,4,1,7
2019,7,LVDPA0568,104,43,41,61,59,7,7,8,8,8,8,16,15,9,9,13,13,18,17,25,24,4,4,5,6,5,6,4,9,3,4,3,10,4,7,14,16
2019,7,LVDPA0569,182,89,49,93,51,12,7,12,7,22,12,24,13,22,12,31,17,20,11,39,21,4,6,15,13,11,19,8,13,8,6,7,11,11,12,12,26
2019,7,LVDPA0570,401,199,50,202,50,32,8,40,10,37,9,53,13,54,13,45,11,57,14,83,21,17,28,25,35,27,20,24,23,15,12,12,18,27,25,33,60
2019,7,LVDPA0571,336,162,48,174,52,27,8,24,7,38,11,50,15,36,11,58,17,47,14,56,17,14,11,20,28,19,29,23,18,13,13,18,22,17,29,24,38
2019,7,LVDPA0572,221,107,48,114,52,24,11,21,10,16,7,43,19,22,10,26,12,31,14,38,17,13,15,8,18,12,13,16,12,11,6,8,25,10,13,15,26
2019,7,LVDPA0573,195,91,47,104,53,11,6,20,10,20,10,30,15,25,13,23,12,31,16,35,18,5,9,10,16,11,12,14,14,6,11,10,14,14,11,17,21
2019,7,LVDPA0574,197,102,52,95,48,11,6,12,6,23,12,27,14,36,18,24,12,27,14,37,19,6,5,13,18,20,17,13,10,5,7,10,9,16,7,14,27
2019,7,LVDPA0575,324,156,48,168,52,21,6,28,9,31,10,44,14,36,11,50,15,48,15,66,20,11,14,20,24,18,23,22,24,10,14,11,20,18,27,26,42
2019,7,LVDPA0577,353,175,50,178,50,20,6,35,10,34,10,52,15,49,14,43,12,58,16,62,18,9,16,19,31,27,19,34,20,11,19,15,21,22,24,24,42
2019,7,LVDPA0578,473,218,46,255,54,16,3,38,8,74,16,48,10,53,11,70,15,87,18,87,18,10,23,34,26,27,33,39,26,6,15,40,22,26,37,48,61
2019,7,LVDPA0579,456,225,49,231,51,30,7,45,10,55,12,62,14,76,17,57,13,64,14,67,15,14,25,28,35,43,31,27,22,16,20,27,27,33,26,37,45
2019,7,LVDPA0580,103,51,50,52,50,9,9,8,8,15,15,9,9,10,10,18,17,13,13,21,20,7,3,10,4,6,9,7,5,2,5,5,5,4,9,6,16
2019,7,LVDPA0581,57,30,53,27,47,1,2,1,2,8,14,3,5,9,16,9,16,17,30,9,16,1,1,4,2,5,7,7,3,0,0,4,1,4,2,10,6
2019,7,LVDPA0582,350,164,47,186,53,26,7,22,6,52,15,41,12,35,10,60,17,49,14,65,19,16,13,21,27,15,32,17,23,10,9,31,14,20,28,32,42
2019,7,LVDPA0583,197,92,47,105,53,23,12,9,5,27,14,31,16,14,7,34,17,30,15,29,15,12,5,12,13,8,19,11,12,11,4,15,18,6,15,19,17
2019,7,LVDPA0584,282,135,48,147,52,25,9,35,12,26,9,38,13,34,12,49,17,30,11,45,16,14,18,14,18,18,27,13,13,11,17,12,20,16,22,17,32
2019,7,LVDPA0585,452,220,49,232,51,31,7,49,11,75,17,57,13,54,12,63,14,61,13,62,14,19,27,37,29,28,25,32,23,12,22,38,28,26,38,29,39
2019,7,LVDPA0586,63,30,48,33,52,4,6,4,6,5,8,7,11,7,11,7,11,14,22,15,24,2,1,5,4,3,3,6,6,2,3,0,3,4,4,8,9
2019,7,LVDPA0587,345,162,47,183,53,26,8,29,8,33,10,58,17,38,11,40,12,67,19,54,16,11,12,20,30,22,15,33,19,15,17,13,28,16,25,34,35
2019,7,LVDPA0588,191,91,48,100,52,11,6,14,7,17,9,40,21,17,9,44,23,25,13,23,12,6,5,7,22,10,21,13,7,5,9,10,18,7,23,12,16
2019,7,LVDPA0589,163,87,53,76,47,6,4,13,8,28,17,18,11,20,12,33,20,17,10,28,17,4,7,17,14,9,17,9,10,2,6,11,4,11,16,8,18
2019,7,LVDPA0590,213,107,50,106,50,15,7,14,7,18,8,34,16,19,9,41,19,35,16,37,17,4,6,11,23,17,18,15,13,11,8,7,11,2,23,20,24
2019,7,LVDPA0591,256,129,50,127,50,12,5,14,5,26,10,33,13,34,13,48,19,47,18,42,16,5,10,17,21,17,22,27,10,7,4,9,12,17,26,20,32
2019,7,LVDPA0592,164,79,48,85,52,15,9,14,9,21,13,15,9,19,12,25,15,23,14,32,20,7,8,12,6,12,13,12,9,8,6,9,9,7,12,11,23
2019,7,LVDPA0593,64,30,47,34,53,4,6,3,5,8,13,9,14,7,11,10,16,11,17,12,19,2,1,2,6,4,4,7,4,2,2,6,3,3,6,4,8
2019,7,LVDPA0594,109,56,51,53,49,0,0,0,0,0,0,5,5,20,18,23,21,29,27,32,29,0,0,0,2,12,15,16,11,0,0,0,3,8,8,13,21
2019,7,LVDPA0595,214,107,50,107,50,7,3,21,10,23,11,23,11,38,18,28,13,28,13,46,21,3,11,13,9,25,13,12,21,4,10,10,14,13,15,16,25
2019,7,LVDPA0596,343,155,45,188,55,40,12,35,10,28,8,55,16,57,17,33,10,43,13,52,15,20,11,16,28,29,10,24,17,20,24,12,27,28,23,19,35
2019,7,LVDPA0597,138,70,51,68,49,12,9,9,7,9,7,20,14,17,12,19,14,20,14,32,23,4,4,3,11,14,9,11,14,8,5,6,9,3,10,9,18
2019,7,LVDPA0599,255,130,51,125,49,22,9,19,7,41,16,35,14,27,11,35,14,40,16,36,14,13,9,23,20,18,15,19,13,9,10,18,15,9,20,21,23
2019,7,LVDPA0600,135,72,53,63,47,5,4,13,10,39,29,16,12,13,10,22,16,10,7,17,13,1,8,25,10,6,12,7,3,4,5,14,6,7,10,3,14
2019,7,LVDPA0601,56,29,52,27,48,4,7,8,14,5,9,8,14,8,14,7,13,10,18,6,11,4,5,2,4,3,4,5,2,0,3,3,4,5,3,5,4
2019,7,LVDPA0603,368,166,45,202,55,33,9,25,7,42,11,59,16,39,11,47,13,56,15,67,18,19,12,20,31,16,23,26,19,14,13,22,28,23,24,30,48
2019,7,LVDPA0604,290,128,44,162,56,22,8,21,7,34,12,41,14,38,13,36,12,50,17,48,17,7,11,12,24,19,15,23,17,15,10,22,17,19,21,27,31
2019,7,LVDPA0605,263,124,47,139,53,16,6,22,8,34,13,29,11,44,17,38,14,38,14,42,16,9,13,10,19,22,18,17,16,7,9,24,10,22,20,21,26
2019,7,LVDPA0606,185,96,52,89,48,12,6,17,9,23,12,35,19,17,9,27,15,19,10,35,19,4,13,14,24,8,14,5,14,8,4,9,11,9,13,14,21
2019,7,LVDPA0607,150,66,44,84,56,8,5,12,8,18,12,18,12,9,6,29,19,20,13,36,24,1,4,10,6,6,15,10,14,7,8,8,12,3,14,10,22
2019,7,LVDPA0608,220,102,46,118,54,12,5,17,8,23,10,20,9,24,11,26,12,30,14,68,31,4,9,13,11,13,12,13,27,8,8,10,9,11,14,17,41
2019,7,LVDPA0609,130,65,50,65,50,5,4,4,3,13,10,21,16,11,8,30,23,30,23,16,12,4,3,6,14,8,10,15,5,1,1,7,7,3,20,15,11
2019,7,LVDPA0610,210,106,50,104,50,21,10,30,14,28,13,25,12,23,11,25,12,27,13,31,15,11,21,12,14,11,11,14,12,10,9,16,11,12,14,13,19
2019,7,LVDPA0611,165,84,51,81,49,12,7,19,12,31,19,16,10,22,13,24,15,22,13,19,12,5,12,20,8,11,12,12,4,7,7,11,8,11,12,10,15
2019,7,LVDPA0612,233,116,50,117,50,18,8,24,10,29,12,30,13,34,15,31,13,32,14,35,15,9,15,18,17,17,14,16,10,9,9,11,13,17,17,16,25
2019,7,LVDPA0614,90,50,56,40,44,8,9,9,10,7,8,17,19,5,6,12,13,8,9,24,27,4,6,4,11,3,6,5,11,4,3,3,6,2,6,3,13
2019,7,LVDPA0615,151,75,50,76,50,6,4,8,5,18,12,24,16,10,7,24,16,19,13,42,28,3,5,12,15,6,9,8,17,3,3,6,9,4,15,11,25
2019,7,LVDPA0616,294,142,48,152,52,24,8,23,8,29,10,50,17,35,12,39,13,55,19,39,13,19,5,13,27,19,20,28,11,5,18,16,23,16,19,27,28
2019,7,LVDPA0617,154,74,48,80,52,9,6,8,5,16,10,27,18,20,13,13,8,43,28,18,12,2,5,10,17,12,5,16,7,7,3,6,10,8,8,27,11
2019,7,LVDPA0618,64,33,52,31,48,3,5,2,3,7,11,12,19,6,9,9,14,11,17,14,22,1,1,4,9,3,3,8,4,2,1,3,3,3,6,3,10
2019,7,LVDPA0620,291,156,54,135,46,17,6,23,8,18,6,41,14,39,13,42,14,41,14,70,24,10,15,7,26,22,27,21,28,7,8,11,15,17,15,20,42
2019,7,LVDPA0621,226,98,43,128,57,17,8,12,5,19,8,32,14,20,9,31,14,38,17,57,25,7,7,12,15,10,13,19,15,10,5,7,17,10,18,19,42
2019,7,LVDPA0622,392,197,50,195,50,32,8,29,7,37,9,67,17,40,10,74,19,61,16,52,13,21,16,19,38,23,32,29,19,11,13,18,29,17,42,32,33
2019,7,LVDPA0623,1031,487,47,544,53,100,10,121,12,74,7,82,8,167,16,109,11,93,9,285,28,50,66,37,39,81,62,49,103,50,55,37,43,86,47,44,182
2019,7,LVDPA0626,142,61,43,81,57,7,5,8,6,11,8,23,16,17,12,21,15,23,16,32,23,4,3,4,11,8,12,11,8,3,5,7,12,9,9,12,24
2019,7,LVDPA0627,86,47,55,39,45,11,13,5,6,8,9,13,15,6,7,12,14,21,24,10,12,6,3,6,7,6,6,8,5,5,2,2,6,0,6,13,5
2019,7,LVDPA0628,271,132,49,139,51,17,6,25,9,34,13,33,12,45,17,37,14,45,17,35,13,7,14,20,21,21,19,21,9,10,11,14,12,24,18,24,26
2019,7,LVDPA0629,67,35,52,32,48,6,9,7,10,10,15,7,10,6,9,12,18,7,10,12,18,4,0,6,6,3,7,4,5,2,7,4,1,3,5,3,7
2019,7,LVDPA0630,177,96,54,81,46,0,0,2,1,7,4,21,12,9,5,21,12,40,23,77,44,0,1,5,15,5,13,24,33,0,1,2,6,4,8,16,44
2019,7,LVDPA0631,277,131,47,146,53,26,9,28,10,35,13,26,9,25,9,41,15,31,11,65,23,13,17,16,17,11,19,18,20,13,11,19,9,14,22,13,45
2019,7,LVDPA0632,485,216,45,269,55,39,8,34,7,47,10,82,17,53,11,53,11,81,17,96,20,20,15,21,46,22,26,31,35,19,19,26,36,31,27,50,61
2019,7,LVDPA0633,790,358,45,432,55,63,8,83,11,76,10,107,14,133,17,101,13,88,11,139,18,32,38,34,49,74,51,30,50,31,45,42,58,59,50,58,89
2019,7,LVDPA0634,402,199,50,203,50,34,8,38,9,47,12,55,14,65,16,52,13,49,12,62,15,19,16,30,34,31,27,21,21,15,22,17,21,34,25,28,41
2019,7,LVDPA0635,1002,441,44,561,56,69,7,67,7,127,13,121,12,130,13,167,17,136,14,185,18,30,36,60,62,57,83,53,60,39,31,67,59,73,84,83,125
2019,7,LVDPA0636,52,30,58,22,42,3,6,2,4,8,15,4,8,9,17,7,13,7,13,12,23,2,2,4,2,5,5,6,4,1,0,4,2,4,2,1,8
2019,7,LVDPA0637,112,53,47,59,53,9,8,11,10,13,12,19,17,11,10,14,13,15,13,20,18,5,6,4,10,7,7,7,7,4,5,9,9,4,7,8,13
2019,7,LVDPA0638,128,61,48,67,52,11,9,11,9,9,7,23,18,9,7,16,13,14,11,35,27,2,8,6,12,4,10,5,14,9,3,3,11,5,6,9,21
2019,7,LVDPA0639,220,103,47,117,53,7,3,16,7,25,11,29,13,25,11,36,16,38,17,44,20,2,6,11,18,13,14,21,18,5,10,14,11,12,22,17,26
2019,7,LVDPA0640,57,26,46,31,54,2,4,2,4,4,7,9,16,4,7,8,14,18,32,10,18,1,1,2,4,4,3,8,3,1,1,2,5,0,5,10,7
2019,7,LVDPA0641,253,128,51,125,49,17,7,32,13,38,15,41,16,34,13,31,12,31,12,29,11,10,16,24,22,17,12,15,12,7,16,14,19,17,19,16,17
2019,7,LVDPA0642,60,32,53,28,47,4,7,9,15,11,18,6,10,9,15,6,10,5,8,10,17,2,4,7,2,6,3,3,5,2,5,4,4,3,3,2,5
2019,7,LVDPA0643,335,158,47,177,53,23,7,23,7,44,13,53,16,40,12,42,13,61,18,49,15,13,8,25,27,24,21,22,18,10,15,19,26,16,21,39,31
2019,7,LVDPA0645,129,72,56,57,44,9,7,8,6,15,12,12,9,18,14,11,9,31,24,25,19,6,6,10,7,12,6,15,10,3,2,5,5,6,5,16,15
2019,7,LVDPA0646,133,65,49,68,51,4,3,13,10,8,6,17,13,20,15,18,14,23,17,30,23,2,7,3,9,12,10,11,11,2,6,5,8,8,8,12,19
2019,7,LVDPA0647,70,32,46,38,54,3,4,5,7,6,9,4,6,13,19,7,10,10,14,22,31,1,2,2,3,7,4,6,7,2,3,4,1,6,3,4,15
2019,7,LVDPA0649,236,108,46,128,54,19,8,20,8,31,13,33,14,22,9,37,16,39,17,35,15,12,9,13,18,13,16,20,7,7,11,18,15,9,21,19,28
2019,7,LVDPA0650,856,400,47,456,53,76,9,83,10,89,10,133,16,109,13,110,13,121,14,135,16,37,45,50,72,56,48,52,40,39,38,39,61,53,62,69,95
2019,7,LVDPA0651,256,117,46,139,54,12,5,22,9,31,12,43,17,39,15,30,12,38,15,41,16,7,11,13,20,19,14,17,16,5,11,18,23,20,16,21,25
2019,7,LVDPA0653,282,124,44,158,56,12,4,16,6,28,10,29,10,26,9,46,16,52,18,73,26,9,10,11,10,15,20,23,26,3,6,17,19,11,26,29,47
2019,7,LVDPA0654,104,52,50,52,50,2,2,9,9,21,20,9,9,10,10,19,18,14,13,20,19,0,4,9,8,5,12,7,7,2,5,12,1,5,7,7,13
2019,7,LVDPA0657,256,126,49,130,51,23,9,25,10,22,9,28,11,34,13,28,11,36,14,60,23,13,16,12,12,22,10,22,19,10,9,10,16,12,18,14,41
2019,7,LVDPA0658,103,48,47,55,53,10,10,0,0,12,12,15,15,8,8,16,16,15,15,27,26,6,0,4,8,3,12,6,9,4,0,8,7,5,4,9,18
2019,7,LVDPA0659,164,86,52,78,48,15,9,21,13,21,13,25,15,26,16,13,8,26,16,17,10,8,15,8,17,11,9,9,9,7,6,13,8,15,4,17,8
2019,7,LVDPA0660,267,123,46,144,54,18,7,28,10,27,10,33,12,26,10,34,13,43,16,58,22,8,14,13,17,13,15,23,20,10,14,14,16,13,19,20,38
2019,7,LVDPA0662,264,125,47,139,53,20,8,14,5,41,16,37,14,21,8,45,17,33,13,53,20,14,9,19,20,10,20,16,17,6,5,22,17,11,25,17,36
2019,7,LVDPA0663,176,88,50,88,50,3,2,9,5,17,10,23,13,10,6,28,16,36,20,50,28,3,6,10,16,1,15,19,18,0,3,7,7,9,13,17,32
2019,7,LVDPA0664,560,272,49,288,51,51,9,55,10,45,8,85,15,88,16,80,14,82,15,74,13,28,28,27,43,44,35,38,29,23,27,18,42,44,45,44,45
2019,7,LVDPA0665,184,81,44,103,56,11,6,21,11,23,13,28,15,16,9,39,21,19,10,27,15,4,11,13,16,8,15,9,5,7,10,10,12,8,24,10,22
2019,7,LVDPA0666,112,56,50,56,50,7,6,14,13,8,7,16,14,11,10,14,13,14,13,28,25,5,9,4,9,5,9,9,6,2,5,4,7,6,5,5,22
2019,7,LVDPA0668,113,57,50,56,50,8,7,8,7,24,21,10,9,15,13,16,14,13,12,19,17,3,4,17,4,7,8,8,6,5,4,7,6,8,8,5,13
2019,7,LVDPA0669,169,78,46,91,54,10,6,15,9,20,12,17,10,22,13,23,14,25,15,37,22,6,8,10,9,12,10,9,14,4,7,10,8,10,13,16,23
2019,7,LVDPA0671,64,28,44,36,56,2,3,5,8,15,23,6,9,5,8,8,13,14,22,9,14,0,1,7,1,3,4,8,4,2,4,8,5,2,4,6,5
2019,7,LVDPA0672,76,41,54,35,46,6,8,5,7,10,13,8,11,10,13,7,9,11,14,19,25,3,3,7,4,7,4,6,7,3,2,3,4,3,3,5,12
2019,7,LVDPA0675,85,39,46,46,54,7,8,8,9,15,18,7,8,16,19,9,11,8,9,15,18,2,2,7,4,9,6,4,5,5,6,8,3,7,3,4,10
2019,7,LVDPA0676,105,48,46,57,54,5,5,10,10,12,11,14,13,14,13,20,19,11,10,19,18,4,4,6,8,9,6,2,9,1,6,6,6,5,14,9,10
2019,7,LVDPA0677,246,105,43,141,57,13,5,13,5,22,9,31,13,34,14,22,9,41,17,70,28,8,7,13,15,18,9,15,20,5,6,9,16,16,13,26,50
2019,7,LVDPA0678,200,99,50,101,51,24,12,21,11,15,8,35,18,21,11,17,9,39,20,28,14,11,10,10,17,12,7,22,10,13,11,5,18,9,10,17,18
2019,7,LVDPA0679,325,156,48,169,52,30,9,32,10,29,9,57,18,45,14,39,12,49,15,44,14,18,13,19,32,23,18,18,15,12,19,10,25,22,21,31,29
2019,7,LVDPA0680,119,55,46,64,54,3,3,10,8,26,22,10,8,12,10,19,16,18,15,21,18,2,4,13,9,6,6,11,4,1,6,13,1,6,13,7,17
2019,7,LVDPA0682,74,34,46,40,54,4,5,7,9,11,15,4,5,11,15,12,16,8,11,17,23,3,2,6,3,4,7,3,6,1,5,5,1,7,5,5,11
2019,7,LVDPA0683,96,50,52,46,48,6,6,8,8,6,6,16,17,9,9,12,13,16,17,23,24,2,5,3,10,5,7,7,11,4,3,3,6,4,5,9,12
2019,7,LVDPA0684,89,49,55,40,45,2,2,1,1,11,12,11,12,7,8,19,21,17,19,21,24,1,1,6,8,3,11,9,10,1,0,5,3,4,8,8,11
2019,7,LVDPA0685,246,125,51,121,49,20,8,16,7,25,10,33,13,31,13,35,14,40,16,46,19,11,9,19,17,14,22,20,13,9,7,6,16,17,13,20,33
2019,7,LVDPA0686,134,62,46,72,54,9,7,5,4,22,16,16,12,12,9,25,19,20,15,25,19,5,4,12,5,7,13,8,8,4,1,10,11,5,12,12,17
2019,7,LVDPA0687,123,63,51,60,49,8,7,13,11,10,8,16,13,14,11,15,12,24,20,23,19,4,8,5,9,7,11,13,6,4,5,5,7,7,4,11,17
2019,7,LVDPA0688,81,40,49,41,51,8,10,4,5,10,12,8,10,14,17,12,15,9,11,16,20,5,2,1,7,9,7,4,5,3,2,9,1,5,5,5,11
2019,7,LVDPA0689,61,29,48,32,52,7,11,7,11,3,5,11,18,6,10,8,13,8,13,11,18,4,3,2,7,3,3,5,2,3,4,1,4,3,5,3,9
2019,7,LVDPA0690,235,119,51,116,49,13,6,19,8,26,11,37,16,26,11,29,12,47,20,38,16,7,10,17,23,14,14,21,13,6,9,9,14,12,15,26,25
2019,7,LVDPA0691,117,64,55,53,45,3,3,7,6,13,11,21,18,15,13,18,15,18,15,22,19,1,6,6,12,10,10,11,8,2,1,7,9,5,8,7,14
2019,7,LVDPA0692,125,58,46,67,54,12,10,14,11,13,10,17,14,19,15,16,13,13,10,21,17,8,6,7,9,6,6,8,8,4,8,6,8,13,10,5,13
2019,7,LVDPA0693,69,35,51,34,49,5,7,3,4,4,6,10,14,7,10,9,13,9,13,22,32,5,1,2,6,3,5,5,8,0,2,2,4,4,4,4,14
2019,7,LVDPA0694,194,85,44,109,56,25,13,17,9,18,9,36,19,22,11,21,11,19,10,36,19,14,10,6,16,14,8,8,9,11,7,12,20,8,13,11,27
2019,7,LVDPA0695,53,25,47,28,53,1,2,3,6,5,9,5,9,5,9,10,19,10,19,14,26,0,0,4,3,5,3,7,3,1,3,1,2,0,7,3,11
2019,7,LVDPA0696,53,23,43,30,57,5,9,4,8,9,17,1,2,10,19,5,9,6,11,13,25,3,1,4,0,5,3,2,5,2,3,5,1,5,2,4,8
2019,7,LVDPA0697,671,317,47,354,53,58,9,35,5,35,5,81,12,88,13,90,13,112,17,172,26,31,16,18,40,40,47,56,69,27,19,17,41,48,43,56,103
2019,7,LVDPA0698,254,128,50,126,50,31,12,30,12,30,12,41,16,35,14,23,9,29,11,35,14,15,18,19,21,16,10,16,13,16,12,11,20,19,13,13,22
2019,7,LVDPA0699,103,47,46,56,54,14,14,11,11,11,11,17,17,12,12,14,14,9,9,15,15,6,8,5,5,7,7,5,4,8,3,6,12,5,7,4,11
2019,7,LVDPA0700,216,109,50,107,50,13,6,15,7,21,10,35,16,28,13,32,15,43,20,29,13,7,8,13,19,20,14,19,9,6,7,8,16,8,18,24,20
2019,7,LVDPA0702,396,198,50,198,50,31,8,37,9,46,12,71,18,39,10,52,13,61,15,59,15,13,21,26,43,19,28,28,20,18,16,20,28,20,24,33,39
2019,7,LVDPA0703,63,32,51,31,49,9,14,1,2,7,11,10,16,3,5,7,11,4,6,22,35,8,1,3,8,1,5,1,5,1,0,4,2,2,2,3,17
2019,7,LVDPA0704,345,165,48,180,52,16,5,20,6,41,12,46,13,44,13,51,15,47,14,80,23,9,9,19,28,20,26,25,29,7,11,22,18,24,25,22,51
2019,7,LVDPA0705,96,48,50,48,50,1,1,8,8,5,5,14,15,8,8,9,9,26,27,25,26,0,4,3,9,6,5,14,7,1,4,2,5,2,4,12,18
2019,7,LVDPA0706,180,91,51,89,49,15,8,21,12,20,11,28,16,15,8,28,16,30,17,23,13,9,11,10,16,6,14,16,9,6,10,10,12,9,14,14,14
2019,7,LVDPA0707,180,88,49,92,51,4,2,17,9,17,9,31,17,11,6,33,18,30,17,37,21,1,7,9,18,8,18,16,11,3,10,8,13,3,15,14,26
2019,7,LVDPA0709,98,53,54,45,46,9,9,9,9,9,9,17,17,9,9,17,17,15,15,13,13,3,5,5,11,4,10,9,6,6,4,4,6,5,7,6,7
2019,7,LVDPA0710,128,69,54,59,46,9,7,9,7,11,9,14,11,14,11,18,14,24,19,29,23,6,6,9,8,9,8,10,13,3,3,2,6,5,10,14,16
2019,7,LVDPA0711,62,30,48,32,52,4,6,3,5,8,13,5,8,4,6,11,18,10,16,17,27,4,1,4,2,2,4,5,8,0,2,4,3,2,7,5,9
2019,7,LVDPA0712,69,38,55,31,45,6,9,6,9,4,6,10,14,7,10,8,12,7,10,21,30,3,5,2,8,4,2,5,9,3,1,2,2,3,6,2,12
2019,7,LVDPA0713,188,97,52,91,48,11,6,21,11,29,15,39,21,16,9,29,15,16,9,27,14,6,15,22,24,6,9,8,7,5,6,7,15,10,20,8,20
2019,7,LVDPA0715,175,87,50,88,50,6,3,13,7,23,13,25,14,22,13,29,17,36,21,21,12,1,7,15,12,11,13,20,8,5,6,8,13,11,16,16,13
2019,7,LVDPA0716,210,111,53,99,47,7,3,13,6,18,9,34,16,24,11,40,19,50,24,24,11,5,9,11,22,16,14,23,11,2,4,7,12,8,26,27,13
2019,7,LVDPA0717,93,44,47,49,53,3,3,9,10,12,13,14,15,11,12,16,17,13,14,15,16,1,6,5,9,3,9,8,3,2,3,7,5,8,7,5,12
2019,7,LVDPA0718,53,25,47,28,53,8,15,2,4,4,8,2,4,12,23,3,6,4,8,18,34,3,2,2,0,7,2,3,6,5,0,2,2,5,1,1,12
2019,7,LVDPA0719,180,79,44,101,56,18,10,16,9,13,7,22,12,19,11,22,12,28,16,42,23,7,9,5,12,8,10,13,15,11,7,8,10,11,12,15,27
2019,7,LVDPA0720,284,142,50,142,50,21,7,26,9,31,11,48,17,29,10,47,17,48,17,34,12,8,15,16,33,16,23,22,9,13,11,15,15,13,24,26,25
2019,7,LVDPA0721,137,68,50,69,50,9,7,10,7,7,5,22,16,22,16,19,14,19,14,29,21,4,6,5,10,15,10,9,9,5,4,2,12,7,9,10,20
2019,7,LVDPA0722,77,42,55,35,45,3,4,3,4,5,6,14,18,4,5,11,14,11,14,26,34,1,1,5,11,2,6,8,8,2,2,0,3,2,5,3,18
2019,7,LVDPA0723,333,163,49,170,51,47,14,33,10,39,12,51,15,35,11,46,14,44,13,38,11,20,16,22,28,17,25,21,14,27,17,17,23,18,21,23,24
2019,7,LVDPA0725,247,123,50,124,50,11,4,24,10,15,6,44,18,24,10,49,20,32,13,48,19,5,15,6,24,15,26,16,16,6,9,9,20,9,23,16,32
2019,7,LVDPA0726,160,77,48,83,52,12,8,12,8,19,12,27,17,17,11,30,19,19,12,24,15,4,6,9,15,11,15,11,6,8,6,10,12,6,15,8,18
2019,7,LVDPA0727,190,86,45,104,55,6,3,19,10,21,11,30,16,15,8,23,12,36,19,40,21,1,7,9,19,7,9,16,18,5,12,12,11,8,14,20,22
2019,7,LVDPA0728,212,106,50,106,50,9,4,13,6,22,10,32,15,19,9,37,17,41,19,39,18,5,7,15,23,9,17,19,11,4,6,7,9,10,20,22,28
2019,7,LVDPA0729,1341,620,46,721,54,116,9,134,10,109,8,166,12,225,17,179,13,141,11,271,20,50,71,48,85,119,88,67,92,66,63,61,81,106,91,74,179
2019,7,LVDPA0731,92,44,48,48,52,16,17,8,9,7,8,22,24,8,9,9,10,9,10,13,14,10,2,4,12,3,5,5,3,6,6,3,10,5,4,4,10
2019,7,LVDPA0732,74,32,43,42,57,1,1,0,0,3,4,5,7,2,3,12,16,15,20,36,49,0,0,1,3,1,7,6,14,1,0,2,2,1,5,9,22
2019,7,LVDPA0733,104,48,46,56,54,11,11,7,7,12,12,15,14,9,9,19,18,13,13,18,17,6,5,6,10,5,8,2,6,5,2,6,5,4,11,11,12
2019,7,LVDPA0734,83,39,47,44,53,5,6,6,7,8,10,20,24,4,5,17,20,14,17,9,11,3,3,3,13,0,9,5,3,2,3,5,7,4,8,9,6
2019,7,LVDPA0735,157,73,46,84,54,13,8,11,7,13,8,19,12,24,15,20,13,20,13,37,24,5,1,10,11,12,14,10,10,8,10,3,8,12,6,10,27
2019,7,LVDPA0736,151,72,48,79,52,8,5,17,11,20,13,29,19,15,10,16,11,21,14,25,17,2,7,9,16,9,6,11,12,6,10,11,13,6,10,10,13
2019,7,LVDPA0737,309,160,52,149,48,20,6,29,9,41,13,50,16,41,13,57,18,31,10,40,13,10,16,19,35,19,30,14,17,10,13,22,15,22,27,17,23
2019,7,LVDPA0739,308,152,49,156,51,19,6,32,10,51,17,54,18,38,12,33,11,45,15,36,12,9,17,27,35,18,14,19,13,10,15,24,19,20,19,26,23
2019,7,LVDPA0740,162,76,47,86,53,15,9,10,6,18,11,22,14,21,13,22,14,29,18,25,15,7,6,9,9,12,11,14,8,8,4,9,13,9,11,15,17
2019,7,LVDPA0741,387,180,47,207,53,47,12,30,8,43,11,56,14,48,12,47,12,50,13,66,17,20,15,23,29,25,23,21,24,27,15,20,27,23,24,29,42
2019,7,LVDPA0742,796,376,47,420,53,95,12,100,13,83,10,81,10,128,16,121,15,72,9,116,15,45,52,43,42,62,60,36,36,50,48,40,39,66,61,36,80
2019,7,LVDPA0743,60,31,52,29,48,2,3,6,10,3,5,6,10,9,15,7,12,12,20,15,25,1,3,1,5,5,2,9,5,1,3,2,1,4,5,3,10
2019,7,LVDPA0744,380,187,49,193,51,28,7,31,8,38,10,43,11,56,15,37,10,62,16,85,22,12,19,20,26,28,20,32,30,16,12,18,17,28,17,30,55
2019,7,LVDPA0745,170,76,45,94,55,13,8,9,5,24,14,23,14,21,12,38,22,12,7,30,18,7,2,10,15,13,15,5,9,6,7,14,8,8,23,7,21
2019,7,LVDPA0746,144,67,47,77,53,6,4,14,10,20,14,20,14,14,10,18,13,23,16,29,20,0,6,11,11,6,9,12,12,6,8,9,9,8,9,11,17
2019,7,LVDPA0748,103,50,49,53,51,5,5,3,3,9,9,15,15,13,13,14,14,20,19,24,23,3,1,5,9,7,8,8,9,2,2,4,6,6,6,12,15
2019,7,LVDPA0749,155,76,49,79,51,10,6,18,12,18,12,13,8,22,14,28,18,16,10,30,19,7,10,12,7,10,14,8,8,3,8,6,6,12,14,8,22
2019,7,LVDPA0752,91,46,51,45,49,4,4,8,9,6,7,19,21,14,15,9,10,11,12,20,22,2,5,1,10,8,7,6,7,2,3,5,9,6,2,5,13
2019,7,LVDPA0754,79,38,48,41,52,3,4,6,8,8,10,15,19,8,10,12,15,9,11,18,23,2,4,3,8,5,6,3,7,1,2,5,7,3,6,6,11
2019,7,LVDPA0755,136,60,44,76,56,10,7,12,9,11,8,22,16,17,13,20,15,15,11,29,21,5,4,5,8,10,12,5,11,5,8,6,14,7,8,10,18
2019,7,LVDPA0756,221,113,51,108,49,16,7,17,8,23,10,34,15,26,12,34,15,38,17,33,15,11,7,16,23,15,17,17,7,5,10,7,11,11,17,21,26
2019,7,LVDPA0757,330,164,50,166,50,22,7,44,13,41,12,45,14,35,11,47,14,35,11,61,18,12,22,26,27,17,20,21,19,10,22,15,18,18,27,14,42
2019,7,LVDPA0758,356,181,51,175,49,15,4,15,4,32,9,47,13,30,8,54,15,89,25,74,21,8,13,16,33,16,28,41,26,7,2,16,14,14,26,48,48
2019,7,LVDPA0759,66,35,53,31,47,2,3,8,12,4,6,6,9,9,14,11,17,9,14,17,26,2,6,3,3,5,6,3,7,0,2,1,3,4,5,6,10
2019,7,LVDPA0760,190,99,52,91,48,19,10,16,8,18,9,30,16,19,10,30,16,30,16,28,15,13,10,9,16,11,17,16,7,6,6,9,14,8,13,14,21
2019,7,LVDPA0761,197,92,47,105,53,16,8,22,11,23,12,25,13,24,12,28,14,22,11,37,19,7,14,15,11,11,13,10,11,9,8,8,14,13,15,12,26
2019,7,LVDPA0762,89,48,54,41,46,10,11,9,10,7,8,16,18,11,12,15,17,8,9,13,15,9,5,3,7,8,8,3,5,1,4,4,9,3,7,5,8
2019,7,LVDPA0763,196,95,48,101,52,11,6,15,8,18,9,29,15,18,9,35,18,26,13,44,22,3,11,8,20,10,16,13,14,8,4,10,9,8,19,13,30
2019,7,LVDPA0765,95,50,53,45,47,5,5,3,3,10,11,15,16,10,11,19,20,20,21,13,14,4,1,6,9,6,12,8,4,1,2,4,6,4,7,12,9
2019,7,LVDPA0766,234,124,53,110,47,16,7,11,5,14,6,39,17,16,7,43,18,39,17,56,24,12,7,9,25,11,19,23,18,4,4,5,14,5,24,16,38
2019,7,LVDPA0767,63,35,56,28,44,5,8,7,11,4,6,12,19,6,10,7,11,14,22,8,13,2,3,3,8,5,4,5,5,3,4,1,4,1,3,9,3
2019,7,LVDPA0768,110,58,53,52,47,8,7,7,6,12,11,20,18,9,8,19,17,15,14,20,18,5,5,6,10,6,9,8,9,3,2,6,10,3,10,7,11
2019,7,LVDPA0769,104,53,51,51,49,6,6,6,6,12,12,7,7,15,14,16,15,20,19,22,21,3,4,8,3,7,9,10,9,3,2,4,4,8,7,10,13
2019,7,LVDPA0770,83,36,43,47,57,11,13,7,8,10,12,13,16,10,12,11,13,9,11,12,14,6,1,6,5,6,6,3,3,5,6,4,8,4,5,6,9
2019,7,LVDPA0771,75,41,55,34,45,2,3,7,9,11,15,11,15,8,11,14,19,10,13,12,16,2,4,5,8,6,6,5,5,0,3,6,3,2,8,5,7
2019,7,LVDPA0772,1128,501,44,627,56,107,9,152,13,136,12,135,12,154,14,166,15,136,12,142,13,51,73,63,59,74,85,52,44,56,79,73,76,80,81,84,98
2019,7,LVDPA0773,87,44,51,43,49,1,1,11,13,8,9,10,11,9,10,17,20,15,17,16,18,0,9,3,6,3,9,8,6,1,2,5,4,6,8,7,10
2019,7,LVDPA0775,443,208,47,235,53,38,9,46,10,48,11,70,16,57,13,51,12,74,17,59,13,20,21,29,34,30,23,33,18,18,25,19,36,27,28,41,41
2019,7,LVDPA0776,82,43,52,39,48,4,5,4,5,7,9,19,23,3,4,18,22,14,17,13,16,4,1,5,13,1,7,8,4,0,3,2,6,2,11,6,9
2019,7,LVDPA0777,322,153,48,169,52,27,8,36,11,47,15,39,12,36,11,34,11,41,13,62,19,11,21,28,21,19,13,19,21,16,15,19,18,17,21,22,41
2019,7,LVDPA0778,73,32,44,41,56,3,4,9,12,7,10,15,21,10,14,16,22,6,8,7,10,2,2,4,8,4,8,2,2,1,7,3,7,6,8,4,5
2019,7,LVDPA0780,58,30,52,28,48,1,2,2,3,7,12,10,17,5,9,16,28,1,2,16,28,1,0,5,9,2,7,1,5,0,2,2,1,3,9,0,11
2019,7,LVDPA0781,334,158,47,176,53,19,6,23,7,31,9,54,16,37,11,46,14,56,17,68,20,8,10,15,34,19,19,25,28,11,13,16,20,18,27,31,40
2019,7,LVDPA0782,216,106,49,110,51,20,9,19,9,29,13,26,12,19,9,41,19,26,12,36,17,11,11,15,13,11,20,13,12,9,8,14,13,8,21,13,24
2019,7,LVDPA0783,236,113,48,123,52,13,6,26,11,30,13,26,11,35,15,31,13,31,13,44,19,5,16,19,13,18,17,12,13,8,10,11,13,17,14,19,31
2019,7,LVDPA0784,176,89,51,87,49,10,6,15,9,17,10,22,13,29,16,22,13,40,23,21,12,5,4,12,14,15,8,19,12,5,11,5,8,14,14,21,9
2019,7,LVDPA0785,234,102,44,132,56,11,5,30,13,30,13,31,13,28,12,23,10,32,14,49,21,7,12,12,17,11,11,15,17,4,18,18,14,17,12,17,32
2019,7,LVDPA0786,144,73,51,71,49,13,9,13,9,14,10,31,22,14,10,13,9,31,22,15,10,10,4,4,19,8,9,14,5,3,9,10,12,6,4,17,10
2019,7,LVDPA0787,54,27,50,27,50,2,4,3,6,9,17,5,9,15,28,5,9,9,17,6,11,1,2,4,1,11,4,3,1,1,1,5,4,4,1,6,5
2019,7,LVDPA0788,341,156,46,185,54,32,9,28,8,30,9,58,17,32,9,54,16,46,13,61,18,18,16,13,35,15,20,17,22,14,12,17,23,17,34,29,39
2019,7,LVDPA0789,135,64,47,71,53,15,11,16,12,10,7,29,21,11,8,13,10,27,20,14,10,5,7,5,16,6,7,13,5,10,9,5,13,5,6,14,9
2019,7,LVDPA0790,204,105,51,99,49,12,6,20,10,28,14,25,12,17,8,39,19,35,17,28,14,5,8,19,16,12,20,16,9,7,12,9,9,5,19,19,19
2019,7,LVDPA0791,283,147,52,136,48,26,9,20,7,32,11,44,16,44,16,41,14,39,14,37,13,19,12,16,22,24,22,19,13,7,8,16,22,20,19,20,24
2019,7,LVDPA0792,219,101,46,118,54,8,4,14,6,28,13,28,13,27,12,37,17,40,18,37,17,4,4,10,18,13,17,21,14,4,10,18,10,14,20,19,23
2019,7,LVDPA0795,244,119,49,125,51,28,11,26,11,24,10,32,13,23,9,27,11,41,17,43,18,17,13,14,14,13,15,19,14,11,13,10,18,10,12,22,29
2019,7,LVDPA0796,299,146,49,153,51,29,10,27,9,38,13,53,18,36,12,45,15,37,12,34,11,19,13,16,32,19,22,15,10,10,14,22,21,17,23,22,24
2019,7,LVDPA0797,64,37,58,27,42,4,6,4,6,4,6,10,16,6,9,9,14,11,17,16,25,4,3,1,8,3,7,6,5,0,1,3,2,3,2,5,11
2019,7,LVDPA0798,66,31,47,35,53,7,11,7,11,4,6,10,15,10,15,1,2,12,18,15,23,4,3,3,5,6,0,5,5,3,4,1,5,4,1,7,10
2019,7,LVDPA0799,106,50,47,56,53,12,11,8,8,11,10,18,17,10,9,19,18,12,11,16,15,4,5,5,10,3,13,5,5,8,3,6,8,7,6,7,11
2019,7,LVDPA0800,162,74,46,88,54,9,6,19,12,13,8,19,12,21,13,11,7,32,20,38,23,3,10,5,10,14,6,13,13,6,9,8,9,7,5,19,25
2019,7,LVDPA0802,105,47,45,58,55,9,9,3,3,9,9,14,13,16,15,16,15,16,15,22,21,4,1,8,6,9,5,6,8,5,2,1,8,7,11,10,14
2019,7,LVDPA0803,80,37,46,43,54,10,13,10,13,12,15,7,9,15,19,8,10,9,11,9,11,4,2,8,3,7,6,4,3,6,8,4,4,8,2,5,6
2019,7,LVDPA0804,53,23,43,30,57,2,4,0,0,9,17,5,9,5,9,15,28,10,19,7,13,0,0,6,1,3,7,6,0,2,0,3,4,2,8,4,7
2019,7,LVDPA0805,94,45,48,49,52,3,3,5,5,15,16,6,6,16,17,13,14,15,16,21,22,2,1,8,4,7,7,9,7,1,4,7,2,9,6,6,14
2019,7,LVDPA0806,142,71,50,71,50,19,13,7,5,13,9,18,13,21,15,11,8,25,18,28,20,12,5,7,9,11,6,12,9,7,2,6,9,10,5,13,19
2019,7,LVDPA0807,198,98,49,100,51,23,12,13,7,21,11,31,16,21,11,30,15,25,13,34,17,15,7,13,17,10,16,13,7,8,6,8,14,11,14,12,27
2019,7,LVDPA0809,219,101,46,118,54,10,5,15,7,23,11,25,11,26,12,42,19,37,17,41,19,4,5,12,12,18,15,19,16,6,10,11,13,8,27,18,25
2019,7,LVDPA0812,159,78,49,81,51,6,4,12,8,13,8,23,14,22,14,19,12,31,19,33,21,5,6,7,12,14,8,14,12,1,6,6,11,8,11,17,21
2019,7,LVDPA0814,169,83,49,86,51,8,5,9,5,24,14,21,12,21,12,23,14,24,14,39,23,2,7,13,13,11,9,13,15,6,2,11,8,10,14,11,24
2019,7,LVDPA0815,103,52,50,51,50,12,12,14,14,6,6,16,16,19,18,10,10,12,12,14,14,7,10,4,8,10,6,6,1,5,4,2,8,9,4,6,13
2019,7,LVDPA0817,87,45,52,42,48,6,7,5,6,10,11,11,13,11,13,9,10,17,20,18,21,3,4,8,7,6,3,9,5,3,1,2,4,5,6,8,13
2019,7,LVDPA0818,175,90,51,85,49,12,7,9,5,21,12,23,13,15,9,27,15,23,13,45,26,8,4,13,16,8,15,9,17,4,5,8,7,7,12,14,28
2019,7,LVDPA0819,346,172,50,174,50,27,8,25,7,59,17,49,14,39,11,62,18,47,14,38,11,15,15,28,27,24,31,18,14,12,10,31,22,15,31,29,24
2019,7,LVDPA0820,58,29,50,29,50,3,5,6,10,2,3,11,19,8,14,2,3,12,21,14,24,3,3,1,5,5,1,6,5,0,3,1,6,3,1,6,9
2019,7,LVDPA0821,52,27,52,25,48,3,6,4,8,3,6,5,10,7,13,10,19,9,17,11,21,1,3,2,4,5,5,3,4,2,1,1,1,2,5,6,7
2019,7,LVDPA0822,332,152,46,180,54,19,6,29,9,45,14,45,14,37,11,50,15,49,15,58,17,12,16,25,18,16,28,23,14,7,13,20,27,21,22,26,44
2019,7,LVDPA0824,1061,474,45,587,55,82,8,91,9,101,10,101,10,114,11,171,16,157,15,244,23,40,54,52,49,55,89,70,65,42,37,49,52,59,82,87,179
2019,7,LVDPA0825,97,51,53,46,47,8,8,7,7,14,14,17,18,11,11,13,13,11,11,16,16,6,3,9,10,6,4,6,7,2,4,5,7,5,9,5,9
2019,7,LVDPA0827,186,86,46,100,54,12,6,13,7,17,9,30,16,19,10,27,15,32,17,36,19,6,7,9,15,11,12,14,12,6,6,8,15,8,15,18,24
2019,7,LVDPA0828,270,128,47,142,53,16,6,21,8,20,7,38,14,37,14,38,14,43,16,57,21,8,11,12,22,22,18,19,16,8,10,8,16,15,20,24,41
2019,7,LVDPA0830,177,89,50,88,50,16,9,12,7,20,11,31,18,28,16,25,14,20,11,25,14,9,5,16,15,15,13,6,10,7,7,4,16,13,12,14,15
2019,7,LVDPA0831,59,29,49,30,51,6,10,2,3,8,14,8,14,3,5,7,12,10,17,15,25,1,2,3,5,2,4,7,5,5,0,5,3,1,3,3,10
2019,7,LVDPA0832,144,71,49,73,51,6,4,7,5,10,7,19,13,11,8,27,19,35,24,29,20,3,4,7,11,7,13,16,10,3,3,3,8,4,14,19,19
2019,7,LVDPA0833,127,65,51,62,49,5,4,16,13,17,13,11,9,25,20,16,13,9,7,28,22,5,11,11,5,11,8,5,9,0,5,6,6,14,8,4,19
2019,7,LVDPA0834,44,21,48,23,52,4,9,3,7,7,16,6,14,3,7,12,27,6,14,3,7,1,1,2,3,2,9,2,1,3,2,5,3,1,3,4,2
2019,7,LVDPA0835,230,106,46,124,54,30,13,13,6,20,9,38,17,27,12,37,16,31,13,34,15,16,3,10,23,15,17,16,6,14,10,10,15,12,20,15,28
2019,7,LVDPA0836,142,68,48,74,52,8,6,12,8,13,9,19,13,24,17,12,8,28,20,26,18,3,5,7,11,12,6,15,9,5,7,6,8,12,6,13,17
2019,7,LVDPA0842,179,92,51,87,49,12,7,16,9,22,12,26,15,26,15,24,13,20,11,33,18,5,12,11,15,18,13,5,13,7,4,11,11,8,11,15,20
2019,7,LVDPA0844,125,62,50,63,50,12,10,11,9,10,8,23,18,12,10,21,17,16,13,20,16,9,6,4,12,6,12,8,5,3,5,6,11,6,9,8,15
2019,7,LVDPA0845,57,36,63,21,37,1,2,3,5,5,9,9,16,7,12,11,19,5,9,16,28,1,3,3,6,5,6,3,9,0,0,2,3,2,5,2,7
2019,7,LVDPA0847,159,80,50,79,50,9,6,20,13,20,13,18,11,22,14,23,14,18,11,29,18,4,13,10,14,7,12,7,13,5,7,10,4,15,11,11,16
2019,7,LVDPA0848,72,37,51,35,49,7,10,6,8,8,11,7,10,12,17,9,13,10,14,13,18,3,5,2,4,7,5,4,7,4,1,6,3,5,4,6,6
2019,7,LVDPA0849,120,66,55,54,45,3,3,2,2,8,7,8,7,16,13,17,14,30,25,36,30,3,0,3,6,11,11,18,14,0,2,5,2,5,6,12,22
2019,7,LVDPA0850,222,104,47,118,53,14,6,19,9,23,10,26,12,39,18,28,13,27,12,46,21,7,9,12,13,25,13,9,16,7,10,11,13,14,15,18,30
2019,7,LVDPA0852,120,61,51,59,49,2,2,5,4,11,9,17,14,10,8,22,18,26,22,27,23,1,4,6,12,6,8,12,12,1,1,5,5,4,14,14,15
2019,7,LVDPA0854,139,67,48,72,52,7,5,12,9,15,11,28,20,15,11,20,14,15,11,27,19,5,6,6,14,9,15,6,6,2,6,9,14,6,5,9,21
2019,7,LVDPA0855,151,73,48,78,52,13,9,17,11,18,12,16,11,16,11,28,19,23,15,20,13,8,8,7,9,9,15,8,9,5,9,11,7,7,13,15,11
2019,7,LVDPA0856,233,107,46,126,54,24,10,26,11,27,12,28,12,34,15,19,8,27,12,48,21,11,15,15,11,14,8,13,20,13,11,12,17,20,11,14,28
2019,7,LVDPA0857,127,61,48,66,52,11,9,20,16,14,11,18,14,15,12,11,9,10,8,28,22,5,7,8,10,9,7,6,9,6,13,6,8,6,4,4,19
2019,7,LVDPA0858,228,110,48,118,52,16,7,16,7,24,11,38,17,38,17,24,11,34,15,38,17,10,8,11,27,17,12,12,13,6,8,13,11,21,12,22,25
2019,7,LVDPA0859,77,40,52,37,48,1,1,9,12,4,5,8,10,12,16,10,13,12,16,21,27,0,5,3,6,7,6,6,7,1,4,1,2,5,4,6,14
2019,7,LVDPA0860,709,333,47,376,53,75,11,48,7,84,12,91,13,80,11,93,13,83,12,155,22,43,25,41,53,40,48,45,38,32,23,43,38,40,45,38,117
2019,7,LVDPA0861,355,174,49,181,51,45,13,50,14,38,11,59,17,46,13,46,13,38,11,33,9,19,24,24,31,21,26,17,12,26,26,14,28,25,20,21,21
2019,7,LVDPA0863,55,31,56,24,44,2,4,4,7,5,9,6,11,9,16,10,18,11,20,8,15,1,2,4,1,7,5,7,4,1,2,1,5,2,5,4,4
2019,7,LVDPA0866,129,62,48,67,52,4,3,6,5,21,16,23,18,11,9,26,20,17,13,21,16,0,2,12,17,6,12,6,7,4,4,9,6,5,14,11,14
2019,7,LVDPA0867,89,43,48,46,52,8,9,3,3,8,9,16,18,7,8,17,19,14,16,16,18,5,1,4,9,2,8,11,3,3,2,4,7,5,9,3,13
2019,7,LVDPA0869,103,52,50,51,50,10,10,7,7,11,11,20,19,14,14,19,18,10,10,12,12,4,4,6,11,5,10,6,6,6,3,5,9,9,9,4,6
2019,7,LVDPA0870,59,30,51,29,49,3,5,3,5,8,14,6,10,4,7,16,27,5,8,14,24,3,1,3,4,1,10,1,7,0,2,5,2,3,6,4,7
2019,7,LVDPA0871,74,35,47,39,53,0,0,9,12,10,14,5,7,8,11,13,18,9,12,20,27,0,6,6,4,5,6,3,5,0,3,4,1,3,7,6,15
2019,7,LVDPA0872,103,49,48,54,52,8,8,9,9,9,9,12,12,10,10,11,11,20,19,24,23,4,3,5,7,5,5,12,8,4,6,4,5,5,6,8,16
2019,7,LVDPA0873,108,45,42,63,58,12,11,9,8,19,18,9,8,13,12,19,18,12,11,15,14,4,3,10,5,5,9,7,2,8,6,9,4,8,10,5,13
2019,7,LVDPA0874,280,139,50,141,50,31,11,22,8,26,9,39,14,32,11,30,11,42,15,58,21,20,14,14,18,19,15,19,20,11,8,12,21,13,15,23,38
2019,7,LVDPA0875,89,43,48,46,52,7,8,11,12,11,12,16,18,5,6,14,16,12,13,13,15,4,5,5,10,2,5,8,4,3,6,6,6,3,9,4,9
2019,7,LVDPA0876,264,120,45,144,55,17,6,14,5,11,4,53,20,26,10,34,13,43,16,66,25,10,6,4,29,16,16,17,22,7,8,7,24,10,18,26,44
2019,7,LVDPA0877,118,55,47,63,53,6,5,6,5,17,14,11,9,14,12,11,9,29,25,24,20,3,3,9,8,7,4,13,8,3,3,8,3,7,7,16,16
2019,7,LVDPA0878,170,87,51,83,49,17,10,10,6,18,11,21,12,20,12,27,16,25,15,32,19,10,5,15,11,11,12,9,14,7,5,3,10,9,15,16,18
2019,7,LVDPA0880,218,107,49,111,51,20,9,25,11,22,10,27,12,20,9,30,14,30,14,44,20,9,14,9,14,10,15,14,22,11,11,13,13,10,15,16,22
2019,7,LVDPA0881,256,119,46,137,54,27,11,16,6,24,9,45,18,31,12,36,14,35,14,42,16,13,9,11,24,14,17,17,14,14,7,13,21,17,19,18,28
2019,7,LVDPA0886,77,42,55,35,45,4,5,8,10,7,9,15,19,9,12,19,25,7,9,8,10,2,6,5,7,5,10,4,3,2,2,2,8,4,9,3,5
2019,7,LVDPA0887,256,133,52,123,48,16,6,22,9,17,7,31,12,35,14,36,14,40,16,59,23,9,14,9,22,21,20,16,22,7,8,8,9,14,16,24,37
2019,7,LVDPA0888,139,60,43,79,57,14,10,12,9,13,9,22,16,22,16,16,12,20,14,20,14,8,7,3,13,11,6,6,6,6,5,10,9,11,10,14,14
2019,7,LVDPA0891,382,177,46,205,54,30,8,32,8,36,9,60,16,44,12,57,15,55,14,68,18,14,15,22,32,17,26,26,25,16,17,14,28,27,31,29,43
2019,7,LVDPA0892,73,36,49,37,51,7,10,10,14,7,10,16,22,7,10,10,14,8,11,8,11,3,7,4,7,4,6,5,0,4,3,3,9,3,4,3,8
2019,7,LVDPA0893,64,32,50,32,50,7,11,2,3,6,9,13,20,7,11,6,9,14,22,9,14,2,1,5,7,3,3,8,3,5,1,1,6,4,3,6,6
2019,7,LVDPA0895,342,181,53,161,47,0,0,3,1,7,2,37,11,51,15,72,21,72,21,100,29,0,1,6,28,33,44,34,35,0,2,1,9,18,28,38,65
2019,7,LVDPA0896,309,152,49,157,51,16,5,35,11,42,14,51,17,35,11,35,11,48,16,47,15,9,14,28,28,17,18,22,16,7,21,14,23,18,17,26,31
2019,7,LVDPA0897,210,101,48,109,52,21,10,15,7,20,10,35,17,22,10,34,16,26,12,37,18,8,6,11,21,11,18,13,13,13,9,9,14,11,16,13,24
2019,7,LVDPA0898,303,148,49,155,51,30,10,27,9,32,11,43,14,30,10,32,11,61,20,48,16,17,17,19,20,15,15,27,18,13,10,13,23,15,17,34,30
2019,7,LVDPA0899,67,34,51,33,49,8,12,7,10,8,12,7,10,12,18,5,7,10,15,10,15,4,4,3,2,8,4,4,5,4,3,5,5,4,1,6,5
2019,7,LVDPA0900,184,87,47,97,53,23,13,14,8,16,9,35,19,23,13,23,13,33,18,17,9,17,9,7,17,7,10,16,4,6,5,9,18,16,13,17,13
2019,7,LVDPA0901,92,42,46,50,54,5,5,5,5,9,10,19,21,14,15,7,8,15,16,18,20,2,3,1,9,9,4,8,6,3,2,8,10,5,3,7,12
2019,7,LVDPA0905,312,147,47,165,53,36,12,41,13,20,6,39,13,51,16,37,12,38,12,50,16,19,20,9,16,27,17,19,20,17,21,11,23,24,20,19,30
2019,7,LVDPA0906,76,34,45,42,55,8,11,3,4,9,12,9,12,1,1,20,26,6,8,20,26,5,2,3,4,0,11,3,6,3,1,6,5,1,9,3,14
2019,7,LVDPA0908,161,68,42,93,58,7,4,12,7,17,11,21,13,18,11,19,12,26,16,41,25,4,6,7,11,8,10,12,10,3,6,10,10,10,9,14,31
2019,7,LVDPA0909,205,100,49,105,51,21,10,21,10,22,11,29,14,31,15,24,12,27,13,30,15,9,12,13,17,17,11,13,8,12,9,9,12,14,13,14,22
2019,7,LVDPA0910,416,188,45,228,55,30,7,45,11,34,8,58,14,52,13,45,11,59,14,93,22,15,21,16,30,31,20,25,30,15,24,18,28,21,25,34,63
2019,7,LVDPA0913,343,169,49,174,51,27,8,31,9,44,13,62,18,41,12,42,12,51,15,45,13,17,17,26,34,22,18,23,12,10,14,18,28,19,24,28,33
2019,7,LVDPA0914,101,47,47,54,53,9,9,16,16,6,6,13,13,15,15,17,17,13,13,12,12,4,7,4,5,8,8,5,6,5,9,2,8,7,9,8,6
2019,7,LVDPA0915,144,70,49,74,51,6,4,16,11,15,10,12,8,14,10,17,12,27,19,37,26,5,9,9,7,6,6,14,14,1,7,6,5,8,11,13,23
2019,7,LVDPA0916,149,71,48,78,52,11,7,9,6,21,14,18,12,21,14,27,18,16,11,26,17,5,2,13,6,12,14,10,9,6,7,8,12,9,13,6,17
2019,7,LVDPA0918,51,26,51,25,49,3,6,2,4,8,16,12,24,3,6,8,16,6,12,9,18,3,1,5,5,2,4,2,4,0,1,3,7,1,4,4,5
2019,7,LVDPA0919,107,53,50,54,50,3,3,5,5,7,7,15,14,7,7,15,14,16,15,39,36,1,2,3,11,6,6,8,16,2,3,4,4,1,9,8,23
2019,7,LVDPA0920,130,68,52,62,48,11,8,8,6,14,11,15,12,9,7,21,16,17,13,35,27,9,5,8,11,5,8,12,10,2,3,6,4,4,13,5,25
2019,7,LVDPA0921,529,236,45,293,55,34,6,46,9,55,10,59,11,81,15,69,13,83,16,102,19,20,22,33,32,43,29,30,27,14,24,22,27,38,40,53,75
2019,7,LVDPA0922,127,60,47,67,53,8,6,12,9,10,8,18,14,9,7,25,20,17,13,28,22,5,8,5,9,6,8,7,12,3,4,5,9,3,17,10,16
2019,7,LVDPA0925,110,54,49,56,51,8,7,19,17,13,12,10,9,6,5,10,9,19,17,25,23,3,11,9,5,1,4,12,9,5,8,4,5,5,6,7,16
2019,7,LVDPA0927,101,51,50,50,50,8,8,13,13,12,12,9,9,10,10,19,19,15,15,15,15,4,7,8,4,5,12,5,6,4,6,4,5,5,7,10,9
2019,7,LVDPA0928,186,92,49,94,51,17,9,9,5,24,13,34,18,24,13,16,9,31,17,31,17,6,4,12,21,15,7,16,11,11,5,12,13,9,9,15,20
2019,7,LVDPA0931,63,32,51,31,49,4,6,2,3,11,17,6,10,12,19,10,16,7,11,11,17,1,1,6,5,8,4,2,5,3,1,5,1,4,6,5,6
2019,7,LVDPA0933,110,56,51,54,49,2,2,11,10,10,9,9,8,22,20,8,7,22,20,26,24,2,7,4,5,13,6,11,8,0,4,6,4,9,2,11,18
2019,7,LVDPA0935,338,158,47,180,53,31,9,33,10,46,14,51,15,44,13,47,14,43,13,43,13,17,17,27,26,20,23,19,9,14,16,19,25,24,24,24,34
2019,7,LVDPA0937,76,35,46,41,54,7,9,5,7,2,3,10,13,9,12,9,12,19,25,15,20,3,3,1,6,3,4,10,5,4,2,1,4,6,5,9,10
2019,7,LVDPA0939,120,53,44,67,56,7,6,7,6,14,12,24,20,11,9,15,13,21,18,21,18,6,2,4,12,7,6,10,6,1,5,10,12,4,9,11,15
2019,7,LVDPA0941,146,77,53,69,47,11,8,13,9,18,12,19,13,12,8,27,18,13,9,33,23,4,7,11,14,8,16,7,10,7,6,7,5,4,11,6,23
2019,7,LVDPA0942,247,138,56,109,44,3,1,3,1,11,4,32,13,36,15,47,19,53,21,62,25,1,2,4,21,20,29,28,33,2,1,7,11,16,18,25,29
2019,7,LVDPA0943,195,101,52,94,48,16,8,10,5,22,11,23,12,25,13,31,16,35,18,33,17,12,6,11,14,12,17,17,12,4,4,11,9,13,14,18,21
2019,7,LVDPA0945,148,68,46,80,54,6,4,15,10,17,11,23,16,22,15,16,11,20,14,29,20,2,7,6,16,11,9,8,9,4,8,11,7,11,7,12,20
2019,7,LVDPA0947,142,64,45,78,55,11,8,9,6,14,10,17,12,18,13,16,11,31,22,26,18,4,3,9,9,9,9,14,7,7,6,5,8,9,7,17,19
2019,7,LVDPA0948,152,81,53,71,47,12,8,5,3,29,19,18,12,15,10,34,22,21,14,18,12,8,4,16,10,5,20,13,5,4,1,13,8,10,14,8,13
2019,7,LVDPA0950,71,37,52,34,48,1,1,5,7,9,13,13,18,8,11,15,21,6,8,14,20,0,2,6,9,4,7,4,5,1,3,3,4,4,8,2,9
2019,7,LVDPA0951,257,117,46,140,54,17,7,19,7,32,12,35,14,31,12,35,14,46,18,42,16,8,12,16,12,19,17,24,9,9,7,16,23,12,18,22,33
2019,7,LVDPA0952,663,323,49,340,51,55,8,74,11,83,13,99,15,78,12,99,15,74,11,101,15,28,47,40,52,39,50,31,36,27,27,43,47,39,49,43,65
2019,7,LVDPA0954,65,33,51,32,49,15,23,4,6,9,14,12,18,9,14,4,6,8,12,4,6,7,4,4,8,5,2,3,0,8,0,5,4,4,2,5,4
2019,7,LVDPA0955,70,32,46,38,54,2,3,5,7,7,10,11,16,5,7,7,10,20,29,13,19,1,4,4,6,2,2,8,5,1,1,3,5,3,5,12,8
2019,7,LVDPA0956,60,26,43,34,57,3,5,6,10,6,10,8,13,11,18,12,20,6,10,8,13,1,2,3,3,8,5,3,1,2,4,3,5,3,7,3,7
2019,7,LVDPA0957,69,34,49,35,51,9,13,2,3,7,10,7,10,7,10,11,16,12,17,14,20,6,2,1,6,4,5,7,3,3,0,6,1,3,6,5,11
2019,7,LVDPA0958,75,39,52,36,48,6,8,9,12,5,7,7,9,11,15,12,16,12,16,13,17,2,8,2,4,5,5,7,6,4,1,3,3,6,7,5,7
2019,7,LVDPA0959,120,61,51,59,49,5,4,5,4,12,10,13,11,12,10,29,24,10,8,34,28,4,3,6,8,7,17,7,9,1,2,6,5,5,12,3,25
2019,7,LVDPA0960,74,34,46,40,54,7,9,4,5,13,18,8,11,8,11,8,11,18,24,8,11,1,3,7,4,2,5,10,2,6,1,6,4,6,3,8,6
2019,7,LVDPA0961,59,31,53,28,47,5,8,4,7,8,14,9,15,6,10,10,17,8,14,9,15,2,2,5,5,5,5,3,4,3,2,3,4,1,5,5,5
2019,7,LVDPA0963,72,34,47,38,53,2,3,3,4,8,11,11,15,1,1,13,18,12,17,22,31,1,2,4,7,0,7,6,7,1,1,4,4,1,6,6,15
2019,7,LVDPA0968,110,57,52,53,48,11,10,8,7,12,11,11,10,12,11,11,10,11,10,34,31,7,6,7,6,7,6,6,12,4,2,5,5,5,5,5,22
2019,7,LVDPA0971,99,44,44,55,56,13,13,7,7,10,10,11,11,11,11,15,15,10,10,22,22,7,2,3,7,6,7,6,6,6,5,7,4,5,8,4,16
2019,7,LVDPA0972,239,104,44,135,56,17,7,22,9,33,14,34,14,22,9,29,12,32,13,50,21,14,11,14,13,12,15,12,13,3,11,19,21,10,14,20,37
2019,7,LVDPA0973,105,47,45,58,55,7,7,5,5,13,12,12,11,16,15,9,9,19,18,24,23,4,0,6,6,7,4,12,8,3,5,7,6,9,5,7,16
2019,7,LVDPA0974,83,41,49,42,51,4,5,7,8,8,10,12,14,16,19,5,6,12,14,19,23,3,5,1,6,10,2,7,7,1,2,7,6,6,3,5,12
2019,7,LVDPA0975,63,33,52,30,48,7,11,7,11,8,13,12,19,6,10,7,11,8,13,8,13,3,5,4,7,4,4,3,3,4,2,4,5,2,3,5,5
2019,7,LVDPA0977,117,50,43,67,57,4,3,9,8,10,9,21,18,16,14,14,12,19,16,24,21,2,2,3,12,7,9,9,6,2,7,7,9,9,5,10,18
2019,7,LVDPA0978,71,29,41,42,59,3,4,5,7,12,17,12,17,8,11,8,11,10,14,13,18,0,2,7,5,5,4,4,2,3,3,5,7,3,4,6,11
2019,7,LVDPA0982,75,29,39,46,61,6,8,7,9,9,12,3,4,9,12,17,23,4,5,20,27,3,4,5,1,3,8,1,4,3,3,4,2,6,9,3,16
2019,7,LVDPA0984,65,34,52,31,48,2,3,3,5,7,11,11,17,6,9,18,28,6,9,12,18,1,2,6,5,3,11,2,4,1,1,1,6,3,7,4,8
2019,7,LVDPA0985,143,70,49,73,51,21,15,9,6,12,8,19,13,12,8,21,15,19,13,30,21,6,7,6,13,4,16,9,9,15,2,6,6,8,5,10,21
2019,7,LVDPA0988,151,76,50,75,50,11,7,21,14,14,9,15,10,22,15,19,13,22,15,27,18,6,11,7,9,13,9,11,10,5,10,7,6,9,10,11,17
2019,7,LVDPA0989,95,52,55,43,45,2,2,5,5,16,17,17,18,6,6,20,21,17,18,12,13,2,3,8,10,4,11,10,4,0,2,8,7,2,9,7,8
2019,7,LVDPA0990,177,87,49,90,51,16,9,11,6,30,17,29,16,14,8,29,16,25,14,23,13,11,5,16,17,7,12,12,7,5,6,14,12,7,17,13,16
2019,7,LVDPA0991,131,63,48,68,52,7,5,7,5,16,12,20,15,14,11,19,15,27,21,21,16,4,3,10,10,9,5,15,7,3,4,6,10,5,14,12,14
2019,7,LVDPA0992,181,83,46,98,54,16,9,26,14,16,9,28,15,23,13,17,9,26,14,29,16,8,11,7,15,10,11,11,10,8,15,9,13,13,6,15,19
2019,7,LVDPA0997,226,99,44,127,56,20,9,16,7,27,12,44,19,33,15,24,11,33,15,29,13,13,7,9,20,19,9,15,7,7,9,18,24,14,15,18,22
2019,7,LVDPA1000,53,22,42,31,58,3,6,2,4,5,9,6,11,6,11,7,13,9,17,15,28,2,1,4,2,3,3,3,4,1,1,1,4,3,4,6,11
2019,7,LVDPA1001,60,30,50,30,50,7,12,6,10,5,8,12,20,4,7,5,8,13,22,8,13,2,2,4,8,3,2,5,4,5,4,1,4,1,3,8,4
2019,7,LVDPA1003,67,39,58,28,42,1,1,7,10,18,27,8,12,6,9,11,16,6,9,10,15,0,5,12,6,4,5,3,4,1,2,6,2,2,6,3,6
2019,7,LVDPA1010,65,32,49,33,51,6,9,5,8,10,15,7,11,6,9,13,20,6,9,12,18,2,1,6,6,1,8,3,5,4,4,4,1,5,5,3,7
2019,7,LVDPA1014,57,27,47,30,53,8,14,5,9,6,11,10,18,5,9,5,9,6,11,12,21,4,3,3,7,2,2,2,4,4,2,3,3,3,3,4,8
2019,7,LVDPA1015,256,107,42,149,58,17,7,21,8,34,13,15,6,30,12,32,13,39,15,68,27,8,10,12,7,13,20,16,21,9,11,22,8,17,12,23,47
2019,7,LVDPA1017,55,28,51,27,49,7,13,6,11,6,11,5,9,5,9,6,11,5,9,15,27,1,4,3,3,4,4,4,5,6,2,3,2,1,2,1,10
2019,7,LVDPA1019,67,32,48,35,52,1,1,1,1,8,12,7,10,4,6,8,12,16,24,22,33,0,0,5,4,3,1,7,12,1,1,3,3,1,7,9,10
2019,7,LVDPA1024,215,107,50,108,50,23,11,21,10,21,10,28,13,34,16,22,10,32,15,34,16,13,10,10,17,14,13,18,12,10,11,11,11,20,9,14,22
2019,7,LVDPA1029,575,284,49,291,51,93,16,95,17,56,10,52,9,121,21,78,14,40,7,40,7,52,52,34,19,54,37,20,16,41,43,22,33,67,41,20,24
2019,7,LVDPA1030,61,30,49,31,51,3,5,8,13,9,15,3,5,12,20,8,13,2,3,16,26,2,3,5,1,5,6,0,8,1,5,4,2,7,2,2,8
2019,7,LVDPA1031,165,75,45,90,55,11,7,11,7,16,10,23,14,20,12,18,11,33,20,33,20,8,6,5,13,13,6,13,11,3,5,11,10,7,12,20,22
2019,7,LVDPA1032,236,113,48,123,52,21,9,23,10,24,10,29,12,36,15,21,9,39,17,43,18,12,11,13,15,18,11,19,14,9,12,11,14,18,10,20,29
2019,7,LVDPA1033,60,33,55,27,45,2,3,3,5,6,10,9,15,5,8,7,12,12,20,16,27,0,2,2,7,3,4,6,9,2,1,4,2,2,3,6,7
2019,7,LVDPA1035,69,36,52,33,48,10,14,3,4,6,9,9,13,9,13,9,13,9,13,14,20,5,2,5,5,5,7,3,4,5,1,1,4,4,2,6,10
2019,7,LVDPA1037,81,32,40,49,60,8,10,11,14,6,7,8,10,10,12,11,14,15,19,12,15,4,3,3,5,3,5,5,4,4,8,3,3,7,6,10,8
2019,7,LVDPA1038,124,54,44,70,56,9,7,7,6,10,8,26,21,12,10,10,8,33,27,17,14,4,3,4,14,7,4,12,6,5,4,6,12,5,6,21,11
2019,7,LVDPA1039,246,120,49,126,51,19,8,32,13,17,7,42,17,26,11,27,11,38,15,45,18,12,18,6,18,17,14,16,19,7,14,11,24,9,13,22,26
2019,7,LVDPA1040,77,36,47,41,53,3,4,8,10,11,14,8,10,8,10,12,16,13,17,14,18,2,6,4,4,4,4,7,5,1,2,7,4,4,8,6,9
2019,7,LVDPA1041,126,61,48,65,52,16,13,10,8,21,17,18,14,11,9,24,19,11,9,15,12,8,3,13,10,6,10,7,4,8,7,8,8,5,14,4,11
2019,7,LVDPA1043,50,27,54,23,46,4,8,7,14,5,10,6,12,6,12,6,12,7,14,9,18,3,4,5,1,3,3,3,5,1,3,0,5,3,3,4,4
2019,7,LVDPA1044,131,67,51,64,49,8,6,9,7,17,13,13,10,20,15,11,8,25,19,28,21,5,5,12,9,13,3,11,9,3,4,5,4,7,8,14,19
2019,7,LVDPA1046,72,34,47,38,53,3,4,4,6,3,4,3,4,4,6,6,8,6,8,43,60,1,4,1,3,3,4,3,15,2,0,2,0,1,2,3,28
2019,7,LVDPA1047,82,43,52,39,48,1,1,3,4,11,13,12,15,8,10,17,21,11,13,19,23,1,3,7,7,4,8,6,7,0,0,4,5,4,9,5,12
2019,7,LVDPA1048,61,26,43,35,57,6,10,6,10,5,8,8,13,4,7,8,13,3,5,21,34,1,3,1,3,3,5,1,9,5,3,4,5,1,3,2,12
2019,7,LVDPA1049,52,24,46,28,54,2,4,3,6,9,17,10,19,3,6,9,17,10,19,6,12,2,1,4,5,2,3,6,1,0,2,5,5,1,6,4,5
2019,7,LVDPA1050,104,52,50,52,50,10,10,9,9,15,14,13,13,13,13,11,11,15,14,18,17,7,4,5,7,7,4,8,10,3,5,10,6,6,7,7,8
2019,7,LVDPA1051,100,50,50,50,50,5,5,8,8,20,20,4,4,16,16,20,20,9,9,18,18,2,5,11,3,11,8,5,5,3,3,9,1,5,12,4,13
2019,7,LVDPA1052,370,178,48,192,52,13,4,9,2,10,3,32,9,94,25,76,21,69,19,67,18,7,7,6,17,42,42,29,28,6,2,4,15,52,34,40,39
2019,7,LVDPA1053,42,20,48,22,52,2,5,3,7,3,7,7,17,3,7,9,21,7,17,8,19,1,0,3,4,1,4,4,3,1,3,0,3,2,5,3,5
2019,7,LVDPA1054,577,284,49,293,51,21,4,48,8,74,13,84,15,80,14,132,23,78,14,60,10,10,24,37,55,46,61,31,20,11,24,37,29,34,71,47,40
2019,7,LVDPA1055,54,27,50,27,50,5,9,1,2,4,7,9,17,4,7,8,15,11,20,12,22,4,0,0,9,2,4,6,2,1,1,4,0,2,4,5,10
2019,7,LVDPA1060,53,29,55,24,45,1,2,0,0,10,19,11,21,3,6,12,23,8,15,8,15,1,0,6,9,2,5,3,3,0,0,4,2,1,7,5,5
2019,7,LVDPA1063,60,21,35,39,65,1,2,4,7,8,13,6,10,5,8,12,20,14,23,10,17,1,0,4,2,3,3,6,2,0,4,4,4,2,9,8,8
2019,7,LVDPA1066,102,50,49,52,51,8,8,13,13,4,4,22,22,7,7,23,23,14,14,11,11,6,7,2,11,5,11,7,1,2,6,2,11,2,12,7,10
2019,7,LVDPA1068,114,56,49,58,51,7,6,14,12,16,14,16,14,15,13,9,8,16,14,21,18,2,7,11,12,6,4,6,8,5,7,5,4,9,5,10,13
2019,7,LVDPA1069,59,26,44,33,56,4,7,3,5,8,14,4,7,11,19,5,8,15,25,9,15,1,1,4,0,6,4,6,4,3,2,4,4,5,1,9,5
2019,7,LVDPA1070,70,30,43,40,57,4,6,7,10,6,9,9,13,12,17,8,11,11,16,13,19,0,4,2,4,8,4,3,5,4,3,4,5,4,4,8,8
2019,7,LVDPA1071,51,23,45,28,55,10,20,4,8,8,16,6,12,4,8,5,10,8,16,6,12,4,2,5,2,1,4,2,3,6,2,3,4,3,1,6,3
2019,7,LVDPA1072,1555,739,48,816,52,151,10,203,13,175,11,246,16,270,17,205,13,145,9,160,10,91,108,99,113,132,92,57,47,60,95,76,133,138,113,88,113
2019,7,LVDPA1073,158,74,47,84,53,8,5,10,6,13,8,20,13,17,11,27,17,24,15,39,25,4,3,6,12,10,13,11,15,4,7,7,8,7,14,13,24
2019,7,LVDPA1074,108,56,52,52,48,10,9,10,9,13,12,10,9,19,18,18,17,16,15,12,11,7,6,7,6,10,11,7,2,3,4,6,4,9,7,9,10
2019,7,LVDPA1075,78,38,49,40,51,10,13,5,6,1,1,15,19,5,6,12,15,15,19,15,19,6,4,1,7,1,9,7,3,4,1,0,8,4,3,8,12
2019,7,LVDPA1076,100,51,51,49,49,11,11,11,11,4,4,16,16,7,7,15,15,17,17,19,19,6,6,2,10,3,11,9,4,5,5,2,6,4,4,8,15
2019,7,LVDPA1077,127,59,46,68,54,7,6,9,7,15,12,24,19,14,11,17,13,26,20,15,12,4,3,6,10,7,10,14,5,3,6,9,14,7,7,12,10
2019,7,LVDPA1078,229,108,47,121,53,16,7,17,7,40,17,31,14,34,15,34,15,20,9,37,16,8,12,19,18,20,13,10,8,8,5,21,13,14,21,10,29
2019,7,LVDPA1079,76,28,37,48,63,4,5,8,11,8,11,14,18,5,7,17,22,12,16,8,11,3,1,2,7,2,5,7,1,1,7,6,7,3,12,5,7
2019,7,LVDPA1080,87,44,51,43,49,5,6,6,7,11,13,10,11,13,15,16,18,11,13,15,17,2,4,6,6,6,9,5,6,3,2,5,4,7,7,6,9
2019,7,LVDPA1081,52,32,62,20,38,5,10,5,10,6,12,6,12,4,8,8,15,8,15,10,19,3,4,4,5,2,5,5,4,2,1,2,1,2,3,3,6
2019,7,LVDPA1082,135,69,51,66,49,9,7,14,10,17,13,19,14,16,12,20,15,19,14,21,16,5,6,9,13,8,9,11,8,4,8,8,6,8,11,8,13
2019,7,LVDPA1083,56,31,55,25,45,3,5,8,14,4,7,13,23,5,9,4,7,11,20,8,14,2,5,1,7,3,3,7,3,1,3,3,6,2,1,4,5
2019,7,LVDPA1086,83,37,45,46,55,4,5,6,7,14,17,8,10,9,11,15,18,9,11,18,22,1,1,10,5,4,8,5,3,3,5,4,3,5,7,4,15
2019,7,LVDPA1088,115,52,45,63,55,7,6,8,7,10,9,15,13,16,14,18,16,17,15,24,21,2,3,5,7,11,9,8,7,5,5,5,8,5,9,9,17
2019,7,LVDPA1089,69,35,51,34,49,12,17,8,12,6,9,16,23,5,7,8,12,5,7,9,13,8,7,2,6,3,3,2,4,4,1,4,10,2,5,3,5
2019,7,LVDPA1090,70,35,50,35,50,1,1,2,3,13,19,10,14,8,11,16,23,6,9,14,20,1,0,7,8,4,10,2,3,0,2,6,2,4,6,4,11
2019,7,LVDPA1091,106,57,54,49,46,4,4,7,7,6,6,16,15,15,14,22,21,23,22,13,12,1,4,5,10,8,12,13,4,3,3,1,6,7,10,10,9
2019,7,LVDPA1093,56,28,50,28,50,4,7,4,7,5,9,7,13,2,4,7,13,19,34,8,14,1,2,2,5,2,3,8,5,3,2,3,2,0,4,11,3
2019,7,LVDPA1094,67,26,39,41,61,3,4,5,7,16,24,8,12,10,15,6,9,9,13,10,15,2,2,6,2,5,4,4,1,1,3,10,6,5,2,5,9
2019,7,LVDPA1097,118,57,48,61,52,5,4,2,2,15,13,16,14,14,12,18,15,19,16,29,25,2,1,9,12,5,10,8,10,3,1,6,4,9,8,11,19
2019,7,LVDPA1101,52,30,58,22,42,0,0,10,19,8,15,7,13,6,12,6,12,10,19,5,10,0,6,5,4,4,3,6,2,0,4,3,3,2,3,4,3
2019,7,LVDPA1102,189,108,57,81,43,3,2,3,2,6,3,12,6,14,7,26,14,47,25,78,41,2,1,3,7,10,16,36,33,1,2,3,5,4,10,11,45
2019,7,LVDPA1104,62,29,47,33,53,1,2,1,2,7,11,9,15,7,11,15,24,12,19,10,16,0,0,3,7,4,6,6,3,1,1,4,2,3,9,6,7
2019,7,LVDPA1105,51,25,49,26,51,4,8,5,10,2,4,9,18,4,8,8,16,9,18,10,20,3,3,1,4,2,4,3,5,1,2,1,5,2,4,6,5
2019,7,LVDPA1107,69,34,49,35,51,9,13,5,7,7,10,5,7,14,20,5,7,15,22,9,13,5,2,4,2,9,2,7,3,4,3,3,3,5,3,8,6
2019,7,LVDPA1108,159,73,46,86,54,7,4,15,9,20,13,13,8,20,13,20,13,16,10,48,30,3,7,14,6,14,12,4,13,4,8,6,7,6,8,12,35
2019,7,LVDPA1109,75,37,49,38,51,4,5,4,5,7,9,12,16,6,8,17,23,8,11,17,23,2,2,7,6,4,9,4,3,2,2,0,6,2,8,4,14
2019,7,LVDPA1110,55,24,44,31,56,6,11,5,9,5,9,8,15,5,9,6,11,9,16,11,20,5,2,2,3,2,4,4,2,1,3,3,5,3,2,5,9
2019,7,LVDPA1113,131,72,55,59,45,1,1,2,2,4,3,11,8,15,11,18,14,31,24,49,37,1,0,4,3,9,11,22,22,0,2,0,8,6,7,9,27
2019,7,LVDPA1114,91,46,51,45,49,8,9,5,5,11,12,15,16,6,7,13,14,17,19,16,18,0,4,6,9,3,5,11,8,8,1,5,6,3,8,6,8
2019,7,LVDPA1116,97,32,33,65,67,2,2,2,2,5,5,4,4,6,6,7,7,11,11,60,62,2,0,4,1,2,4,5,14,0,2,1,3,4,3,6,46
2019,7,LVDPA1118,54,23,43,31,57,1,2,1,2,6,11,4,7,5,9,7,13,16,30,14,26,0,1,2,2,2,4,7,5,1,0,4,2,3,3,9,9
2019,7,LVDPA1120,120,57,48,63,53,10,8,10,8,13,11,16,13,11,9,11,9,24,20,25,21,7,5,9,9,4,5,11,7,3,5,4,7,7,6,13,18
2019,7,LVDPA1125,86,41,48,45,52,3,3,4,5,7,8,11,13,6,7,8,9,13,15,34,40,2,2,4,6,4,5,5,13,1,2,3,5,2,3,8,21
2019,7,LVDPA1126,66,29,44,37,56,9,14,6,9,15,23,7,11,7,11,5,8,9,14,8,12,5,2,6,4,3,2,5,2,4,4,9,3,4,3,4,6
2019,7,LVDPA1127,161,71,44,90,56,6,4,15,9,16,10,16,10,13,8,28,17,19,12,48,30,4,9,8,7,4,15,7,17,2,6,8,9,9,13,12,31
2019,7,LVDPA1129,295,156,53,139,47,18,6,14,5,29,10,50,17,36,12,43,15,41,14,64,22,13,6,13,33,19,26,16,30,5,8,16,17,17,17,25,34
2019,7,LVDPA1130,1118,499,45,619,55,84,8,83,7,95,8,170,15,129,12,204,18,130,12,223,20,41,40,51,86,58,92,61,70,43,43,44,84,71,112,69,153
2019,7,LVDPA1132,65,28,43,37,57,8,12,4,6,11,17,6,9,7,11,11,17,8,12,10,15,2,2,4,3,4,5,4,4,6,2,7,3,3,6,4,6
2019,7,LVDPA1134,84,41,49,43,51,1,1,4,5,20,24,9,11,8,10,6,7,15,18,21,25,0,3,12,8,3,3,6,6,1,1,8,1,5,3,9,15
2019,7,LVDPA1136,51,19,37,32,63,5,10,4,8,6,12,7,14,2,4,5,10,4,8,18,35,3,1,3,4,1,2,2,3,2,3,3,3,1,3,2,15
2019,7,LVDPA1137,75,38,51,37,49,13,17,9,12,5,7,14,19,6,8,8,11,8,11,12,16,7,5,3,6,2,5,6,4,6,4,2,8,4,3,2,8
2019,7,LVDPA1139,65,33,51,32,49,4,6,2,3,7,11,9,14,4,6,4,6,16,25,19,29,3,0,4,6,2,1,9,8,1,2,3,3,2,3,7,11
2019,7,LVDPA1140,623,318,51,305,49,81,13,88,14,63,10,81,13,124,20,94,15,58,9,34,5,46,45,32,32,57,56,32,18,35,43,31,49,67,38,26,16
2019,7,LVDPA1142,50,28,56,22,44,0,0,2,4,8,16,1,2,8,16,11,22,2,4,18,36,0,2,7,0,4,7,1,7,0,0,1,1,4,4,1,11
2019,7,LVDPA1145,102,54,53,48,47,11,11,11,11,10,10,18,18,8,8,13,13,14,14,17,17,5,9,8,11,4,8,5,4,6,2,2,7,4,5,9,13
2019,7,LVDPA1146,81,38,47,43,53,3,4,3,4,13,16,12,15,8,10,9,11,20,25,13,16,3,1,6,9,4,3,9,3,0,2,7,3,4,6,11,10
2019,7,LVDPA1148,221,98,44,123,56,8,4,11,5,18,8,35,16,29,13,32,14,45,20,43,19,3,4,7,19,14,13,24,14,5,7,11,16,15,19,21,29
2019,7,LVDPA1149,77,35,45,42,55,4,5,6,8,9,12,16,21,6,8,12,16,15,19,9,12,3,4,3,7,2,5,8,3,1,2,6,9,4,7,7,6
2019,7,LVDPA1151,140,62,44,78,56,8,6,13,9,12,9,18,13,11,8,22,16,20,14,36,26,6,3,5,11,8,9,7,13,2,10,7,7,3,13,13,23
2019,7,LVDPA1153,92,46,50,46,50,11,12,20,22,15,16,14,15,8,9,11,12,2,2,11,12,4,13,7,7,2,5,1,7,7,7,8,7,6,6,1,4
2019,7,LVDPA1154,277,113,41,164,59,18,6,18,6,24,9,34,12,33,12,42,15,39,14,69,25,10,10,11,19,18,17,15,13,8,8,13,15,15,25,24,56
2019,7,LVDPA1155,123,56,46,67,54,7,6,14,11,18,15,20,16,13,11,14,11,23,19,14,11,2,6,8,11,8,4,12,5,5,8,10,9,5,10,11,9
2019,7,LVDPA1157,212,95,45,117,55,6,3,6,3,29,14,85,40,38,18,18,8,15,7,15,7,2,4,16,43,18,7,1,4,4,2,13,42,20,11,14,11
2019,7,LVDPA1160,75,45,60,30,40,8,11,8,11,9,12,11,15,9,12,12,16,7,9,11,15,6,8,6,4,7,6,4,4,2,0,3,7,2,6,3,7
2019,7,LVDPA1161,85,35,41,50,59,5,6,6,7,8,9,14,16,12,14,10,12,11,13,19,22,3,1,4,6,6,5,5,5,2,5,4,8,6,5,6,14
2019,7,LVDPA1165,57,32,56,25,44,3,5,3,5,6,11,7,12,12,21,2,4,13,23,11,19,3,3,2,5,6,2,6,5,0,0,4,2,6,0,7,6
2019,7,LVDPA1166,69,29,42,40,58,3,4,6,9,15,22,11,16,6,9,16,23,3,4,9,13,1,2,5,6,2,9,2,2,2,4,10,5,4,7,1,7
2019,7,LVDPA1167,175,89,51,86,49,18,10,17,10,24,14,20,11,32,18,28,16,18,10,18,10,7,8,14,13,17,14,9,7,11,9,10,7,15,14,9,11
2019,7,LVDPA1171,144,79,55,65,45,0,0,0,0,2,1,2,1,2,1,5,3,15,10,118,82,0,0,1,2,2,4,13,57,0,0,1,0,0,1,2,61
2019,7,LVDPA1174,66,33,50,33,50,6,9,6,9,6,9,8,12,5,8,10,15,10,15,15,23,4,5,3,6,2,5,2,6,2,1,3,2,3,5,8,9
2019,7,LVDPA1175,66,43,65,23,35,0,0,8,12,8,12,7,11,15,23,14,21,6,9,8,12,0,2,4,6,11,10,5,5,0,6,4,1,4,4,1,3
2019,7,LVDPA1176,957,463,48,494,52,76,8,75,8,83,9,142,15,165,17,137,14,131,14,148,15,36,37,44,69,88,81,64,44,40,38,39,73,77,56,67,104
2019,7,LVDPA1178,90,46,51,44,49,6,7,2,2,3,3,12,13,3,3,12,13,23,26,29,32,4,0,1,9,1,8,9,14,2,2,2,3,2,4,14,15
2019,7,LVDPA1179,209,122,58,87,42,3,1,6,3,7,3,22,11,30,14,48,23,43,21,50,24,3,4,2,14,17,30,28,24,0,2,5,8,13,18,15,26
2019,7,LVDPA1180,54,26,48,28,52,9,17,2,4,5,9,10,19,4,7,5,9,8,15,11,20,4,0,4,6,3,0,5,4,5,2,1,4,1,5,3,7
2019,7,LVDPA1184,56,32,57,24,43,1,2,1,2,3,5,11,20,3,5,15,27,10,18,12,21,1,0,1,8,2,9,6,5,0,1,2,3,1,6,4,7
2019,7,LVDPA1185,62,36,58,26,42,3,5,3,5,12,19,7,11,2,3,13,21,10,16,12,19,2,1,12,5,0,8,4,4,1,2,0,2,2,5,6,8
2019,7,LVDPA1186,156,81,52,75,48,12,8,13,8,24,15,16,10,26,17,16,10,29,19,20,13,7,4,12,11,17,10,17,3,5,9,12,5,9,6,12,17
2019,7,LVDPA1188,392,176,45,216,55,33,8,29,7,35,9,67,17,44,11,58,15,47,12,79,20,16,15,18,35,22,30,16,24,17,14,17,32,22,28,31,55
2019,7,LVDPA1189,64,34,53,30,47,5,8,7,11,7,11,7,11,15,23,8,13,7,11,8,13,1,4,4,4,11,5,3,2,4,3,3,3,4,3,4,6
2019,7,LVDPA1192,164,73,45,91,55,12,7,10,6,22,13,27,16,26,16,25,15,24,15,18,11,4,6,7,14,14,11,11,6,8,4,15,13,12,14,13,12
2019,7,LVDPA1196,60,27,45,33,55,11,18,4,7,4,7,12,20,2,3,5,8,8,13,14,23,5,2,2,6,1,2,4,5,6,2,2,6,1,3,4,9
2019,7,LVDPA1197,73,36,49,37,51,2,3,4,5,15,21,7,10,10,14,11,15,6,8,18,25,2,1,8,3,5,7,0,10,0,3,7,4,5,4,6,8
2019,7,LVDPA1198,181,85,47,96,53,11,6,18,10,15,8,25,14,19,10,24,13,25,14,44,24,6,10,6,12,12,9,15,15,5,8,9,13,7,15,10,29
2019,7,LVDPA1199,122,61,50,61,50,7,6,8,7,11,9,12,10,22,18,17,14,17,14,28,23,6,4,5,6,14,12,7,7,1,4,6,6,8,5,10,21
2019,7,LVDPA1200,76,33,43,43,57,5,7,9,12,12,16,6,8,13,17,10,13,12,16,9,12,5,5,4,4,5,4,4,2,0,4,8,2,8,6,8,7
2019,7,LVDPA1201,97,53,55,44,45,5,5,15,15,14,14,13,13,7,7,15,15,14,14,14,14,5,8,7,8,5,8,10,2,0,7,7,5,2,7,4,12
2019,7,LVDPA1206,169,86,51,83,49,11,7,11,7,11,7,11,7,14,8,15,9,22,13,74,44,8,7,6,8,5,10,16,26,3,4,5,3,9,5,6,48
2019,7,LVDPA1210,90,48,53,42,47,7,8,6,7,10,11,15,17,10,11,17,19,15,17,10,11,3,3,9,7,6,10,5,5,4,3,1,8,4,7,10,5
2019,7,LVDPA1212,58,29,50,29,50,3,5,6,10,4,7,11,19,7,12,6,10,9,16,12,21,2,4,1,5,4,4,4,5,1,2,3,6,3,2,5,7
2019,7,LVDPA1214,71,34,48,37,52,2,3,6,8,7,10,9,13,7,10,12,17,5,7,23,32,1,1,3,5,4,8,3,9,1,5,4,4,3,4,2,14
2019,7,LVDPA1217,77,35,45,42,55,3,4,7,9,7,9,3,4,13,17,9,12,12,16,23,30,2,3,5,2,5,6,5,7,1,4,2,1,8,3,7,16
2019,7,LVDPA1218,315,170,54,145,46,3,1,2,1,10,3,32,10,62,20,60,19,78,25,68,22,2,1,7,18,30,39,44,29,1,1,3,14,32,21,34,39
2019,7,LVDPA1221,64,35,55,29,45,2,3,5,8,9,14,4,6,10,16,13,20,5,8,16,25,2,3,5,2,8,6,3,6,0,2,4,2,2,7,2,10
2019,7,LVDPA1226,93,49,53,44,47,5,5,4,4,10,11,21,23,10,11,18,19,11,12,14,15,3,2,5,15,7,5,8,4,2,2,5,6,3,13,3,10
2019,7,LVDPA1229,66,27,41,39,59,5,8,8,12,13,20,6,9,8,12,4,6,10,15,12,18,2,4,6,2,2,2,7,2,3,4,7,4,6,2,3,10
2019,7,LVDPA1230,127,65,51,62,49,9,7,10,8,12,9,19,15,14,11,13,10,17,13,33,26,5,4,6,13,8,7,9,13,4,6,6,6,6,6,8,20
2019,7,LVDPA1231,401,169,42,232,58,6,1,5,1,11,3,16,4,19,5,33,8,55,14,256,64,1,2,4,8,10,22,35,87,5,3,7,8,9,11,20,169
2019,7,LVDPA1232,200,89,45,111,56,12,6,19,10,24,12,31,16,27,14,32,16,25,13,30,15,7,11,11,12,14,13,13,8,5,8,13,19,13,19,12,22
2019,7,LVDPA1236,134,71,53,63,47,14,10,9,7,13,10,29,22,17,13,19,14,18,13,15,11,5,7,9,19,9,8,7,7,9,2,4,10,8,11,11,8
2019,7,LVDPA1239,135,62,46,73,54,11,8,12,9,21,16,22,16,22,16,22,16,14,10,11,8,7,3,11,11,14,10,4,2,4,9,10,11,8,12,10,9
2019,7,LVDPA1240,70,36,51,34,49,3,4,9,13,15,21,10,14,8,11,6,9,9,13,10,14,2,6,9,5,5,3,5,1,1,3,6,5,3,3,4,9
2019,7,LVDPA1241,199,112,56,87,44,7,4,25,13,13,7,25,13,25,13,42,21,34,17,28,14,5,18,5,17,14,23,20,10,2,7,8,8,11,19,14,18
2019,7,LVDPA1243,1148,523,46,625,54,116,10,93,8,82,7,179,16,195,17,157,14,145,13,181,16,63,49,44,97,93,74,54,49,53,44,38,82,102,83,91,132
2019,7,LVDPA1244,87,46,53,41,47,3,3,11,13,10,11,12,14,14,16,10,11,13,15,14,16,2,4,7,8,7,5,7,6,1,7,3,4,7,5,6,8
2019,7,LVDPA1245,88,41,47,47,53,8,9,7,8,8,9,17,19,10,11,10,11,12,14,16,18,4,3,3,10,4,8,3,6,4,4,5,7,6,2,9,10
2019,7,LVDPA1246,64,35,55,29,45,5,8,4,6,6,9,9,14,8,13,8,13,14,22,10,16,3,2,3,5,5,4,8,5,2,2,3,4,3,4,6,5
2019,7,LVDPA1253,321,157,49,164,51,11,3,22,7,15,5,24,7,23,7,25,8,49,15,152,47,5,12,7,14,14,15,29,61,6,10,8,10,9,10,20,91
2019,7,LVDPA1256,52,27,52,25,48,5,10,9,17,8,15,9,17,4,8,4,8,8,15,5,10,4,6,3,3,1,3,4,3,1,3,5,6,3,1,4,2
2019,7,LVDPA1257,64,32,50,32,50,5,8,2,3,16,25,5,8,6,9,8,13,10,16,12,19,3,0,9,3,4,4,5,4,2,2,7,2,2,4,5,8
2019,7,LVDPA1259,55,25,45,30,55,5,9,7,13,3,5,10,18,3,5,5,9,10,18,12,22,2,1,2,7,1,2,5,5,3,6,1,3,2,3,5,7
2019,7,LVDPA1261,98,47,48,51,52,8,8,10,10,12,12,14,14,14,14,13,13,9,9,18,18,4,5,6,7,9,6,5,5,4,5,6,7,5,7,4,13
2019,7,LVDPA1262,53,33,62,20,38,4,8,4,8,10,19,6,11,6,11,8,15,7,13,8,15,2,4,6,4,3,4,4,6,2,0,4,2,3,4,3,2
2019,7,LVDPA1264,58,26,45,32,55,1,2,6,10,7,12,8,14,6,10,10,17,6,10,14,24,0,4,4,2,4,4,5,3,1,2,3,6,2,6,1,11
2019,7,LVDPA1265,68,26,38,42,62,3,4,7,10,5,7,19,28,6,9,9,13,11,16,8,12,1,1,2,7,4,3,7,1,2,6,3,12,2,6,4,7
2019,7,LVDPA1267,112,61,54,51,46,9,8,18,16,12,11,14,13,17,15,13,12,18,16,11,10,4,8,10,8,11,6,11,3,5,10,2,6,6,7,7,8
2019,7,LVDPA1269,88,50,57,38,43,8,9,7,8,7,8,12,14,13,15,11,13,15,17,15,17,5,4,6,9,6,8,7,5,3,3,1,3,7,3,8,10
2019,7,LVDPA1274,54,27,50,27,50,1,2,3,6,6,11,8,15,12,22,10,19,4,7,10,19,1,1,3,3,8,5,2,4,0,2,3,5,4,5,2,6
2019,7,LVDPA1276,58,30,52,28,48,3,5,4,7,9,16,7,12,5,9,5,9,13,22,12,21,2,3,6,3,3,3,6,4,1,1,3,4,2,2,7,8
2019,7,LVDPA1278,94,46,49,48,51,7,7,6,6,9,10,13,14,8,9,14,15,16,17,21,22,4,3,5,9,4,6,7,8,3,3,4,4,4,8,9,13
2019,7,LVDPA1279,95,53,56,42,44,7,7,12,13,9,9,18,19,11,12,19,20,6,6,13,14,3,9,7,11,6,9,5,3,4,3,2,7,5,10,1,10
2019,7,LVDPA1281,52,26,50,26,50,6,12,4,8,2,4,20,38,2,4,10,19,4,8,4,8,2,2,1,11,1,4,2,3,4,2,1,9,1,6,2,1
2019,7,LVDPA1284,68,37,54,31,46,3,4,10,15,11,16,8,12,9,13,11,16,8,12,8,12,2,4,6,5,4,5,6,5,1,6,5,3,5,6,2,3
2019,7,LVDPA1290,170,87,51,83,49,6,4,11,6,11,6,36,21,15,9,36,21,24,14,31,18,5,5,5,18,11,21,13,9,1,6,6,18,4,15,11,22
2019,7,LVDPA1291,83,40,48,43,52,1,1,11,13,8,10,11,13,18,22,10,12,12,14,12,14,0,7,3,6,9,5,5,5,1,4,5,5,9,5,7,7
2019,7,LVDPA1292,220,113,51,107,49,7,3,5,2,14,6,27,12,91,41,34,15,16,7,26,12,1,3,7,14,51,18,8,11,6,2,7,13,40,16,8,15
2019,7,LVDPA1295,41,20,49,21,51,1,2,2,5,0,0,2,5,5,12,9,22,9,22,13,32,0,2,0,1,3,5,4,5,1,0,0,1,2,4,5,8
2019,7,LVDPA1296,64,37,58,27,42,4,6,9,14,5,8,10,16,12,19,7,11,10,16,7,11,3,6,3,3,8,3,7,4,1,3,2,7,4,4,3,3
2019,7,LVDPA1297,108,48,44,60,56,8,7,12,11,8,7,21,19,9,8,15,14,22,20,13,12,3,4,4,9,6,5,12,5,5,8,4,12,3,10,10,8
2019,7,LVDPA1305,49,20,41,29,59,8,16,6,12,4,8,7,14,4,8,5,10,5,10,10,20,2,4,2,3,1,3,1,4,6,2,2,4,3,2,4,6
2019,7,LVDPA1306,92,45,49,47,51,8,9,13,14,13,14,6,7,14,15,13,14,3,3,22,24,3,8,4,5,8,9,0,8,5,5,9,1,6,4,3,14
2019,7,LVDPA1307,54,25,46,29,54,2,4,4,7,9,17,9,17,2,4,11,20,8,15,9,17,1,2,6,5,1,6,3,1,1,2,3,4,1,5,5,8
2019,7,LVDPA1309,56,26,46,30,54,6,11,6,11,5,9,6,11,9,16,5,9,6,11,13,23,3,3,4,3,4,2,3,4,3,3,1,3,5,3,3,9
2019,7,LVDPA1310,57,29,51,28,49,8,14,7,12,7,12,8,14,8,14,7,12,11,19,1,2,3,5,4,4,3,5,5,0,5,2,3,4,5,2,6,1
2019,7,LVDPA1312,68,37,54,31,46,3,4,13,19,9,13,9,13,6,9,8,12,6,9,14,21,1,7,7,5,3,3,5,6,2,6,2,4,3,5,1,8
2019,7,LVDPA1315,61,33,54,28,46,2,3,6,10,2,3,6,10,7,11,11,18,12,20,15,25,2,5,2,3,4,6,6,5,0,1,0,3,3,5,6,10
2019,7,LVDPA1317,205,93,45,112,55,17,8,14,7,19,9,37,18,9,4,31,15,35,17,43,21,9,9,11,18,7,12,15,12,8,5,8,19,2,19,20,31
2019,7,LVDPA1321,68,36,53,32,47,3,4,0,0,6,9,4,6,5,7,8,12,13,19,29,43,2,0,3,0,3,4,9,15,1,0,3,4,2,4,4,14
2019,7,LVDPA1322,147,77,52,70,48,15,10,13,9,8,5,17,12,23,16,17,12,27,18,27,18,10,6,4,9,16,8,12,12,5,7,4,8,7,9,15,15
2019,7,LVDPA1323,74,34,46,40,54,10,14,16,22,9,12,8,11,6,8,6,8,6,8,13,18,8,5,5,3,3,4,2,4,2,11,4,5,3,2,4,9
2019,7,LVDPA1332,79,45,57,34,43,0,0,7,9,5,6,19,24,8,10,9,11,12,15,19,24,0,4,2,14,5,4,7,9,0,3,3,5,3,5,5,10
2019,7,LVDPA1334,125,62,50,63,50,3,2,9,7,10,8,19,15,24,19,19,15,25,20,16,13,1,6,4,11,15,8,15,2,2,3,6,8,9,11,10,14
2019,7,LVDPA1335,207,111,54,96,46,12,6,15,7,29,14,35,17,25,12,24,12,27,13,40,19,8,8,18,25,15,11,12,14,4,7,11,10,10,13,15,26
2019,7,LVDPA1339,70,33,47,37,53,8,11,11,16,8,11,12,17,10,14,5,7,9,13,7,10,2,8,5,5,4,3,4,2,6,3,3,7,6,2,5,5
2019,7,LVDPA1341,101,54,53,47,47,7,7,9,9,13,13,14,14,22,22,12,12,15,15,9,9,4,4,8,7,13,8,8,2,3,5,5,7,9,4,7,7
2019,7,LVDPA1344,111,60,54,51,46,8,7,14,13,10,9,11,10,21,19,13,12,15,14,19,17,5,10,7,5,12,9,8,4,3,4,3,6,9,4,7,15
2019,7,LVDPA1346,143,64,45,79,55,7,5,15,10,12,8,22,15,18,13,15,10,23,16,31,22,3,7,3,11,10,8,11,11,4,8,9,11,8,7,12,20
2019,7,LVDPA1347,65,31,48,34,52,1,2,6,9,7,11,7,11,7,11,13,20,15,23,9,14,0,1,6,3,2,8,9,2,1,5,1,4,5,5,6,7
2019,7,LVDPA1352,99,45,45,54,55,18,18,13,13,11,11,12,12,10,10,7,7,16,16,12,12,10,5,2,5,8,3,7,5,8,8,9,7,2,4,9,7
2019,7,LVDPA1357,74,31,42,43,58,3,4,8,11,4,5,8,11,10,14,10,14,10,14,21,28,3,3,2,3,4,5,6,5,0,5,2,5,6,5,4,16
2019,7,LVDPA1359,55,26,47,29,53,3,5,1,2,2,4,11,20,1,2,8,15,11,20,18,33,2,0,1,8,0,3,4,8,1,1,1,3,1,5,7,10
2019,7,LVDPA1360,51,23,45,28,55,5,10,8,16,5,10,3,6,9,18,4,8,4,8,13,25,3,3,1,1,6,2,2,5,2,5,4,2,3,2,2,8
2019,7,LVDPA1363,57,29,51,28,49,0,0,0,0,1,2,1,2,2,4,9,16,8,14,36,63,0,0,1,0,2,5,5,16,0,0,0,1,0,4,3,20
2019,7,LVDPA1368,242,128,53,114,47,4,2,6,2,4,2,12,5,11,5,16,7,46,19,143,59,2,4,2,6,7,11,31,65,2,2,2,6,4,5,15,78
2019,7,LVDPA1369,331,151,46,180,54,27,8,39,12,33,10,35,11,49,15,39,12,37,11,72,22,9,22,21,12,22,18,14,33,18,17,12,23,27,21,23,39
2019,7,LVDPA1370,61,30,49,31,51,9,15,4,7,5,8,11,18,8,13,5,8,5,8,14,23,4,4,2,5,5,1,3,6,5,0,3,6,3,4,2,8
2019,7,LVDPA1372,1316,584,44,732,56,133,10,122,9,97,7,177,13,215,16,147,11,141,11,284,22,73,53,47,92,108,64,57,90,60,69,50,85,107,83,84,194
2019,7,LVDPA1374,62,30,48,32,52,6,10,2,3,7,11,8,13,11,18,7,11,10,16,11,18,3,1,6,2,7,4,4,3,3,1,1,6,4,3,6,8
2019,7,LVDPA1375,162,72,44,90,56,3,2,2,1,5,3,15,9,22,14,20,12,26,16,69,43,1,1,2,12,16,11,7,22,2,1,3,3,6,9,19,47
2019,7,LVDPA1386,50,25,50,25,50,3,6,4,8,4,8,4,8,0,0,11,22,3,6,21,42,2,2,2,3,0,7,3,6,1,2,2,1,0,4,0,15
2019,7,LVDPA1387,56,27,48,29,52,1,2,6,11,6,11,8,14,8,14,4,7,14,25,9,16,1,5,3,5,5,2,5,1,0,1,3,3,3,2,9,8
2019,7,LVDPA1388,104,45,43,59,57,11,11,9,9,14,13,18,17,9,9,16,15,9,9,18,17,4,5,6,5,7,7,3,8,7,4,8,13,2,9,6,10
2019,7,LVDPA1389,107,44,41,63,59,9,8,8,7,10,9,15,14,12,11,9,8,18,17,26,24,3,2,6,8,6,6,7,6,6,6,4,7,6,3,11,20
2019,7,LVDPA1391,292,176,60,116,40,4,1,7,2,11,4,46,16,47,16,67,23,44,15,66,23,1,3,6,30,27,45,29,35,3,4,5,16,20,22,15,31
2019,7,LVDPA1394,60,28,47,32,53,2,3,3,5,5,8,7,12,7,12,14,23,13,22,9,15,0,3,2,4,2,7,7,3,2,0,3,3,5,7,6,6
2019,7,LVDPA1397,134,66,49,68,51,13,10,24,18,12,9,13,10,29,22,17,13,10,7,16,12,7,8,9,9,16,6,4,7,6,16,3,4,13,11,6,9
2019,7,LVDPA1399,225,105,47,120,53,4,2,5,2,9,4,9,4,8,4,20,9,36,16,134,60,2,4,3,5,4,8,21,58,2,1,6,4,4,12,15,76
2019,7,LVDPA1401,68,29,43,39,57,5,7,5,7,7,10,4,6,7,10,12,18,10,15,18,26,1,3,3,3,5,6,3,5,4,2,4,1,2,6,7,13
2019,7,LVDPA1404,149,77,52,72,48,7,5,12,8,17,11,20,13,19,13,21,14,28,19,25,17,5,5,11,12,7,12,16,9,2,7,6,8,12,9,12,16
2019,7,LVDPA1405,64,31,48,33,52,7,11,6,9,3,5,18,28,7,11,4,6,12,19,7,11,4,3,1,8,4,2,4,5,3,3,2,10,3,2,8,2
2019,7,LVDPA1410,78,40,51,38,49,8,10,2,3,8,10,12,15,7,9,14,18,16,21,11,14,2,1,6,5,6,7,9,4,6,1,2,7,1,7,7,7
2019,7,LVDPA1412,57,27,47,30,53,2,4,1,2,12,21,8,14,8,14,7,12,10,18,9,16,1,1,5,6,3,5,4,2,1,0,7,2,5,2,6,7
2019,7,LVDPA1413,108,46,43,62,57,11,10,5,5,9,8,23,21,10,9,17,16,13,12,20,19,2,1,5,12,7,5,6,8,9,4,4,11,3,12,7,12
2019,7,LVDPA1415,72,34,47,38,53,9,13,5,7,11,15,7,10,9,13,6,8,10,14,15,21,7,2,4,4,6,2,5,4,2,3,7,3,3,4,5,11
2019,7,LVDPA1416,90,43,48,47,52,0,0,0,0,0,0,3,3,12,13,17,19,33,37,25,28,0,0,0,1,9,10,16,7,0,0,0,2,3,7,17,18
2019,7,LVDPA1419,61,26,43,35,57,5,8,6,10,8,13,8,13,7,11,9,15,7,11,11,18,3,1,4,3,3,4,2,6,2,5,4,5,4,5,5,5
2019,7,LVDPA1420,97,37,38,60,62,0,0,0,0,0,0,0,0,0,0,3,3,5,5,89,92,0,0,0,0,0,3,3,31,0,0,0,0,0,0,2,58
2019,7,LVDPA1424,285,114,40,171,60,14,5,14,5,6,2,13,5,12,4,6,2,32,11,188,66,10,8,3,9,7,3,20,54,4,6,3,4,5,3,12,134
2019,7,LVDPA1428,84,46,55,38,45,8,10,12,14,10,12,10,12,18,21,4,5,5,6,17,20,5,8,5,4,11,2,3,8,3,4,5,6,7,2,2,9
2019,7,LVDPA1429,58,26,45,32,55,4,7,7,12,6,10,9,16,7,12,8,14,7,12,10,17,2,3,1,4,4,5,3,4,2,4,5,5,3,3,4,6
2019,7,LVDPA1431,59,30,51,29,49,7,12,9,15,6,10,11,19,6,10,5,8,5,8,10,17,5,3,1,6,5,4,1,5,2,6,5,5,1,1,4,5
2019,7,LVDPA1434,55,30,55,25,45,6,11,2,4,7,13,7,13,8,15,6,11,5,9,14,25,5,1,4,6,5,3,3,3,1,1,3,1,3,3,2,11
2019,7,LVDPA1435,66,36,55,30,45,2,3,7,11,8,12,4,6,15,23,13,20,9,14,8,12,1,4,6,1,10,8,4,2,1,3,2,3,5,5,5,6
2019,7,LVDPA1441,57,30,53,27,47,7,12,5,9,9,16,6,11,11,19,4,7,6,11,9,16,6,2,4,5,5,3,3,2,1,3,5,1,6,1,3,7
2019,7,LVDPA1443,146,91,62,55,38,3,2,2,1,9,6,12,8,22,15,26,18,39,27,33,23,3,1,5,9,18,15,25,15,0,1,4,3,4,11,14,18
2019,7,LVDPA1445,54,35,65,19,35,4,7,10,19,9,17,10,19,7,13,4,7,5,9,5,9,3,8,5,8,4,2,2,3,1,2,4,2,3,2,3,2
2019,7,LVDPA1446,53,22,42,31,58,3,6,5,9,7,13,12,23,5,9,7,13,7,13,7,13,0,2,2,8,2,4,3,1,3,3,5,4,3,3,4,6
2019,7,LVDPA1447,53,28,53,25,47,8,15,6,11,8,15,10,19,3,6,3,6,8,15,7,13,3,2,6,7,1,3,3,3,5,4,2,3,2,0,5,4
2019,7,LVDPA1450,64,25,39,39,61,7,11,8,13,4,6,14,22,8,13,11,17,3,5,9,14,3,1,1,7,4,5,2,2,4,7,3,7,4,6,1,7
2019,7,LVDPA1452,54,26,48,28,52,6,11,8,15,8,15,12,22,2,4,7,13,6,11,5,9,3,5,4,4,0,4,3,3,3,3,4,8,2,3,3,2
2019,7,LVDPA1453,59,16,27,43,73,0,0,4,7,3,5,3,5,4,7,3,5,5,8,37,63,0,0,2,1,2,1,2,8,0,4,1,2,2,2,3,29
2019,7,LVDPA1457,51,20,39,31,61,1,2,1,2,8,16,4,8,2,4,10,20,8,16,17,33,1,0,3,3,1,3,3,6,0,1,5,1,1,7,5,11
2019,7,LVDPA1458,56,29,52,27,48,2,4,2,4,12,21,7,13,9,16,7,13,4,7,13,23,1,1,8,6,4,3,2,4,1,1,4,1,5,4,2,9
2019,7,LVDPA1462,67,27,40,40,60,8,12,8,12,9,13,12,18,3,4,6,9,6,9,15,22,5,0,4,5,1,5,1,6,3,8,5,7,2,1,5,9
2019,7,LVDPA1467,81,38,47,43,53,4,5,1,1,1,1,0,0,4,5,4,5,8,10,59,73,1,0,1,0,2,3,5,26,3,1,0,0,2,1,3,33
2019,7,LVDPA1468,75,29,39,46,61,6,8,9,12,17,23,11,15,10,13,9,12,6,8,7,9,2,3,7,2,5,3,4,3,4,6,10,9,5,6,2,4
2019,7,LVDPA1469,130,56,43,74,57,8,6,10,8,14,11,27,21,10,8,33,25,14,11,14,11,4,5,9,17,4,11,5,1,4,5,5,10,6,22,9,13
2019,7,LVDPA1475,493,272,55,221,45,37,8,44,9,35,7,51,10,95,19,71,14,70,14,90,18,18,20,22,31,53,38,45,45,19,24,13,20,42,33,25,45
2019,7,LVDPA1476,471,248,53,223,47,19,4,35,7,55,12,53,11,71,15,87,18,59,13,92,20,14,19,29,29,35,48,33,41,5,16,26,24,36,39,26,51
2019,7,LVDPA1477,1198,615,51,583,49,114,10,128,11,106,9,144,12,203,17,173,14,172,14,158,13,63,59,59,77,110,90,89,68,51,69,47,67,93,83,83,90
2019,7,LVDPA1478,104,55,53,49,47,1,1,5,5,4,4,6,6,11,11,22,21,17,16,38,37,1,5,3,1,5,15,9,16,0,0,1,5,6,7,8,22
2019,7,LVDPA1479,686,332,48,354,52,51,7,91,13,84,12,63,9,106,15,129,19,108,16,54,8,26,51,42,21,48,64,58,22,25,40,42,42,58,65,50,32
2019,7,LVDPA1480,336,168,50,168,50,13,4,16,5,26,8,27,8,48,14,60,18,56,17,90,27,4,8,10,21,25,35,28,37,9,8,16,6,23,25,28,53
2019,7,LVDPA1481,247,124,50,123,50,13,5,14,6,22,9,27,11,29,12,46,19,42,17,54,22,7,11,11,15,16,19,21,24,6,3,11,12,13,27,21,30
2019,7,LVDPA1482,968,487,50,481,50,128,13,171,18,86,9,122,13,194,20,133,14,68,7,66,7,60,85,54,57,97,70,36,28,68,86,32,65,97,63,32,38
2019,7,LVDPA1483,82,42,51,40,49,4,5,2,2,5,6,10,12,10,12,13,16,19,23,19,23,3,0,1,4,8,6,15,5,1,2,4,6,2,7,4,14
2019,7,LVDPA1484,218,112,51,106,49,29,13,34,16,15,7,24,11,36,17,24,11,21,10,35,16,13,19,10,12,19,11,13,15,16,15,5,12,17,13,8,20
2019,7,LVDPA1485,397,227,57,170,43,16,4,15,4,20,5,55,14,64,16,79,20,72,18,76,19,5,8,9,37,39,44,43,42,11,7,11,18,25,35,29,34
2019,7,LVDPA1486,159,76,48,83,52,10,6,9,6,13,8,20,13,22,14,23,14,27,17,35,22,5,3,9,9,14,9,16,11,5,6,4,11,8,14,11,24
2019,7,LVDPA1487,155,85,55,70,45,11,7,16,10,16,10,22,14,23,15,21,14,16,10,30,19,4,9,10,13,12,15,9,13,7,7,6,9,11,6,7,17
2019,7,LVDPA1488,282,139,49,143,51,23,8,20,7,33,12,31,11,51,18,39,14,32,11,53,19,12,11,15,12,22,25,19,23,11,9,18,19,29,14,13,30
2019,7,LVDPA1489,135,72,53,63,47,14,10,10,7,9,7,21,16,15,11,18,13,29,21,19,14,11,5,4,11,8,10,13,10,3,5,5,10,7,8,16,9
2019,7,LVDPA1490,210,127,60,83,40,2,1,6,3,13,6,27,13,35,17,36,17,44,21,47,22,2,5,5,18,22,24,27,24,0,1,8,9,13,12,17,23
2019,7,LVDPA1491,361,191,53,170,47,44,12,45,12,30,8,58,16,94,26,39,11,28,8,23,6,29,18,18,34,47,20,15,10,15,27,12,24,47,19,13,13
2019,7,LVDPA1492,73,38,52,35,48,6,8,8,11,1,1,10,14,6,8,10,14,9,12,23,32,2,5,1,4,4,5,6,11,4,3,0,6,2,5,3,12
2019,7,LVDPA1493,107,52,49,55,51,10,9,15,14,5,5,14,13,14,13,10,9,17,16,22,21,3,6,1,7,10,4,10,11,7,9,4,7,4,6,7,11
2019,7,LVDPA1494,133,59,44,74,56,12,9,9,7,10,8,17,13,27,20,17,13,8,6,33,25,4,5,5,8,13,10,4,10,8,4,5,9,14,7,4,23
2019,7,LVDPA1496,134,64,48,70,52,16,12,14,10,12,9,18,13,27,20,23,17,15,11,9,7,7,8,4,8,14,14,5,4,9,6,8,10,13,9,10,5
2019,7,LVDPA1497,107,62,58,45,42,12,11,13,12,8,7,11,10,23,21,11,10,17,16,12,11,8,9,6,5,12,6,9,7,4,4,2,6,11,5,8,5
2019,7,LVDPA1499,373,187,50,186,50,53,14,47,13,27,7,48,13,72,19,59,16,43,12,24,6,26,22,9,25,38,35,21,11,27,25,18,23,34,24,22,13
2019,7,LVDPA1501,121,65,54,56,46,6,5,12,10,13,11,24,20,22,18,22,18,8,7,14,12,2,9,6,12,12,14,4,6,4,3,7,12,10,8,4,8
2019,7,LVDPA1502,320,154,48,166,52,42,13,46,14,33,10,50,16,63,20,37,12,28,9,21,7,19,22,14,23,34,22,15,5,23,24,19,27,29,15,13,16
2019,7,LVDPA1503,225,102,45,123,55,23,10,23,10,24,11,28,12,33,15,46,20,21,9,27,12,11,12,10,10,13,22,10,14,12,11,14,18,20,24,11,13
2019,7,LVDPA1504,63,37,59,26,41,4,6,5,8,4,6,9,14,8,13,8,13,14,22,11,17,2,3,3,5,5,5,9,5,2,2,1,4,3,3,5,6
2019,7,LVDPA1507,165,85,52,80,48,9,5,21,13,15,9,22,13,29,18,23,14,24,15,22,13,4,14,9,10,13,14,11,10,5,7,6,12,16,9,13,12
2019,7,LVDPA1508,327,167,51,160,49,72,22,53,16,16,5,53,16,70,21,33,10,8,2,22,7,39,24,6,29,32,21,7,9,33,29,10,24,38,12,1,13
2019,7,LVDPA1509,77,43,56,34,44,11,14,6,8,10,13,5,6,14,18,7,9,10,13,14,18,10,2,6,4,7,4,3,7,1,4,4,1,7,3,7,7
2019,7,LVDPA1510,50,24,48,26,52,4,8,6,12,7,14,4,8,13,26,3,6,6,12,7,14,4,2,1,3,7,1,3,3,0,4,6,1,6,2,3,4
2019,7,LVDPA1511,239,144,60,95,40,20,8,16,7,17,7,36,15,43,18,38,16,37,15,32,13,10,11,11,25,23,24,22,18,10,5,6,11,20,14,15,14
2019,7,LVDPA1512,135,69,51,66,49,12,9,15,11,10,7,20,15,21,16,20,15,14,10,23,17,6,10,8,11,12,9,4,9,6,5,2,9,9,11,10,14
2019,7,LVDPA1515,237,115,49,122,51,32,14,42,18,25,11,32,14,40,17,38,16,17,7,11,5,12,18,18,14,21,20,7,5,20,24,7,18,19,18,10,6
2019,7,LVDPA1516,93,57,61,36,39,14,15,6,6,5,5,14,15,17,18,12,13,14,15,11,12,8,5,3,8,12,8,8,5,6,1,2,6,5,4,6,6
2019,7,LVDPA1517,70,36,51,34,49,8,11,8,11,6,9,13,19,10,14,11,16,9,13,5,7,2,5,3,7,5,7,5,2,6,3,3,6,5,4,4,3
2019,7,LVDPA1518,70,37,53,33,47,6,9,12,17,6,9,4,6,13,19,11,16,6,9,12,17,3,6,4,4,6,6,4,4,3,6,2,0,7,5,2,8
2019,7,LVDPA1520,74,38,51,36,49,8,11,6,8,5,7,7,9,14,19,11,15,9,12,14,19,5,2,2,3,6,7,7,6,3,4,3,4,8,4,2,8
2019,7,LVDPA1521,50,27,54,23,46,4,8,3,6,8,16,6,12,6,12,8,16,9,18,6,12,2,2,6,3,2,4,5,3,2,1,2,3,4,4,4,3
2019,7,LVDPA1522,57,27,47,30,53,5,9,2,4,4,7,7,12,11,19,11,19,8,14,9,16,3,0,2,2,7,5,5,3,2,2,2,5,4,6,3,6
2019,7,LVDPA1525,156,77,49,79,51,9,6,10,6,13,8,17,11,18,12,28,18,25,16,36,23,2,8,8,6,9,13,14,17,7,2,5,11,9,15,11,19
2019,7,LVDPA1526,57,27,47,30,53,1,2,10,18,5,9,10,18,8,14,9,16,10,18,4,7,1,3,2,6,5,4,5,1,0,7,3,4,3,5,5,3
2019,7,LVDPA1527,76,38,50,38,50,5,7,11,14,11,14,7,9,10,13,13,17,5,7,14,18,3,3,5,6,5,8,3,5,2,8,6,1,5,5,2,9
2019,7,LVDPA1529,73,36,49,37,51,5,7,5,7,5,7,8,11,12,16,12,16,13,18,13,18,3,2,4,6,6,6,4,5,2,3,1,2,6,6,9,8
2019,7,LVDPA1530,339,170,50,169,50,47,14,80,24,32,9,29,9,72,21,39,12,25,7,15,4,31,41,13,8,34,20,16,7,16,39,19,21,38,19,9,8
2019,7,LVDPA1531,58,29,50,29,50,6,10,6,10,4,7,10,17,10,17,11,19,6,10,5,9,2,1,4,5,7,6,4,0,4,5,0,5,3,5,2,5
2019,7,LVDPA1532,102,53,52,49,48,4,4,14,14,8,8,15,15,19,19,14,14,14,14,14,14,2,8,5,8,8,11,6,5,2,6,3,7,11,3,8,9
2019,7,LVDPA1534,97,46,47,51,53,16,16,23,24,2,2,19,20,18,19,10,10,2,2,7,7,7,11,2,10,8,6,0,2,9,12,0,9,10,4,2,5
2019,7,LVDPA1535,197,93,47,104,53,15,8,25,13,22,11,24,12,31,16,39,20,24,12,17,9,7,14,10,8,15,19,13,7,8,11,12,16,16,20,11,10
2019,7,LVDPA1537,60,34,57,26,43,6,10,7,12,6,10,4,7,9,15,8,13,11,18,9,15,3,6,4,1,5,4,7,4,3,1,2,3,4,4,4,5
2019,7,LVDPA1538,58,26,45,32,55,8,14,6,10,5,9,13,22,8,14,7,12,3,5,8,14,6,2,3,5,5,3,1,1,2,4,2,8,3,4,2,7
2019,7,LVDPA1542,80,39,49,41,51,5,6,15,19,12,15,4,5,21,26,17,21,5,6,1,1,2,8,5,2,11,8,3,0,3,7,7,2,10,9,2,1
2019,7,LVDPA1544,62,27,44,35,56,3,5,5,8,4,6,10,16,5,8,11,18,11,18,13,21,3,1,2,3,2,6,6,4,0,4,2,7,3,5,5,9
2019,7,LVDPA1545,146,77,53,69,47,19,13,21,14,15,10,19,13,37,25,17,12,10,7,8,5,11,12,6,12,20,11,3,2,8,9,9,7,17,6,7,6
2019,7,LVDPA1548,112,53,47,59,53,14,13,14,13,12,11,14,13,19,17,16,14,9,8,14,13,6,10,3,7,9,8,5,5,8,4,9,7,10,8,4,9
2019,7,LVDPA1551,121,63,52,58,48,15,12,21,17,8,7,21,17,20,17,12,10,11,9,13,11,9,13,5,10,10,6,5,5,6,8,3,11,10,6,6,8
2019,7,LVDPA1553,55,28,51,27,49,6,11,7,13,11,20,5,9,8,15,5,9,6,11,7,13,2,5,4,3,5,3,3,3,4,2,7,2,3,2,3,4
2019,7,LVDPA1557,72,37,51,35,49,6,8,12,17,9,13,5,7,13,18,10,14,6,8,11,15,3,9,5,2,3,6,4,5,3,3,4,3,10,4,2,6
2019,7,LVDPA1558,50,26,52,24,48,2,4,8,16,14,28,9,18,6,12,6,12,4,8,1,2,1,2,8,5,2,5,3,0,1,6,6,4,4,1,1,1
2019,7,LVDPA1559,50,25,50,25,50,9,18,7,14,7,14,7,14,5,10,5,10,5,10,5,10,7,4,4,3,1,2,4,0,2,3,3,4,4,3,1,5
2019,7,LVDPA1560,82,43,52,39,48,8,10,14,17,5,6,9,11,20,24,12,15,9,11,5,6,4,9,1,4,9,9,5,2,4,5,4,5,11,3,4,3
2019,7,LVDPA1562,52,25,48,27,52,5,10,5,10,10,19,9,17,4,8,9,17,4,8,6,12,1,1,7,6,1,5,2,2,4,4,3,3,3,4,2,4
2019,7,LVDPA1565,64,35,55,29,45,7,11,12,19,3,5,15,23,9,14,5,8,9,14,4,6,6,8,1,8,5,2,4,1,1,4,2,7,4,3,5,3
2019,7,LVDPA1568,69,30,43,39,57,6,9,6,9,13,19,11,16,11,16,11,16,4,6,7,10,4,2,5,5,7,4,3,0,2,4,8,6,4,7,1,7
2019,7,LVDPA1570,69,35,51,34,49,5,7,12,17,11,16,5,7,9,13,10,14,13,19,4,6,3,8,6,3,3,5,5,2,2,4,5,2,6,5,8,2
2019,7,LVDPA1572,55,28,51,27,49,0,0,3,5,9,16,3,5,11,20,7,13,10,18,12,22,0,2,5,2,5,5,5,4,0,1,4,1,6,2,5,8
2019,7,LVDPA1573,63,33,52,30,48,7,11,2,3,6,10,14,22,8,13,9,14,7,11,10,16,5,2,3,7,6,5,2,3,2,0,3,7,2,4,5,7
2019,7,LVDPA1574,5,,,,,,,,,,,,,,,,,,,,,,,,,,,,,,,,,,,,
2019,7,LVDPA1575,54,36,67,18,33,7,13,1,2,2,4,9,17,10,19,9,17,8,15,8,15,4,1,2,7,7,6,4,5,3,0,0,2,3,3,4,3
2019,7,LVDPA1576,212,105,50,107,50,14,7,10,5,15,7,37,17,28,13,36,17,39,18,33,16,9,5,6,21,15,18,21,10,5,5,9,16,13,18,18,23
2019,7,LVDPA1577,85,41,48,44,52,9,11,7,8,9,11,10,12,19,22,21,25,5,6,5,6,2,3,6,4,9,13,2,2,7,4,3,6,10,8,3,3
2019,7,LVDPA1578,66,31,47,35,53,5,8,8,12,6,9,6,9,8,12,11,17,11,17,11,17,2,2,5,3,6,5,6,2,3,6,1,3,2,6,5,9
2019,7,LVDPA1579,76,32,42,44,58,8,11,5,7,6,8,10,13,5,7,6,8,12,16,24,32,5,2,1,6,2,4,5,7,3,3,5,4,3,2,7,17
2019,7,LVDPA1580,40,19,48,21,53,3,8,2,5,2,5,6,15,5,13,4,10,9,23,9,23,2,1,2,4,3,3,3,1,1,1,0,2,2,1,6,8
2019,7,LVDPA1581,31,11,35,20,65,4,13,2,6,2,6,5,16,1,3,6,19,4,13,7,23,1,1,1,2,0,2,2,2,3,1,1,3,1,4,2,5
2019,7,LVDPA1582,11,6,55,5,45,1,9,0,0,1,9,0,0,4,36,0,0,2,18,3,27,1,0,1,0,2,0,1,1,0,0,0,0,2,0,1,2
2019,7,LVDPA1583,5,,,,,,,,,,,,,,,,,,,,,,,,,,,,,,,,,,,,
2019,7,LVDPA1584,80,45,56,35,44,7,9,8,10,6,8,19,24,14,18,8,10,8,10,10,13,4,2,3,13,8,5,4,6,3,6,3,6,6,3,4,4
2019,7,LVDPA1585,13,6,46,7,54,0,0,0,0,1,8,0,0,1,8,4,31,3,23,4,31,0,0,0,0,1,2,2,1,0,0,1,0,0,2,1,3
2019,7,LVDPA1586,41,18,44,23,56,1,2,1,2,4,10,9,22,2,5,3,7,7,17,14,34,1,0,3,7,0,0,2,5,0,1,1,2,2,3,5,9
2019,7,LVDPA1587,61,25,41,36,59,7,11,6,10,6,10,10,16,9,15,8,13,6,10,9,15,2,3,2,2,4,5,2,5,5,3,4,8,5,3,4,4
2019,7,LVDPA1588,84,39,46,45,54,10,12,11,13,7,8,8,10,13,15,9,11,14,17,12,14,4,5,5,3,8,5,3,6,6,6,2,5,5,4,11,6
2019,7,LVDPA1589,90,49,54,41,46,4,4,3,3,1,1,12,13,12,13,10,11,31,34,17,19,2,1,1,3,6,6,19,11,2,2,0,9,6,4,12,6
2019,7,LVDPA1590,5,,,,,,,,,,,,,,,,,,,,,,,,,,,,,,,,,,,,
2019,7,LVDPA1591,28,16,57,12,43,2,7,3,11,4,14,2,7,5,18,4,14,3,11,5,18,0,1,4,2,1,2,2,4,2,2,0,0,4,2,1,1
2019,7,LVDPA1592,81,44,54,37,46,4,5,8,10,7,9,11,14,14,17,14,17,9,11,14,17,4,4,5,5,9,4,6,7,0,4,2,6,5,10,3,7
2019,7,LVDPA1593,71,41,58,30,42,13,18,7,10,4,6,9,13,12,17,6,8,10,14,10,14,7,4,2,4,10,5,5,4,6,3,2,5,2,1,5,6
2019,7,LVDPA1594,115,55,48,60,52,11,10,11,10,6,5,14,12,19,17,9,8,20,17,25,22,6,3,2,8,10,6,9,11,5,8,4,6,9,3,11,14
2019,7,LVDPA1595,72,35,49,37,51,4,6,5,7,4,6,10,14,8,11,10,14,10,14,21,29,3,3,1,4,4,5,7,8,1,2,3,6,4,5,3,13
2019,7,LVDPA1596,63,34,54,29,46,9,14,6,10,6,10,8,13,7,11,5,8,10,16,12,19,4,3,5,5,2,4,5,6,5,3,1,3,5,1,5,6
2019,7,LVDPA1597,60,37,62,23,38,2,3,7,12,5,8,7,12,14,23,6,10,6,10,13,22,0,5,3,3,9,4,3,10,2,2,2,4,5,2,3,3
2019,7,LVDPA1598,30,20,67,10,33,0,0,2,7,3,10,2,7,2,7,10,33,2,7,9,30,0,1,2,2,2,5,2,6,0,1,1,0,0,5,0,3
2019,7,LVDPA1599,26,14,54,12,46,0,0,2,8,5,19,1,4,2,8,6,23,1,4,9,35,0,2,4,0,1,3,1,3,0,0,1,1,1,3,0,6
2019,7,LVDPA1600,51,26,51,25,49,1,2,8,16,6,12,8,16,2,4,7,14,9,18,10,20,1,4,4,5,0,4,4,4,0,4,2,3,2,3,5,6
2019,7,LVDPA1602,5,,,,,,,,,,,,,,,,,,,,,,,,,,,,,,,,,,,,
2019,7,LVDPA1603,45,22,49,23,51,7,16,8,18,3,7,7,16,5,11,2,4,6,13,7,16,3,4,2,3,2,2,3,3,4,4,1,4,3,0,3,4
2019,7,LVDPA1604,5,,,,,,,,,,,,,,,,,,,,,,,,,,,,,,,,,,,,
2019,7,LVDPA1605,5,,,,,,,,,,,,,,,,,,,,,,,,,,,,,,,,,,,,
2019,7,LVDPA1606,18,9,50,9,50,0,0,1,6,2,11,3,17,1,6,5,28,2,11,4,22,0,0,2,1,1,2,1,2,0,1,0,2,0,3,1,2
2019,7,LVDPA1607,18,12,67,6,33,2,11,0,0,5,28,3,17,1,6,4,22,2,11,1,6,2,0,5,1,0,2,2,0,0,0,0,2,1,2,0,1
2019,7,LVDPA1608,17,9,53,8,47,1,6,2,12,2,12,3,18,1,6,1,6,4,24,3,18,0,1,1,3,0,0,2,2,1,1,1,0,1,1,2,1
2019,7,LVDPA1609,57,26,46,31,54,6,11,4,7,5,9,5,9,7,12,5,9,15,26,10,18,2,3,3,2,4,1,8,3,4,1,2,3,3,4,7,7
2019,7,LVDPA1610,64,30,47,34,53,14,22,8,13,5,8,8,13,10,16,6,9,5,8,8,13,10,3,2,6,2,2,1,4,4,5,3,2,8,4,4,4
2019,7,LVDPA1611,48,21,44,27,56,3,6,2,4,7,15,1,2,5,10,14,29,4,8,12,25,1,0,3,1,1,9,0,6,2,2,4,0,4,5,4,6
2019,7,LVDPA1612,15,9,60,6,40,1,7,1,7,2,13,4,27,3,20,0,0,0,0,4,27,1,1,1,2,2,0,0,2,0,0,1,2,1,0,0,2
2019,7,LVDPA1613,61,29,48,32,52,4,7,6,10,7,11,3,5,9,15,14,23,4,7,14,23,1,1,6,1,4,5,1,10,3,5,1,2,5,9,3,4
2019,7,LVDPA1614,58,35,60,23,40,7,12,9,16,8,14,9,16,10,17,4,7,5,9,6,10,6,5,5,5,6,2,3,3,1,4,3,4,4,2,2,3
2019,7,LVDPA1615,43,15,35,28,65,8,19,7,16,4,9,10,23,5,12,4,9,2,5,3,7,4,3,0,4,1,2,1,0,4,4,4,6,4,2,1,3
2019,7,LVDPA1616,68,33,49,35,51,3,4,5,7,7,10,6,9,15,22,14,21,6,9,12,18,2,4,4,5,10,3,2,3,1,1,3,1,5,11,4,9
2019,7,LVDPA1617,42,16,38,26,62,2,5,8,19,6,14,4,10,8,19,3,7,7,17,4,10,0,3,3,2,4,1,2,1,2,5,3,2,4,2,5,3
2019,7,LVDPA1619,57,31,54,26,46,4,7,7,12,2,4,6,11,15,26,4,7,9,16,10,18,2,4,2,3,11,2,4,3,2,3,0,3,4,2,5,7
2019,7,LVDPA1620,52,23,44,29,56,6,12,5,10,6,12,6,12,4,8,9,17,9,17,7,13,0,2,1,6,2,3,6,3,6,3,5,0,2,6,3,4
2019,7,LVDPA1621,5,,,,,,,,,,,,,,,,,,,,,,,,,,,,,,,,,,,,
2019,7,LVDPA1622,69,35,51,34,49,12,17,14,20,6,9,16,23,12,17,4,6,2,3,3,4,8,9,4,5,7,1,1,0,4,5,2,11,5,3,1,3
2019,7,LVDPA1623,56,26,46,30,54,7,13,6,11,6,11,4,7,14,25,4,7,9,16,6,11,3,4,2,3,5,2,5,2,4,2,4,1,9,2,4,4
2019,7,LVDPA1624,73,37,51,36,49,8,11,7,10,8,11,5,7,16,22,9,12,6,8,14,19,7,3,3,1,7,7,2,7,1,4,5,4,9,2,4,7
2019,7,LVDPA1625,5,,,,,,,,,,,,,,,,,,,,,,,,,,,,,,,,,,,,
2019,7,LVDPA1626,40,13,33,27,68,1,3,4,10,8,20,5,13,2,5,5,13,8,20,7,18,0,0,5,2,1,2,3,0,1,4,3,3,1,3,5,7
2019,7,LVDPA1627,20,13,65,7,35,1,5,6,30,1,5,1,5,5,25,1,5,2,10,3,15,1,4,1,1,3,0,1,2,0,2,0,0,2,1,1,1
2019,7,LVDPA1628,5,,,,,,,,,,,,,,,,,,,,,,,,,,,,,,,,,,,,
2019,7,LVDPA1629,30,16,53,14,47,2,7,1,3,5,17,3,10,1,3,9,30,5,17,4,13,1,0,3,3,1,3,3,2,1,1,2,0,0,6,2,2
2019,7,LVDPA1630,15,8,53,7,47,0,0,0,0,5,33,1,7,2,13,2,13,1,7,4,27,0,0,3,1,2,1,1,0,0,0,2,0,0,1,0,4
2019,7,LVDPA1631,12,6,50,6,50,0,0,0,0,2,17,1,8,0,0,3,25,1,8,5,42,0,0,2,0,0,2,0,2,0,0,0,1,0,1,1,3
2019,7,LVDPA1632,44,22,50,22,50,1,2,7,16,3,7,10,23,6,14,4,9,7,16,6,14,0,4,2,5,2,3,4,2,1,3,1,5,4,1,3,4
2019,7,LVDPA1633,5,,,,,,,,,,,,,,,,,,,,,,,,,,,,,,,,,,,,
2019,7,LVDPA1634,67,41,61,26,39,12,18,11,16,3,4,11,16,12,18,9,13,6,9,3,4,8,9,2,6,8,4,3,1,4,2,1,5,4,5,3,2
2019,7,LVDPA1635,20,13,65,7,35,0,0,1,5,1,5,2,10,5,25,2,10,4,20,5,25,0,1,0,2,4,1,3,2,0,0,1,0,1,1,1,3
2019,7,LVDPA1636,54,30,56,24,44,8,15,7,13,5,9,6,11,21,39,2,4,1,2,4,7,5,4,4,2,12,1,1,1,3,3,1,4,9,1,0,3
2019,7,LVDPA1637,26,12,46,14,54,3,12,0,0,1,4,2,8,2,8,2,8,8,31,8,31,2,0,1,1,2,0,4,2,1,0,0,1,0,2,4,6
2019,7,LVDPA1638,93,55,59,38,41,12,13,3,3,8,9,12,13,12,13,16,17,17,18,13,14,7,3,6,7,6,10,9,7,5,0,2,5,6,6,8,6
2019,7,LVDPA1639,40,19,48,21,53,5,13,8,20,1,3,6,15,3,8,8,20,6,15,3,8,1,4,0,3,1,3,5,2,4,4,1,3,2,5,1,1
2019,7,LVDPA1641,99,45,45,54,55,5,5,10,10,9,9,10,10,13,13,18,18,18,18,16,16,3,5,4,6,6,9,7,5,2,5,5,4,7,9,11,11
2019,7,LVDPA1643,5,,,,,,,,,,,,,,,,,,,,,,,,,,,,,,,,,,,,
2019,7,LVDPA1644,13,6,46,7,54,0,0,1,8,0,0,0,0,1,8,2,15,6,46,3,23,0,1,0,0,0,1,4,0,0,0,0,0,1,1,2,3
2019,7,LVDPA1645,55,25,45,30,55,13,24,11,20,5,9,5,9,10,18,2,4,4,7,5,9,7,6,2,1,4,2,2,1,6,5,3,4,6,0,2,4
2019,7,LVDPA1647,12,4,33,8,67,1,8,1,8,1,8,3,25,0,0,3,25,1,8,2,17,0,0,0,2,0,1,1,0,1,1,1,1,0,2,0,2
2019,7,LVDPA1649,5,,,,,,,,,,,,,,,,,,,,,,,,,,,,,,,,,,,,
2019,7,LVDPA1650,71,35,49,36,51,14,20,17,24,2,3,7,10,19,27,7,10,2,3,3,4,9,7,1,3,8,5,1,1,5,10,1,4,11,2,1,2
2019,7,LVDPA1651,17,10,59,7,41,1,6,2,12,1,6,0,0,5,29,1,6,4,24,3,18,0,1,1,0,3,1,3,1,1,1,0,0,2,0,1,2
2019,7,LVDPA1652,50,23,46,27,54,4,8,5,10,6,12,4,8,4,8,10,20,6,12,11,22,1,3,2,3,2,4,3,5,3,2,4,1,2,6,3,6
2019,7,LVDPA1653,5,,,,,,,,,,,,,,,,,,,,,,,,,,,,,,,,,,,,
2019,7,LVDPA1655,20,13,65,7,35,0,0,4,20,0,0,5,25,2,10,3,15,6,30,0,0,0,0,0,3,2,3,5,0,0,4,0,2,0,0,1,0
2019,7,LVDPA1656,53,28,53,25,47,9,17,11,21,6,11,6,11,9,17,5,9,4,8,3,6,6,7,2,2,5,2,2,2,3,4,4,4,4,3,2,1
2019,7,LVDPA1658,51,24,47,27,53,3,6,7,14,2,4,6,12,7,14,5,10,14,27,7,14,0,2,0,2,4,3,9,4,3,5,2,4,3,2,5,3
2019,7,LVDPA1660,5,,,,,,,,,,,,,,,,,,,,,,,,,,,,,,,,,,,,
2019,7,LVDPA1661,5,,,,,,,,,,,,,,,,,,,,,,,,,,,,,,,,,,,,
2019,7,LVDPA1662,14,6,43,8,57,0,0,3,21,0,0,1,7,0,0,3,21,2,14,5,36,0,0,0,0,0,3,2,1,0,3,0,1,0,0,0,4
2019,7,LVDPA1663,54,27,50,27,50,6,11,9,17,7,13,6,11,9,17,8,15,7,13,2,4,3,4,3,2,5,4,5,1,3,5,4,4,4,4,2,1
2019,7,LVDPA1664,31,14,45,17,55,4,13,5,16,2,6,7,23,0,0,2,6,5,16,6,19,2,2,1,3,0,1,3,2,2,3,1,4,0,1,2,4
2019,7,LVDPA1665,5,,,,,,,,,,,,,,,,,,,,,,,,,,,,,,,,,,,,
2019,7,LVDPA1666,5,,,,,,,,,,,,,,,,,,,,,,,,,,,,,,,,,,,,
2019,7,LVDPA1667,5,,,,,,,,,,,,,,,,,,,,,,,,,,,,,,,,,,,,
2019,7,LVDPA1668,54,32,59,22,41,1,2,1,2,2,4,6,11,9,17,11,20,15,28,9,17,1,0,2,3,6,7,6,7,0,1,0,3,3,4,9,2
2019,7,LVDPA1669,14,8,57,6,43,0,0,1,7,0,0,0,0,3,21,1,7,2,14,7,50,0,1,0,0,2,1,2,2,0,0,0,0,1,0,0,5
2019,7,LVDPA1670,5,,,,,,,,,,,,,,,,,,,,,,,,,,,,,,,,,,,,
2019,7,LVDPA1671,12,8,67,4,33,0,0,2,17,0,0,3,25,1,8,3,25,3,25,0,0,0,2,0,2,0,2,2,0,0,0,0,1,1,1,1,0
2019,7,LVDPA1672,65,36,55,29,45,11,17,7,11,4,6,9,14,11,17,6,9,5,8,12,18,7,3,1,6,7,2,3,7,4,4,3,3,4,4,2,5
2019,7,LVDPA1673,5,,,,,,,,,,,,,,,,,,,,,,,,,,,,,,,,,,,,
2019,7,LVDPA1674,5,,,,,,,,,,,,,,,,,,,,,,,,,,,,,,,,,,,,
2019,7,LVDPA1675,5,,,,,,,,,,,,,,,,,,,,,,,,,,,,,,,,,,,,
2019,7,LVDPA1676,27,14,52,13,48,2,7,6,22,3,11,2,7,4,15,1,4,3,11,6,22,0,4,1,0,4,1,1,3,2,2,2,2,0,0,2,3
2019,7,LVDPA1677,5,,,,,,,,,,,,,,,,,,,,,,,,,,,,,,,,,,,,
2019,7,LVDPA1678,55,28,51,27,49,9,16,2,4,3,5,10,18,7,13,11,20,6,11,7,13,5,0,3,5,5,5,2,3,4,2,0,5,2,6,4,4
2019,7,LVDPA1679,5,,,,,,,,,,,,,,,,,,,,,,,,,,,,,,,,,,,,
2019,7,LVDPA1680,13,10,77,3,23,4,31,0,0,1,8,2,15,1,8,1,8,1,8,3,23,4,0,1,0,1,1,1,2,0,0,0,2,0,0,0,1
2019,7,LVDPA1681,5,,,,,,,,,,,,,,,,,,,,,,,,,,,,,,,,,,,,
2019,7,LVDPA1683,5,,,,,,,,,,,,,,,,,,,,,,,,,,,,,,,,,,,,
2019,7,LVDPA1685,5,,,,,,,,,,,,,,,,,,,,,,,,,,,,,,,,,,,,
2019,7,LVDPA1686,5,,,,,,,,,,,,,,,,,,,,,,,,,,,,,,,,,,,,
2019,7,LVDPA1687,14,7,50,7,50,0,0,2,14,1,7,0,0,2,14,2,14,4,29,3,21,0,2,1,0,0,2,1,1,0,0,0,0,2,0,3,2
2019,7,LVDPA1688,5,,,,,,,,,,,,,,,,,,,,,,,,,,,,,,,,,,,,
2019,7,LVDPA1689,5,,,,,,,,,,,,,,,,,,,,,,,,,,,,,,,,,,,,
2019,7,LVDPA1691,5,,,,,,,,,,,,,,,,,,,,,,,,,,,,,,,,,,,,
2019,7,LVDPA1692,42,19,45,23,55,2,5,6,14,6,14,9,21,4,10,6,14,3,7,6,14,1,3,1,4,3,3,2,2,1,3,5,5,1,3,1,4
2019,7,LVDPA1694,46,18,39,28,61,4,9,4,9,2,4,8,17,7,15,6,13,6,13,9,20,2,2,0,1,5,2,3,3,2,2,2,7,2,4,3,6
2019,7,LVDPA1698,57,24,42,33,58,3,5,1,2,1,2,4,7,3,5,4,7,7,12,34,60,2,1,1,2,3,3,5,7,1,0,0,2,0,1,2,27
2019,7,LVDPA1700,16,11,69,5,31,2,13,0,0,2,13,5,31,1,6,2,13,2,13,2,13,2,0,1,4,1,1,0,2,0,0,1,1,0,1,2,0
2019,7,LVDPA1701,5,,,,,,,,,,,,,,,,,,,,,,,,,,,,,,,,,,,,
2019,7,LVDPA1704,15,10,67,5,33,4,27,2,13,0,0,3,20,2,13,0,0,1,7,3,20,3,2,0,2,1,0,0,2,1,0,0,1,1,0,1,1
2019,7,LVDPA1706,56,27,48,29,52,0,0,1,2,0,0,1,2,3,5,6,11,11,20,34,61,0,0,0,0,3,3,8,13,0,1,0,1,0,3,3,21
2019,7,LVDPA1707,5,,,,,,,,,,,,,,,,,,,,,,,,,,,,,,,,,,,,
2019,7,LVDPA1708,5,,,,,,,,,,,,,,,,,,,,,,,,,,,,,,,,,,,,
2019,7,LVDPA1710,86,37,43,49,57,0,0,0,0,1,1,1,1,3,3,2,2,7,8,72,84,0,0,0,0,2,1,6,28,0,0,1,1,1,1,1,44
2019,7,LVDPA1712,5,,,,,,,,,,,,,,,,,,,,,,,,,,,,,,,,,,,,
2019,7,LVDPA1719,5,,,,,,,,,,,,,,,,,,,,,,,,,,,,,,,,,,,,
2019,7,LVDPA1720,5,,,,,,,,,,,,,,,,,,,,,,,,,,,,,,,,,,,,
2019,7,LVDPA1726,5,,,,,,,,,,,,,,,,,,,,,,,,,,,,,,,,,,,,
2019,7,LVDPA1727,90,31,34,59,66,0,0,0,0,0,0,0,0,0,0,3,3,13,14,74,82,0,0,0,0,0,2,11,18,0,0,0,0,0,1,2,56
2019,7,LVDPA1729,5,,,,,,,,,,,,,,,,,,,,,,,,,,,,,,,,,,,,
2019,7,LVDPA1731,5,,,,,,,,,,,,,,,,,,,,,,,,,,,,,,,,,,,,
2019,7,LVDPA1734,5,,,,,,,,,,,,,,,,,,,,,,,,,,,,,,,,,,,,
2019,7,LVDPA1735,30,18,60,12,40,0,0,0,0,0,0,3,10,6,20,12,40,3,10,6,20,0,0,0,1,5,7,2,3,0,0,0,2,1,5,1,3
2019,7,LVDPA1737,12,9,75,3,25,5,42,0,0,0,0,3,25,1,8,0,0,2,17,1,8,4,0,0,2,1,0,1,1,1,0,0,1,0,0,1,0
2019,7,LVDPA1738,5,,,,,,,,,,,,,,,,,,,,,,,,,,,,,,,,,,,,
2019,7,LVDPA1741,5,,,,,,,,,,,,,,,,,,,,,,,,,,,,,,,,,,,,
2019,7,LVDPA1742,5,,,,,,,,,,,,,,,,,,,,,,,,,,,,,,,,,,,,
2019,7,LVDPA1743,5,,,,,,,,,,,,,,,,,,,,,,,,,,,,,,,,,,,,
2019,7,LVDPA1745,5,,,,,,,,,,,,,,,,,,,,,,,,,,,,,,,,,,,,
2019,7,LVDPA1746,5,,,,,,,,,,,,,,,,,,,,,,,,,,,,,,,,,,,,
2019,7,LVDPA1747,5,,,,,,,,,,,,,,,,,,,,,,,,,,,,,,,,,,,,